% profit,ema1,ema2,threshold,diff,thresh / diff,ID
3787.395793,40,52,0.4,12,0.033333333,56
3713.184824,37,56,0.63,19,0.033157895,56
3662.953438,39,53,0.47,14,0.033571429,56
3658.997139,37,55,0.6,18,0.033333333,56
3621.838873,38,54,0.53,16,0.033125,56
3553.202062,38,53,0.51,15,0.034,56
3535.01432,34,61,0.87,27,0.032222222,56
3527.113132,37,57,0.65,20,0.0325,56
3525.244869,39,52,0.44,13,0.033846154,56
3522.275941,43,49,0.2,6,0.033333333,56
3509.498166,43,48,0.17,5,0.034,56
3506.471295,40,51,0.37,11,0.033636364,56
3448.592693,38,55,0.56,17,0.032941176,56
3443.805807,36,57,0.69,21,0.032857143,56
3434.23852,53,76,0.79,23,0.034347826,56
3434.23852,52,77,0.86,25,0.0344,56
3426.991794,35,59,0.79,24,0.032916667,56
3426.036697,40,53,0.43,13,0.033076923,56
3414.731612,51,79,0.96,28,0.034285714,56
3413.010195,63,66,0.1,3,0.033333333,56
3409.231796,33,63,0.96,30,0.032,56
3404.879305,59,67,0.28,8,0.035,56
3394.820199,55,74,0.65,19,0.034210526,56
3394.820199,54,75,0.72,21,0.034285714,56
3393.124043,56,74,0.6,18,0.033333333,56
3389.616615,49,62,0.33,13,0.025384615,56
3374.081367,61,66,0.17,5,0.034,56
3372.383041,58,68,0.35,10,0.035,56
3372.383041,57,69,0.42,12,0.035,56
3372.383041,56,70,0.49,14,0.035,56
3365.868231,58,70,0.41,12,0.034166667,56
3365.868231,57,71,0.48,14,0.034285714,56
3363.641534,53,77,0.81,24,0.03375,56
3363.286063,56,73,0.58,17,0.034117647,56
3361.450424,60,70,0.33,10,0.033,56
3360.536232,54,76,0.74,22,0.033636364,56
3356.478305,62,67,0.17,5,0.034,56
3355.429723,58,71,0.44,13,0.033846154,56
3355.075094,57,72,0.51,15,0.034,56
3355.052351,57,73,0.53,16,0.033125,56
3339.812928,36,58,0.72,22,0.032727273,56
3338.045782,36,59,0.74,23,0.032173913,56
3338.020317,59,69,0.34,10,0.034,56
3332.658679,55,75,0.67,20,0.0335,56
3331.328416,56,72,0.55,16,0.034375,56
3331.328416,55,73,0.62,18,0.034444444,56
3330.446816,59,70,0.37,11,0.033636364,56
3326.779358,53,72,0.67,19,0.035263158,56
3324.901,53,78,0.84,25,0.0336,56
3324.901,52,79,0.91,27,0.033703704,56
3320.45611,54,76,0.75,22,0.034090909,56
3320.225305,51,80,0.98,29,0.033793103,56
3315.54949,48,65,0.53,17,0.031176471,56
3315.285455,35,58,0.76,23,0.033043478,56
3315.236837,58,71,0.45,13,0.034615385,56
3314.793088,61,68,0.24,7,0.034285714,56
3314.793088,60,69,0.31,9,0.034444444,56
3314.080409,59,70,0.38,11,0.034545455,56
3310.17896,60,69,0.3,9,0.033333333,56
3308.111926,35,61,0.83,26,0.031923077,56
3303.411306,54,77,0.77,23,0.033478261,56
3303.119142,51,78,0.93,27,0.034444444,56
3303.062017,56,74,0.61,18,0.033888889,56
3301.845627,37,53,0.55,16,0.034375,56
3297.205815,53,77,0.82,24,0.034166667,56
3296.015808,52,78,0.89,26,0.034230769,56
3292.022019,57,72,0.52,15,0.034666667,56
3292.022019,56,73,0.59,17,0.034705882,56
3292.022019,55,74,0.66,19,0.034736842,56
3292.022019,54,75,0.73,21,0.034761905,56
3289.685663,63,65,0.07,2,0.035,56
3289.685663,62,66,0.14,4,0.035,56
3289.685663,61,67,0.21,6,0.035,56
3287.43053,55,71,0.56,16,0.035,56
3286.117685,41,51,0.33,10,0.033,56
3282.945112,57,73,0.54,16,0.03375,56
3279.605704,60,68,0.27,8,0.03375,56
3276.965963,62,64,0.07,2,0.035,56
3276.965963,61,65,0.14,4,0.035,56
3276.965963,60,66,0.21,6,0.035,56
3275.126608,35,59,0.78,24,0.0325,56
3272.412434,51,79,0.95,28,0.033928571,56
3271.742632,37,54,0.58,17,0.034117647,56
3266.234053,56,73,0.57,17,0.033529412,56
3265.300544,43,68,0.64,25,0.0256,56
3265.227832,37,59,0.78,22,0.035454545,56
3263.090649,53,55,0.05,2,0.025,56
3261.91033,52,78,0.88,26,0.033846154,56
3259.094492,57,73,0.55,16,0.034375,56
3259.094492,56,74,0.62,18,0.034444444,56
3259.094492,55,75,0.69,20,0.0345,56
3259.094492,54,76,0.76,22,0.034545455,56
3258.421703,48,63,0.38,15,0.025333333,56
3258.421703,47,64,0.43,17,0.025294118,56
3258.405266,61,69,0.27,8,0.03375,56
3254.811603,60,70,0.34,10,0.034,56
3254.740841,36,56,0.67,20,0.0335,56
3252.222653,50,55,0.13,5,0.026,56
3249.353334,58,72,0.48,14,0.034285714,56
3247.345682,55,75,0.68,20,0.034,56
3244.533912,62,68,0.2,6,0.033333333,56
3244.533912,59,71,0.4,12,0.033333333,56
3244.096743,54,71,0.6,17,0.035294118,56
3241.890424,40,55,0.54,15,0.036,56
3241.723519,58,72,0.47,14,0.033571429,56
3241.448141,44,69,0.62,25,0.0248,56
3236.726,55,72,0.59,17,0.034705882,56
3236.726,54,73,0.66,19,0.034736842,56
3236.726,53,74,0.73,21,0.034761905,56
3236.726,52,75,0.8,23,0.034782609,56
3236.34033,55,74,0.64,19,0.033684211,56
3235.682384,51,77,0.9,26,0.034615385,56
3231.930248,58,69,0.38,11,0.034545455,56
3231.930248,57,70,0.45,13,0.034615385,56
3231.930248,56,71,0.52,15,0.034666667,56
3231.103873,45,50,0.18,5,0.036,56
3230.888133,54,74,0.69,20,0.0345,56
3230.888133,53,75,0.76,22,0.034545455,56
3230.576417,54,75,0.71,21,0.033809524,56
3230.576417,53,76,0.78,23,0.033913043,56
3230.234603,52,77,0.85,25,0.034,56
3229.162254,59,71,0.41,12,0.034166667,56
3228.420191,43,70,0.67,27,0.024814815,56
3225.427001,55,70,0.53,15,0.035333333,56
3217.060964,67,72,0.14,5,0.028,56
3216.35256,57,76,0.61,19,0.032105263,56
3214.782912,42,49,0.24,7,0.034285714,56
3214.701333,60,67,0.24,7,0.034285714,56
3214.089073,61,72,0.35,11,0.031818182,56
3211.6042,59,68,0.31,9,0.034444444,56
3209.113652,42,51,0.29,9,0.032222222,56
3206.562592,35,60,0.81,25,0.0324,56
3206.304771,38,58,0.72,20,0.036,56
3205.594828,58,73,0.49,15,0.032666667,56
3200.317692,65,74,0.25,9,0.027777778,56
3200.005067,52,76,0.83,24,0.034583333,56
3199.855758,39,54,0.5,15,0.033333333,56
3195.975033,42,72,0.73,30,0.024333333,56
3194.0716,54,72,0.63,18,0.035,56
3192.421954,38,54,0.54,16,0.03375,56
3190.761842,64,69,0.16,5,0.032,56
3190.225235,57,68,0.39,11,0.035454545,56
3188.950076,60,71,0.36,11,0.032727273,56
3185.787514,56,69,0.46,13,0.035384615,56
3185.787514,53,73,0.7,20,0.035,56
3183.112612,59,74,0.48,15,0.032,56
3179.731063,41,48,0.25,7,0.035714286,56
3179.552092,60,80,0.55,20,0.0275,56
3179.552092,58,82,0.66,24,0.0275,56
3179.411026,46,66,0.5,20,0.025,56
3179.411026,45,67,0.55,22,0.025,56
3179.182765,36,57,0.7,21,0.033333333,56
3175.678715,34,59,0.84,25,0.0336,56
3173.273109,56,76,0.65,20,0.0325,56
3173.064775,38,51,0.46,13,0.035384615,56
3170.761769,45,66,0.53,21,0.025238095,56
3170.187133,36,54,0.62,18,0.034444444,56
3169.021049,46,65,0.48,19,0.025263158,56
3164.135745,44,51,0.25,7,0.035714286,56
3163.213077,55,77,0.72,22,0.032727273,56
3161.914848,43,62,0.51,19,0.026842105,56
3160.329187,44,69,0.61,25,0.0244,56
3160.329187,43,70,0.66,27,0.024444444,56
3160.213959,43,52,0.32,9,0.035555556,56
3160.213959,38,58,0.71,20,0.0355,56
3159.457423,54,89,0.89,35,0.025428571,56
3159.093302,58,74,0.52,16,0.0325,56
3158.927904,50,84,0.96,34,0.028235294,56
3156.780591,48,62,0.36,14,0.025714286,56
3154.766144,46,66,0.49,20,0.0245,56
3154.73729,42,69,0.69,27,0.025555556,56
3154.68988,57,74,0.56,17,0.032941176,56
3152.166906,36,56,0.68,20,0.034,56
3151.58718,57,75,0.59,18,0.032777778,56
3151.576604,45,60,0.4,15,0.026666667,56
3151.547088,48,56,0.21,8,0.02625,56
3150.181797,64,74,0.29,10,0.029,56
3150.181797,61,78,0.49,17,0.028823529,56
3147.922442,39,55,0.51,16,0.031875,56
3147.852877,47,65,0.44,18,0.024444444,56
3147.848382,47,63,0.41,16,0.025625,56
3146.858407,50,61,0.27,11,0.024545455,56
3146.051049,35,57,0.75,22,0.034090909,56
3146.016589,43,69,0.64,26,0.024615385,56
3145.97227,53,92,0.98,39,0.025128205,56
3145.946287,55,88,0.84,33,0.025454545,56
3145.946287,53,91,0.96,38,0.025263158,56
3145.146929,40,48,0.29,8,0.03625,56
3143.85139,40,56,0.57,16,0.035625,56
3143.85139,39,57,0.64,18,0.035555556,56
3143.705095,62,77,0.43,15,0.028666667,56
3143.371344,50,60,0.25,10,0.025,56
3143.071145,57,74,0.57,17,0.033529412,56
3142.213185,54,88,0.89,34,0.026176471,56
3141.828841,51,58,0.18,7,0.025714286,56
3140.171798,62,69,0.23,7,0.032857143,56
3139.173527,53,79,0.86,26,0.033076923,56
3138.311305,56,75,0.64,19,0.033684211,56
3135.767551,56,76,0.66,20,0.033,56
3135.760482,47,58,0.29,11,0.026363636,56
3135.619234,63,76,0.37,13,0.028461538,56
3134.095947,60,72,0.39,12,0.0325,56
3133.871954,35,58,0.77,23,0.033478261,56
3133.725807,36,63,0.95,27,0.035185185,56
3133.712491,33,64,0.98,31,0.031612903,56
3132.899822,37,61,0.83,24,0.034583333,56
3132.5889,56,88,0.81,32,0.0253125,56
3132.5889,54,91,0.93,37,0.025135135,56
3131.770181,61,78,0.48,17,0.028235294,56
3131.745072,40,52,0.41,12,0.034166667,56
3131.489476,41,52,0.36,11,0.032727273,56
3130.878212,40,51,0.38,11,0.034545455,56
3130.562443,45,67,0.54,22,0.024545455,56
3129.988201,37,53,0.56,16,0.035,56
3129.410146,55,85,0.86,30,0.028666667,56
3129.410146,54,86,0.92,32,0.02875,56
3128.980013,64,76,0.33,12,0.0275,56
3128.282672,37,62,0.86,25,0.0344,56
3128.281948,43,70,0.65,27,0.024074074,56
3128.068541,51,54,0.08,3,0.026666667,56
3128.038692,34,60,0.85,26,0.032692308,56
3128.01523,49,55,0.16,6,0.026666667,56
3127.206332,46,59,0.34,13,0.026153846,56
3127.078697,44,68,0.59,24,0.024583333,56
3126.900308,39,56,0.55,17,0.032352941,56
3126.697741,51,57,0.16,6,0.026666667,56
3126.636168,37,55,0.61,18,0.033888889,56
3126.376771,43,51,0.29,8,0.03625,56
3126.27594,43,53,0.34,10,0.034,56
3125.734372,65,73,0.23,8,0.02875,56
3125.719294,43,64,0.55,21,0.026190476,56
3124.98569,44,67,0.58,23,0.025217391,56
3124.326508,44,52,0.28,8,0.035,56
3122.931923,42,50,0.27,8,0.03375,56
3122.418939,61,70,0.3,9,0.033333333,56
3122.418939,58,73,0.5,15,0.033333333,56
3121.941759,34,61,0.88,27,0.032592593,56
3121.914154,54,78,0.79,24,0.032916667,56
3121.736473,41,71,0.76,30,0.025333333,56
3120.349066,42,69,0.68,27,0.025185185,56
3120.109857,56,75,0.63,19,0.033157895,56
3120.082542,55,76,0.7,21,0.033333333,56
3119.657769,61,79,0.49,18,0.027222222,56
3119.657769,59,81,0.6,22,0.027272727,56
3119.48574,40,49,0.33,9,0.036666667,56
3117.746761,51,60,0.22,9,0.024444444,56
3117.565127,54,90,0.91,36,0.025277778,56
3117.547007,58,81,0.66,23,0.028695652,56
3117.547007,57,82,0.72,25,0.0288,56
3117.547007,56,84,0.8,28,0.028571429,56
3116.885343,36,62,0.9,26,0.034615385,56
3116.358059,47,49,0.07,2,0.035,56
3116.358059,46,50,0.14,4,0.035,56
3116.358059,45,51,0.21,6,0.035,56
3115.963726,37,60,0.81,23,0.035217391,56
3115.800457,59,81,0.61,22,0.027727273,56
3114.232059,41,51,0.34,10,0.034,56
3114.118372,38,56,0.59,18,0.032777778,56
3113.044993,40,49,0.32,9,0.035555556,56
3112.62851,47,57,0.27,10,0.027,56
3112.617589,64,68,0.13,4,0.0325,56
3112.617589,62,70,0.26,8,0.0325,56
3112.313086,41,72,0.86,31,0.027741935,56
3112.060889,59,80,0.6,21,0.028571429,56
3112.057626,50,59,0.23,9,0.025555556,56
3111.81805,56,87,0.79,31,0.025483871,56
3111.755285,57,83,0.72,26,0.027692308,56
3111.417931,44,69,0.6,25,0.024,56
3111.293906,59,72,0.43,13,0.033076923,56
3110.876616,64,75,0.31,11,0.028181818,56
3110.551677,36,63,0.94,27,0.034814815,56
3109.395223,55,89,0.86,34,0.025294118,56
3109.270031,44,68,0.6,24,0.025,56
3108.526237,39,50,0.39,11,0.035454545,56
3108.399461,43,69,0.65,26,0.025,56
3108.060093,34,59,0.83,25,0.0332,56
3106.411054,58,86,0.71,28,0.025357143,56
3106.411054,57,87,0.76,30,0.025333333,56
3106.411054,55,90,0.88,35,0.025142857,56
3106.411054,53,92,0.99,39,0.025384615,56
3105.970695,42,71,0.72,29,0.024827586,56
3105.322236,42,70,0.69,28,0.024642857,56
3104.727108,42,71,0.71,29,0.024482759,56
3104.004271,54,56,0.05,2,0.025,56
3103.168656,38,59,0.75,21,0.035714286,56
3098.884999,43,48,0.19,5,0.038,56
3098.880306,47,59,0.31,12,0.025833333,56
3098.875209,58,83,0.69,25,0.0276,56
3098.662096,57,84,0.72,27,0.026666667,56
3098.162722,36,58,0.71,22,0.032272727,56
3097.06415,53,57,0.1,4,0.025,56
3097.06415,52,58,0.15,6,0.025,56
3097.06415,51,59,0.2,8,0.025,56
3094.858945,41,50,0.31,9,0.034444444,56
3094.304636,53,59,0.19,6,0.031666667,56
3092.943278,42,70,0.7,28,0.025,56
3092.702231,56,86,0.78,30,0.026,56
3092.702231,53,90,0.96,37,0.025945946,56
3092.430509,55,87,0.84,32,0.02625,56
3092.264896,55,85,0.83,30,0.027666667,56
3091.982453,35,63,0.99,28,0.035357143,56
3091.747382,57,86,0.74,29,0.025517241,56
3091.599317,53,89,0.97,36,0.026944444,56
3091.271255,46,60,0.36,14,0.025714286,56
3090.53763,43,68,0.63,25,0.0252,56
3089.784108,39,52,0.45,13,0.034615385,56
3089.14043,41,73,0.8,32,0.025,56
3088.779623,64,78,0.36,14,0.025714286,56
3088.672214,57,83,0.74,26,0.028461538,56
3088.528434,60,83,0.59,23,0.025652174,56
3088.528434,59,84,0.64,25,0.0256,56
3088.528434,57,86,0.75,29,0.025862069,56
3088.528434,57,87,0.77,30,0.025666667,56
3088.528434,56,88,0.82,32,0.025625,56
3088.528434,55,89,0.87,34,0.025588235,56
3088.528434,54,91,0.94,37,0.025405405,56
3088.336463,45,61,0.42,16,0.02625,56
3088.257067,62,80,0.47,18,0.026111111,56
3088.257067,61,81,0.52,20,0.026,56
3088.257067,58,85,0.7,27,0.025925926,56
3088.18736,44,52,0.27,8,0.03375,56
3088.0392,42,76,0.8,34,0.023529412,56
3087.803184,54,87,0.91,33,0.027575758,56
3087.602435,37,60,0.82,23,0.035652174,56
3085.986056,62,76,0.4,14,0.028571429,56
3084.065796,48,57,0.24,9,0.026666667,56
3083.720807,46,67,0.66,21,0.031428571,56
3083.296273,60,71,0.37,11,0.033636364,56
3083.235329,60,79,0.54,19,0.028421053,56
3081.974691,34,59,0.82,25,0.0328,56
3081.320209,62,77,0.42,15,0.028,56
3080.873893,35,56,0.71,21,0.033809524,56
3080.548297,44,67,0.59,23,0.025652174,56
3079.894851,42,72,0.74,30,0.024666667,56
3078.809665,58,82,0.69,24,0.02875,56
3078.809665,55,86,0.89,31,0.028709677,56
3078.57481,57,84,0.76,27,0.028148148,56
3077.547032,53,90,0.95,37,0.025675676,56
3077.35008,63,80,0.36,17,0.021176471,56
3076.74281,36,55,0.66,19,0.034736842,56
3076.245286,56,84,0.77,28,0.0275,56
3074.297464,62,78,0.44,16,0.0275,56
3073.625177,55,71,0.57,16,0.035625,56
3073.43415,36,62,0.91,26,0.035,56
3072.475189,55,86,0.88,31,0.028387097,56
3071.503456,34,58,0.81,24,0.03375,56
3071.409025,38,53,0.52,15,0.034666667,56
3071.409025,37,54,0.59,17,0.034705882,56
3070.895029,49,60,0.28,11,0.025454545,56
3070.151716,36,61,0.89,25,0.0356,56
3069.959925,44,63,0.49,19,0.025789474,56
3069.151818,60,78,0.52,18,0.028888889,56
3068.717843,46,64,0.46,18,0.025555556,56
3068.435433,53,81,0.78,28,0.027857143,56
3067.961268,36,57,0.71,21,0.033809524,56
3067.673899,64,67,0.1,3,0.033333333,56
3067.419847,56,83,0.78,27,0.028888889,56
3066.209655,37,59,0.79,22,0.035909091,56
3065.900275,59,83,0.62,24,0.025833333,56
3065.900275,58,85,0.69,27,0.025555556,56
3065.699128,50,58,0.2,8,0.025,56
3065.650888,60,82,0.57,22,0.025909091,56
3065.650888,56,87,0.8,31,0.025806452,56
3065.650888,54,90,0.92,36,0.025555556,56
3065.559204,51,84,0.91,33,0.027575758,56
3065.381469,65,76,0.29,11,0.026363636,56
3065.381469,58,84,0.68,26,0.026153846,56
3064.576436,61,79,0.5,18,0.027777778,56
3062.83387,34,58,0.8,24,0.033333333,56
3062.638873,42,75,0.8,33,0.024242424,56
3062.298587,56,89,0.83,33,0.025151515,56
3062.298587,54,92,0.95,38,0.025,56
3062.129766,41,77,0.87,36,0.024166667,56
3061.871935,54,93,0.96,39,0.024615385,56
3061.861405,59,73,0.46,14,0.032857143,56
3061.354562,50,86,0.98,36,0.027222222,56
3061.100586,50,85,0.97,35,0.027714286,56
3060.566311,43,54,0.36,11,0.032727273,56
3060.137037,50,61,0.28,11,0.025454545,56
3059.978764,51,85,0.93,34,0.027352941,56
3058.410023,47,63,0.4,16,0.025,56
3058.256033,38,52,0.49,14,0.035,56
3057.76398,35,56,0.73,21,0.034761905,56
3057.72793,48,64,0.4,16,0.025,56
3057.596177,48,63,0.37,15,0.024666667,56
3057.126204,35,57,0.74,22,0.033636364,56
3057.10838,55,84,0.84,29,0.028965517,56
3056.615685,51,65,0.33,14,0.023571429,56
3056.569199,42,55,0.45,13,0.034615385,56
3056.520349,42,72,0.75,30,0.025,56
3056.338457,56,85,0.78,29,0.026896552,56
3056.316272,40,57,0.56,17,0.032941176,56
3056.118895,45,65,0.51,20,0.0255,56
3055.718181,61,77,0.46,16,0.02875,56
3055.578516,48,59,0.28,11,0.025454545,56
3055.335,43,69,0.66,26,0.025384615,56
3055.277692,38,60,0.78,22,0.035454545,56
3054.882768,68,72,0.11,4,0.0275,56
3054.882768,66,74,0.22,8,0.0275,56
3053.810942,52,87,0.99,35,0.028285714,56
3053.678614,46,57,0.3,11,0.027272727,56
3052.916793,52,84,0.87,32,0.0271875,56
3052.865463,57,85,0.73,28,0.026071429,56
3052.865463,55,88,0.85,33,0.025757576,56
3052.865463,54,89,0.9,35,0.025714286,56
3052.865463,54,89,0.91,35,0.026,56
3052.865463,53,91,0.97,38,0.025526316,56
3052.781644,46,64,0.47,18,0.026111111,56
3052.776652,41,56,0.52,15,0.034666667,56
3052.715861,63,77,0.38,14,0.027142857,56
3052.715861,59,82,0.62,23,0.026956522,56
3052.100839,60,79,0.53,19,0.027894737,56
3051.898264,36,62,0.92,26,0.035384615,56
3051.865919,41,56,0.49,15,0.032666667,56
3051.138349,39,56,0.61,17,0.035882353,56
3051.040632,55,86,0.85,31,0.027419355,56
3051.003349,44,70,0.81,26,0.031153846,56
3050.825219,50,87,0.98,37,0.026486486,56
3050.676849,57,82,0.7,25,0.028,56
3050.103734,38,59,0.74,21,0.035238095,56
3049.712825,54,87,0.94,33,0.028484848,56
3048.335145,37,61,0.84,24,0.035,56
3047.785218,49,61,0.3,12,0.025,56
3047.785218,48,62,0.35,14,0.025,56
3047.529416,53,80,0.77,27,0.028518519,56
3047.451153,53,87,0.94,34,0.027647059,56
3047.143278,50,60,0.26,10,0.026,56
3047.044083,44,61,0.45,17,0.026470588,56
3045.510839,59,79,0.58,20,0.029,56
3044.202585,62,78,0.46,16,0.02875,56
3043.189433,55,90,0.89,35,0.025428571,56
3042.554417,55,86,0.83,31,0.026774194,56
3042.363917,43,63,0.53,20,0.0265,56
3042.172683,46,63,0.44,17,0.025882353,56
3041.139734,53,87,0.98,34,0.028823529,56
3041.074348,65,74,0.26,9,0.028888889,56
3040.974391,36,63,0.93,27,0.034444444,56
3040.627404,54,86,0.89,32,0.0278125,56
3040.088218,44,66,0.56,22,0.025454545,56
3039.9956,52,81,0.83,29,0.02862069,56
3039.344797,54,87,0.89,33,0.026969697,56
3038.380331,53,89,0.95,36,0.026388889,56
3037.7583,53,82,0.79,29,0.027241379,56
3037.7583,53,83,0.81,30,0.027,56
3037.7583,51,85,0.92,34,0.027058824,56
3037.171275,58,82,0.67,24,0.027916667,56
3037.171275,57,83,0.73,26,0.028076923,56
3037.171275,56,84,0.79,28,0.028214286,56
3037.171275,54,87,0.92,33,0.027878788,56
3037.171275,53,88,0.98,35,0.028,56
3037.135877,33,60,0.9,27,0.033333333,56
3036.684944,49,62,0.32,13,0.024615385,56
3036.266762,55,91,0.9,36,0.025,56
3035.714613,42,47,0.18,5,0.036,56
3035.69179,68,74,0.13,6,0.021666667,56
3035.615526,57,83,0.71,26,0.027307692,56
3035.615526,55,86,0.84,31,0.027096774,56
3035.615526,53,88,0.95,35,0.027142857,56
3035.538789,45,51,0.2,6,0.033333333,56
3035.212333,37,61,0.85,24,0.035416667,56
3034.913246,54,87,0.9,33,0.027272727,56
3034.08362,49,63,0.35,14,0.025,56
3033.093426,44,46,0.07,2,0.035,56
3032.90975,36,54,0.64,18,0.035555556,56
3032.59998,41,56,0.53,15,0.035333333,56
3032.455472,56,85,0.82,29,0.028275862,56
3032.285559,37,55,0.63,18,0.035,56
3032.156722,60,81,0.56,21,0.026666667,56
3031.918012,34,60,0.86,26,0.033076923,56
3031.872999,59,82,0.63,23,0.027391304,56
3031.465586,54,80,0.72,26,0.027692308,56
3031.367034,43,47,0.14,4,0.035,56
3030.759706,49,61,0.31,12,0.025833333,56
3030.501329,44,53,0.29,9,0.032222222,56
3030.450876,39,51,0.42,12,0.035,56
3030.313957,56,76,0.59,20,0.0295,56
3030.269514,52,83,0.85,31,0.027419355,56
3030.17524,38,54,0.55,16,0.034375,56
3030.152339,45,61,0.41,16,0.025625,56
3030.048846,44,63,0.5,19,0.026315789,56
3029.653957,47,66,0.47,19,0.024736842,56
3029.461885,59,82,0.61,23,0.026521739,56
3029.198701,58,74,0.46,16,0.02875,56
3028.602204,33,61,0.92,28,0.032857143,56
3028.498219,41,73,0.79,32,0.0246875,56
3028.221781,52,86,0.99,34,0.029117647,56
3027.969292,36,61,0.88,25,0.0352,56
3027.362983,39,54,0.49,15,0.032666667,56
3027.018986,50,86,0.99,36,0.0275,56
3026.92404,41,77,0.86,36,0.023888889,56
3026.584637,51,57,0.15,6,0.025,56
3026.192909,53,91,0.98,38,0.025789474,56
3025.998977,53,88,0.97,35,0.027714286,56
3025.63497,53,89,0.96,36,0.026666667,56
3024.570669,43,53,0.33,10,0.033,56
3024.565548,38,55,0.55,17,0.032352941,56
3024.012061,37,56,0.62,19,0.032631579,56
3023.713377,46,61,0.39,15,0.026,56
3023.601988,42,55,0.42,13,0.032307692,56
3023.529091,51,84,0.92,33,0.027878788,56
3023.283042,50,85,0.98,35,0.028,56
3022.634566,52,56,0.1,4,0.025,56
3022.54737,43,70,0.68,27,0.025185185,56
3022.328657,56,85,0.79,29,0.027241379,56
3022.208137,35,62,0.97,27,0.035925926,56
3021.595765,42,54,0.43,12,0.035833333,56
3021.202374,46,64,0.45,18,0.025,56
3021.048953,35,59,0.8,24,0.033333333,56
3021.042098,47,64,0.42,17,0.024705882,56
3020.948395,45,69,0.74,24,0.030833333,56
3020.337702,48,61,0.34,13,0.026153846,56
3020.047771,49,53,0.11,4,0.0275,56
3020.047771,47,55,0.22,8,0.0275,56
3019.16531,47,67,0.48,20,0.024,56
3018.053002,39,59,0.69,20,0.0345,56
3018.053002,38,60,0.76,22,0.034545455,56
3017.92774,43,46,0.11,3,0.036666667,56
3017.76804,51,86,0.94,35,0.026857143,56
3017.310742,52,57,0.13,5,0.026,56
3016.970769,49,58,0.23,9,0.025555556,56
3016.851211,42,70,0.71,28,0.025357143,56
3015.830734,50,58,0.21,8,0.02625,56
3015.752468,53,85,0.93,32,0.0290625,56
3015.55704,50,62,0.38,12,0.031666667,56
3015.448691,53,75,0.77,22,0.035,56
3015.06379,44,62,0.48,18,0.026666667,56
3014.923283,50,66,0.37,16,0.023125,56
3014.28168,46,65,0.47,19,0.024736842,56
3014.077518,52,82,0.84,30,0.028,56
3013.229085,54,86,0.88,32,0.0275,56
3012.963224,42,71,0.73,29,0.025172414,56
3011.889119,41,76,0.86,35,0.024571429,56
3011.544763,60,80,0.57,20,0.0285,56
3011.544763,59,81,0.63,22,0.028636364,56
3011.395784,53,61,0.19,8,0.02375,56
3010.963702,43,73,0.71,30,0.023666667,56
3010.37236,67,74,0.19,7,0.027142857,56
3009.551647,36,55,0.67,19,0.035263158,56
3008.920456,64,78,0.3,14,0.021428571,56
3008.849291,66,76,0.22,10,0.022,56
3008.723798,38,60,0.77,22,0.035,56
3008.640085,38,56,0.58,18,0.032222222,56
3008.537584,59,84,0.55,25,0.022,56
3008.138873,58,83,0.67,25,0.0268,56
3007.945399,48,58,0.26,10,0.026,56
3007.716122,67,75,0.17,8,0.02125,56
3007.512448,54,92,0.96,38,0.025263158,56
3007.361595,50,84,0.97,34,0.028529412,56
3006.953171,56,83,0.76,27,0.028148148,56
3006.953171,53,86,0.93,33,0.028181818,56
3006.638176,40,53,0.42,13,0.032307692,56
3006.505481,64,78,0.31,14,0.022142857,56
3006.382336,60,80,0.56,20,0.028,56
3005.335277,54,84,0.87,30,0.029,56
3005.252309,55,60,0.12,5,0.024,56
3005.07546,45,62,0.44,17,0.025882353,56
3004.4286,40,57,0.6,17,0.035294118,56
3004.4286,39,58,0.67,19,0.035263158,56
3004.014987,53,88,0.94,35,0.026857143,56
3003.42602,34,63,0.92,29,0.031724138,56
3003.029086,50,62,0.29,12,0.024166667,56
3002.707538,44,72,0.66,28,0.023571429,56
3002.644765,52,61,0.28,9,0.031111111,56
3002.630968,65,77,0.26,12,0.021666667,56
3002.408103,49,57,0.21,8,0.02625,56
3001.958441,49,65,0.48,16,0.03,56
3001.333735,54,79,0.71,25,0.0284,56
3001.313232,44,66,0.57,22,0.025909091,56
3001.14868,61,82,0.54,21,0.025714286,56
3001.129035,65,77,0.31,12,0.025833333,56
3000.996103,60,65,0.18,5,0.036,56
3000.88475,66,76,0.26,10,0.026,56
3000.674038,64,79,0.32,15,0.021333333,56
3000.271406,46,67,0.52,21,0.024761905,56
3000.192195,39,75,0.97,36,0.026944444,56
3000.004792,57,75,0.52,18,0.028888889,56
2999.570633,35,60,0.8,25,0.032,56
2999.235982,41,55,0.5,14,0.035714286,56
2999.147215,57,81,0.69,24,0.02875,56
2999.147215,56,82,0.75,26,0.028846154,56
2999.147215,55,83,0.81,28,0.028928571,56
2999.147215,54,85,0.89,31,0.028709677,56
2999.147215,53,86,0.95,33,0.028787879,56
2998.744007,63,78,0.41,15,0.027333333,56
2998.744007,61,80,0.52,19,0.027368421,56
2997.573625,65,81,0.4,16,0.025,56
2997.573625,65,82,0.42,17,0.024705882,56
2997.573625,64,83,0.47,19,0.024736842,56
2997.573625,63,84,0.52,21,0.024761905,56
2997.573625,62,85,0.57,23,0.024782609,56
2997.309999,67,79,0.3,12,0.025,56
2997.309999,66,80,0.35,14,0.025,56
2997.266891,47,62,0.39,15,0.026,56
2997.080396,66,73,0.2,7,0.028571429,56
2996.843706,57,84,0.74,27,0.027407407,56
2996.529197,46,58,0.32,12,0.026666667,56
2996.457162,42,48,0.21,6,0.035,56
2996.457162,41,49,0.28,8,0.035,56
2996.457162,40,50,0.35,10,0.035,56
2996.388909,38,57,0.6,19,0.031578947,56
2996.013545,47,60,0.33,13,0.025384615,56
2995.989065,47,69,0.54,22,0.024545455,56
2995.949859,67,81,0.28,14,0.02,56
2995.072691,46,68,0.53,22,0.024090909,56
2995.0195,40,54,0.46,14,0.032857143,56
2994.938301,44,74,0.69,30,0.023,56
2994.791324,35,57,0.73,22,0.033181818,56
2994.426996,57,84,0.73,27,0.027037037,56
2993.544167,50,57,0.18,7,0.025714286,56
2993.478884,54,82,0.75,28,0.026785714,56
2993.478884,52,84,0.86,32,0.026875,56
2993.18715,39,50,0.4,11,0.036363636,56
2993.106595,60,82,0.58,22,0.026363636,56
2992.904908,33,65,0.99,32,0.0309375,56
2992.849262,51,78,0.94,27,0.034814815,56
2992.814638,65,76,0.25,11,0.022727273,56
2992.750384,58,82,0.68,24,0.028333333,56
2992.641302,39,57,0.63,18,0.035,56
2992.481592,59,80,0.59,21,0.028095238,56
2992.481592,56,84,0.78,28,0.027857143,56
2991.650508,49,64,0.47,15,0.031333333,56
2991.46783,61,79,0.51,18,0.028333333,56
2991.408328,53,88,0.96,35,0.027428571,56
2991.011001,39,49,0.37,10,0.037,56
2990.797524,40,50,0.36,10,0.036,56
2990.71897,54,74,0.7,20,0.035,56
2990.45498,56,86,0.79,30,0.026333333,56
2990.019444,61,71,0.29,10,0.029,56
2989.272361,44,51,0.24,7,0.034285714,56
2989.220273,48,55,0.19,7,0.027142857,56
2988.980841,44,62,0.47,18,0.026111111,56
2988.967042,57,85,0.74,28,0.026428571,56
2988.540125,55,84,0.83,29,0.02862069,56
2988.485772,61,80,0.51,19,0.026842105,56
2988.485772,58,84,0.69,26,0.026538462,56
2987.860808,59,84,0.65,25,0.026,56
2987.776357,46,61,0.38,15,0.025333333,56
2987.732395,54,88,0.91,34,0.026764706,56
2987.645334,43,68,0.62,25,0.0248,56
2987.565716,49,59,0.25,10,0.025,56
2987.213457,55,77,0.65,22,0.029545455,56
2987.2052,61,82,0.46,21,0.021904762,56
2987.167468,67,76,0.19,9,0.021111111,56
2986.938183,52,76,0.84,24,0.035,56
2986.692729,41,56,0.5,15,0.033333333,56
2986.677549,54,90,0.93,36,0.025833333,56
2986.421656,33,60,0.89,27,0.032962963,56
2986.417779,40,57,0.57,17,0.033529412,56
2986.41485,57,86,0.76,29,0.026206897,56
2986.41485,56,87,0.81,31,0.026129032,56
2986.288944,58,83,0.68,25,0.0272,56
2985.530646,42,50,0.3,8,0.0375,56
2985.37211,41,57,0.51,16,0.031875,56
2985.222277,50,87,0.99,37,0.026756757,56
2984.769052,33,59,0.91,26,0.035,56
2984.171529,62,70,0.23,8,0.02875,56
2984.02968,33,59,0.92,26,0.035384615,56
2983.596441,45,65,0.5,20,0.025,56
2983.385893,49,60,0.29,11,0.026363636,56
2983.29202,47,65,0.45,18,0.025,56
2982.603147,46,59,0.36,13,0.027692308,56
2982.509341,41,72,0.78,31,0.02516129,56
2982.142205,58,81,0.65,23,0.02826087,56
2982.142205,57,82,0.71,25,0.0284,56
2982.142205,55,85,0.84,30,0.028,56
2982.142205,54,86,0.9,32,0.028125,56
2981.741375,37,54,0.6,17,0.035294118,56
2981.696448,54,73,0.67,19,0.035263158,56
2980.728266,54,72,0.64,18,0.035555556,56
2980.615078,43,50,0.25,7,0.035714286,56
2980.586734,56,70,0.5,14,0.035714286,56
2980.564124,45,70,0.59,25,0.0236,56
2979.952257,54,88,0.96,34,0.028235294,56
2979.828848,40,56,0.55,16,0.034375,56
2979.481136,55,85,0.85,30,0.028333333,56
2979.447061,32,60,0.99,28,0.035357143,56
2979.26111,52,64,0.28,12,0.023333333,56
2978.995467,51,73,0.81,22,0.036818182,56
2978.932741,56,76,0.58,20,0.029,56
2978.31782,63,79,0.36,16,0.0225,56
2978.286011,35,57,0.76,22,0.034545455,56
2977.930287,40,74,0.93,34,0.027352941,56
2977.90425,55,87,0.85,32,0.0265625,56
2977.474612,38,55,0.67,17,0.039411765,56
2977.403761,51,56,0.13,5,0.026,56
2977.390485,38,50,0.44,12,0.036666667,56
2977.320782,56,59,0.07,3,0.023333333,56
2977.123611,39,53,0.46,14,0.032857143,56
2975.671228,39,75,0.98,36,0.027222222,56
2975.637647,59,85,0.66,26,0.025384615,56
2975.637647,57,88,0.78,31,0.02516129,56
2975.604342,62,81,0.41,19,0.021578947,56
2975.516258,62,86,0.59,24,0.024583333,56
2975.111146,57,68,0.4,11,0.036363636,56
2975.004608,63,83,0.41,20,0.0205,56
2974.998051,63,78,0.4,15,0.026666667,56
2974.898952,59,83,0.64,24,0.026666667,56
2974.88388,45,66,0.54,21,0.025714286,56
2974.676977,49,63,0.34,14,0.024285714,56
2974.41317,42,55,0.43,13,0.033076923,56
2973.913127,45,66,0.52,21,0.024761905,56
2973.748574,56,85,0.8,29,0.027586207,56
2973.748574,54,88,0.93,34,0.027352941,56
2973.748574,53,89,0.99,36,0.0275,56
2973.648795,53,83,0.8,30,0.026666667,56
2973.615325,56,79,0.62,23,0.026956522,56
2973.615325,54,81,0.73,27,0.027037037,56
2973.552882,44,71,0.64,27,0.023703704,56
2973.070464,46,60,0.37,14,0.026428571,56
2973.059217,50,78,0.99,28,0.035357143,56
2972.757147,64,82,0.37,18,0.020555556,56
2972.637242,57,86,0.77,29,0.026551724,56
2972.543853,45,69,0.58,24,0.024166667,56
2971.949068,58,84,0.7,26,0.026923077,56
2971.949068,56,87,0.83,31,0.026774194,56
2971.940245,38,55,0.57,17,0.033529412,56
2971.720043,40,58,0.58,18,0.032222222,56
2971.664982,53,88,0.99,35,0.028285714,56
2971.291288,60,83,0.5,23,0.02173913,56
2971.162763,47,60,0.34,13,0.026153846,56
2971.09093,55,84,0.82,29,0.028275862,56
2971.09093,54,85,0.88,31,0.028387097,56
2971.09093,53,86,0.94,33,0.028484848,56
2971.09093,53,87,0.95,34,0.027941176,56
2971.089681,48,61,0.33,13,0.025384615,56
2971.089681,47,62,0.38,15,0.025333333,56
2970.814729,58,85,0.71,27,0.026296296,56
2970.778009,50,53,0.08,3,0.026666667,56
2970.695952,40,74,0.94,34,0.027647059,56
2970.358983,34,63,0.9,29,0.031034483,56
2970.323947,53,60,0.22,7,0.031428571,56
2970.313316,36,60,0.75,24,0.03125,56
2970.069597,33,63,0.97,30,0.032333333,56
2969.797658,55,89,0.88,34,0.025882353,56
2969.730284,56,86,0.82,30,0.027333333,56
2969.582676,53,73,0.72,20,0.036,56
2969.100277,59,81,0.62,22,0.028181818,56
2969.100277,57,84,0.75,27,0.027777778,56
2969.100277,56,85,0.81,29,0.027931034,56
2968.959566,36,55,0.64,19,0.033684211,56
2968.299568,61,81,0.44,20,0.022,56
2968.093733,52,59,0.23,7,0.032857143,56
2967.616251,45,65,0.52,20,0.026,56
2966.977352,56,85,0.83,29,0.02862069,56
2966.750758,62,78,0.45,16,0.028125,56
2966.488436,54,78,0.71,24,0.029583333,56
2965.954668,46,51,0.16,5,0.032,56
2965.705548,62,79,0.45,17,0.026470588,56
2965.705548,59,83,0.63,24,0.02625,56
2965.649256,43,50,0.23,7,0.032857143,56
2965.449756,36,52,0.59,16,0.036875,56
2965.411735,51,86,0.93,35,0.026571429,56
2965.088064,56,86,0.83,30,0.027666667,56
2965.051529,59,83,0.65,24,0.027083333,56
2964.403783,44,67,0.57,23,0.024782609,56
2963.678228,39,53,0.53,14,0.037857143,56
2963.656742,39,76,0.99,37,0.026756757,56
2963.100954,32,61,0.98,29,0.033793103,56
2963.011803,46,63,0.45,17,0.026470588,56
2962.836047,35,56,0.75,21,0.035714286,56
2962.830569,34,64,0.92,30,0.030666667,56
2962.519863,45,68,0.73,23,0.03173913,56
2962.028937,66,75,0.2,9,0.022222222,56
2961.558519,52,85,0.88,33,0.026666667,56
2961.558519,51,87,0.95,36,0.026388889,56
2961.437893,55,88,0.9,33,0.027272727,56
2961.140301,55,88,0.87,33,0.026363636,56
2960.859695,51,61,0.24,10,0.024,56
2960.823061,56,83,0.77,27,0.028518519,56
2960.823061,53,87,0.96,34,0.028235294,56
2960.823061,53,87,0.97,34,0.028529412,56
2960.785385,39,51,0.43,12,0.035833333,56
2960.761073,51,83,0.9,32,0.028125,56
2960.550989,39,52,0.46,13,0.035384615,56
2960.472012,37,59,0.69,22,0.031363636,56
2960.139227,60,81,0.57,21,0.027142857,56
2960.062862,37,53,0.58,16,0.03625,56
2959.392034,58,83,0.71,25,0.0284,56
2959.392034,57,84,0.77,27,0.028518519,56
2959.135938,44,61,0.46,17,0.027058824,56
2958.935854,52,76,0.85,24,0.035416667,56
2958.725313,66,77,0.28,11,0.025454545,56
2958.70934,55,87,0.86,32,0.026875,56
2958.648124,49,67,0.44,18,0.024444444,56
2958.484369,60,84,0.61,24,0.025416667,56
2958.32828,53,76,0.8,23,0.034782609,56
2958.32828,52,77,0.87,25,0.0348,56
2958.298372,42,54,0.41,12,0.034166667,56
2958.22407,62,81,0.49,19,0.025789474,56
2958.119602,38,53,0.53,15,0.035333333,56
2958.024285,54,88,0.92,34,0.027058824,56
2957.669658,58,68,0.36,10,0.036,56
2957.669658,53,74,0.75,21,0.035714286,56
2957.669658,52,75,0.82,23,0.035652174,56
2957.461667,45,72,0.65,27,0.024074074,56
2957.332262,55,87,0.88,32,0.0275,56
2957.252135,46,69,0.54,23,0.023478261,56
2957.009554,54,88,0.94,34,0.027647059,56
2956.930909,49,75,0.96,26,0.036923077,56
2956.926048,41,55,0.48,14,0.034285714,56
2956.870677,51,61,0.32,10,0.032,56
2956.638817,51,64,0.31,13,0.023846154,56
2956.259747,68,74,0.16,6,0.026666667,56
2956.259747,65,77,0.32,12,0.026666667,56
2956.255391,44,65,0.53,21,0.025238095,56
2956.247343,55,73,0.63,18,0.035,56
2956.221766,60,68,0.28,8,0.035,56
2956.221766,59,69,0.35,10,0.035,56
2956.221766,58,70,0.42,12,0.035,56
2956.221766,57,71,0.49,14,0.035,56
2956.221766,56,72,0.56,16,0.035,56
2955.544775,43,71,0.87,28,0.031071429,56
2955.536426,63,87,0.47,24,0.019583333,56
2954.835376,41,47,0.22,6,0.036666667,56
2954.710711,56,87,0.82,31,0.026451613,56
2954.710711,55,88,0.88,33,0.026666667,56
2954.710711,54,90,0.95,36,0.026388889,56
2954.620734,49,65,0.38,16,0.02375,56
2953.674983,61,82,0.45,21,0.021428571,56
2953.520414,64,77,0.35,13,0.026923077,56
2953.505502,41,70,0.74,29,0.025517241,56
2953.41642,43,71,0.88,28,0.031428571,56
2953.164223,43,74,0.73,31,0.023548387,56
2952.948684,60,83,0.51,23,0.022173913,56
2952.90401,53,75,0.78,22,0.035454545,56
2952.831884,56,86,0.8,30,0.026666667,56
2952.708791,54,88,0.95,34,0.027941176,56
2952.494173,53,60,0.17,7,0.024285714,56
2952.457188,44,50,0.22,6,0.036666667,56
2952.200282,62,81,0.5,19,0.026315789,56
2951.65273,34,62,0.9,28,0.032142857,56
2951.600422,51,78,0.95,27,0.035185185,56
2950.903859,42,67,0.79,25,0.0316,56
2950.653304,55,89,0.89,34,0.026176471,56
2950.49089,53,62,0.21,9,0.023333333,56
2950.459163,42,50,0.32,8,0.04,56
2950.459163,41,51,0.4,10,0.04,56
2950.31921,59,86,0.68,27,0.025185185,56
2950.31921,58,87,0.73,29,0.025172414,56
2950.210608,44,48,0.15,4,0.0375,56
2949.913825,68,73,0.11,5,0.022,56
2949.898334,63,78,0.34,15,0.022666667,56
2949.205383,53,90,0.98,37,0.026486486,56
2949.093268,43,71,0.67,28,0.023928571,56
2948.959791,35,60,0.95,25,0.038,56
2948.94375,59,83,0.54,24,0.0225,56
2948.735677,55,72,0.6,17,0.035294118,56
2948.55323,36,58,0.73,22,0.033181818,56
2948.49837,42,52,0.37,10,0.037,56
2948.24063,44,49,0.16,5,0.032,56
2948.153451,63,77,0.4,14,0.028571429,56
2947.990143,58,85,0.6,27,0.022222222,56
2947.895143,63,77,0.32,14,0.022857143,56
2947.779942,56,86,0.81,30,0.027,56
2947.268831,62,88,0.51,26,0.019615385,56
2947.158585,52,63,0.26,11,0.023636364,56
2946.489923,53,79,0.77,26,0.029615385,56
2946.489669,49,64,0.36,15,0.024,56
2946.425777,33,62,0.95,29,0.032758621,56
2946.031091,34,57,0.79,23,0.034347826,56
2945.941418,38,57,0.62,19,0.032631579,56
2945.350228,48,68,0.49,20,0.0245,56
2945.00033,44,73,0.7,29,0.024137931,56
2944.642927,63,79,0.35,16,0.021875,56
2944.604238,44,69,0.59,25,0.0236,56
2944.53773,36,54,0.65,18,0.036111111,56
2944.53773,34,57,0.82,23,0.035652174,56
2944.495334,56,96,0.95,40,0.02375,56
2943.951711,59,89,0.75,30,0.025,56
2943.299469,65,75,0.28,10,0.028,56
2943.168217,65,75,0.23,10,0.023,56
2942.870955,52,80,0.83,28,0.029642857,56
2942.819168,62,80,0.4,18,0.022222222,56
2942.631161,43,49,0.22,6,0.036666667,56
2942.328935,57,69,0.43,12,0.035833333,56
2942.234739,60,82,0.49,22,0.022272727,56
2942.226985,55,88,0.94,33,0.028484848,56
2942.126898,34,69,0.98,35,0.028,56
2941.787037,37,57,0.77,20,0.0385,56
2940.91299,40,74,0.92,34,0.027058824,56
2940.843343,60,80,0.46,20,0.023,56
2940.546944,40,50,0.4,10,0.04,56
2939.62502,68,75,0.18,7,0.025714286,56
2939.62502,62,82,0.51,20,0.0255,56
2939.267775,46,59,0.35,13,0.026923077,56
2938.911022,42,65,0.61,23,0.026521739,56
2938.622164,53,89,0.92,36,0.025555556,56
2938.543703,59,65,0.22,6,0.036666667,56
2938.145533,51,77,0.92,26,0.035384615,56
2937.993788,50,54,0.11,4,0.0275,56
2937.659797,35,62,0.84,27,0.031111111,56
2937.635016,34,62,0.89,28,0.031785714,56
2936.906847,41,55,0.47,14,0.033571429,56
2936.24536,54,88,0.9,34,0.026470588,56
2936.24156,33,60,0.91,27,0.033703704,56
2936.228921,42,54,0.4,12,0.033333333,56
2936.193883,60,83,0.61,23,0.026521739,56
2935.985952,35,57,0.77,22,0.035,56
2935.983741,64,77,0.29,13,0.022307692,56
2935.96624,8,10,0.1,2,0.05,56
2935.913664,58,74,0.47,16,0.029375,56
2935.913664,57,75,0.53,18,0.029444444,56
2935.753113,42,72,0.94,30,0.031333333,56
2935.588715,56,69,0.47,13,0.036153846,56
2935.51387,63,79,0.43,16,0.026875,56
2935.462664,54,89,0.92,35,0.026285714,56
2935.462664,53,90,0.97,37,0.026216216,56
2935.075651,55,86,0.86,31,0.027741935,56
2935.06193,65,82,0.34,17,0.02,56
2935.06193,64,83,0.38,19,0.02,56
2935.058695,66,79,0.27,13,0.020769231,56
2935.03909,57,86,0.64,29,0.022068966,56
2934.898209,34,58,0.85,24,0.035416667,56
2934.770175,39,53,0.48,14,0.034285714,56
2934.473819,52,91,0.99,39,0.025384615,56
2934.364288,56,88,0.83,32,0.0259375,56
2933.56438,50,66,0.39,16,0.024375,56
2933.546097,67,76,0.23,9,0.025555556,56
2933.465486,55,87,0.91,32,0.0284375,56
2933.307136,61,83,0.56,22,0.025454545,56
2933.159603,52,62,0.24,10,0.024,56
2932.954679,53,91,0.99,38,0.026052632,56
2932.793302,57,85,0.75,28,0.026785714,56
2932.783255,50,77,0.97,27,0.035925926,56
2932.638,51,74,0.84,23,0.036521739,56
2932.435632,46,69,0.53,23,0.023043478,56
2932.176239,34,63,0.93,29,0.032068966,56
2931.936549,55,87,0.9,32,0.028125,56
2931.787344,45,68,0.54,23,0.023478261,56
2931.747195,34,58,0.84,24,0.035,56
2931.697142,45,70,0.6,25,0.024,56
2931.015215,61,81,0.45,20,0.0225,56
2930.943502,46,50,0.13,4,0.0325,56
2930.769029,40,52,0.45,12,0.0375,56
2930.759724,54,90,0.94,36,0.026111111,56
2930.575213,61,86,0.63,25,0.0252,56
2930.459693,34,69,0.99,35,0.028285714,56
2930.147572,62,79,0.38,17,0.022352941,56
2930.147572,60,81,0.47,21,0.022380952,56
2929.686472,55,89,0.9,34,0.026470588,56
2929.232667,59,68,0.32,9,0.035555556,56
2929.232667,58,69,0.39,11,0.035454545,56
2928.802221,61,80,0.43,19,0.022631579,56
2928.37357,43,72,0.69,29,0.023793103,56
2928.301608,55,87,0.89,32,0.0278125,56
2927.503905,72,74,0.05,2,0.025,56
2927.503905,71,75,0.1,4,0.025,56
2927.493329,55,88,0.86,33,0.026060606,56
2927.014697,37,53,0.57,16,0.035625,56
2926.063688,47,66,0.46,19,0.024210526,56
2925.874245,48,65,0.41,17,0.024117647,56
2925.711043,38,52,0.5,14,0.035714286,56
2925.575133,59,73,0.41,14,0.029285714,56
2925.555853,61,81,0.53,20,0.0265,56
2925.545872,42,72,0.72,30,0.024,56
2925.464008,54,86,0.91,32,0.0284375,56
2925.435514,32,62,0.99,30,0.033,56
2925.41502,66,77,0.23,11,0.020909091,56
2923.37032,68,79,0.22,11,0.02,56
2923.21582,62,84,0.45,22,0.020454545,56
2922.956254,73,74,0.02,1,0.02,56
2922.956254,72,75,0.06,3,0.02,56
2922.956254,71,76,0.1,5,0.02,56
2922.956254,70,77,0.14,7,0.02,56
2922.956254,69,78,0.18,9,0.02,56
2922.915409,35,56,0.72,21,0.034285714,56
2922.883828,61,81,0.54,20,0.027,56
2922.596059,42,52,0.32,10,0.032,56
2922.508849,49,65,0.39,16,0.024375,56
2922.508849,48,66,0.44,18,0.024444444,56
2922.475452,57,70,0.46,13,0.035384615,56
2922.409211,40,54,0.45,14,0.032142857,56
2922.40465,36,60,0.77,24,0.032083333,56
2921.86684,67,74,0.16,7,0.022857143,56
2921.765914,56,89,0.84,33,0.025454545,56
2921.328351,35,56,0.74,21,0.035238095,56
2921.240237,43,74,0.75,31,0.024193548,56
2920.798823,64,76,0.34,12,0.028333333,56
2919.908875,66,74,0.23,8,0.02875,56
2919.867954,53,90,0.99,37,0.026756757,56
2919.815088,38,61,0.75,23,0.032608696,56
2919.786391,42,75,0.81,33,0.024545455,56
2919.326235,42,48,0.24,6,0.04,56
2919.326235,41,49,0.32,8,0.04,56
2919.076173,58,84,0.71,26,0.027307692,56
2918.894249,51,60,0.23,9,0.025555556,56
2918.867322,37,51,0.51,14,0.036428571,56
2918.757504,63,77,0.39,14,0.027857143,56
2918.697037,55,80,0.69,25,0.0276,56
2918.528871,35,60,0.96,25,0.0384,56
2918.440125,55,79,0.67,24,0.027916667,56
2918.241998,51,88,0.97,37,0.026216216,56
2918.120299,58,83,0.7,25,0.028,56
2918.073967,36,59,0.73,23,0.03173913,56
2917.540835,41,76,0.85,35,0.024285714,56
2916.769954,37,56,0.76,19,0.04,56
2916.713675,57,85,0.76,28,0.027142857,56
2916.569889,52,90,0.98,38,0.025789474,56
2916.17204,50,83,0.98,33,0.02969697,56
2916.167143,66,82,0.32,16,0.02,56
2915.970395,37,56,0.64,19,0.033684211,56
2915.727166,50,63,0.32,13,0.024615385,56
2915.651658,41,77,0.88,36,0.024444444,56
2915.432697,45,69,0.75,24,0.03125,56
2915.347538,53,89,0.98,36,0.027222222,56
2915.110671,56,90,0.85,34,0.025,56
2914.689474,62,79,0.46,17,0.027058824,56
2914.456472,59,66,0.25,7,0.035714286,56
2914.348482,44,64,0.51,20,0.0255,56
2914.1821,62,80,0.39,18,0.021666667,56
2914.020808,67,74,0.2,7,0.028571429,56
2913.947933,59,82,0.52,23,0.022608696,56
2913.947933,58,84,0.58,26,0.022307692,56
2913.891044,64,77,0.37,13,0.028461538,56
2913.815675,46,71,0.6,25,0.024,56
2913.785213,44,46,0.08,2,0.04,56
2913.785213,43,47,0.16,4,0.04,56
2913.754209,69,72,0.08,3,0.026666667,56
2913.754209,66,75,0.24,9,0.026666667,56
2913.569134,44,70,0.8,26,0.030769231,56
2913.566363,51,63,0.29,12,0.024166667,56
2913.401218,60,81,0.58,21,0.027619048,56
2913.401218,57,85,0.77,28,0.0275,56
2913.196008,52,61,0.22,9,0.024444444,56
2912.935173,51,59,0.21,8,0.02625,56
2912.495416,50,64,0.34,14,0.024285714,56
2912.362149,60,72,0.35,12,0.029166667,56
2910.850505,37,55,0.62,18,0.034444444,56
2910.407507,65,83,0.36,18,0.02,56
2910.364611,44,66,0.55,22,0.025,56
2910.177172,34,58,0.83,24,0.034583333,56
2909.751202,63,79,0.42,16,0.02625,56
2909.647771,49,59,0.26,10,0.026,56
2909.625484,53,82,0.8,29,0.027586207,56
2909.431004,51,62,0.27,11,0.024545455,56
2909.428274,44,70,0.62,26,0.023846154,56
2909.335226,42,64,0.59,22,0.026818182,56
2909.058431,6,12,0.32,6,0.053333333,56
2908.746545,58,72,0.29,14,0.020714286,56
2908.687616,65,76,0.3,11,0.027272727,56
2908.683687,54,91,0.96,37,0.025945946,56
2908.419797,56,71,0.53,15,0.035333333,56
2908.369512,57,76,0.54,19,0.028421053,56
2908.184817,57,86,0.82,29,0.028275862,56
2908.132535,52,82,0.85,30,0.028333333,56
2908.121057,66,74,0.21,8,0.02625,56
2907.949434,50,64,0.33,14,0.023571429,56
2907.790262,51,81,0.89,30,0.029666667,56
2907.616271,54,89,0.96,35,0.027428571,56
2907.525425,56,87,0.69,31,0.022258065,56
2907.47598,59,84,0.67,25,0.0268,56
2907.286988,44,71,0.65,27,0.024074074,56
2907.170788,36,55,0.65,19,0.034210526,56
2906.90871,45,63,0.46,18,0.025555556,56
2906.819741,42,51,0.3,9,0.033333333,56
2906.58956,42,73,0.74,31,0.023870968,56
2906.584772,57,86,0.65,29,0.022413793,56
2906.528942,49,59,0.27,10,0.027,56
2906.310042,46,68,0.68,22,0.030909091,56
2906.176847,61,84,0.48,23,0.020869565,56
2906.170653,45,64,0.48,19,0.025263158,56
2905.447255,46,69,0.71,23,0.030869565,56
2905.326865,62,79,0.47,17,0.027647059,56
2905.276161,67,81,0.38,14,0.027142857,56
2905.276161,65,83,0.49,18,0.027222222,56
2904.880405,43,75,0.74,32,0.023125,56
2904.666106,46,62,0.41,16,0.025625,56
2904.549168,50,78,0.98,28,0.035,56
2904.540708,42,67,0.64,25,0.0256,56
2904.013096,40,74,0.86,34,0.025294118,56
2903.69415,43,74,0.72,31,0.023225806,56
2903.667432,63,84,0.42,21,0.02,56
2903.606013,44,74,0.7,30,0.023333333,56
2903.042779,54,88,0.97,34,0.028529412,56
2902.994468,67,80,0.36,13,0.027692308,56
2902.969337,69,78,0.25,9,0.027777778,56
2902.660806,62,79,0.39,17,0.022941176,56
2902.392001,34,61,0.89,27,0.032962963,56
2902.341628,59,83,0.53,24,0.022083333,56
2901.957753,44,72,0.85,28,0.030357143,56
2901.747863,62,80,0.49,18,0.027222222,56
2901.747863,57,86,0.79,29,0.027241379,56
2901.592685,53,83,0.82,30,0.027333333,56
2901.543755,37,54,0.61,17,0.035882353,56
2901.466212,60,82,0.5,22,0.022727273,56
2901.337277,55,88,0.89,33,0.026969697,56
2901.038669,47,68,0.48,21,0.022857143,56
2900.660052,43,66,0.58,23,0.025217391,56
2900.340261,56,87,0.84,31,0.027096774,56
2899.996762,54,88,0.87,34,0.025588235,56
2899.977861,61,82,0.56,21,0.026666667,56
2899.953612,61,72,0.31,11,0.028181818,56
2899.911683,54,89,0.95,35,0.027142857,56
2899.777607,70,76,0.15,6,0.025,56
2899.777607,69,77,0.2,8,0.025,56
2899.777607,68,78,0.25,10,0.025,56
2899.5294,57,84,0.62,27,0.022962963,56
2899.186402,36,56,0.7,20,0.035,56
2899.173496,47,70,0.53,23,0.023043478,56
2899.092729,51,83,0.91,32,0.0284375,56
2898.94818,35,62,0.86,27,0.031851852,56
2898.88307,35,58,0.78,23,0.033913043,56
2898.830997,58,83,0.56,25,0.0224,56
2898.628102,61,87,0.64,26,0.024615385,56
2898.628102,60,88,0.69,28,0.024642857,56
2898.623227,55,87,0.82,32,0.025625,56
2898.591769,56,85,0.66,29,0.022758621,56
2898.576982,39,59,0.66,20,0.033,56
2898.362204,54,87,0.85,33,0.025757576,56
2898.111844,35,57,0.78,22,0.035454545,56
2897.975961,53,71,0.66,18,0.036666667,56
2897.953457,61,80,0.54,19,0.028421053,56
2897.953457,56,86,0.85,30,0.028333333,56
2897.953457,55,88,0.93,33,0.028181818,56
2897.762113,60,74,0.39,14,0.027857143,56
2897.709805,59,74,0.43,15,0.028666667,56
2897.574116,48,63,0.39,15,0.026,56
2897.525317,58,84,0.59,26,0.022692308,56
2897.525317,56,86,0.68,30,0.022666667,56
2897.47309,54,93,0.97,39,0.024871795,56
2897.380275,70,79,0.17,9,0.018888889,56
2897.334641,53,88,0.91,35,0.026,56
2897.115318,45,67,0.57,22,0.025909091,56
2896.882203,35,61,0.84,26,0.032307692,56
2896.879464,68,80,0.24,12,0.02,56
2896.639432,63,70,0.2,7,0.028571429,56
2896.10548,59,83,0.66,24,0.0275,56
2896.10548,56,87,0.85,31,0.027419355,56
2896.045557,40,70,0.95,30,0.031666667,56
2895.859869,54,80,0.74,26,0.028461538,56
2895.616481,66,77,0.29,11,0.026363636,56
2894.613733,56,84,0.73,28,0.026071429,56
2894.586724,36,58,0.87,22,0.039545455,56
2893.829127,32,61,0.96,29,0.033103448,56
2893.734688,37,58,0.68,21,0.032380952,56
2893.157048,36,60,0.76,24,0.031666667,56
2893.011997,37,52,0.55,15,0.036666667,56
2892.960786,54,89,0.94,35,0.026857143,56
2892.873483,54,91,0.95,37,0.025675676,56
2892.618768,55,90,0.9,35,0.025714286,56
2892.367997,46,71,0.58,25,0.0232,56
2891.909122,60,81,0.6,21,0.028571429,56
2891.909122,58,84,0.74,26,0.028461538,56
2891.909122,57,85,0.8,28,0.028571429,56
2891.637565,65,78,0.34,13,0.026153846,56
2891.637565,62,82,0.52,20,0.026,56
2891.210075,43,71,0.68,28,0.024285714,56
2891.059956,47,58,0.3,11,0.027272727,56
2890.948496,69,76,0.18,7,0.025714286,56
2890.80893,57,73,0.33,16,0.020625,56
2890.248085,36,55,0.68,19,0.035789474,56
2889.997083,40,78,0.94,38,0.024736842,56
2889.911927,54,89,0.93,35,0.026571429,56
2889.825312,52,90,0.97,38,0.025526316,56
2889.474185,39,56,0.62,17,0.036470588,56
2889.474185,37,59,0.8,22,0.036363636,56
2889.469688,57,78,0.57,21,0.027142857,56
2889.04804,60,73,0.37,13,0.028461538,56
2888.812585,55,79,0.68,24,0.028333333,56
2888.800435,43,54,0.37,11,0.033636364,56
2888.433419,60,82,0.59,22,0.026818182,56
2888.345217,34,62,0.91,28,0.0325,56
2888.209325,43,69,0.63,26,0.024230769,56
2888.137279,58,85,0.59,27,0.021851852,56
2888.131072,56,68,0.44,12,0.036666667,56
2887.995539,50,63,0.41,13,0.031538462,56
2887.988742,40,58,0.59,18,0.032777778,56
2887.943504,40,55,0.55,15,0.036666667,56
2887.765115,40,56,0.56,16,0.035,56
2887.421918,46,70,0.56,24,0.023333333,56
2887.3038,45,68,0.57,23,0.024782609,56
2887.240411,43,62,0.52,19,0.027368421,56
2887.083218,68,77,0.23,9,0.025555556,56
2886.820901,60,81,0.59,21,0.028095238,56
2886.722404,57,85,0.63,28,0.0225,56
2886.722404,55,88,0.74,33,0.022424242,56
2886.244514,56,87,0.88,31,0.028387097,56
2886.076702,50,75,0.91,25,0.0364,56
2885.987805,40,70,0.96,30,0.032,56
2885.973471,63,81,0.47,18,0.026111111,56
2885.968595,45,69,0.57,24,0.02375,56
2885.947086,59,83,0.68,24,0.028333333,56
2885.666083,42,63,0.58,21,0.027619048,56
2885.457018,33,62,0.93,29,0.032068966,56
2885.029355,53,96,0.95,43,0.022093023,56
2885.003062,49,63,0.45,14,0.032142857,56
2884.844575,50,85,0.73,35,0.020857143,56
2884.790519,58,76,0.5,18,0.027777778,56
2884.708702,51,82,0.91,31,0.029354839,56
2884.348188,60,63,0.11,3,0.036666667,56
2884.201217,54,59,0.12,5,0.024,56
2884.189504,54,81,0.76,27,0.028148148,56
2884.156117,56,78,0.62,22,0.028181818,56
2884.076641,42,53,0.4,11,0.036363636,56
2883.931517,64,78,0.37,14,0.026428571,56
2883.421646,62,80,0.51,18,0.028333333,56
2883.421646,57,87,0.84,30,0.028,56
2883.38772,44,68,0.57,24,0.02375,56
2883.220449,64,69,0.14,5,0.028,56
2883.220449,59,74,0.42,15,0.028,56
2883.209355,52,84,0.88,32,0.0275,56
2883.208307,55,69,0.51,14,0.036428571,56
2883.158445,42,53,0.39,11,0.035454545,56
2883.113967,48,59,0.29,11,0.026363636,56
2882.951188,40,73,0.92,33,0.027878788,56
2882.936188,63,76,0.36,13,0.027692308,56
2882.820619,60,68,0.17,8,0.02125,56
2882.78113,60,69,0.19,9,0.021111111,56
2882.722412,41,54,0.46,13,0.035384615,56
2882.704253,43,49,0.24,6,0.04,56
2882.334817,56,78,0.61,22,0.027727273,56
2882.334817,56,79,0.63,23,0.027391304,56
2882.223726,59,92,0.79,33,0.023939394,56
2882.177597,38,51,0.47,13,0.036153846,56
2881.979037,55,77,0.64,22,0.029090909,56
2881.979037,54,78,0.7,24,0.029166667,56
2881.979037,53,79,0.76,26,0.029230769,56
2881.611005,64,88,0.46,24,0.019166667,56
2881.611005,63,89,0.5,26,0.019230769,56
2881.408269,43,63,0.55,20,0.0275,56
2881.091122,59,82,0.64,23,0.027826087,56
2880.957289,56,75,0.39,19,0.020526316,56
2880.840861,63,85,0.61,22,0.027727273,56
2880.755747,55,91,0.91,36,0.025277778,56
2880.620197,62,83,0.53,21,0.025238095,56
2880.620197,61,84,0.58,23,0.025217391,56
2880.487575,43,75,0.76,32,0.02375,56
2880.485966,55,80,0.68,25,0.0272,56
2880.302881,56,77,0.6,21,0.028571429,56
2880.271619,35,70,0.94,35,0.026857143,56
2880.152762,60,81,0.48,21,0.022857143,56
2879.813517,60,85,0.63,25,0.0252,56
2879.813517,57,89,0.8,32,0.025,56
2879.769266,52,81,0.85,29,0.029310345,56
2879.640254,43,75,0.75,32,0.0234375,56
2879.488145,63,80,0.45,17,0.026470588,56
2879.39358,43,66,0.59,23,0.025652174,56
2879.305533,52,84,0.89,32,0.0278125,56
2879.262971,55,86,0.87,31,0.028064516,56
2879.262971,54,87,0.93,33,0.028181818,56
2879.239932,67,73,0.17,6,0.028333333,56
2879.239932,59,82,0.65,23,0.02826087,56
2879.239932,56,86,0.84,30,0.028,56
2879.235751,56,88,0.87,32,0.0271875,56
2878.887603,39,74,0.99,35,0.028285714,56
2878.687699,33,59,0.88,26,0.033846154,56
2878.513685,37,50,0.49,13,0.037692308,56
2878.331104,65,80,0.31,15,0.020666667,56
2878.233947,52,83,0.86,31,0.027741935,56
2878.167187,52,72,0.73,20,0.0365,56
2877.951386,49,67,0.42,18,0.023333333,56
2877.902055,33,64,0.99,31,0.031935484,56
2877.866777,37,58,0.69,21,0.032857143,56
2877.540982,60,82,0.6,22,0.027272727,56
2877.186143,60,89,0.79,29,0.027241379,56
2877.132243,50,83,0.97,33,0.029393939,56
2876.924451,56,87,0.7,31,0.022580645,56
2876.796668,58,75,0.48,17,0.028235294,56
2876.598257,64,77,0.36,13,0.027692308,56
2876.598257,61,80,0.53,19,0.027894737,56
2876.598257,58,84,0.72,26,0.027692308,56
2876.598257,57,85,0.78,28,0.027857143,56
2876.598257,55,88,0.91,33,0.027575758,56
2876.598257,54,89,0.97,35,0.027714286,56
2876.12847,51,89,0.99,38,0.026052632,56
2876.073224,53,86,0.87,33,0.026363636,56
2875.948769,60,84,0.63,24,0.02625,56
2875.908395,37,57,0.66,20,0.033,56
2875.824519,61,86,0.62,25,0.0248,56
2875.659671,57,77,0.56,20,0.028,56
2875.659671,54,80,0.73,26,0.028076923,56
2875.659671,53,81,0.79,28,0.028214286,56
2875.646064,64,78,0.38,14,0.027142857,56
2875.332939,59,84,0.56,25,0.0224,56
2875.28225,58,86,0.74,28,0.026428571,56
2875.213274,47,61,0.36,14,0.025714286,56
2875.003275,56,68,0.43,12,0.035833333,56
2874.946945,52,81,0.84,29,0.028965517,56
2874.925777,64,84,0.55,20,0.0275,56
2874.925777,62,86,0.66,24,0.0275,56
2874.925777,61,87,0.72,26,0.027692308,56
2874.925777,59,90,0.85,31,0.027419355,56
2874.845292,64,82,0.46,18,0.025555556,56
2874.845292,63,84,0.53,21,0.025238095,56
2874.845292,62,85,0.58,23,0.025217391,56
2874.614094,51,86,0.95,35,0.027142857,56
2874.516611,62,90,0.54,28,0.019285714,56
2874.516611,61,91,0.58,30,0.019333333,56
2874.509996,46,71,0.61,25,0.0244,56
2874.429726,42,71,0.74,29,0.025517241,56
2874.221757,61,73,0.33,12,0.0275,56
2874.221757,59,75,0.44,16,0.0275,56
2874.221757,57,77,0.55,20,0.0275,56
2874.17181,58,88,0.75,30,0.025,56
2874.148221,51,76,0.89,25,0.0356,56
2873.934264,58,76,0.51,18,0.028333333,56
2873.917719,34,64,0.93,30,0.031,56
2873.683735,53,84,0.84,31,0.027096774,56
2873.670928,63,85,0.54,22,0.024545455,56
2873.635684,63,79,0.44,16,0.0275,56
2873.635684,61,81,0.55,20,0.0275,56
2873.635684,58,85,0.74,27,0.027407407,56
2873.635684,55,89,0.93,34,0.027352941,56
2873.579183,52,63,0.27,11,0.024545455,56
2873.435257,38,51,0.48,13,0.036923077,56
2873.372536,54,81,0.74,27,0.027407407,56
2873.35189,65,81,0.33,16,0.020625,56
2873.333078,40,52,0.42,12,0.035,56
2873.077197,49,66,0.4,17,0.023529412,56
2873.069843,60,82,0.48,22,0.021818182,56
2872.992997,64,81,0.35,17,0.020588235,56
2872.933431,66,78,0.31,12,0.025833333,56
2872.933431,61,84,0.59,23,0.025652174,56
2872.77909,55,92,0.92,37,0.024864865,56
2872.747014,43,72,0.89,29,0.030689655,56
2872.712852,62,82,0.42,20,0.021,56
2872.622931,57,82,0.66,25,0.0264,56
2872.413537,51,77,0.91,26,0.035,56
2872.014963,39,56,0.54,17,0.031764706,56
2871.985619,33,53,0.82,20,0.041,56
2871.913811,52,85,0.89,33,0.026969697,56
2871.901755,51,82,0.92,31,0.029677419,56
2871.638014,66,78,0.25,12,0.020833333,56
2871.526693,57,84,0.61,27,0.022592593,56
2871.470258,71,81,0.19,10,0.019,56
2871.311432,70,75,0.13,5,0.026,56
2871.311432,66,80,0.36,14,0.025714286,56
2871.311432,65,81,0.41,16,0.025625,56
2871.227172,33,60,0.92,27,0.034074074,56
2871.049333,58,84,0.73,26,0.028076923,56
2871.049333,57,85,0.79,28,0.028214286,56
2871.049333,57,86,0.81,29,0.027931034,56
2871.049333,56,87,0.87,31,0.028064516,56
2871.049333,54,89,0.98,35,0.028,56
2871.005956,47,65,0.42,18,0.023333333,56
2870.984297,51,87,0.96,36,0.026666667,56
2870.645951,61,86,0.64,25,0.0256,56
2870.417006,50,65,0.35,15,0.023333333,56
2870.110549,71,79,0.15,8,0.01875,56
2870.019541,41,71,0.87,30,0.029,56
2869.874181,35,60,0.82,25,0.0328,56
2869.845296,6,12,0.34,6,0.056666667,56
2869.550875,51,84,0.9,33,0.027272727,56
2869.50497,63,81,0.49,18,0.027222222,56
2869.50497,61,83,0.6,22,0.027272727,56
2869.366516,63,81,0.46,18,0.025555556,56
2869.265661,59,77,0.49,18,0.027222222,56
2869.265661,57,79,0.6,22,0.027272727,56
2868.462031,67,78,0.29,11,0.026363636,56
2868.462031,65,80,0.4,15,0.026666667,56
2868.462031,64,82,0.47,18,0.026111111,56
2868.462031,62,84,0.58,22,0.026363636,56
2868.344299,67,75,0.21,8,0.02625,56
2868.344299,63,80,0.44,17,0.025882353,56
2868.293306,55,91,0.97,36,0.026944444,56
2868.096275,42,71,0.79,29,0.027241379,56
2868.060019,51,82,0.9,31,0.029032258,56
2868.060019,50,83,0.96,33,0.029090909,56
2867.767997,55,87,0.87,32,0.0271875,56
2867.736717,59,85,0.73,26,0.028076923,56
2867.717528,54,81,0.75,27,0.027777778,56
2867.717528,53,82,0.81,29,0.027931034,56
2867.483753,52,83,0.87,31,0.028064516,56
2867.41576,64,70,0.17,6,0.028333333,56
2867.41576,61,73,0.34,12,0.028333333,56
2867.366269,53,74,0.74,21,0.035238095,56
2867.366269,52,75,0.81,23,0.035217391,56
2867.268273,57,84,0.7,27,0.025925926,56
2867.193817,64,83,0.53,19,0.027894737,56
2867.141688,61,64,0.11,3,0.036666667,56
2866.954308,60,83,0.6,23,0.026086957,56
2866.935776,56,85,0.75,29,0.025862069,56
2866.798304,62,80,0.48,18,0.026666667,56
2866.629633,45,60,0.41,15,0.027333333,56
2866.622803,58,83,0.57,25,0.0228,56
2866.607145,59,84,0.68,25,0.0272,56
2866.607145,55,89,0.92,34,0.027058824,56
2866.607145,54,90,0.98,36,0.027222222,56
2866.518483,41,54,0.47,13,0.036153846,56
2866.369071,60,85,0.65,25,0.026,56
2866.369071,59,86,0.7,27,0.025925926,56
2866.369071,57,88,0.81,31,0.026129032,56
2866.369071,56,90,0.88,34,0.025882353,56
2865.742526,61,86,0.51,25,0.0204,56
2865.732572,54,86,0.84,32,0.02625,56
2865.575257,57,81,0.64,24,0.026666667,56
2865.424218,58,85,0.75,27,0.027777778,56
2865.424218,55,89,0.94,34,0.027647059,56
2865.318191,47,64,0.44,17,0.025882353,56
2865.250301,33,58,0.9,25,0.036,56
2864.91474,66,77,0.3,11,0.027272727,56
2864.91474,62,82,0.54,20,0.027,56
2864.91474,60,84,0.65,24,0.027083333,56
2864.91474,58,87,0.78,29,0.026896552,56
2864.91474,57,88,0.84,31,0.027096774,56
2864.91474,56,89,0.89,33,0.026969697,56
2864.91474,55,90,0.95,35,0.027142857,56
2864.394293,57,80,0.62,23,0.026956522,56
2864.394293,55,82,0.73,27,0.027037037,56
2864.297442,46,60,0.45,14,0.032142857,56
2864.057639,56,84,0.81,28,0.028928571,56
2864.057639,55,85,0.87,30,0.029,56
2864.057639,54,86,0.93,32,0.0290625,56
2864.057639,53,87,0.99,34,0.029117647,56
2864.047864,39,58,0.64,19,0.033684211,56
2864.015548,54,72,0.65,18,0.036111111,56
2863.781856,54,89,0.99,35,0.028285714,56
2863.744587,63,82,0.48,19,0.025263158,56
2863.689836,54,85,0.82,31,0.026451613,56
2863.654465,49,56,0.19,7,0.027142857,56
2863.327366,43,63,0.54,20,0.027,56
2862.927487,67,82,0.4,15,0.026666667,56
2862.849371,53,62,0.22,9,0.024444444,56
2862.797868,58,87,0.79,29,0.027241379,56
2862.754865,41,72,0.87,31,0.028064516,56
2862.685612,38,59,0.72,21,0.034285714,56
2862.576376,46,65,0.49,19,0.025789474,56
2861.922946,43,52,0.31,9,0.034444444,56
2861.92247,58,86,0.72,28,0.025714286,56
2861.226023,47,67,0.46,20,0.023,56
2860.498448,41,76,0.87,35,0.024857143,56
2860.416739,55,76,0.43,21,0.02047619,56
2860.32751,56,79,0.64,23,0.027826087,56
2860.135274,65,76,0.31,11,0.028181818,56
2860.135274,61,81,0.56,20,0.028,56
2860.04613,54,90,0.96,36,0.026666667,56
2859.724888,67,77,0.21,10,0.021,56
2859.450415,46,67,0.51,21,0.024285714,56
2859.412882,35,55,0.72,20,0.036,56
2859.397085,64,79,0.4,15,0.026666667,56
2859.341592,64,79,0.41,15,0.027333333,56
2859.341592,59,85,0.71,26,0.027307692,56
2859.341592,57,87,0.82,30,0.027333333,56
2859.051011,51,85,0.94,34,0.027647059,56
2858.593599,69,82,0.24,13,0.018461538,56
2858.566101,51,84,0.93,33,0.028181818,56
2858.373927,62,81,0.42,19,0.022105263,56
2858.005821,53,88,0.9,35,0.025714286,56
2857.85745,55,86,0.71,31,0.022903226,56
2857.684563,42,74,0.8,32,0.025,56
2857.509728,55,87,0.73,32,0.0228125,56
2857.466302,46,55,0.3,9,0.033333333,56
2857.381568,50,65,0.36,15,0.024,56
2857.115209,42,67,0.65,25,0.026,56
2857.036365,44,68,0.61,24,0.025416667,56
2856.605247,40,54,0.53,14,0.037857143,56
2856.601382,43,65,0.57,22,0.025909091,56
2856.575888,49,66,0.41,17,0.024117647,56
2856.45416,53,83,0.83,30,0.027666667,56
2856.438252,62,82,0.55,20,0.0275,56
2856.399132,66,76,0.27,10,0.027,56
2856.146711,48,60,0.31,12,0.025833333,56
2855.760193,58,85,0.76,27,0.028148148,56
2855.550285,42,54,0.42,12,0.035,56
2855.550285,41,55,0.49,14,0.035,56
2855.43854,61,75,0.38,14,0.027142857,56
2855.376927,55,80,0.7,25,0.028,56
2855.218613,55,88,0.92,33,0.027878788,56
2854.967667,40,74,0.95,34,0.027941176,56
2854.851145,42,76,0.82,34,0.024117647,56
2854.832078,65,77,0.34,12,0.028333333,56
2854.549349,42,74,0.97,32,0.0303125,56
2854.51896,50,86,0.97,36,0.026944444,56
2854.401339,38,52,0.48,14,0.034285714,56
2854.245284,68,71,0.07,3,0.023333333,56
2854.22738,55,81,0.71,26,0.027307692,56
2854.133132,35,67,0.91,32,0.0284375,56
2853.969795,39,51,0.49,12,0.040833333,56
2853.94392,64,82,0.45,18,0.025,56
2853.94392,63,83,0.5,20,0.025,56
2853.856989,48,65,0.54,17,0.031764706,56
2853.479412,38,55,0.68,17,0.04,56
2853.358934,63,77,0.37,14,0.026428571,56
2853.169264,60,79,0.55,19,0.028947368,56
2852.677265,69,74,0.13,5,0.026,56
2852.150191,38,52,0.57,14,0.040714286,56
2852.117689,50,64,0.42,14,0.03,56
2852.10688,55,83,0.75,28,0.026785714,56
2851.894374,37,58,0.67,21,0.031904762,56
2851.854929,68,73,0.14,5,0.028,56
2851.854929,63,78,0.42,15,0.028,56
2851.854929,62,80,0.5,18,0.027777778,56
2851.854929,60,82,0.61,22,0.027727273,56
2851.616402,45,67,0.56,22,0.025454545,56
2851.596423,36,68,0.87,32,0.0271875,56
2851.2083,55,78,0.66,23,0.028695652,56
2851.185231,65,74,0.21,9,0.023333333,56
2851.15075,62,81,0.51,19,0.026842105,56
2850.825124,59,84,0.66,25,0.0264,56
2850.797126,53,89,0.93,36,0.025833333,56
2850.756486,67,78,0.23,11,0.020909091,56
2850.716812,33,61,0.91,28,0.0325,56
2850.69079,36,56,0.69,20,0.0345,56
2850.204998,45,70,0.77,25,0.0308,56
2850.20331,52,89,0.96,37,0.025945946,56
2849.948383,43,57,0.39,14,0.027857143,56
2849.799808,39,51,0.48,12,0.04,56
2849.73153,55,81,0.7,26,0.026923077,56
2849.706672,52,90,0.99,38,0.026052632,56
2849.162151,47,70,0.56,23,0.024347826,56
2849.15692,67,75,0.22,8,0.0275,56
2849.15692,65,77,0.33,12,0.0275,56
2849.116707,68,75,0.19,7,0.027142857,56
2849.116707,63,80,0.46,17,0.027058824,56
2849.116707,58,86,0.76,28,0.027142857,56
2848.944798,43,60,0.56,17,0.032941176,56
2848.864025,42,73,0.96,31,0.030967742,56
2848.808953,52,86,0.9,34,0.026470588,56
2848.654726,61,85,0.5,24,0.020833333,56
2848.640954,63,84,0.43,21,0.02047619,56
2848.347398,61,79,0.47,18,0.026111111,56
2848.261728,47,57,0.28,10,0.028,56
2848.254844,40,72,0.94,32,0.029375,56
2848.17127,56,83,0.71,27,0.026296296,56
2848.17127,55,85,0.78,30,0.026,56
2848.17127,53,87,0.89,34,0.026176471,56
2848.145867,47,70,0.55,23,0.023913043,56
2848.08771,45,63,0.47,18,0.026111111,56
2848.04921,54,94,0.89,40,0.02225,56
2847.494963,57,78,0.59,21,0.028095238,56
2847.48834,55,85,0.79,30,0.026333333,56
2847.319798,57,87,0.79,30,0.026333333,56
2847.208948,34,57,0.81,23,0.035217391,56
2847.121725,63,83,0.52,20,0.026,56
2847.086934,65,79,0.36,14,0.025714286,56
2847.013599,62,85,0.47,23,0.020434783,56
2846.65969,58,85,0.72,27,0.026666667,56
2846.651327,44,70,0.63,26,0.024230769,56
2846.610675,46,58,0.4,12,0.033333333,56
2846.489251,39,58,0.65,19,0.034210526,56
2846.482027,57,88,0.87,31,0.028064516,56
2846.396077,41,68,0.86,27,0.031851852,56
2846.316636,64,75,0.29,11,0.026363636,56
2846.271269,41,51,0.35,10,0.035,56
2846.200173,48,68,0.47,20,0.0235,56
2846.129785,59,90,0.86,31,0.027741935,56
2845.980921,58,85,0.61,27,0.022592593,56
2845.812588,58,83,0.66,25,0.0264,56
2845.745875,47,64,0.45,17,0.026470588,56
2845.498448,41,68,0.87,27,0.032222222,56
2845.477168,53,80,0.78,27,0.028888889,56
2845.40333,65,79,0.38,14,0.027142857,56
2845.256768,61,80,0.49,19,0.025789474,56
2845.240033,59,80,0.61,21,0.029047619,56
2845.240033,58,81,0.67,23,0.029130435,56
2845.240033,57,82,0.73,25,0.0292,56
2845.240033,56,83,0.79,27,0.029259259,56
2845.240033,55,84,0.85,29,0.029310345,56
2845.205694,54,82,0.77,28,0.0275,56
2845.166338,58,85,0.73,27,0.027037037,56
2845.121794,60,78,0.48,18,0.026666667,56
2845.104131,54,90,0.99,36,0.0275,56
2845.082678,36,56,0.71,20,0.0355,56
2844.974537,43,70,0.69,27,0.025555556,56
2844.927342,44,67,0.64,23,0.027826087,56
2844.85352,42,64,0.6,22,0.027272727,56
2844.66034,49,76,0.98,27,0.036296296,56
2844.362708,62,79,0.48,17,0.028235294,56
2844.362708,59,83,0.67,24,0.027916667,56
2844.362708,56,87,0.86,31,0.027741935,56
2844.351167,49,52,0.1,3,0.033333333,56
2844.346838,44,58,0.46,14,0.032857143,56
2844.288111,47,67,0.63,20,0.0315,56
2844.137524,50,63,0.4,13,0.030769231,56
2844.038021,56,88,0.9,32,0.028125,56
2843.969467,61,82,0.59,21,0.028095238,56
2843.755627,55,78,0.65,23,0.02826087,56
2843.738831,55,86,0.8,31,0.025806452,56
2843.616643,44,61,0.47,17,0.027647059,56
2843.573255,69,73,0.11,4,0.0275,56
2843.573255,62,81,0.52,19,0.027368421,56
2843.573255,60,83,0.63,23,0.027391304,56
2843.405032,54,91,0.97,37,0.026216216,56
2843.271897,36,65,0.97,29,0.033448276,56
2843.234293,35,61,0.82,26,0.031538462,56
2843.216882,60,85,0.68,25,0.0272,56
2843.084562,45,68,0.53,23,0.023043478,56
2843.047676,47,86,0.83,39,0.021282051,56
2842.872224,51,85,0.95,34,0.027941176,56
2842.804609,58,92,0.82,34,0.024117647,56
2842.718832,42,60,0.6,18,0.033333333,56
2842.588584,54,61,0.17,7,0.024285714,56
2842.387701,51,74,0.82,23,0.035652174,56
2842.385131,60,88,0.78,28,0.027857143,56
2842.385131,57,92,0.97,35,0.027714286,56
2842.186239,61,82,0.57,21,0.027142857,56
2842.122409,44,53,0.3,9,0.033333333,56
2841.955298,41,71,0.86,30,0.028666667,56
2841.81999,52,89,0.97,37,0.026216216,56
2841.751959,66,75,0.25,9,0.027777778,56
2841.751959,57,86,0.8,29,0.027586207,56
2841.71913,68,77,0.24,9,0.026666667,56
2841.617345,55,84,0.77,29,0.026551724,56
2841.55377,44,70,0.65,26,0.025,56
2841.432961,45,67,0.52,22,0.023636364,56
2841.026892,51,74,0.83,23,0.036086957,56
2841.017166,39,54,0.59,15,0.039333333,56
2841.017166,36,58,0.86,22,0.039090909,56
2841.01305,60,83,0.64,23,0.027826087,56
2841.01305,60,84,0.66,24,0.0275,56
2841.01305,58,86,0.77,28,0.0275,56
2841.01305,57,87,0.83,30,0.027666667,56
2841.01305,55,90,0.96,35,0.027428571,56
2840.928323,55,89,0.77,34,0.022647059,56
2840.664076,57,67,0.36,10,0.036,56
2840.620203,72,79,0.13,7,0.018571429,56
2840.605313,44,71,0.83,27,0.030740741,56
2840.429168,32,61,0.95,29,0.032758621,56
2840.384611,41,70,0.86,29,0.029655172,56
2840.336176,41,73,0.81,32,0.0253125,56
2840.258974,60,89,0.8,29,0.027586207,56
2840.236286,52,58,0.16,6,0.026666667,56
2839.497551,62,76,0.41,14,0.029285714,56
2839.497551,61,77,0.47,16,0.029375,56
2839.497551,60,78,0.53,18,0.029444444,56
2839.497551,59,79,0.59,20,0.0295,56
2839.396674,68,76,0.21,8,0.02625,56
2839.396674,64,80,0.42,16,0.02625,56
2839.31859,36,64,0.96,28,0.034285714,56
2839.139177,46,68,0.69,22,0.031363636,56
2838.962476,34,59,0.85,25,0.034,56
2838.937436,68,75,0.15,7,0.021428571,56
2838.842815,42,68,0.67,26,0.025769231,56
2838.782882,54,82,0.76,28,0.027142857,56
2838.767251,54,83,0.78,29,0.026896552,56
2838.739682,52,85,0.9,33,0.027272727,56
2838.669707,51,87,0.97,36,0.026944444,56
2838.667287,57,89,0.86,32,0.026875,56
2838.667287,55,92,0.99,37,0.026756757,56
2838.630777,54,87,0.86,33,0.026060606,56
2838.551077,51,86,0.97,35,0.027714286,56
2838.508189,51,86,0.96,35,0.027428571,56
2838.412466,44,64,0.52,20,0.026,56
2838.048593,51,85,0.91,34,0.026764706,56
2837.864746,60,84,0.52,24,0.021666667,56
2837.604926,34,57,0.83,23,0.036086957,56
2837.42163,59,85,0.56,26,0.021538462,56
2837.376728,39,55,0.52,16,0.0325,56
2837.311249,45,71,0.61,26,0.023461538,56
2837.187748,47,69,0.52,22,0.023636364,56
2837.184394,60,82,0.62,22,0.028181818,56
2837.003816,37,64,0.77,27,0.028518519,56
2836.546358,58,91,0.91,33,0.027575758,56
2836.49305,48,56,0.22,8,0.0275,56
2836.440761,47,68,0.5,21,0.023809524,56
2836.398197,33,59,0.87,26,0.033461538,56
2836.251028,46,66,0.47,20,0.0235,56
2836.247248,57,85,0.64,28,0.022857143,56
2835.884254,57,78,0.58,21,0.027619048,56
2835.322442,67,77,0.27,10,0.027,56
2835.322442,61,84,0.62,23,0.026956522,56
2835.322442,59,86,0.73,27,0.027037037,56
2834.962111,50,66,0.38,16,0.02375,56
2834.834973,61,84,0.6,23,0.026086957,56
2834.700196,63,79,0.45,16,0.028125,56
2834.700196,62,81,0.53,19,0.027894737,56
2834.700196,58,86,0.78,28,0.027857143,56
2834.696014,65,78,0.27,13,0.020769231,56
2834.653251,45,66,0.58,21,0.027619048,56
2834.620597,41,71,0.94,30,0.031333333,56
2834.553052,48,53,0.14,5,0.028,56
2834.420784,63,75,0.35,12,0.029166667,56
2834.392863,67,84,0.34,17,0.02,56
2834.351384,60,83,0.62,23,0.026956522,56
2833.308153,53,88,0.92,35,0.026285714,56
2833.308153,52,89,0.98,37,0.026486486,56
2833.143476,56,90,0.92,34,0.027058824,56
2833.030979,60,84,0.51,24,0.02125,56
2832.777426,53,86,0.88,33,0.026666667,56
2832.777426,52,88,0.95,36,0.026388889,56
2832.708015,61,82,0.55,21,0.026190476,56
2832.708015,59,85,0.67,26,0.025769231,56
2832.67738,64,80,0.43,16,0.026875,56
2832.67738,55,91,0.96,36,0.026666667,56
2832.65602,45,56,0.37,11,0.033636364,56
2832.511944,48,67,0.45,19,0.023684211,56
2832.406247,65,79,0.29,14,0.020714286,56
2832.204588,40,56,0.54,16,0.03375,56
2832.098764,67,80,0.26,13,0.02,56
2832.0351,64,84,0.4,20,0.02,56
2832.0351,63,85,0.44,22,0.02,56
2832.0351,62,86,0.48,24,0.02,56
2832.003575,48,66,0.41,18,0.022777778,56
2831.942023,58,67,0.32,9,0.035555556,56
2831.571606,58,95,0.97,37,0.026216216,56
2831.502027,52,95,0.99,43,0.023023256,56
2831.482944,34,63,0.91,29,0.03137931,56
2831.248924,48,84,0.78,36,0.021666667,56
2831.152173,41,72,0.8,31,0.025806452,56
2831.063742,67,77,0.26,10,0.026,56
2830.947188,56,88,0.88,32,0.0275,56
2830.947188,56,89,0.9,33,0.027272727,56
2830.866875,46,65,0.45,19,0.023684211,56
2830.7883,53,84,0.83,31,0.026774194,56
2830.526406,42,59,0.57,17,0.033529412,56
2830.466553,59,75,0.45,16,0.028125,56
2830.379779,47,90,0.88,43,0.020465116,56
2830.209329,64,78,0.39,14,0.027857143,56
2830.209329,63,80,0.47,17,0.027647059,56
2830.209329,61,82,0.58,21,0.027619048,56
2830.209329,59,84,0.69,25,0.0276,56
2830.180956,41,72,0.79,31,0.025483871,56
2829.956224,37,63,0.88,26,0.033846154,56
2829.476995,60,74,0.38,14,0.027142857,56
2829.174023,60,86,0.65,26,0.025,56
2829.104207,42,71,0.8,29,0.027586207,56
2829.079251,62,89,0.54,27,0.02,56
2829.079251,61,90,0.58,29,0.02,56
2829.051123,57,86,0.66,29,0.022758621,56
2829.026981,57,88,0.85,31,0.027419355,56
2828.909762,62,87,0.61,25,0.0244,56
2828.815972,35,67,0.92,32,0.02875,56
2828.488555,41,53,0.45,12,0.0375,56
2828.469878,47,68,0.47,21,0.022380952,56
2828.437664,55,91,0.94,36,0.026111111,56
2828.412231,35,62,0.85,27,0.031481481,56
2828.348194,56,77,0.62,21,0.02952381,56
2828.346834,44,54,0.82,10,0.082,56
2827.970069,59,85,0.57,26,0.021923077,56
2827.953711,57,83,0.68,26,0.026153846,56
2827.851771,39,63,0.8,24,0.033333333,56
2827.802374,57,90,0.82,33,0.024848485,56
2827.587101,43,69,0.72,26,0.027692308,56
2827.581297,49,54,0.15,5,0.03,56
2827.581297,48,55,0.21,7,0.03,56
2827.40077,52,86,0.91,34,0.026764706,56
2827.313676,42,69,0.8,27,0.02962963,56
2827.310174,59,76,0.47,17,0.027647059,56
2827.290595,66,72,0.17,6,0.028333333,56
2827.149524,44,68,0.62,24,0.025833333,56
2826.873572,56,94,0.92,38,0.024210526,56
2826.510958,70,73,0.08,3,0.026666667,56
2826.510958,67,76,0.24,9,0.026666667,56
2826.510958,65,79,0.37,14,0.026428571,56
2826.510958,62,82,0.53,20,0.0265,56
2826.452547,65,69,0.11,4,0.0275,56
2826.452547,63,71,0.22,8,0.0275,56
2826.452547,58,77,0.52,19,0.027368421,56
2826.356082,44,57,0.43,13,0.033076923,56
2826.352517,44,68,0.66,24,0.0275,56
2826.265997,37,66,0.79,29,0.027241379,56
2826.080041,40,50,0.34,10,0.034,56
2825.936996,60,79,0.5,19,0.026315789,56
