% profit,ema1,ema2,threshold,diff,thresh / diff,ID
4025.250923,33,55,0.84,22,0.038181818,17
3975.093628,34,54,0.76,20,0.038,17
3970.093494,42,50,0.3,8,0.0375,17
3907.327271,35,52,0.66,17,0.038823529,17
3866.82954,44,48,0.15,4,0.0375,17
3836.493233,41,51,0.37,10,0.037,17
3821.726053,32,56,0.92,24,0.038333333,17
3803.921501,39,54,0.54,15,0.036,17
3802.161284,39,48,0.34,9,0.037777778,17
3796.215345,35,53,0.68,18,0.037777778,17
3789.356208,34,53,0.74,19,0.038947368,17
3770.471211,43,49,0.22,6,0.036666667,17
3765.563363,38,49,0.42,11,0.038181818,17
3747.386881,41,46,0.19,5,0.038,17
3745.414233,41,52,0.4,11,0.036363636,17
3733.566722,40,52,0.45,12,0.0375,17
3729.398302,42,72,0.97,30,0.032333333,17
3727.551216,36,52,0.6,16,0.0375,17
3697.329438,38,50,0.45,12,0.0375,17
3681.12913,42,52,0.34,10,0.034,17
3677.079765,42,51,0.32,9,0.035555556,17
3671.967649,37,56,0.7,19,0.036842105,17
3665.348426,37,50,0.5,13,0.038461538,17
3663.145645,33,55,0.85,22,0.038636364,17
3655.182359,32,56,0.93,24,0.03875,17
3654.598641,40,53,0.47,13,0.036153846,17
3650.470998,36,57,0.79,21,0.037619048,17
3647.667203,33,54,0.82,21,0.039047619,17
3642.301067,36,59,0.82,23,0.035652174,17
3640.772133,41,53,0.42,12,0.035,17
3634.159547,35,53,0.67,18,0.037222222,17
3629.020681,32,57,0.94,25,0.0376,17
3625.388867,39,48,0.35,9,0.038888889,17
3623.412329,38,50,0.44,12,0.036666667,17
3622.542823,37,53,0.55,16,0.034375,17
3612.616514,42,49,0.27,7,0.038571429,17
3611.933767,40,48,0.29,8,0.03625,17
3611.138272,38,55,0.62,17,0.036470588,17
3606.030962,42,50,0.27,8,0.03375,17
3599.376168,36,57,0.69,21,0.032857143,17
3598.765141,36,58,0.79,22,0.035909091,17
3597.716155,39,51,0.41,12,0.034166667,17
3597.551314,41,53,0.41,12,0.034166667,17
3594.699736,40,47,0.27,7,0.038571429,17
3594.555415,43,51,0.27,8,0.03375,17
3587.875481,40,55,0.5,15,0.033333333,17
3587.120702,38,52,0.48,14,0.034285714,17
3582.33287,36,51,0.58,15,0.038666667,17
3579.669097,39,50,0.39,11,0.035454545,17
3578.480681,41,53,0.43,12,0.035833333,17
3578.395695,44,50,0.2,6,0.033333333,17
3572.03704,38,56,0.65,18,0.036111111,17
3569.195525,39,56,0.57,17,0.033529412,17
3568.467327,40,54,0.49,14,0.035,17
3565.826558,37,51,0.53,14,0.037857143,17
3562.180146,38,57,0.65,19,0.034210526,17
3552.934994,38,51,0.46,13,0.035384615,17
3549.188531,41,51,0.38,10,0.038,17
3548.777638,40,50,0.34,10,0.034,17
3548.183967,32,59,0.94,27,0.034814815,17
3540.284536,38,58,0.65,20,0.0325,17
3536.039009,42,73,0.98,31,0.031612903,17
3535.202346,45,48,0.11,3,0.036666667,17
3534.120552,58,72,0.46,14,0.032857143,17
3534.074311,63,66,0.1,3,0.033333333,17
3534.074311,60,69,0.3,9,0.033333333,17
3534.074311,57,72,0.5,15,0.033333333,17
3531.769783,37,56,0.71,19,0.037368421,17
3528.154145,57,73,0.53,16,0.033125,17
3528.154145,55,76,0.69,21,0.032857143,17
3527.123075,34,53,0.75,19,0.039473684,17
3526.859036,35,57,0.74,22,0.033636364,17
3526.546634,60,68,0.27,8,0.03375,17
3522.13212,38,54,0.61,16,0.038125,17
3521.678599,37,51,0.52,14,0.037142857,17
3513.56591,37,58,0.75,21,0.035714286,17
3512.638497,34,54,0.73,20,0.0365,17
3508.97757,42,46,0.15,4,0.0375,17
3508.97757,40,48,0.3,8,0.0375,17
3503.19644,41,52,0.41,11,0.037272727,17
3502.084703,42,51,0.33,9,0.036666667,17
3500.27665,56,73,0.57,17,0.033529412,17
3498.853325,35,58,0.76,23,0.033043478,17
3497.950284,40,52,0.4,12,0.033333333,17
3497.736198,39,54,0.5,15,0.033333333,17
3496.66883,56,72,0.54,16,0.03375,17
3492.922498,44,69,0.82,25,0.0328,17
3491.503997,44,47,0.11,3,0.036666667,17
3489.074519,36,58,0.72,22,0.032727273,17
3489.020215,39,53,0.53,14,0.037857143,17
3488.748568,43,70,0.89,27,0.032962963,17
3488.101089,33,56,0.85,23,0.036956522,17
3486.893765,41,54,0.43,13,0.033076923,17
3484.513297,40,55,0.49,15,0.032666667,17
3482.508222,36,56,0.67,20,0.0335,17
3481.252026,32,57,0.95,25,0.038,17
3479.425489,35,59,0.79,24,0.032916667,17
3478.742324,43,50,0.26,7,0.037142857,17
3476.907976,36,58,0.82,22,0.037272727,17
3476.253351,51,80,0.97,29,0.033448276,17
3474.822566,36,57,0.76,21,0.036190476,17
3474.111985,33,55,0.81,22,0.036818182,17
3470.516326,40,53,0.43,13,0.033076923,17
3467.466255,52,79,0.9,27,0.033333333,17
3463.412078,36,61,0.8,25,0.032,17
3462.296813,40,54,0.51,14,0.036428571,17
3457.998251,38,48,0.4,10,0.04,17
3457.076864,39,49,0.36,10,0.036,17
3456.307586,36,51,0.57,15,0.038,17
3454.968654,51,79,0.95,28,0.033928571,17
3452.381417,36,54,0.63,18,0.035,17
3450.031851,38,54,0.58,16,0.03625,17
3449.777668,39,53,0.51,14,0.036428571,17
3449.544633,37,57,0.74,20,0.037,17
3449.544633,35,60,0.92,25,0.0368,17
3449.156799,36,57,0.7,21,0.033333333,17
3447.9508,37,54,0.58,17,0.034117647,17
3447.872908,52,78,0.88,26,0.033846154,17
3445.68478,33,61,0.92,28,0.032857143,17
3445.612286,35,58,0.77,23,0.033478261,17
3445.076711,39,55,0.59,16,0.036875,17
3443.327252,55,73,0.61,18,0.033888889,17
3442.218052,39,54,0.55,15,0.036666667,17
3442.083929,38,56,0.66,18,0.036666667,17
3440.92863,37,56,0.63,19,0.033157895,17
3440.913165,37,57,0.73,20,0.0365,17
3438.847159,59,69,0.34,10,0.034,17
3438.847159,54,75,0.71,21,0.033809524,17
3438.572621,34,60,0.86,26,0.033076923,17
3437.661877,44,49,0.18,5,0.036,17
3437.557497,36,56,0.73,20,0.0365,17
3437.348539,41,50,0.33,9,0.036666667,17
3435.300898,54,74,0.68,20,0.034,17
3435.300898,53,75,0.75,22,0.034090909,17
3434.975894,55,73,0.62,18,0.034444444,17
3434.898857,55,74,0.64,19,0.033684211,17
3432.966934,41,50,0.35,9,0.038888889,17
3431.646891,40,53,0.48,13,0.036923077,17
3430.908354,43,71,0.9,28,0.032142857,17
3430.707045,40,51,0.43,11,0.039090909,17
3428.456422,35,52,0.67,17,0.039411765,17
3428.413189,53,76,0.78,23,0.033913043,17
3427.699581,34,60,0.85,26,0.032692308,17
3423.738247,37,55,0.68,18,0.037777778,17
3423.224303,33,54,0.84,21,0.04,17
3422.119098,38,55,0.63,17,0.037058824,17
3419.173867,52,77,0.85,25,0.034,17
3419.173867,51,78,0.92,27,0.034074074,17
3418.137045,41,53,0.44,12,0.036666667,17
3416.626457,38,56,0.67,18,0.037222222,17
3415.990319,34,55,0.79,21,0.037619048,17
3413.864514,37,57,0.72,20,0.036,17
3412.081772,39,52,0.44,13,0.033846154,17
3411.567232,35,58,0.84,23,0.036521739,17
3410.232202,45,68,0.75,23,0.032608696,17
3409.20617,36,60,0.85,24,0.035416667,17
3407.852021,35,52,0.65,17,0.038235294,17
3407.825012,42,72,0.98,30,0.032666667,17
3407.738476,41,52,0.39,11,0.035454545,17
3405.997261,42,49,0.24,7,0.034285714,17
3404.400319,37,58,0.76,21,0.036190476,17
3404.223264,45,46,0.04,1,0.04,17
3404.223264,44,47,0.12,3,0.04,17
3404.223264,43,48,0.2,5,0.04,17
3403.598825,35,53,0.66,18,0.036666667,17
3403.302157,35,60,0.93,25,0.0372,17
3402.285536,39,55,0.58,16,0.03625,17
3400.862091,40,52,0.44,12,0.036666667,17
3398.926292,44,51,0.23,7,0.032857143,17
3398.753493,34,58,0.88,24,0.036666667,17
3398.742757,34,59,0.83,25,0.0332,17
3397.004683,39,54,0.56,15,0.037333333,17
3396.822704,36,58,0.73,22,0.033181818,17
3396.670364,35,58,0.83,23,0.036086957,17
3395.266732,44,49,0.19,5,0.038,17
3393.732759,37,55,0.67,18,0.037222222,17
3391.731409,33,60,0.9,27,0.033333333,17
3391.544474,37,53,0.56,16,0.035,17
3390.931053,33,54,0.85,21,0.04047619,17
3390.291817,38,53,0.55,15,0.036666667,17
3388.252983,38,53,0.51,15,0.034,17
3387.053925,35,54,0.71,19,0.037368421,17
3385.943489,37,50,0.49,13,0.037692308,17
3385.615096,43,71,0.91,28,0.0325,17
3384.574782,37,51,0.51,14,0.036428571,17
3383.112375,35,61,0.94,26,0.036153846,17
3381.536727,39,53,0.52,14,0.037142857,17
3381.214659,36,55,0.65,19,0.034210526,17
3378.696749,36,59,0.84,23,0.036521739,17
3378.610593,32,58,0.94,26,0.036153846,17
3377.899656,34,59,0.92,25,0.0368,17
3377.356716,38,58,0.64,20,0.032,17
3376.670496,36,52,0.58,16,0.03625,17
3376.480324,38,57,0.68,19,0.035789474,17
3376.096437,33,62,0.94,29,0.032413793,17
3375.914206,35,55,0.7,20,0.035,17
3374.381265,39,53,0.47,14,0.033571429,17
3374.381265,38,54,0.54,16,0.03375,17
3374.323619,38,54,0.6,16,0.0375,17
3374.19064,38,55,0.56,17,0.032941176,17
3373.468182,41,47,0.22,6,0.036666667,17
3373.406966,36,50,0.56,14,0.04,17
3372.714357,41,50,0.34,9,0.037777778,17
3372.676581,36,60,0.86,24,0.035833333,17
3372.482823,39,49,0.38,10,0.038,17
3370.259682,38,53,0.57,15,0.038,17
3369.734415,33,62,0.95,29,0.032758621,17
3369.074157,40,49,0.32,9,0.035555556,17
3369.008332,43,48,0.17,5,0.034,17
3368.000919,38,57,0.69,19,0.036315789,17
3367.785429,43,49,0.2,6,0.033333333,17
3366.166932,37,55,0.61,18,0.033888889,17
3365.283478,35,53,0.7,18,0.038888889,17
3364.115052,34,58,0.81,24,0.03375,17
3363.353771,33,55,0.82,22,0.037272727,17
3362.947186,38,56,0.63,18,0.035,17
3360.732522,33,55,0.83,22,0.037727273,17
3360.197494,34,54,0.74,20,0.037,17
3360.155634,32,56,0.9,24,0.0375,17
3359.587295,36,59,0.83,23,0.036086957,17
3359.586424,42,72,0.99,30,0.033,17
3358.789761,33,56,0.8,23,0.034782609,17
3355.823939,69,74,0.13,5,0.026,17
3355.569833,34,61,0.97,27,0.035925926,17
3354.857636,35,53,0.65,18,0.036111111,17
3354.226809,32,56,0.89,24,0.037083333,17
3353.995796,38,54,0.59,16,0.036875,17
3353.466905,35,60,0.91,25,0.0364,17
3353.188175,36,56,0.75,20,0.0375,17
3352.981465,36,52,0.61,16,0.038125,17
3352.640233,36,59,0.85,23,0.036956522,17
3352.597167,42,49,0.26,7,0.037142857,17
3352.494721,35,62,0.87,27,0.032222222,17
3351.174992,40,46,0.24,6,0.04,17
3350.912911,39,47,0.32,8,0.04,17
3350.721207,34,61,0.87,27,0.032222222,17
3350.503497,37,56,0.69,19,0.036315789,17
3348.994249,47,65,0.6,18,0.033333333,17
3347.706767,37,57,0.66,20,0.033,17
3347.532709,32,58,0.96,26,0.036923077,17
3347.24944,34,59,0.91,25,0.0364,17
3346.879039,34,55,0.75,21,0.035714286,17
3343.9676,43,71,0.92,28,0.032857143,17
3343.519404,36,53,0.61,17,0.035882353,17
3343.289823,39,52,0.48,13,0.036923077,17
3342.859345,43,50,0.25,7,0.035714286,17
3342.447433,37,52,0.54,15,0.036,17
3342.429725,62,81,0.49,19,0.025789474,17
3342.429725,62,82,0.51,20,0.0255,17
3342.429725,61,83,0.56,22,0.025454545,17
3341.534398,37,51,0.5,14,0.035714286,17
3340.894259,40,50,0.38,10,0.038,17
3339.849234,32,57,0.93,25,0.0372,17
3339.76487,43,47,0.15,4,0.0375,17
3338.398476,42,44,0.08,2,0.04,17
3337.407237,37,58,0.77,21,0.036666667,17
3337.111446,36,56,0.74,20,0.037,17
3336.976125,34,61,0.88,27,0.032592593,17
3336.599001,56,87,0.81,31,0.026129032,17
3336.310419,33,60,0.97,27,0.035925926,17
3335.944982,36,53,0.62,17,0.036470588,17
3335.459516,68,75,0.18,7,0.025714286,17
3334.479655,38,55,0.57,17,0.033529412,17
3333.755821,35,61,0.93,26,0.035769231,17
3330.790636,65,79,0.36,14,0.025714286,17
3330.557648,35,61,0.92,26,0.035384615,17
3330.437651,33,56,0.87,23,0.037826087,17
3329.206859,59,83,0.62,24,0.025833333,17
3328.858846,37,52,0.56,15,0.037333333,17
3326.481438,53,91,0.99,38,0.026052632,17
3326.30727,39,49,0.35,10,0.035,17
3325.858411,57,86,0.75,29,0.025862069,17
3325.622397,37,54,0.63,17,0.037058824,17
3324.933447,38,53,0.56,15,0.037333333,17
3324.520785,35,53,0.69,18,0.038333333,17
3323.737281,44,69,0.83,25,0.0332,17
3323.725944,43,70,0.9,27,0.033333333,17
3321.787375,67,75,0.21,8,0.02625,17
3321.365129,39,57,0.66,18,0.036666667,17
3321.013492,34,55,0.78,21,0.037142857,17
3319.50463,37,55,0.66,18,0.036666667,17
3318.921755,61,81,0.52,20,0.026,17
3318.88275,58,84,0.68,26,0.026153846,17
3318.88275,56,87,0.8,31,0.025806452,17
3317.15401,40,51,0.41,11,0.037272727,17
3316.833294,42,45,0.11,3,0.036666667,17
3316.745267,35,60,0.9,25,0.036,17
3315.103944,58,88,0.76,30,0.025333333,17
3314.040791,55,92,0.92,37,0.024864865,17
3313.63116,35,59,0.88,24,0.036666667,17
3312.852226,37,58,0.71,21,0.033809524,17
3311.960219,61,80,0.5,19,0.026315789,17
3309.996824,33,56,0.89,23,0.038695652,17
3309.984118,37,54,0.64,17,0.037647059,17
3309.530902,46,66,0.67,20,0.0335,17
3309.328217,34,58,0.91,24,0.037916667,17
3308.410265,34,54,0.77,20,0.0385,17
3308.095075,39,49,0.37,10,0.037,17
3307.066504,35,61,0.95,26,0.036538462,17
3306.945247,40,54,0.52,14,0.037142857,17
3306.866718,35,57,0.83,22,0.037727273,17
3304.920084,39,50,0.41,11,0.037272727,17
3303.667829,33,56,0.88,23,0.03826087,17
3303.47811,61,66,0.17,5,0.034,17
3302.403103,42,54,0.43,12,0.035833333,17
3301.866153,36,53,0.64,17,0.037647059,17
3301.281421,63,80,0.44,17,0.025882353,17
3301.013522,35,57,0.8,22,0.036363636,17
3300.096566,42,51,0.3,9,0.033333333,17
3299.855969,44,51,0.25,7,0.035714286,17
3299.798604,64,80,0.41,16,0.025625,17
3299.731819,36,54,0.67,18,0.037222222,17
3298.736247,36,59,0.79,23,0.034347826,17
3298.599353,32,56,0.91,24,0.037916667,17
3296.679732,54,91,0.94,37,0.025405405,17
3294.902996,62,80,0.47,18,0.026111111,17
3294.863521,64,79,0.39,15,0.026,17
3294.166338,63,81,0.46,18,0.025555556,17
3293.002188,55,89,0.87,34,0.025588235,17
3291.447066,33,57,0.9,24,0.0375,17
3290.326649,38,57,0.64,19,0.033684211,17
3289.194947,33,63,0.96,30,0.032,17
3289.009763,37,52,0.53,15,0.035333333,17
3288.497132,60,82,0.58,22,0.026363636,17
3287.713629,39,52,0.49,13,0.037692308,17
3287.574698,40,56,0.58,16,0.03625,17
3287.302971,41,54,0.48,13,0.036923077,17
3286.556394,41,49,0.3,8,0.0375,17
3286.553811,48,61,0.44,13,0.033846154,17
3285.330496,33,57,0.89,24,0.037083333,17
3285.223551,40,54,0.48,14,0.034285714,17
3285.223551,39,55,0.55,16,0.034375,17
3284.541939,41,45,0.16,4,0.04,17
3282.435714,55,90,0.89,35,0.025428571,17
3282.246401,60,84,0.62,24,0.025833333,17
3279.143751,35,56,0.73,21,0.034761905,17
3278.015909,55,88,0.86,33,0.026060606,17
3276.395859,34,56,0.78,22,0.035454545,17
3276.303838,37,58,0.72,21,0.034285714,17
3276.040581,33,54,0.83,21,0.03952381,17
3275.687955,34,59,0.84,25,0.0336,17
3275.655843,34,55,0.8,21,0.038095238,17
3275.271336,44,50,0.22,6,0.036666667,17
3274.801952,33,57,0.88,24,0.036666667,17
3274.514449,34,57,0.84,23,0.036521739,17
3274.165509,41,47,0.23,6,0.038333333,17
3272.343406,39,55,0.56,16,0.035,17
3270.170838,60,70,0.33,10,0.033,17
3270.051678,34,62,0.99,28,0.035357143,17
3269.87595,35,59,0.87,24,0.03625,17
3269.860536,34,53,0.76,19,0.04,17
3269.799237,33,59,0.99,26,0.038076923,17
3269.586989,41,48,0.25,7,0.035714286,17
3269.57967,58,87,0.74,29,0.025517241,17
3269.41146,40,54,0.46,14,0.032857143,17
3268.975451,42,53,0.4,11,0.036363636,17
3266.986871,32,58,0.97,26,0.037307692,17
3266.452884,38,52,0.49,14,0.035,17
3266.131559,36,58,0.8,22,0.036363636,17
3266.126852,35,59,0.86,24,0.035833333,17
3264.601301,35,61,0.96,26,0.036923077,17
3264.095798,47,62,0.51,15,0.034,17
3263.511946,45,50,0.18,5,0.036,17
3263.294609,41,50,0.31,9,0.034444444,17
3262.833185,40,50,0.37,10,0.037,17
3262.798759,34,55,0.73,21,0.034761905,17
3262.101062,35,51,0.65,16,0.040625,17
3261.211804,37,58,0.78,21,0.037142857,17
3261.093842,39,56,0.56,17,0.032941176,17
3260.95869,41,51,0.34,10,0.034,17
3260.766553,36,52,0.59,16,0.036875,17
3259.854116,64,81,0.43,17,0.025294118,17
3259.784197,57,85,0.74,28,0.026428571,17
3259.234345,40,51,0.37,11,0.033636364,17
3258.184468,38,56,0.59,18,0.032777778,17
3258.163849,36,51,0.59,15,0.039333333,17
3258.088164,35,60,0.81,25,0.0324,17
3257.93479,37,60,0.73,23,0.03173913,17
3257.207332,36,54,0.66,18,0.036666667,17
3257.045463,35,56,0.72,21,0.034285714,17
3257.033864,55,92,0.93,37,0.025135135,17
3256.698636,45,48,0.1,3,0.033333333,17
3255.579239,35,57,0.82,22,0.037272727,17
3254.949038,37,49,0.49,12,0.040833333,17
3254.320587,32,58,0.98,26,0.037692308,17
3253.399244,59,86,0.69,27,0.025555556,17
3253.399244,57,89,0.81,32,0.0253125,17
3251.391283,33,61,0.95,28,0.033928571,17
3249.863994,34,56,0.82,22,0.037272727,17
3249.474447,35,57,0.81,22,0.036818182,17
3249.407578,35,55,0.71,20,0.0355,17
3249.237063,36,55,0.66,19,0.034736842,17
3249.085525,45,71,0.64,26,0.024615385,17
3248.820985,64,77,0.34,13,0.026153846,17
3248.820985,60,82,0.57,22,0.025909091,17
3247.913074,33,56,0.86,23,0.037391304,17
3247.843845,56,90,0.86,34,0.025294118,17
3247.026404,36,59,0.8,23,0.034782609,17
3246.921679,35,57,0.75,22,0.034090909,17
3246.788568,33,58,0.92,25,0.0368,17
3245.624253,36,53,0.63,17,0.037058824,17
3245.547988,60,83,0.6,23,0.026086957,17
3245.4239,37,54,0.57,17,0.033529412,17
3245.406482,60,67,0.24,7,0.034285714,17
3244.719463,38,50,0.43,12,0.035833333,17
3244.530427,37,49,0.48,12,0.04,17
3243.929912,31,57,0.99,26,0.038076923,17
3243.235372,33,58,0.93,25,0.0372,17
3242.665991,57,85,0.73,28,0.026071429,17
3241.914516,37,51,0.54,14,0.038571429,17
3241.287201,32,62,0.99,30,0.033,17
3240.886535,36,60,0.8,24,0.033333333,17
3240.671412,32,55,0.91,23,0.039565217,17
3240.558328,34,54,0.75,20,0.0375,17
3240.514002,41,51,0.36,10,0.036,17
3240.047085,57,87,0.77,30,0.025666667,17
3239.362962,58,83,0.66,25,0.0264,17
3238.649627,34,60,0.94,26,0.036153846,17
3238.31431,42,52,0.37,10,0.037,17
3237.1769,36,52,0.62,16,0.03875,17
3237.120168,41,55,0.45,14,0.032142857,17
3236.646371,59,68,0.31,9,0.034444444,17
3235.611874,36,57,0.78,21,0.037142857,17
3233.528738,56,91,0.87,35,0.024857143,17
3233.28418,66,76,0.26,10,0.026,17
3233.28418,61,82,0.54,21,0.025714286,17
3231.483267,57,73,0.54,16,0.03375,17
3231.324554,34,56,0.81,22,0.036818182,17
3231.188978,42,53,0.36,11,0.032727273,17
3231.167289,37,56,0.65,19,0.034210526,17
3230.90311,42,71,0.97,29,0.033448276,17
3230.844651,40,51,0.4,11,0.036363636,17
3230.81941,54,90,0.93,36,0.025833333,17
3230.634971,53,91,0.97,38,0.025526316,17
3230.213777,56,88,0.82,32,0.025625,17
3229.868206,44,72,0.69,28,0.024642857,17
3228.146798,54,93,0.97,39,0.024871795,17
3228.115227,33,63,0.97,30,0.032333333,17
3227.644116,42,83,0.98,41,0.023902439,17
3227.028933,55,88,0.85,33,0.025757576,17
3226.766304,34,58,0.89,24,0.037083333,17
3226.623146,33,60,0.99,27,0.036666667,17
3226.571161,34,60,0.95,26,0.036538462,17
3225.498919,59,85,0.67,26,0.025769231,17
3225.498919,58,86,0.72,28,0.025714286,17
3225.498919,56,89,0.84,33,0.025454545,17
3225.2947,59,83,0.63,24,0.02625,17
3223.470782,60,83,0.59,23,0.025652174,17
3223.3092,37,55,0.6,18,0.033333333,17
3222.759615,56,74,0.61,18,0.033888889,17
3222.759615,52,79,0.91,27,0.033703704,17
3222.524202,34,59,0.9,25,0.036,17
3222.158574,37,56,0.64,19,0.033684211,17
3221.472005,58,71,0.44,13,0.033846154,17
3221.472005,54,76,0.74,22,0.033636364,17
3220.676717,54,77,0.76,23,0.033043478,17
3219.368174,33,58,0.91,25,0.0364,17
3219.02018,65,76,0.29,11,0.026363636,17
3219.02018,62,79,0.45,17,0.026470588,17
3218.279383,34,53,0.73,19,0.038421053,17
3218.277967,33,58,0.87,25,0.0348,17
3217.521424,54,94,0.99,40,0.02475,17
3216.880666,36,57,0.77,21,0.036666667,17
3216.717771,43,73,0.74,30,0.024666667,17
3216.53889,36,58,0.74,22,0.033636364,17
3215.325735,35,54,0.69,19,0.036315789,17
3213.798217,53,78,0.83,25,0.0332,17
3213.623319,34,60,0.97,26,0.037307692,17
3213.609924,54,92,0.96,38,0.025263158,17
3213.512597,40,55,0.51,15,0.034,17
3213.310924,56,74,0.6,18,0.033333333,17
3211.851546,65,78,0.34,13,0.026153846,17
3211.659738,34,61,0.98,27,0.036296296,17
3211.143941,62,68,0.2,6,0.033333333,17
3211.143941,58,72,0.47,14,0.033571429,17
3210.29618,53,91,0.98,38,0.025789474,17
3209.619401,38,51,0.49,13,0.037692308,17
3209.236679,41,55,0.5,14,0.035714286,17
3209.107837,39,51,0.42,12,0.035,17
3208.312491,33,60,0.93,27,0.034444444,17
3208.157561,32,57,0.96,25,0.0384,17
3207.694576,36,55,0.64,19,0.033684211,17
3207.668305,38,50,0.46,12,0.038333333,17
3206.857822,54,76,0.75,22,0.034090909,17
3206.857822,51,80,0.98,29,0.033793103,17
3206.029269,58,69,0.38,11,0.034545455,17
3205.969967,57,84,0.72,27,0.026666667,17
3205.571908,36,54,0.64,18,0.035555556,17
3205.171951,33,60,0.98,27,0.036296296,17
3204.68591,32,59,0.98,27,0.036296296,17
3204.260605,36,57,0.71,21,0.033809524,17
3204.250415,62,67,0.17,5,0.034,17
3204.250415,57,72,0.51,15,0.034,17
3204.250415,53,77,0.81,24,0.03375,17
3204.184871,35,56,0.74,21,0.035238095,17
3203.365115,31,57,0.98,26,0.037692308,17
3203.136374,35,59,0.81,24,0.03375,17
3203.128283,34,55,0.77,21,0.036666667,17
3202.880386,34,63,0.95,29,0.032758621,17
3202.417153,39,58,0.68,19,0.035789474,17
3202.117306,59,71,0.4,12,0.033333333,17
3202.117306,55,75,0.67,20,0.0335,17
3202.055635,35,57,0.76,22,0.034545455,17
3201.950928,34,60,0.88,26,0.033846154,17
3201.409664,57,88,0.79,31,0.025483871,17
3201.201726,32,57,0.97,25,0.0388,17
3201.066709,35,55,0.74,20,0.037,17
3200.217916,32,57,0.92,25,0.0368,17
3200.200266,34,59,0.85,25,0.034,17
3200.122589,59,84,0.65,25,0.026,17
3200.122589,58,85,0.7,27,0.025925926,17
3199.854407,35,58,0.86,23,0.037391304,17
3199.446643,56,85,0.77,29,0.026551724,17
3199.446643,56,86,0.79,30,0.026333333,17
3198.033972,39,55,0.53,16,0.033125,17
3197.89723,33,57,0.86,24,0.035833333,17
3197.032051,60,82,0.59,22,0.026818182,17
3196.449482,32,55,0.92,23,0.04,17
3195.612427,53,58,0.16,5,0.032,17
3195.598073,56,73,0.58,17,0.034117647,17
3195.598073,55,74,0.65,19,0.034210526,17
3195.598073,54,75,0.72,21,0.034285714,17
3195.465524,57,70,0.45,13,0.034615385,17
3195.465524,56,71,0.52,15,0.034666667,17
3195.204306,33,57,0.85,24,0.035416667,17
3195.078292,40,53,0.49,13,0.037692308,17
3194.093871,53,92,0.99,39,0.025384615,17
3193.895566,63,79,0.42,16,0.02625,17
3193.228938,59,87,0.71,28,0.025357143,17
3193.220896,59,82,0.61,23,0.026521739,17
3192.512242,43,73,0.75,30,0.025,17
3190.644747,32,56,0.95,24,0.039583333,17
3190.593895,42,52,0.33,10,0.033,17
3190.527396,54,90,0.92,36,0.025555556,17
3190.488102,59,85,0.68,26,0.026153846,17
3189.812354,60,85,0.64,25,0.0256,17
3189.812354,56,90,0.87,34,0.025588235,17
3188.848121,34,52,0.74,18,0.041111111,17
3188.00471,38,52,0.52,14,0.037142857,17
3187.764109,33,57,0.91,24,0.037916667,17
3187.764109,32,58,0.99,26,0.038076923,17
3187.570635,52,82,0.86,30,0.028666667,17
3187.471479,36,55,0.72,19,0.037894737,17
3187.4479,38,54,0.55,16,0.034375,17
3187.214109,58,70,0.41,12,0.034166667,17
3186.941594,34,58,0.82,24,0.034166667,17
3186.932088,34,61,0.96,27,0.035555556,17
3186.342364,36,56,0.78,20,0.039,17
3186.092521,34,59,0.94,25,0.0376,17
3186.05953,43,69,0.86,26,0.033076923,17
3185.649254,65,80,0.38,15,0.025333333,17
3185.556584,54,92,0.97,38,0.025526316,17
3185.291898,33,59,0.96,26,0.036923077,17
3185.074397,39,53,0.48,14,0.034285714,17
3183.668765,55,91,0.91,36,0.025277778,17
3183.618113,57,71,0.48,14,0.034285714,17
3183.618113,56,72,0.55,16,0.034375,17
3183.604786,61,83,0.57,22,0.025909091,17
3183.604786,58,87,0.75,29,0.025862069,17
3183.546554,59,70,0.37,11,0.033636364,17
3183.38437,35,54,0.66,19,0.034736842,17
3182.896473,40,52,0.46,12,0.038333333,17
3182.634567,34,58,0.83,24,0.034583333,17
3182.237222,54,93,0.98,39,0.025128205,17
3181.991746,37,53,0.59,16,0.036875,17
3181.775054,42,54,0.44,12,0.036666667,17
3181.705876,43,51,0.28,8,0.035,17
3181.705876,42,52,0.35,10,0.035,17
3180.669657,40,52,0.41,12,0.034166667,17
3180.420287,35,54,0.72,19,0.037894737,17
3180.29295,39,51,0.45,12,0.0375,17
3180.113577,55,90,0.9,35,0.025714286,17
3179.904913,55,63,0.22,8,0.0275,17
3179.698261,41,56,0.53,15,0.035333333,17
3179.622643,33,61,0.91,28,0.0325,17
3179.331664,35,60,0.89,25,0.0356,17
3178.834804,56,88,0.83,32,0.0259375,17
3178.834804,55,89,0.88,34,0.025882353,17
3178.163218,54,88,0.9,34,0.026470588,17
3177.649842,37,58,0.73,21,0.034761905,17
3176.81833,69,72,0.08,3,0.026666667,17
3176.81833,66,75,0.24,9,0.026666667,17
3176.666673,34,64,0.95,30,0.031666667,17
3176.246175,43,74,0.76,31,0.024516129,17
3175.960365,57,76,0.55,19,0.028947368,17
3175.948225,34,57,0.79,23,0.034347826,17
3175.839673,35,54,0.7,19,0.036842105,17
3175.810749,38,61,0.8,23,0.034782609,17
3175.799747,42,50,0.28,8,0.035,17
3175.109124,43,52,0.33,9,0.036666667,17
3175.033061,40,74,0.92,34,0.027058824,17
3174.118847,35,55,0.75,20,0.0375,17
3174.033335,33,53,0.82,20,0.041,17
3173.878846,65,77,0.32,12,0.026666667,17
3172.352264,40,57,0.6,17,0.035294118,17
3172.110279,34,57,0.85,23,0.036956522,17
3171.586914,42,71,0.95,29,0.032758621,17
3171.508686,42,55,0.46,13,0.035384615,17
3171.421378,61,68,0.24,7,0.034285714,17
3171.100334,33,56,0.83,23,0.036086957,17
3170.883212,39,55,0.61,16,0.038125,17
3170.221335,38,59,0.76,21,0.036190476,17
3170.106727,38,55,0.6,17,0.035294118,17
3169.291428,34,53,0.77,19,0.040526316,17
3168.870813,36,53,0.65,17,0.038235294,17
3168.591298,53,64,0.31,11,0.028181818,17
3168.138208,37,57,0.75,20,0.0375,17
3168.11894,36,55,0.7,19,0.036842105,17
3168.042949,41,47,0.21,6,0.035,17
3167.993047,57,90,0.83,33,0.025151515,17
3167.84209,37,57,0.71,20,0.0355,17
3167.68758,34,60,0.87,26,0.033461538,17
3167.076223,32,60,0.96,28,0.034285714,17
3166.524141,34,52,0.73,18,0.040555556,17
3166.238274,32,57,0.91,25,0.0364,17
3165.180883,35,55,0.72,20,0.036,17
3164.705308,42,49,0.25,7,0.035714286,17
3164.237253,43,53,0.36,10,0.036,17
3163.97462,34,57,0.8,23,0.034782609,17
3162.874497,37,50,0.48,13,0.036923077,17
3161.597939,37,52,0.57,15,0.038,17
3161.495978,56,61,0.14,5,0.028,17
3161.450423,43,74,0.94,31,0.030322581,17
3161.145416,42,47,0.18,5,0.036,17
3160.848785,55,75,0.68,20,0.034,17
3160.016864,46,49,0.11,3,0.036666667,17
3159.330555,44,68,0.79,24,0.032916667,17
3159.200892,35,58,0.85,23,0.036956522,17
3157.674409,53,90,0.95,37,0.025675676,17
3157.642022,35,60,0.82,25,0.0328,17
3157.346156,44,71,0.84,27,0.031111111,17
3156.970925,33,57,0.92,24,0.038333333,17
3156.675287,33,57,0.87,24,0.03625,17
3156.25045,38,58,0.66,20,0.033,17
3156.036738,41,51,0.35,10,0.035,17
3155.812077,38,62,0.83,24,0.034583333,17
3155.680871,64,77,0.35,13,0.026923077,17
3155.680871,59,83,0.64,24,0.026666667,17
3155.083575,54,91,0.95,37,0.025675676,17
3155.054869,36,63,0.97,27,0.035925926,17
3154.89388,37,62,0.88,25,0.0352,17
3153.809456,39,53,0.49,14,0.035,17
3153.096339,53,89,0.94,36,0.026111111,17
3152.048831,32,58,0.95,26,0.036538462,17
3151.695265,47,68,0.53,21,0.025238095,17
3150.925948,34,56,0.83,22,0.037727273,17
3150.618397,33,58,0.94,25,0.0376,17
3150.283789,35,54,0.73,19,0.038421053,17
3150.283789,34,55,0.81,21,0.038571429,17
3150.116805,33,63,0.98,30,0.032666667,17
3149.787426,66,78,0.31,12,0.025833333,17
3149.645572,54,89,0.9,35,0.025714286,17
3149.088768,36,50,0.58,14,0.041428571,17
3149.051722,56,86,0.8,30,0.026666667,17
3148.705348,35,58,0.8,23,0.034782609,17
3147.76783,55,93,0.94,38,0.024736842,17
3147.41634,33,60,0.92,27,0.034074074,17
3147.387712,50,60,0.33,10,0.033,17
3146.525651,39,56,0.55,17,0.032352941,17
3145.841197,55,87,0.86,32,0.026875,17
3145.609722,58,84,0.7,26,0.026923077,17
3145.527157,37,53,0.57,16,0.035625,17
3145.335644,36,53,0.6,17,0.035294118,17
3145.123707,38,49,0.43,11,0.039090909,17
3144.52888,42,50,0.29,8,0.03625,17
3144.466924,40,50,0.35,10,0.035,17
3144.349407,37,54,0.59,17,0.034705882,17
3143.671797,39,58,0.69,19,0.036315789,17
3143.065712,56,86,0.78,30,0.026,17
3143.065712,55,87,0.83,32,0.0259375,17
3142.782622,53,60,0.16,7,0.022857143,17
3142.778886,35,56,0.77,21,0.036666667,17
3142.778886,34,58,0.87,24,0.03625,17
3142.778886,33,59,0.95,26,0.036538462,17
3142.737758,35,58,0.78,23,0.033913043,17
3142.425549,37,56,0.68,19,0.035789474,17
3142.016124,39,52,0.5,13,0.038461538,17
3141.864251,39,53,0.5,14,0.035714286,17
3141.334166,35,56,0.79,21,0.037619048,17
3140.810717,45,70,0.77,25,0.0308,17
3140.801846,38,60,0.78,22,0.035454545,17
3140.523305,37,50,0.51,13,0.039230769,17
3140.518297,37,55,0.63,18,0.035,17
3139.500992,34,57,0.81,23,0.035217391,17
3139.11812,41,48,0.3,7,0.042857143,17
3139.117924,42,48,0.25,6,0.041666667,17
3138.919602,37,49,0.5,12,0.041666667,17
3138.908527,34,62,0.9,28,0.032142857,17
3138.508171,54,88,0.89,34,0.026176471,17
3138.508171,53,90,0.96,37,0.025945946,17
3138.356451,39,59,0.7,20,0.035,17
3137.752754,41,48,0.26,7,0.037142857,17
3137.703439,40,50,0.42,10,0.042,17
3137.436269,36,60,0.79,24,0.032916667,17
3137.332,39,55,0.6,16,0.0375,17
3137.231208,56,91,0.88,35,0.025142857,17
3136.945131,41,49,0.28,8,0.035,17
3136.52215,55,88,0.87,33,0.026363636,17
3136.500129,54,89,0.91,35,0.026,17
3136.444463,32,59,0.99,27,0.036666667,17
3135.998635,33,59,0.94,26,0.036153846,17
3135.592815,62,81,0.5,19,0.026315789,17
3135.251654,39,54,0.53,15,0.035333333,17
3134.914106,43,48,0.18,5,0.036,17
3134.848403,39,57,0.58,18,0.032222222,17
3134.36939,42,51,0.34,9,0.037777778,17
3134.348,38,53,0.6,15,0.04,17
3134.25434,36,57,0.72,21,0.034285714,17
3133.324005,53,90,0.98,37,0.026486486,17
3133.259186,40,52,0.42,12,0.035,17
3133.094171,54,89,0.92,35,0.026285714,17
3132.869588,58,73,0.49,15,0.032666667,17
3132.097365,56,87,0.82,31,0.026451613,17
3131.151697,31,58,0.99,27,0.036666667,17
3131.145256,35,56,0.78,21,0.037142857,17
3130.834693,66,79,0.33,13,0.025384615,17
3130.415606,34,56,0.84,22,0.038181818,17
3130.371444,57,88,0.8,31,0.025806452,17
3129.968691,38,49,0.41,11,0.037272727,17
3129.757444,39,47,0.33,8,0.04125,17
3129.748649,34,60,0.93,26,0.035769231,17
3129.720257,35,59,0.78,24,0.0325,17
3129.447848,33,56,0.84,23,0.036521739,17
3128.824333,62,82,0.52,20,0.026,17
3128.824333,61,84,0.59,23,0.025652174,17
3128.824333,60,84,0.63,24,0.02625,17
3128.824333,59,86,0.7,27,0.025925926,17
3128.468175,35,52,0.69,17,0.040588235,17
3128.280302,38,54,0.56,16,0.035,17
3128.155491,36,58,0.81,22,0.036818182,17
3127.816908,48,64,0.51,16,0.031875,17
3127.795873,67,72,0.14,5,0.028,17
3127.780684,37,55,0.62,18,0.034444444,17
3126.254465,35,58,0.79,23,0.034347826,17
3126.152706,34,58,0.84,24,0.035,17
3124.770333,41,55,0.51,14,0.036428571,17
3124.712603,34,59,0.86,25,0.0344,17
3124.419434,35,61,0.87,26,0.033461538,17
3124.286997,39,56,0.58,17,0.034117647,17
3124.086703,35,63,0.88,28,0.031428571,17
3124.0751,52,86,0.93,34,0.027352941,17
3123.871636,34,57,0.87,23,0.037826087,17
3123.870996,43,72,0.91,29,0.03137931,17
3123.811999,36,57,0.73,21,0.034761905,17
3123.724848,37,54,0.62,17,0.036470588,17
3123.564218,36,57,0.75,21,0.035714286,17
3122.520542,40,52,0.43,12,0.035833333,17
3121.904087,66,72,0.17,6,0.028333333,17
3121.741183,34,58,0.9,24,0.0375,17
3120.188189,35,61,0.83,26,0.031923077,17
3119.799345,38,56,0.6,18,0.033333333,17
3119.795125,33,61,0.93,28,0.033214286,17
3119.718162,33,58,0.88,25,0.0352,17
3118.23915,37,56,0.67,19,0.035263158,17
3117.839481,33,64,0.98,31,0.031612903,17
3117.211398,37,58,0.69,21,0.032857143,17
3117.066782,33,64,0.99,31,0.031935484,17
3117.024845,36,50,0.59,14,0.042142857,17
3116.735588,43,54,0.39,11,0.035454545,17
3115.796418,37,55,0.69,18,0.038333333,17
3115.771812,34,55,0.76,21,0.036190476,17
3115.698551,39,56,0.59,17,0.034705882,17
3115.653478,37,58,0.68,21,0.032380952,17
3115.130847,35,58,0.82,23,0.035652174,17
3115.105238,57,78,0.58,21,0.027619048,17
3113.208001,40,51,0.39,11,0.035454545,17
3113.091679,34,57,0.82,23,0.035652174,17
3112.656389,34,56,0.8,22,0.036363636,17
3112.601889,57,89,0.82,32,0.025625,17
3112.521492,34,56,0.79,22,0.035909091,17
3112.521492,32,59,0.97,27,0.035925926,17
3112.426753,38,52,0.5,14,0.035714286,17
3111.238322,37,63,0.9,26,0.034615385,17
3111.111951,39,48,0.36,9,0.04,17
3110.454962,53,84,0.85,31,0.027419355,17
3109.95348,36,58,0.83,22,0.037727273,17
3109.898733,43,50,0.27,7,0.038571429,17
3109.855642,33,59,0.9,26,0.034615385,17
3109.701384,68,72,0.11,4,0.0275,17
3109.701384,66,74,0.22,8,0.0275,17
3109.701384,64,76,0.33,12,0.0275,17
3109.631214,65,75,0.27,10,0.027,17
3109.631214,63,78,0.4,15,0.026666667,17
3109.631214,60,81,0.56,21,0.026666667,17
3109.281496,35,59,0.82,24,0.034166667,17
3109.206726,37,61,0.86,24,0.035833333,17
3108.992035,63,79,0.43,16,0.026875,17
3108.992035,61,81,0.54,20,0.027,17
3108.946372,56,92,0.89,36,0.024722222,17
3108.847655,59,76,0.47,17,0.027647059,17
3108.847655,56,79,0.64,23,0.027826087,17
3108.847655,54,82,0.77,28,0.0275,17
3108.847655,53,83,0.83,30,0.027666667,17
3108.771237,33,59,0.97,26,0.037307692,17
3108.322916,32,56,0.94,24,0.039166667,17
3108.203903,34,59,0.93,25,0.0372,17
3107.911776,36,55,0.67,19,0.035263158,17
3107.882541,35,59,0.89,24,0.037083333,17
3107.882541,34,61,0.99,27,0.036666667,17
3107.699386,33,61,0.96,28,0.034285714,17
3107.519321,53,86,0.89,33,0.026969697,17
3107.482927,43,49,0.23,6,0.038333333,17
3107.222217,35,52,0.68,17,0.04,17
3107.047655,53,85,0.87,32,0.0271875,17
3106.958703,33,61,0.94,28,0.033571429,17
3106.924648,41,54,0.42,13,0.032307692,17
3106.585265,37,55,0.65,18,0.036111111,17
3106.331109,55,81,0.71,26,0.027307692,17
3106.19388,37,57,0.67,20,0.0335,17
3105.94325,52,85,0.91,33,0.027575758,17
3105.840517,52,89,0.99,37,0.026756757,17
3105.625792,54,81,0.75,27,0.027777778,17
3105.467042,40,48,0.28,8,0.035,17
3105.082538,50,66,0.49,16,0.030625,17
3105.069472,39,54,0.57,15,0.038,17
3105.03658,37,56,0.66,19,0.034736842,17
3105.028454,47,69,0.68,22,0.030909091,17
3104.984048,62,80,0.48,18,0.026666667,17
3104.820573,59,69,0.22,10,0.022,17
3104.479417,58,78,0.55,20,0.0275,17
3104.479417,56,80,0.66,24,0.0275,17
3104.479417,54,83,0.79,29,0.027241379,17
3104.088562,37,63,0.91,26,0.035,17
3103.835077,36,54,0.68,18,0.037777778,17
3103.111773,55,80,0.69,25,0.0276,17
3102.854799,38,57,0.62,19,0.032631579,17
3102.25903,60,81,0.57,21,0.027142857,17
3102.25454,43,44,0.04,1,0.04,17
3102.25454,41,46,0.2,5,0.04,17
3102.14294,41,52,0.42,11,0.038181818,17
3102.111901,49,67,0.55,18,0.030555556,17
3102.051708,38,51,0.47,13,0.036153846,17
3102.016668,31,58,0.97,27,0.035925926,17
3101.493445,38,56,0.68,18,0.037777778,17
3101.275738,55,86,0.87,31,0.028064516,17
3101.275738,54,87,0.93,33,0.028181818,17
3100.833408,36,63,0.98,27,0.036296296,17
3100.610076,33,60,0.95,27,0.035185185,17
3100.554047,57,80,0.63,23,0.027391304,17
3100.554047,55,83,0.76,28,0.027142857,17
3100.198792,37,59,0.73,22,0.033181818,17
3099.501446,37,53,0.6,16,0.0375,17
3099.473209,50,63,0.33,13,0.025384615,17
3099.451877,55,82,0.74,27,0.027407407,17
3099.175928,56,82,0.7,26,0.026923077,17
3099.175928,54,84,0.81,30,0.027,17
3099.110382,36,60,0.77,24,0.032083333,17
3099.110382,35,61,0.84,26,0.032307692,17
3098.577719,40,51,0.42,11,0.038181818,17
3098.261029,39,52,0.46,13,0.035384615,17
3098.223863,58,80,0.59,22,0.026818182,17
3098.075072,40,57,0.61,17,0.035882353,17
3097.871722,57,85,0.77,28,0.0275,17
3097.871722,56,86,0.83,30,0.027666667,17
3097.850079,55,80,0.7,25,0.028,17
3097.692487,38,61,0.81,23,0.035217391,17
3097.607482,39,52,0.47,13,0.036153846,17
3097.544913,56,68,0.37,12,0.030833333,17
3096.995295,37,59,0.75,22,0.034090909,17
3096.968037,32,61,0.99,29,0.034137931,17
3096.954017,58,83,0.68,25,0.0272,17
3096.828748,42,51,0.31,9,0.034444444,17
3096.739252,41,50,0.32,9,0.035555556,17
3096.470836,51,87,0.98,36,0.027222222,17
3096.437696,40,58,0.63,18,0.035,17
3096.425935,59,84,0.66,25,0.0264,17
3096.390839,38,55,0.58,17,0.034117647,17
3095.991951,44,52,0.29,8,0.03625,17
3095.880665,40,46,0.25,6,0.041666667,17
3095.39492,32,59,0.96,27,0.035555556,17
3094.970639,38,52,0.53,14,0.037857143,17
3094.890501,52,84,0.89,32,0.0278125,17
3094.783043,54,90,0.94,36,0.026111111,17
3094.653463,55,87,0.84,32,0.02625,17
3094.653463,54,87,0.88,33,0.026666667,17
3094.576102,54,57,0.07,3,0.023333333,17
3094.364622,46,70,0.74,24,0.030833333,17
3094.218846,62,79,0.46,17,0.027058824,17
3094.085817,60,80,0.54,20,0.027,17
3093.790088,41,52,0.38,11,0.034545455,17
3093.49945,58,79,0.57,21,0.027142857,17
3093.496812,55,81,0.72,26,0.027692308,17
3093.357833,57,79,0.6,22,0.027272727,17
3092.592864,48,68,0.61,20,0.0305,17
3092.229861,40,57,0.62,17,0.036470588,17
3091.978889,37,62,0.9,25,0.036,17
3091.909517,35,56,0.71,21,0.033809524,17
3091.823338,36,60,0.78,24,0.0325,17
3091.761719,42,51,0.35,9,0.038888889,17
3091.746218,55,79,0.68,24,0.028333333,17
3091.738114,42,45,0.12,3,0.04,17
3091.487329,34,57,0.86,23,0.037391304,17
3091.294671,55,93,0.95,38,0.025,17
3091.286222,56,78,0.62,22,0.028181818,17
3091.085297,40,54,0.5,14,0.035714286,17
3090.99371,33,58,0.84,25,0.0336,17
3089.309244,37,53,0.61,16,0.038125,17
3089.278168,55,84,0.77,29,0.026551724,17
3089.045001,51,63,0.3,12,0.025,17
3089.016632,38,57,0.66,19,0.034736842,17
3088.927153,63,77,0.38,14,0.027142857,17
3088.927153,61,80,0.51,19,0.026842105,17
3088.927153,59,82,0.62,23,0.026956522,17
3088.927153,58,84,0.69,26,0.026538462,17
3088.927153,57,85,0.75,28,0.026785714,17
3088.797319,62,83,0.54,21,0.025714286,17
3088.62507,52,86,0.92,34,0.027058824,17
3088.468548,37,59,0.72,22,0.032727273,17
3088.377891,53,82,0.81,29,0.027931034,17
3088.072751,55,83,0.75,28,0.026785714,17
3087.858342,61,80,0.52,19,0.027368421,17
3087.79677,60,74,0.39,14,0.027857143,17
3087.718029,38,54,0.57,16,0.035625,17
3087.555463,56,81,0.68,25,0.0272,17
3086.800017,38,49,0.4,11,0.036363636,17
3086.705885,37,61,0.87,24,0.03625,17
3086.372923,50,86,0.99,36,0.0275,17
3086.368849,38,55,0.65,17,0.038235294,17
3085.604697,33,59,0.91,26,0.035,17
3085.597353,59,78,0.52,19,0.027368421,17
3085.536849,54,83,0.8,29,0.027586207,17
3085.351334,57,74,0.56,17,0.032941176,17
3084.953964,57,92,0.86,35,0.024571429,17
3084.833862,57,87,0.78,30,0.026,17
3084.81532,36,60,0.82,24,0.034166667,17
3084.731972,54,89,0.96,35,0.027428571,17
3084.684011,59,75,0.45,16,0.028125,17
3084.602964,48,71,0.64,23,0.027826087,17
3084.500567,43,50,0.24,7,0.034285714,17
3084.379877,35,54,0.68,19,0.035789474,17
3084.372051,63,76,0.36,13,0.027692308,17
3084.372051,58,81,0.64,23,0.027826087,17
3084.372051,58,82,0.66,24,0.0275,17
3084.372051,56,84,0.77,28,0.0275,17
3084.369168,60,79,0.53,19,0.027894737,17
3084.099307,56,88,0.84,32,0.02625,17
3084.049485,40,47,0.28,7,0.04,17
3083.897204,52,83,0.87,31,0.028064516,17
3083.712928,36,55,0.71,19,0.037368421,17
3083.589121,49,64,0.38,15,0.025333333,17
3083.465066,36,59,0.75,23,0.032608696,17
3082.690156,53,85,0.86,32,0.026875,17
3082.438981,44,49,0.17,5,0.034,17
3082.256854,37,59,0.74,22,0.033636364,17
3082.14671,53,89,0.96,36,0.026666667,17
3081.781696,62,72,0.28,10,0.028,17
3081.679861,38,55,0.59,17,0.034705882,17
3081.61124,49,77,0.68,28,0.024285714,17
3081.47002,56,85,0.79,29,0.027241379,17
3081.373767,52,85,0.9,33,0.027272727,17
3081.200908,36,62,0.95,26,0.036538462,17
3081.043038,55,82,0.73,27,0.027037037,17
3080.92897,46,67,0.68,21,0.032380952,17
3080.923174,54,84,0.82,30,0.027333333,17
3080.273435,51,85,0.93,34,0.027352941,17
3080.216443,59,77,0.49,18,0.027222222,17
3079.896886,36,51,0.56,15,0.037333333,17
3079.877216,40,53,0.45,13,0.034615385,17
3079.526039,53,84,0.86,31,0.027741935,17
3079.435885,33,59,0.89,26,0.034230769,17
3078.551787,40,75,0.94,35,0.026857143,17
3078.519945,47,65,0.58,18,0.032222222,17
3078.355728,60,77,0.46,17,0.027058824,17
3078.205882,58,84,0.71,26,0.027307692,17
3077.739656,40,59,0.66,19,0.034736842,17
3077.261203,61,74,0.36,13,0.027692308,17
3076.969987,33,59,0.98,26,0.037692308,17
3076.824532,61,82,0.55,21,0.026190476,17
3076.504611,43,70,0.88,27,0.032592593,17
3076.184774,43,48,0.19,5,0.038,17
3076.050337,41,49,0.31,8,0.03875,17
3075.75417,39,54,0.51,15,0.034,17
3075.748839,60,83,0.61,23,0.026521739,17
3075.588971,58,77,0.53,19,0.027894737,17
3075.281896,37,57,0.76,20,0.038,17
3075.223756,48,68,0.62,20,0.031,17
3075.113702,42,47,0.19,5,0.038,17
3074.92107,53,85,0.88,32,0.0275,17
3074.802494,55,89,0.9,34,0.026470588,17
3074.518215,33,54,0.86,21,0.040952381,17
3074.512999,34,54,0.79,20,0.0395,17
3074.496681,41,52,0.37,11,0.033636364,17
3074.443779,57,67,0.31,10,0.031,17
3074.117378,44,67,0.73,23,0.03173913,17
3074.046018,53,89,0.95,36,0.026388889,17
3074.046018,53,90,0.97,37,0.026216216,17
3073.769047,37,62,0.89,25,0.0356,17
3073.764764,39,60,0.73,21,0.034761905,17
3073.482034,61,79,0.49,18,0.027222222,17
3073.482034,59,81,0.6,22,0.027272727,17
3073.482034,58,82,0.65,24,0.027083333,17
3073.482034,58,83,0.67,25,0.0268,17
3073.482034,57,83,0.71,26,0.027307692,17
3073.482034,57,84,0.73,27,0.027037037,17
3073.482034,56,85,0.78,29,0.026896552,17
3073.482034,55,85,0.82,30,0.027333333,17
3073.482034,55,86,0.84,31,0.027096774,17
3073.482034,54,88,0.91,34,0.026764706,17
3073.137819,37,56,0.72,19,0.037894737,17
3073.050807,64,78,0.37,14,0.026428571,17
3072.895672,48,62,0.47,14,0.033571429,17
3072.797891,54,89,0.93,35,0.026571429,17
3072.578048,64,72,0.22,8,0.0275,17
3072.279118,33,59,0.92,26,0.035384615,17
3071.993775,52,84,0.88,32,0.0275,17
3071.993775,51,86,0.96,35,0.027428571,17
3071.977581,40,74,0.91,34,0.026764706,17
3071.792734,58,90,0.79,32,0.0246875,17
3071.792734,57,91,0.84,34,0.024705882,17
3071.784848,53,86,0.88,33,0.026666667,17
3071.784848,52,87,0.94,35,0.026857143,17
3071.784848,51,88,0.99,37,0.026756757,17
3071.734486,54,88,0.94,34,0.027647059,17
3071.633898,66,70,0.11,4,0.0275,17
3071.631335,62,71,0.26,9,0.028888889,17
3071.32779,46,70,0.73,24,0.030416667,17
3071.266008,63,72,0.25,9,0.027777778,17
3071.035361,41,49,0.33,8,0.04125,17
3070.815548,51,83,0.93,32,0.0290625,17
3070.815548,50,84,0.99,34,0.029117647,17
3070.088004,34,54,0.78,20,0.039,17
3069.839101,54,86,0.88,32,0.0275,17
3069.506132,53,83,0.82,30,0.027333333,17
3069.487493,36,54,0.69,18,0.038333333,17
3069.43174,39,54,0.52,15,0.034666667,17
3069.297369,52,87,0.93,35,0.026571429,17
3069.24517,41,52,0.43,11,0.039090909,17
3069.184823,57,80,0.62,23,0.026956522,17
3069.178965,52,87,0.95,35,0.027142857,17
3069.156463,36,56,0.7,20,0.035,17
3069.018828,45,69,0.77,24,0.032083333,17
3068.842453,53,83,0.84,30,0.028,17
3068.767099,40,76,0.96,36,0.026666667,17
3068.609505,49,70,0.58,21,0.027619048,17
3068.335912,45,71,0.82,26,0.031538462,17
3068.031436,35,62,0.9,27,0.033333333,17
3067.476529,37,50,0.52,13,0.04,17
3066.636128,39,55,0.57,16,0.035625,17
3066.362554,47,85,0.85,38,0.022368421,17
3066.290578,57,79,0.61,22,0.027727273,17
3065.954575,54,82,0.78,28,0.027857143,17
3065.795133,46,70,0.75,24,0.03125,17
3065.765753,43,72,0.74,29,0.025517241,17
3065.017761,56,89,0.85,33,0.025757576,17
3064.79573,54,89,0.95,35,0.027142857,17
3064.79105,51,87,0.97,36,0.026944444,17
3064.787329,61,81,0.53,20,0.0265,17
3064.726348,38,55,0.64,17,0.037647059,17
3064.644166,52,82,0.87,30,0.029,17
3064.139103,55,86,0.83,31,0.026774194,17
3064.139103,54,87,0.89,33,0.026969697,17
3064.139103,53,88,0.95,35,0.027142857,17
3063.824012,42,74,0.81,32,0.0253125,17
3063.740115,33,61,0.97,28,0.034642857,17
3063.667751,33,55,0.87,22,0.039545455,17
3063.567816,36,50,0.57,14,0.040714286,17
3063.424103,39,50,0.4,11,0.036363636,17
3063.280043,60,75,0.42,15,0.028,17
3063.211281,44,70,0.84,26,0.032307692,17
3062.983649,48,66,0.45,18,0.025,17
3062.94436,54,81,0.76,27,0.028148148,17
3062.783443,36,61,0.82,25,0.0328,17
3062.643897,51,74,0.82,23,0.035652174,17
3062.548607,41,58,0.59,17,0.034705882,17
3062.462216,58,78,0.56,20,0.028,17
3062.436868,52,88,0.95,36,0.026388889,17
3062.398996,35,60,0.94,25,0.0376,17
3062.309056,53,84,0.84,31,0.027096774,17
3062.163044,38,49,0.44,11,0.04,17
3061.913656,36,58,0.75,22,0.034090909,17
3061.91154,59,83,0.65,24,0.027083333,17
3061.91154,55,88,0.89,33,0.026969697,17
3061.897724,52,85,0.92,33,0.027878788,17
3061.716505,55,78,0.68,23,0.029565217,17
3061.694058,39,52,0.52,13,0.04,17
3061.478899,55,88,0.88,33,0.026666667,17
3061.228302,58,87,0.76,29,0.026206897,17
3060.853481,49,86,0.78,37,0.021081081,17
3060.601491,53,87,0.89,34,0.026176471,17
3060.543097,32,60,0.98,28,0.035,17
3060.480998,62,74,0.33,12,0.0275,17
3060.480998,60,76,0.44,16,0.0275,17
3060.130185,40,49,0.34,9,0.037777778,17
3060.041573,34,60,0.89,26,0.034230769,17
3060.027456,49,61,0.4,12,0.033333333,17
3059.623115,34,64,0.99,30,0.033,17
3059.482077,38,48,0.41,10,0.041,17
3059.350821,32,58,0.93,26,0.035769231,17
3059.305702,32,57,0.89,25,0.0356,17
3059.045669,58,86,0.73,28,0.026071429,17
3058.938111,39,50,0.42,11,0.038181818,17
3058.894047,36,56,0.68,20,0.034,17
3058.542586,57,86,0.76,29,0.026206897,17
3058.46552,51,83,0.92,32,0.02875,17
3058.46552,50,84,0.98,34,0.028823529,17
3058.396914,55,91,0.92,36,0.025555556,17
3058.262546,51,87,0.99,36,0.0275,17
3057.283318,51,86,0.95,35,0.027142857,17
3056.737019,38,60,0.79,22,0.035909091,17
3056.572926,32,60,0.97,28,0.034642857,17
3056.421658,48,65,0.43,17,0.025294118,17
3056.079137,57,75,0.54,18,0.03,17
3056.069008,60,75,0.41,15,0.027333333,17
3056.069008,58,77,0.52,19,0.027368421,17
3055.803064,36,56,0.72,20,0.036,17
3055.758287,35,56,0.75,21,0.035714286,17
3055.628667,32,60,0.99,28,0.035357143,17
3055.548874,36,57,0.74,21,0.035238095,17
3055.294474,51,64,0.4,13,0.030769231,17
3055.230739,56,85,0.8,29,0.027586207,17
3055.230739,55,86,0.86,31,0.027741935,17
3054.926831,51,85,0.94,34,0.027647059,17
3054.556031,54,93,0.99,39,0.025384615,17
3054.364067,34,59,0.88,25,0.0352,17
3054.033952,60,74,0.4,14,0.028571429,17
3053.830825,57,87,0.79,30,0.026333333,17
3053.626142,35,59,0.92,24,0.038333333,17
3053.618706,53,82,0.82,29,0.028275862,17
3053.594402,54,80,0.74,26,0.028461538,17
3053.594402,53,81,0.8,28,0.028571429,17
3053.340564,38,51,0.5,13,0.038461538,17
3053.173468,44,67,0.77,23,0.033478261,17
3053.04523,57,88,0.81,31,0.026129032,17
3052.746201,35,59,0.8,24,0.033333333,17
3052.743607,43,45,0.07,2,0.035,17
3052.743607,42,46,0.14,4,0.035,17
3052.582712,58,85,0.71,27,0.026296296,17
3052.518723,37,55,0.64,18,0.035555556,17
3051.936986,55,87,0.85,32,0.0265625,17
3051.707933,62,78,0.44,16,0.0275,17
3051.592438,32,58,0.92,26,0.035384615,17
3051.54431,34,64,0.94,30,0.031333333,17
3051.175393,45,71,0.81,26,0.031153846,17
3051.071789,43,49,0.21,6,0.035,17
3051.031205,54,89,0.94,35,0.026857143,17
3051.028351,55,87,0.87,32,0.0271875,17
3051.014192,43,72,0.93,29,0.032068966,17
3050.786109,57,84,0.74,27,0.027407407,17
3050.786109,54,88,0.93,34,0.027352941,17
3050.786109,53,89,0.99,36,0.0275,17
3049.828545,36,57,0.8,21,0.038095238,17
3049.75176,40,73,0.96,33,0.029090909,17
3049.740333,59,76,0.48,17,0.028235294,17
3049.740333,55,81,0.73,26,0.028076923,17
3049.383392,37,64,0.92,27,0.034074074,17
3049.03741,55,91,0.94,36,0.026111111,17
3048.708739,51,84,0.93,33,0.028181818,17
3048.429662,33,62,0.96,29,0.033103448,17
3048.401504,52,84,0.9,32,0.028125,17
3048.109594,54,78,0.72,24,0.03,17
3048.109594,53,79,0.78,26,0.03,17
3047.953919,56,81,0.69,25,0.0276,17
3047.953919,55,82,0.75,27,0.027777778,17
3047.892559,33,60,0.96,27,0.035555556,17
3047.664695,47,69,0.67,22,0.030454545,17
3047.530905,35,57,0.84,22,0.038181818,17
3047.165373,34,56,0.77,22,0.035,17
3047.075831,57,86,0.77,29,0.026551724,17
3046.922939,39,59,0.72,20,0.036,17
3046.821535,40,49,0.33,9,0.036666667,17
3046.635408,63,70,0.2,7,0.028571429,17
3046.606818,54,79,0.74,25,0.0296,17
3046.606818,53,80,0.8,27,0.02962963,17
3046.603559,41,53,0.4,12,0.033333333,17
3046.544055,32,60,0.93,28,0.033214286,17
3046.287399,58,81,0.65,23,0.02826087,17
3046.230226,41,56,0.54,15,0.036,17
3045.975099,62,76,0.4,14,0.028571429,17
3045.916372,33,59,0.93,26,0.035769231,17
3045.866734,35,57,0.79,22,0.035909091,17
3045.850604,49,85,0.77,36,0.021388889,17
3045.777044,33,58,0.89,25,0.0356,17
3045.770973,36,51,0.6,15,0.04,17
3045.635634,55,81,0.7,26,0.026923077,17
3045.534471,40,59,0.67,19,0.035263158,17
3045.340954,46,69,0.58,23,0.025217391,17
3045.143125,55,87,0.89,32,0.0278125,17
3045.143125,54,88,0.95,34,0.027941176,17
3044.995385,34,59,0.87,25,0.0348,17
3044.781843,51,86,0.97,35,0.027714286,17
3044.690178,58,89,0.78,31,0.02516129,17
3044.407426,50,87,0.99,37,0.026756757,17
3044.365548,54,90,0.98,36,0.027222222,17
3044.166841,42,49,0.28,7,0.04,17
3043.898013,62,73,0.3,11,0.027272727,17
3043.812673,35,56,0.8,21,0.038095238,17
3043.399517,44,72,0.7,28,0.025,17
3043.362759,65,70,0.14,5,0.028,17
3042.864534,48,65,0.55,17,0.032352941,17
3042.702549,54,88,0.92,34,0.027058824,17
3042.523215,62,77,0.42,15,0.028,17
3042.457278,58,75,0.49,17,0.028823529,17
3042.208753,34,63,0.93,29,0.032068966,17
3042.203036,49,61,0.31,12,0.025833333,17
3042.194613,57,77,0.57,20,0.0285,17
3041.926932,56,79,0.65,23,0.02826087,17
3041.926932,55,80,0.71,25,0.0284,17
3041.926032,59,73,0.42,14,0.03,17
3041.926032,58,74,0.48,16,0.03,17
3041.865943,32,59,0.95,27,0.035185185,17
3041.622002,47,63,0.54,16,0.03375,17
3041.249244,40,45,0.21,5,0.042,17
3041.130854,56,90,0.88,34,0.025882353,17
3041.035491,64,78,0.31,14,0.022142857,17
3040.482554,51,83,0.94,32,0.029375,17
3039.685127,35,57,0.73,22,0.033181818,17
3039.259043,48,79,0.75,31,0.024193548,17
3039.077682,57,81,0.64,24,0.026666667,17
3038.986122,39,59,0.71,20,0.0355,17
3038.715225,39,60,0.75,21,0.035714286,17
3038.534853,50,81,0.69,31,0.022258065,17
3038.472607,44,71,0.86,27,0.031851852,17
3038.458545,45,68,0.76,23,0.033043478,17
3038.441426,57,78,0.61,21,0.029047619,17
3038.290725,41,72,0.86,31,0.027741935,17
3038.287443,52,85,0.88,33,0.026666667,17
3038.031631,56,77,0.61,21,0.029047619,17
3038.031631,55,78,0.67,23,0.029130435,17
3038.031631,54,79,0.73,25,0.0292,17
3038.031631,53,80,0.79,27,0.029259259,17
3038.010875,47,66,0.62,19,0.032631579,17
3037.922176,56,87,0.84,31,0.027096774,17
3037.922176,55,89,0.92,34,0.027058824,17
3037.912603,53,90,0.99,37,0.026756757,17
3037.779021,56,80,0.65,24,0.027083333,17
3037.720151,52,81,0.85,29,0.029310345,17
3037.649794,56,80,0.67,24,0.027916667,17
3037.58907,38,50,0.42,12,0.035,17
3037.58631,35,55,0.76,20,0.038,17
3037.52009,45,70,0.67,25,0.0268,17
3037.159257,51,88,0.98,37,0.026486486,17
3036.650629,52,83,0.88,31,0.028387097,17
3036.481717,73,74,0.02,1,0.02,17
3036.481717,72,75,0.06,3,0.02,17
3036.481717,71,76,0.1,5,0.02,17
3036.415719,61,71,0.3,10,0.03,17
3036.415719,60,72,0.36,12,0.03,17
3036.21234,56,76,0.6,20,0.03,17
3036.21234,55,77,0.66,22,0.03,17
3036.078937,57,78,0.59,21,0.028095238,17
3036.078937,56,78,0.63,22,0.028636364,17
3036.054768,59,74,0.43,15,0.028666667,17
3035.832319,61,73,0.34,12,0.028333333,17
3035.832319,58,76,0.51,18,0.028333333,17
3035.596679,60,80,0.56,20,0.028,17
3035.596679,56,85,0.81,29,0.027931034,17
3035.451086,51,61,0.33,10,0.033,17
3035.096458,56,89,0.86,33,0.026060606,17
3035.096458,55,91,0.93,36,0.025833333,17
3035.062477,54,90,0.97,36,0.026944444,17
3034.665991,34,57,0.83,23,0.036086957,17
3034.635943,35,60,0.83,25,0.0332,17
3034.528307,50,83,0.98,33,0.02969697,17
3034.190518,41,73,0.87,32,0.0271875,17
3033.678387,58,85,0.72,27,0.026666667,17
3033.507529,58,78,0.54,20,0.027,17
3033.507529,56,81,0.67,25,0.0268,17
3032.683588,34,61,0.94,27,0.034814815,17
3032.631234,61,73,0.35,12,0.029166667,17
3032.628397,60,74,0.41,14,0.029285714,17
3032.575434,36,56,0.71,20,0.0355,17
3032.50433,50,85,0.99,35,0.028285714,17
3032.401287,61,66,0.12,5,0.024,17
3032.303309,61,79,0.5,18,0.027777778,17
3032.303309,57,84,0.75,27,0.027777778,17
3031.76889,33,53,0.83,20,0.0415,17
3031.65334,61,75,0.39,14,0.027857143,17
3031.285677,59,76,0.49,17,0.028823529,17
3031.285677,58,77,0.55,19,0.028947368,17
3030.846327,39,69,0.98,30,0.032666667,17
3030.574898,62,73,0.31,11,0.028181818,17
3030.393402,38,53,0.54,15,0.036,17
3030.250165,59,77,0.5,18,0.027777778,17
3030.167811,37,64,0.93,27,0.034444444,17
3030.061662,45,47,0.07,2,0.035,17
3030.061662,44,48,0.14,4,0.035,17
3029.910067,55,85,0.85,30,0.028333333,17
3029.910067,53,88,0.98,35,0.028,17
3029.856374,44,71,0.87,27,0.032222222,17
3029.82078,52,86,0.9,34,0.026470588,17
3029.797074,54,91,0.97,37,0.026216216,17
3029.754442,50,63,0.3,13,0.023076923,17
3029.746028,55,89,0.89,34,0.026176471,17
3029.729025,64,70,0.17,6,0.028333333,17
3029.673688,51,85,0.95,34,0.027941176,17
3029.599393,55,84,0.83,29,0.02862069,17
3029.599393,54,86,0.91,32,0.0284375,17
3029.599393,53,87,0.97,34,0.028529412,17
3029.097835,42,73,0.99,31,0.031935484,17
3029.063289,43,73,0.76,30,0.025333333,17
3029.046825,35,62,0.91,27,0.033703704,17
3028.881114,42,52,0.36,10,0.036,17
3028.799354,58,79,0.58,21,0.027619048,17
3028.752608,52,81,0.86,29,0.029655172,17
3028.670535,35,51,0.6,16,0.0375,17
3027.998458,44,67,0.68,23,0.029565217,17
3027.908008,56,79,0.67,23,0.029130435,17
3027.569458,44,72,0.88,28,0.031428571,17
3027.121313,38,60,0.8,22,0.036363636,17
3027.020688,36,51,0.55,15,0.036666667,17
3026.509957,54,85,0.89,31,0.028709677,17
3026.409959,54,85,0.82,31,0.026451613,17
3026.291116,43,71,0.71,28,0.025357143,17
3026.250461,51,60,0.29,9,0.032222222,17
3025.786238,56,87,0.83,31,0.026774194,17
3025.786238,54,90,0.96,36,0.026666667,17
3025.642511,52,66,0.39,14,0.027857143,17
3025.543481,35,58,0.81,23,0.035217391,17
3025.444397,65,74,0.25,9,0.027777778,17
3025.444397,60,80,0.55,20,0.0275,17
3024.932419,62,80,0.4,18,0.022222222,17
3024.588681,51,78,0.93,27,0.034444444,17
3024.276028,36,53,0.59,17,0.034705882,17
3024.145315,47,67,0.63,20,0.0315,17
3023.525605,62,75,0.35,13,0.026923077,17
3023.496317,57,82,0.71,25,0.0284,17
3023.496317,57,83,0.73,26,0.028076923,17
3023.496317,56,84,0.79,28,0.028214286,17
3023.456524,42,71,0.8,29,0.027586207,17
3023.423646,47,66,0.48,19,0.025263158,17
3023.41561,55,84,0.82,29,0.028275862,17
3023.18628,61,77,0.46,16,0.02875,17
3023.18628,60,78,0.52,18,0.028888889,17
3023.18628,59,80,0.6,21,0.028571429,17
3023.18628,56,83,0.77,27,0.028518519,17
3022.964027,44,53,0.32,9,0.035555556,17
3022.722544,43,72,0.92,29,0.031724138,17
3021.886431,47,64,0.54,17,0.031764706,17
3021.837192,56,88,0.85,32,0.0265625,17
3021.834365,59,84,0.67,25,0.0268,17
3021.834365,57,86,0.78,29,0.026896552,17
3021.834365,55,89,0.91,34,0.026764706,17
3021.629843,42,69,0.95,27,0.035185185,17
3021.121606,40,49,0.31,9,0.034444444,17
3020.965965,38,58,0.74,20,0.037,17
3020.79117,59,75,0.47,16,0.029375,17
3020.590845,53,86,0.87,33,0.026363636,17
3020.332278,54,85,0.88,31,0.028387097,17
3020.26521,36,54,0.65,18,0.036111111,17
3020.196808,48,62,0.36,14,0.025714286,17
3020.177459,47,70,0.7,23,0.030434783,17
3019.940302,48,64,0.53,16,0.033125,17
3019.820214,53,88,0.99,35,0.028285714,17
3019.516212,52,86,0.91,34,0.026764706,17
3019.510542,58,81,0.66,23,0.028695652,17
3017.27216,45,68,0.63,23,0.027391304,17
3017.132439,58,82,0.67,24,0.027916667,17
3017.132439,54,87,0.92,33,0.027878788,17
3016.980218,54,82,0.76,28,0.027142857,17
3016.958402,63,73,0.27,10,0.027,17
3016.958402,59,78,0.51,19,0.026842105,17
3016.958402,56,82,0.69,26,0.026538462,17
3016.742632,51,82,0.92,31,0.029677419,17
3016.737326,52,88,0.94,36,0.026111111,17
3016.488598,61,72,0.33,11,0.03,17
3016.488598,60,73,0.39,13,0.03,17
3016.488598,59,74,0.45,15,0.03,17
3016.488598,58,75,0.51,17,0.03,17
3016.134669,55,85,0.84,30,0.028,17
3015.923487,46,69,0.73,23,0.03173913,17
3015.774831,39,60,0.74,21,0.035238095,17
3015.490738,52,58,0.2,6,0.033333333,17
3015.434393,42,48,0.21,6,0.035,17
3015.278901,42,56,0.49,14,0.035,17
3015.248062,54,91,0.96,37,0.025945946,17
3014.768391,47,67,0.5,20,0.025,17
3014.669919,36,56,0.76,20,0.038,17
3014.558483,52,85,0.89,33,0.026969697,17
3014.558483,51,87,0.96,36,0.026666667,17
3013.796463,41,77,0.94,36,0.026111111,17
3013.757626,44,46,0.07,2,0.035,17
3013.757626,43,47,0.14,4,0.035,17
3013.675664,62,72,0.29,10,0.029,17
3013.040693,58,83,0.69,25,0.0276,17
3013.040693,55,87,0.88,32,0.0275,17
3012.842068,40,51,0.38,11,0.034545455,17
3012.799585,38,51,0.45,13,0.034615385,17
3012.646329,41,66,0.72,25,0.0288,17
3012.538804,39,56,0.61,17,0.035882353,17
3012.258361,40,74,0.93,34,0.027352941,17
3012.246089,63,70,0.21,7,0.03,17
3012.246089,62,71,0.27,9,0.03,17
3011.885736,45,51,0.22,6,0.036666667,17
3011.823809,39,52,0.51,13,0.039230769,17
3011.749693,48,85,0.81,37,0.021891892,17
3011.603218,54,74,0.69,20,0.0345,17
3011.603218,53,75,0.76,22,0.034545455,17
3011.603218,52,76,0.83,24,0.034583333,17
3011.440451,35,59,0.91,24,0.037916667,17
3011.230604,36,59,0.86,23,0.037391304,17
3010.913616,53,84,0.83,31,0.026774194,17
3010.440127,47,65,0.51,18,0.028333333,17
3010.426613,35,57,0.85,22,0.038636364,17
3010.394678,57,87,0.8,30,0.026666667,17
3010.394678,56,88,0.86,32,0.026875,17
3010.20448,55,95,0.98,40,0.0245,17
3009.999496,57,89,0.83,32,0.0259375,17
3009.892138,50,64,0.35,14,0.025,17
3009.749032,48,66,0.56,18,0.031111111,17
3009.747075,45,69,0.6,24,0.025,17
3009.747075,44,70,0.65,26,0.025,17
3009.021479,58,86,0.74,28,0.026428571,17
3009.005237,62,64,0.07,2,0.035,17
3009.005237,61,65,0.14,4,0.035,17
3009.005237,60,66,0.21,6,0.035,17
3009.005237,59,67,0.28,8,0.035,17
3009.005237,58,68,0.35,10,0.035,17
3009.005237,57,69,0.42,12,0.035,17
3009.005237,56,70,0.49,14,0.035,17
3008.981018,56,80,0.69,24,0.02875,17
3008.981018,55,81,0.75,26,0.028846154,17
3008.811534,49,64,0.41,15,0.027333333,17
3008.675612,43,51,0.29,8,0.03625,17
3008.578482,61,75,0.38,14,0.027142857,17
3008.36369,37,59,0.71,22,0.032272727,17
3007.989065,48,63,0.49,15,0.032666667,17
3007.774522,40,53,0.44,13,0.033846154,17
3007.748907,52,87,0.92,35,0.026285714,17
3007.663341,37,52,0.55,15,0.036666667,17
3007.613869,35,56,0.76,21,0.036190476,17
3007.586958,44,69,0.69,25,0.0276,17
3007.410604,38,56,0.64,18,0.035555556,17
3007.289513,65,67,0.06,2,0.03,17
3007.289513,64,68,0.12,4,0.03,17
3007.289513,63,69,0.18,6,0.03,17
3007.289513,62,70,0.24,8,0.03,17
3007.060839,39,75,0.99,36,0.0275,17
3006.853004,57,82,0.72,25,0.0288,17
3006.853004,55,85,0.86,30,0.028666667,17
3006.802302,54,87,0.9,33,0.027272727,17
3006.742704,57,64,0.18,7,0.025714286,17
3006.678697,54,83,0.78,29,0.026896552,17
3006.678697,53,85,0.85,32,0.0265625,17
3006.413746,42,48,0.23,6,0.038333333,17
3006.265096,41,57,0.56,16,0.035,17
3006.16493,36,64,0.99,28,0.035357143,17
3005.935646,54,86,0.9,32,0.028125,17
3005.935646,53,87,0.96,34,0.028235294,17
3005.741834,34,63,0.92,29,0.031724138,17
3005.19568,35,61,0.85,26,0.032692308,17
3004.948767,37,60,0.82,23,0.035652174,17
3004.451286,56,86,0.81,30,0.027,17
3004.333231,38,55,0.67,17,0.039411765,17
3004.294386,57,79,0.63,22,0.028636364,17
3004.20765,56,83,0.76,27,0.028148148,17
3003.957647,33,58,0.95,25,0.038,17
3003.888096,55,90,0.93,35,0.026571429,17
3003.888096,54,91,0.99,37,0.026756757,17
3003.198795,38,47,0.35,9,0.038888889,17
3003.15418,55,70,0.53,15,0.035333333,17
3003.083441,58,76,0.53,18,0.029444444,17
3003.083441,57,77,0.59,20,0.0295,17
3003.074512,32,55,0.95,23,0.041304348,17
3003.040978,54,84,0.8,30,0.026666667,17
3003.023686,56,84,0.78,28,0.027857143,17
3002.975672,49,84,0.76,35,0.021714286,17
3002.785024,46,67,0.53,21,0.025238095,17
3002.596278,47,86,0.86,39,0.022051282,17
3002.386461,32,55,0.9,23,0.039130435,17
3001.771707,41,53,0.45,12,0.0375,17
3001.418122,42,71,0.99,29,0.034137931,17
3001.402483,46,71,0.76,25,0.0304,17
3001.354048,66,67,0.03,1,0.03,17
3001.354048,65,68,0.09,3,0.03,17
3001.354048,64,69,0.15,5,0.03,17
3000.950232,53,71,0.56,18,0.031111111,17
3000.892062,46,67,0.69,21,0.032857143,17
3000.560909,42,55,0.47,13,0.036153846,17
3000.48762,45,70,0.64,25,0.0256,17
3000.259779,36,49,0.55,13,0.042307692,17
3000.202786,52,80,0.84,28,0.03,17
3000.130009,44,72,0.89,28,0.031785714,17
2999.9055,59,82,0.63,23,0.027391304,17
2999.9055,56,86,0.82,30,0.027333333,17
2999.87442,39,53,0.56,14,0.04,17
2999.27686,38,59,0.74,21,0.035238095,17
2999.173357,40,47,0.26,7,0.037142857,17
2999.00179,53,89,0.97,36,0.026944444,17
2998.734415,44,54,0.35,10,0.035,17
2998.734415,43,55,0.42,12,0.035,17
2998.094118,32,62,0.98,30,0.032666667,17
2998.055086,36,58,0.84,22,0.038181818,17
2997.95417,43,73,0.93,30,0.031,17
2997.953584,55,92,0.94,37,0.025405405,17
2997.885877,55,85,0.83,30,0.027666667,17
2997.885877,53,88,0.96,35,0.027428571,17
2997.883072,57,82,0.7,25,0.028,17
2997.883072,57,83,0.72,26,0.027692308,17
2997.883072,55,86,0.85,31,0.027419355,17
2997.883072,54,86,0.89,32,0.0278125,17
2997.883072,53,87,0.95,34,0.027941176,17
2997.352138,56,93,0.91,37,0.024594595,17
2997.352138,55,94,0.96,39,0.024615385,17
2997.273455,55,90,0.92,35,0.026285714,17
2997.27065,54,91,0.98,37,0.026486486,17
2997.080447,57,85,0.76,28,0.027142857,17
2996.985023,44,70,0.83,26,0.031923077,17
2996.961002,55,71,0.56,16,0.035,17
2996.961002,54,72,0.63,18,0.035,17
2996.961002,53,73,0.7,20,0.035,17
2996.497298,34,58,0.8,24,0.033333333,17
2996.448743,46,87,0.91,41,0.022195122,17
2995.625101,51,67,0.45,16,0.028125,17
2995.433834,60,75,0.43,15,0.028666667,17
2995.31214,58,65,0.22,7,0.031428571,17
2994.863691,48,86,0.82,38,0.021578947,17
2994.844639,38,55,0.61,17,0.035882353,17
2994.827747,55,84,0.81,29,0.027931034,17
2994.827747,53,87,0.94,34,0.027647059,17
2994.824944,54,85,0.87,31,0.028064516,17
2994.576368,40,53,0.46,13,0.035384615,17
2994.531969,39,50,0.38,11,0.034545455,17
2994.329475,41,73,0.88,32,0.0275,17
2994.079274,49,65,0.4,16,0.025,17
2993.990058,40,50,0.41,10,0.041,17
2993.889441,57,71,0.31,14,0.022142857,17
2993.308789,43,46,0.11,3,0.036666667,17
2993.165921,50,86,0.75,36,0.020833333,17
2992.928861,41,72,0.87,31,0.028064516,17
2992.881279,33,56,0.82,23,0.035652174,17
2992.25674,45,70,0.78,25,0.0312,17
2992.227241,60,86,0.66,26,0.025384615,17
2992.227241,59,88,0.73,29,0.025172414,17
2992.102784,35,51,0.68,16,0.0425,17
2992.021183,66,77,0.24,11,0.021818182,17
2991.823338,50,60,0.26,10,0.026,17
2991.267782,56,69,0.46,13,0.035384615,17
2990.988611,38,51,0.48,13,0.036923077,17
2990.824369,32,56,0.96,24,0.04,17
2990.791522,56,89,0.87,33,0.026363636,17
2990.717465,53,59,0.14,6,0.023333333,17
2990.67516,46,68,0.7,22,0.031818182,17
2990.67516,45,69,0.76,24,0.031666667,17
2990.300994,83,99,0.05,16,0.003125,17
2990.066397,33,60,0.91,27,0.033703704,17
2989.750313,34,59,0.82,25,0.0328,17
2989.486227,41,72,0.9,31,0.029032258,17
2989.475321,55,88,0.9,33,0.027272727,17
2989.469008,68,75,0.15,7,0.021428571,17
2989.44006,43,70,0.91,27,0.033703704,17
2989.44006,42,71,0.98,29,0.033793103,17
2989.225495,65,78,0.28,13,0.021538462,17
2989.224361,54,86,0.92,32,0.02875,17
2989.224361,53,87,0.98,34,0.028823529,17
2989.200948,43,73,0.95,30,0.031666667,17
2989.133066,58,80,0.63,22,0.028636364,17
2988.98633,53,86,0.95,33,0.028787879,17
2988.947007,41,71,0.88,30,0.029333333,17
2988.835425,34,62,0.91,28,0.0325,17
2988.807116,44,72,0.86,28,0.030714286,17
2988.680228,37,54,0.65,17,0.038235294,17
2988.666757,59,79,0.58,20,0.029,17
2988.666757,58,80,0.64,22,0.029090909,17
2988.666757,57,81,0.7,24,0.029166667,17
2988.666757,56,83,0.78,27,0.028888889,17
2988.666757,55,84,0.84,29,0.028965517,17
2988.666757,54,85,0.9,31,0.029032258,17
2988.519343,53,68,0.39,15,0.026,17
2988.406215,42,73,0.8,31,0.025806452,17
2988.388984,41,48,0.24,7,0.034285714,17
2988.249389,45,52,0.25,7,0.035714286,17
2987.762038,38,61,0.83,23,0.036086957,17
2987.434331,37,59,0.78,22,0.035454545,17
2986.992542,48,84,0.8,36,0.022222222,17
2986.761365,63,80,0.37,17,0.021764706,17
2986.392497,61,85,0.61,24,0.025416667,17
2986.267049,38,58,0.72,20,0.036,17
2986.083577,57,81,0.69,24,0.02875,17
2986.034852,45,53,0.28,8,0.035,17
2985.919859,47,66,0.52,19,0.027368421,17
2985.901548,44,67,0.8,23,0.034782609,17
2985.749961,36,55,0.73,19,0.038421053,17
2985.643147,45,70,0.8,25,0.032,17
2985.617728,56,82,0.76,26,0.029230769,17
2985.617728,53,86,0.96,33,0.029090909,17
2985.268083,43,68,0.87,25,0.0348,17
2985.234771,38,65,0.91,27,0.033703704,17
2985.069339,46,68,0.71,22,0.032272727,17
2984.904241,55,90,0.91,35,0.026,17
2984.703681,55,68,0.41,13,0.031538462,17
2984.622504,38,52,0.58,14,0.041428571,17
2984.585529,46,83,0.88,37,0.023783784,17
2984.321612,59,79,0.57,20,0.0285,17
2984.270712,54,92,0.98,38,0.025789474,17
2984.240176,43,74,0.98,31,0.031612903,17
2984.235986,39,52,0.45,13,0.034615385,17
2984.235986,38,53,0.52,15,0.034666667,17
2984.051603,37,58,0.74,21,0.035238095,17
2983.570569,43,72,0.94,29,0.032413793,17
2983.562091,44,73,0.91,29,0.03137931,17
2983.263505,51,73,0.55,22,0.025,17
2983.08847,53,64,0.27,11,0.024545455,17
2982.913232,59,90,0.76,31,0.024516129,17
2982.913232,58,91,0.81,33,0.024545455,17
2982.882794,53,86,0.94,33,0.028484848,17
2982.764361,32,55,0.93,23,0.040434783,17
2982.586384,40,59,0.68,19,0.035789474,17
2982.289609,34,60,0.9,26,0.034615385,17
2982.154389,35,62,0.93,27,0.034444444,17
2982.151,44,69,0.84,25,0.0336,17
2981.88027,34,61,0.89,27,0.032962963,17
2981.840145,40,74,0.95,34,0.027941176,17
2981.632305,38,53,0.58,15,0.038666667,17
2981.585749,47,65,0.59,18,0.032777778,17
2981.384316,33,55,0.88,22,0.04,17
2981.243587,66,76,0.22,10,0.022,17
2981.194661,51,65,0.41,14,0.029285714,17
2981.079075,53,88,0.94,35,0.026857143,17
2981.037835,51,77,0.91,26,0.035,17
2980.955212,45,72,0.82,27,0.03037037,17
2980.856668,35,56,0.81,21,0.038571429,17
2980.831642,38,68,0.11,30,0.003666667,17
2980.545998,53,88,0.97,35,0.027714286,17
2980.53895,47,69,0.54,22,0.024545455,17
2980.481223,33,60,0.89,27,0.032962963,17
2980.476972,54,73,0.66,19,0.034736842,17
2980.476972,53,74,0.73,21,0.034761905,17
2980.476972,52,75,0.8,23,0.034782609,17
2979.901691,54,66,0.32,12,0.026666667,17
2979.66194,56,61,0.12,5,0.024,17
2979.596026,48,83,0.79,35,0.022571429,17
2979.408353,49,77,0.99,28,0.035357143,17
2978.875049,54,92,0.99,38,0.026052632,17
2978.78233,50,66,0.47,16,0.029375,17
2978.413157,38,53,0.59,15,0.039333333,17
2978.036515,40,51,0.44,11,0.04,17
2977.702027,34,61,0.9,27,0.033333333,17
2977.639232,35,62,0.95,27,0.035185185,17
2976.698875,45,72,0.84,27,0.031111111,17
2976.677772,45,65,0.52,20,0.026,17
2976.404113,59,80,0.59,21,0.028095238,17
2975.764767,38,57,0.67,19,0.035263158,17
2975.55425,42,58,0.55,16,0.034375,17
2975.442621,54,87,0.91,33,0.027575758,17
2975.202305,46,69,0.71,23,0.030869565,17
2975.07004,43,74,0.97,31,0.031290323,17
2974.565551,34,56,0.75,22,0.034090909,17
2974.565551,33,57,0.82,24,0.034166667,17
2974.527231,51,76,0.87,25,0.0348,17
2974.470951,56,68,0.29,12,0.024166667,17
2974.214081,56,92,0.9,36,0.025,17
2973.546972,44,72,0.87,28,0.031071429,17
2973.494948,42,70,0.8,28,0.028571429,17
2973.21533,54,90,0.95,36,0.026388889,17
2973.039187,45,70,0.79,25,0.0316,17
2972.668747,49,82,0.74,33,0.022424242,17
2972.639862,53,89,0.98,36,0.027222222,17
2972.477752,52,86,0.98,34,0.028823529,17
2972.313093,50,66,0.39,16,0.024375,17
2972.30205,49,64,0.48,15,0.032,17
2972.229567,53,87,0.93,34,0.027352941,17
2971.884728,50,88,0.78,38,0.020526316,17
2971.622388,39,64,0.84,25,0.0336,17
2971.455369,41,71,0.87,30,0.029,17
2971.156386,35,61,0.91,26,0.035,17
2970.921492,43,69,0.88,26,0.033846154,17
2970.880729,37,53,0.58,16,0.03625,17
2970.838882,48,67,0.59,19,0.031052632,17
2970.511496,41,50,0.36,9,0.04,17
2970.289637,34,52,0.68,18,0.037777778,17
2969.422035,34,61,0.93,27,0.034444444,17
2969.376687,42,54,0.39,12,0.0325,17
2969.000134,43,60,0.51,17,0.03,17
2968.999648,44,74,0.93,30,0.031,17
2968.961969,44,69,0.81,25,0.0324,17
2968.959404,44,73,0.88,29,0.030344828,17
2968.95505,49,65,0.5,16,0.03125,17
2968.764029,40,50,0.39,10,0.039,17
2968.725699,64,71,0.2,7,0.028571429,17
2968.241444,51,82,0.93,31,0.03,17
2968.241444,50,83,0.99,33,0.03,17
2967.946077,32,56,0.97,24,0.040416667,17
2967.903439,49,66,0.53,17,0.031176471,17
2967.897349,43,75,0.99,32,0.0309375,17
2967.842656,43,73,0.96,30,0.032,17
2967.761654,33,59,0.88,26,0.033846154,17
2967.671441,56,69,0.31,13,0.023846154,17
2967.458732,43,70,0.74,27,0.027407407,17
2967.42521,40,73,0.93,33,0.028181818,17
2967.303493,36,61,0.79,25,0.0316,17
2967.258637,46,68,0.55,22,0.025,17
2967.217507,34,59,0.89,25,0.0356,17
2967.086247,40,69,0.93,29,0.032068966,17
2967.064327,35,62,0.88,27,0.032592593,17
2966.601257,43,68,0.79,25,0.0316,17
2966.595769,52,76,0.55,24,0.022916667,17
2966.058059,40,52,0.48,12,0.04,17
2965.695184,61,78,0.48,17,0.028235294,17
2965.695184,60,79,0.54,19,0.028421053,17
2965.683748,53,58,0.12,5,0.024,17
2964.97561,40,46,0.23,6,0.038333333,17
2964.764611,43,73,0.94,30,0.031333333,17
2964.738206,53,63,0.29,10,0.029,17
2964.497368,34,60,0.96,26,0.036923077,17
2964.383264,33,59,0.87,26,0.033461538,17
2964.297732,53,84,0.87,31,0.028064516,17
2964.297732,52,85,0.93,33,0.028181818,17
2964.297732,51,86,0.99,35,0.028285714,17
2964.228671,43,69,0.76,26,0.029230769,17
2964.119055,48,62,0.45,14,0.032142857,17
2964.042387,42,50,0.31,8,0.03875,17
2963.583963,36,64,0.97,28,0.034642857,17
2963.242413,46,67,0.58,21,0.027619048,17
2962.76528,40,58,0.64,18,0.035555556,17
2962.401013,45,74,0.91,29,0.03137931,17
2962.261273,48,69,0.64,21,0.03047619,17
2962.195026,52,84,0.87,32,0.0271875,17
2962.127082,45,69,0.78,24,0.0325,17
2962.111308,44,69,0.63,25,0.0252,17
2962.079155,51,67,0.39,16,0.024375,17
2962.072933,51,52,0.03,1,0.03,17
2962.072933,50,53,0.09,3,0.03,17
2962.072933,49,54,0.15,5,0.03,17
2962.072933,48,55,0.21,7,0.03,17
2962.070661,37,55,0.7,18,0.038888889,17
2961.635289,52,63,0.34,11,0.030909091,17
2961.603331,49,83,0.75,34,0.022058824,17
2961.597527,38,48,0.42,10,0.042,17
2961.589074,44,71,0.69,27,0.025555556,17
2961.503728,36,52,0.63,16,0.039375,17
2961.446647,52,64,0.35,12,0.029166667,17
2961.357724,34,61,0.92,27,0.034074074,17
2961.024929,36,56,0.69,20,0.0345,17
2960.9867,90,93,0.01,3,0.003333333,17
2960.558215,54,80,0.78,26,0.03,17
2959.85131,50,75,0.9,25,0.036,17
2959.844388,52,59,0.23,7,0.032857143,17
2959.600378,36,61,0.81,25,0.0324,17
2959.128219,44,71,0.85,27,0.031481481,17
2959.092556,45,71,0.8,26,0.030769231,17
2958.994256,51,65,0.34,14,0.024285714,17
2958.553107,50,82,0.7,32,0.021875,17
2958.43726,51,81,0.66,30,0.022,17
2958.197606,38,59,0.75,21,0.035714286,17
2958.195548,46,69,0.72,23,0.031304348,17
2958.12596,49,67,0.44,18,0.024444444,17
2958.0843,37,54,0.66,17,0.038823529,17
2957.930594,33,58,0.9,25,0.036,17
2957.924492,40,72,0.94,32,0.029375,17
2957.913386,51,81,0.91,30,0.030333333,17
2957.913386,50,82,0.97,32,0.0303125,17
2957.697251,60,62,0.05,2,0.025,17
2957.697251,59,63,0.1,4,0.025,17
