% profit,ema1,ema2,threshold,diff,thresh / diff,ID
3454.640252,61,66,0.17,5,0.034,58
3433.834882,57,70,0.45,13,0.034615385,58
3404.685365,43,72,0.71,29,0.024482759,58
3404.462058,55,73,0.62,18,0.034444444,58
3393.366978,55,73,0.61,18,0.033888889,58
3387.132459,60,67,0.24,7,0.034285714,58
3373.305007,42,73,0.76,31,0.024516129,58
3367.709795,58,69,0.38,11,0.034545455,58
3361.565329,59,68,0.31,9,0.034444444,58
3359.262548,56,72,0.54,16,0.03375,58
3353.364141,43,71,0.86,28,0.030714286,58
3348.422939,57,72,0.5,15,0.033333333,58
3339.787361,42,73,0.94,31,0.030322581,58
3339.486938,51,64,0.34,13,0.026153846,58
3338.446317,42,73,0.95,31,0.030645161,58
3334.041182,57,71,0.47,14,0.033571429,58
3332.147411,54,74,0.68,20,0.034,58
3332.029859,56,72,0.55,16,0.034375,58
3331.126335,41,54,0.47,13,0.036153846,58
3330.954465,43,72,0.88,29,0.030344828,58
3329.415589,57,71,0.48,14,0.034285714,58
3327.013265,56,73,0.57,17,0.033529412,58
3323.630953,52,77,0.85,25,0.034,58
3323.630953,51,78,0.92,27,0.034074074,58
3322.986886,53,76,0.78,23,0.033913043,58
3321.868777,60,68,0.27,8,0.03375,58
3303.312062,58,70,0.41,12,0.034166667,58
3286.738974,43,77,0.88,34,0.025882353,58
3282.711703,55,74,0.64,19,0.033684211,58
3282.711703,54,75,0.71,21,0.033809524,58
3279.682402,42,79,0.95,37,0.025675676,58
3278.499647,40,55,0.55,15,0.036666667,58
3272.177483,44,70,0.8,26,0.030769231,58
3270.233931,43,51,0.29,8,0.03625,58
3268.540707,53,75,0.75,22,0.034090909,58
3268.480703,52,76,0.82,24,0.034166667,58
3261.902182,59,69,0.34,10,0.034,58
3258.997036,61,75,0.43,14,0.030714286,58
3258.035739,66,82,0.43,16,0.026875,58
3257.981282,38,62,0.83,24,0.034583333,58
3250.177428,72,83,0.2,11,0.018181818,58
3250.063944,44,70,0.64,26,0.024615385,58
3249.609883,43,51,0.3,8,0.0375,58
3246.580498,47,66,0.59,19,0.031052632,58
3243.963961,43,55,0.42,12,0.035,58
3242.598601,60,78,0.53,18,0.029444444,58
3242.598601,59,79,0.59,20,0.0295,58
3239.400822,43,71,0.87,28,0.031071429,58
3233.646264,54,85,0.9,31,0.029032258,58
3231.351135,43,71,0.69,28,0.024642857,58
3230.086376,70,77,0.19,7,0.027142857,58
3229.752523,54,60,0.16,6,0.026666667,58
3229.631036,38,57,0.69,19,0.036315789,58
3224.953299,41,53,0.44,12,0.036666667,58
3224.876276,45,69,0.74,24,0.030833333,58
3221.57096,65,76,0.32,11,0.029090909,58
3217.713366,43,71,0.7,28,0.025,58
3216.01994,45,49,0.15,4,0.0375,58
3213.346538,55,84,0.84,29,0.028965517,58
3210.204652,62,80,0.52,18,0.028888889,58
3210.050857,42,72,0.75,30,0.025,58
3209.016723,44,54,0.35,10,0.035,58
3208.344617,58,72,0.46,14,0.032857143,58
3207.024589,44,70,0.81,26,0.031153846,58
3206.416719,37,59,0.79,22,0.035909091,58
3205.432885,53,86,0.97,33,0.029393939,58
3202.055101,38,61,0.81,23,0.035217391,58
3201.077847,62,73,0.34,11,0.030909091,58
3200.260885,55,84,0.85,29,0.029310345,58
3199.10577,48,67,0.5,19,0.026315789,58
3198.659429,40,55,0.54,15,0.036,58
3196.220801,63,79,0.46,16,0.02875,58
3194.111676,54,85,0.91,31,0.029354839,58
3192.567428,47,65,0.45,18,0.025,58
3186.825184,61,88,0.72,27,0.026666667,58
3184.097151,62,87,0.66,25,0.0264,58
3181.938051,63,86,0.6,23,0.026086957,58
3180.985573,40,59,0.66,19,0.034736842,58
3180.675861,49,66,0.45,17,0.026470588,58
3180.124189,41,57,0.56,16,0.035,58
3177.55916,68,80,0.32,12,0.026666667,58
3177.056182,53,87,0.97,34,0.028529412,58
3176.535064,35,63,0.98,28,0.035,58
3176.292928,43,70,0.68,27,0.025185185,58
3174.754653,52,63,0.29,11,0.026363636,58
3174.752853,42,56,0.49,14,0.035,58
3174.742755,37,63,0.91,26,0.035,58
3174.089283,53,87,0.96,34,0.028235294,58
3173.075416,54,75,0.72,21,0.034285714,58
3172.399785,40,76,0.93,36,0.025833333,58
3170.90733,36,61,0.89,25,0.0356,58
3169.92684,44,53,0.32,9,0.035555556,58
3168.79653,55,74,0.65,19,0.034210526,58
3167.031711,43,54,0.35,11,0.031818182,58
3166.306599,56,73,0.58,17,0.034117647,58
3165.633956,57,72,0.51,15,0.034,58
3165.374517,42,74,0.97,32,0.0303125,58
3164.748988,36,60,0.86,24,0.035833333,58
3163.129898,46,67,0.66,21,0.031428571,58
3162.996345,37,62,0.89,25,0.0356,58
3162.039319,53,77,0.81,24,0.03375,58
3162.027984,45,68,0.73,23,0.03173913,58
3161.981211,52,78,0.88,26,0.033846154,58
3161.981211,51,79,0.95,28,0.033928571,58
3160.935641,70,78,0.21,8,0.02625,58
3160.935641,67,81,0.37,14,0.026428571,58
3160.351757,60,70,0.33,10,0.033,58
3159.824764,60,75,0.47,15,0.031333333,58
3158.836579,39,56,0.61,17,0.035882353,58
3158.202475,66,91,0.45,25,0.018,58
3155.533225,51,80,0.98,29,0.033793103,58
3154.260905,52,60,0.25,8,0.03125,58
3153.397063,37,59,0.82,22,0.037272727,58
3152.516166,65,83,0.48,18,0.026666667,58
3152.516166,63,85,0.59,22,0.026818182,58
3152.516166,60,89,0.77,29,0.026551724,58
3152.07487,42,79,0.93,37,0.025135135,58
3150.419346,43,72,0.89,29,0.030689655,58
3149.77247,63,93,0.55,30,0.018333333,58
3149.363886,58,92,0.89,34,0.026176471,58
3149.008469,45,68,0.57,23,0.024782609,58
3147.670354,56,83,0.78,27,0.028888889,58
3146.890984,63,72,0.28,9,0.031111111,58
3146.890984,59,76,0.53,17,0.031176471,58
3146.774825,58,92,0.9,34,0.026470588,58
3145.666411,63,66,0.1,3,0.033333333,58
3145.666411,60,69,0.3,9,0.033333333,58
3145.530404,64,84,0.54,20,0.027,58
3144.714407,35,62,0.96,27,0.035555556,58
3143.942964,52,65,0.31,13,0.023846154,58
3143.791485,67,89,0.4,22,0.018181818,58
3140.834807,58,71,0.44,13,0.033846154,58
3140.834807,55,75,0.67,20,0.0335,58
3140.485777,51,80,0.97,29,0.033448276,58
3140.199451,42,52,0.37,10,0.037,58
3140.037762,68,87,0.35,19,0.018421053,58
3139.818451,54,76,0.74,22,0.033636364,58
3139.481038,59,75,0.51,16,0.031875,58
3139.481038,57,77,0.64,20,0.032,58
3139.481038,55,79,0.77,24,0.032083333,58
3138.358923,58,86,0.71,28,0.025357143,58
3137.00361,57,73,0.53,16,0.033125,58
3134.614736,56,74,0.6,18,0.033333333,58
3134.604363,67,88,0.39,21,0.018571429,58
3133.046545,70,84,0.26,14,0.018571429,58
3132.649355,40,55,0.56,15,0.037333333,58
3130.219897,57,78,0.66,21,0.031428571,58
3129.677945,54,92,0.95,38,0.025,58
3129.616207,43,54,0.39,11,0.035454545,58
3129.389942,66,88,0.41,22,0.018636364,58
3129.04737,60,74,0.44,14,0.031428571,58
3129.04737,58,76,0.57,18,0.031666667,58
3128.551249,37,63,0.89,26,0.034230769,58
3128.392206,50,65,0.4,15,0.026666667,58
3128.121462,63,71,0.25,8,0.03125,58
3127.607827,38,58,0.72,20,0.036,58
3127.593649,56,89,0.83,33,0.025151515,58
3127.593649,55,90,0.88,35,0.025142857,58
3127.384618,48,65,0.53,17,0.031176471,58
3126.652913,64,91,0.5,27,0.018518519,58
3126.566673,65,89,0.45,24,0.01875,58
3126.37223,40,54,0.52,14,0.037142857,58
3126.308732,40,75,0.93,35,0.026571429,58
3126.111878,53,78,0.84,25,0.0336,58
3126.111878,52,79,0.91,27,0.033703704,58
3125.334494,70,86,0.29,16,0.018125,58
3124.069709,40,54,0.54,14,0.038571429,58
3123.817938,39,60,0.72,21,0.034285714,58
3123.817938,38,61,0.79,23,0.034347826,58
3123.325042,57,87,0.77,30,0.025666667,58
3123.325042,55,90,0.89,35,0.025428571,58
3123.138411,69,86,0.31,17,0.018235294,58
3122.940489,43,69,0.85,26,0.032692308,58
3122.635512,64,71,0.22,7,0.031428571,58
3122.513427,53,86,0.96,33,0.029090909,58
3121.717504,56,74,0.61,18,0.033888889,58
3121.678146,62,71,0.29,9,0.032222222,58
3121.630969,41,81,0.99,40,0.02475,58
3121.418537,62,67,0.17,5,0.034,58
3120.931369,38,56,0.68,18,0.037777778,58
3120.921458,58,73,0.49,15,0.032666667,58
3120.254373,45,52,0.22,7,0.031428571,58
3119.678623,36,64,0.99,28,0.035357143,58
3119.235946,61,77,0.47,16,0.029375,58
3118.878951,36,63,0.97,27,0.035925926,58
3118.730282,45,68,0.72,23,0.031304348,58
3118.4419,67,81,0.38,14,0.027142857,58
3118.4419,65,83,0.49,18,0.027222222,58
3118.4419,61,88,0.73,27,0.027037037,58
3118.406328,39,60,0.74,21,0.035238095,58
3117.309709,53,62,0.24,9,0.026666667,58
3115.681134,41,53,0.45,12,0.0375,58
3115.532031,53,92,0.99,39,0.025384615,58
3113.486587,64,92,0.51,28,0.018214286,58
3113.222507,57,93,0.96,36,0.026666667,58
3113.082889,44,50,0.22,6,0.036666667,58
3112.668091,41,74,0.82,33,0.024848485,58
3112.112913,38,62,0.84,24,0.035,58
3111.588408,64,70,0.19,6,0.031666667,58
3111.477338,39,56,0.63,17,0.037058824,58
3111.0936,39,55,0.6,16,0.0375,58
3110.890086,36,65,0.99,29,0.034137931,58
3109.808261,63,86,0.59,23,0.025652174,58
3108.979264,54,77,0.77,23,0.033478261,58
3108.63064,47,70,0.59,23,0.025652174,58
3106.904278,66,89,0.43,23,0.018695652,58
3106.656004,69,85,0.3,16,0.01875,58
3106.220294,50,62,0.38,12,0.031666667,58
3105.947775,37,58,0.77,21,0.036666667,58
3105.70487,59,91,0.83,32,0.0259375,58
3105.433234,42,76,0.81,34,0.023823529,58
3103.948289,57,73,0.54,16,0.03375,58
3103.513563,65,91,0.48,26,0.018461538,58
3103.017908,53,89,0.97,36,0.026944444,58
3102.033277,43,77,0.89,34,0.026176471,58
3101.958006,44,69,0.62,25,0.0248,58
3101.344846,59,70,0.37,11,0.033636364,58
3100.542821,48,68,0.52,20,0.026,58
3099.237445,35,61,0.97,26,0.037307692,58
3098.956992,54,91,0.93,37,0.025135135,58
3098.956992,53,92,0.98,39,0.025128205,58
3098.808475,48,65,0.42,17,0.024705882,58
3098.708887,55,76,0.69,21,0.032857143,58
3098.356004,46,71,0.66,25,0.0264,58
3097.989085,49,62,0.33,13,0.025384615,58
3097.934081,58,81,0.67,23,0.029130435,58
3097.934081,57,82,0.73,25,0.0292,58
3097.934081,56,83,0.79,27,0.029259259,58
3097.64303,65,90,0.47,25,0.0188,58
3097.226653,46,67,0.67,21,0.031904762,58
3097.068352,40,58,0.64,18,0.035555556,58
3096.898211,59,71,0.4,12,0.033333333,58
3096.553913,52,79,0.9,27,0.033333333,58
3095.458055,54,61,0.18,7,0.025714286,58
3095.294286,61,87,0.71,26,0.027307692,58
3095.294286,59,90,0.84,31,0.027096774,58
3094.993984,68,79,0.3,11,0.027272727,58
3094.993984,66,81,0.41,15,0.027333333,58
3094.993984,62,86,0.65,24,0.027083333,58
3094.830484,43,68,0.84,25,0.0336,58
3094.726258,56,87,0.81,31,0.026129032,58
3094.726258,55,89,0.87,34,0.025588235,58
3094.726258,55,89,0.88,34,0.025882353,58
3094.726258,54,90,0.92,36,0.025555556,58
3094.726258,54,90,0.93,36,0.025833333,58
3094.726258,53,91,0.98,38,0.025789474,58
3094.672759,45,69,0.59,24,0.024583333,58
3094.476018,61,73,0.38,12,0.031666667,58
3094.367404,42,70,0.93,28,0.033214286,58
3094.04949,41,53,0.46,12,0.038333333,58
3093.996067,37,63,0.94,26,0.036153846,58
3093.6598,48,69,0.54,21,0.025714286,58
3093.020647,61,71,0.32,10,0.032,58
3092.478352,38,57,0.7,19,0.036842105,58
3092.374287,52,61,0.28,9,0.031111111,58
3092.27109,60,83,0.66,23,0.028695652,58
3092.019973,62,72,0.32,10,0.032,58
3091.265981,64,83,0.51,19,0.026842105,58
3091.265981,62,86,0.64,24,0.026666667,58
3091.265981,59,90,0.82,31,0.026451613,58
3090.371011,71,84,0.24,13,0.018461538,58
3090.068764,57,83,0.73,26,0.028076923,58
3090.002532,67,75,0.23,8,0.02875,58
3088.502002,46,50,0.13,4,0.0325,58
3087.973168,36,59,0.86,23,0.037391304,58
3087.916735,63,68,0.17,5,0.034,58
3087.893056,49,64,0.47,15,0.031333333,58
3087.893056,47,66,0.6,19,0.031578947,58
3087.492279,63,85,0.6,22,0.027272727,58
3087.446465,56,78,0.7,22,0.031818182,58
3087.360936,54,76,0.75,22,0.034090909,58
3087.294431,66,77,0.31,11,0.028181818,58
3086.917291,64,85,0.54,21,0.025714286,58
3086.664771,60,92,0.66,32,0.020625,58
3086.239411,44,67,0.78,23,0.033913043,58
3086.073137,61,72,0.35,11,0.031818182,58
3085.774919,41,57,0.57,16,0.035625,58
3085.412844,56,88,0.83,32,0.0259375,58
3085.250824,60,73,0.42,13,0.032307692,58
3084.639464,56,88,0.82,32,0.025625,58
3084.639464,54,91,0.94,37,0.025405405,58
3084.145977,63,70,0.23,7,0.032857143,58
3083.259319,53,59,0.19,6,0.031666667,58
3083.208803,42,73,0.77,31,0.02483871,58
3083.159837,36,63,0.93,27,0.034444444,58
3082.772606,38,57,0.71,19,0.037368421,58
3082.72168,66,90,0.44,24,0.018333333,58
3082.550657,36,60,0.89,24,0.037083333,58
3082.382813,35,99,0.12,64,0.001875,58
3082.375171,55,86,0.86,31,0.027741935,58
3082.166113,36,64,0.96,28,0.034285714,58
3082.155523,64,87,0.48,23,0.020869565,58
3081.832747,57,92,0.95,35,0.027142857,58
3080.770805,59,73,0.45,14,0.032142857,58
3080.558394,62,68,0.2,6,0.033333333,58
3080.444027,62,90,0.56,28,0.02,58
3080.173311,35,62,0.97,27,0.035925926,58
3080.149863,54,86,0.93,32,0.0290625,58
3079.560941,58,72,0.47,14,0.033571429,58
3079.560941,56,75,0.63,19,0.033157895,58
3079.560941,55,76,0.7,21,0.033333333,58
3079.289035,73,81,0.15,8,0.01875,58
3079.02193,42,72,0.96,30,0.032,58
3078.900249,44,52,0.29,8,0.03625,58
3078.261359,61,69,0.27,8,0.03375,58
3077.998833,46,67,0.52,21,0.024761905,58
3077.939334,63,84,0.57,21,0.027142857,58
3077.678937,40,51,0.42,11,0.038181818,58
3077.330897,36,59,0.87,23,0.037826087,58
3077.315174,58,75,0.55,17,0.032352941,58
3076.603294,49,67,0.47,18,0.026111111,58
3076.43314,59,71,0.41,12,0.034166667,58
3076.030984,54,87,0.92,33,0.027878788,58
3076.030984,53,88,0.98,35,0.028,58
3075.802179,57,74,0.56,17,0.032941176,58
3075.365821,59,73,0.47,14,0.033571429,58
3075.244582,37,61,0.84,24,0.035,58
3074.966433,61,82,0.6,21,0.028571429,58
3074.894332,70,83,0.25,13,0.019230769,58
3074.877732,57,93,0.94,36,0.026111111,58
3074.069004,59,90,0.83,31,0.026774194,58
3073.795104,67,80,0.35,13,0.026923077,58
3073.795104,60,88,0.75,28,0.026785714,58
3073.458472,54,77,0.76,23,0.033043478,58
3072.423119,35,98,0.14,63,0.002222222,58
3072.280594,54,77,0.78,23,0.033913043,58
3072.157453,61,91,0.77,30,0.025666667,58
3072.095188,65,66,0.03,1,0.03,58
3072.095188,64,67,0.09,3,0.03,58
3072.095188,63,68,0.15,5,0.03,58
3072.095188,62,69,0.21,7,0.03,58
3072.095188,61,70,0.27,9,0.03,58
3072.095188,60,71,0.33,11,0.03,58
3072.095188,59,72,0.39,13,0.03,58
3071.850524,40,59,0.65,19,0.034210526,58
3071.615702,55,87,0.86,32,0.026875,58
3070.968862,61,74,0.35,13,0.026923077,58
3070.968862,59,76,0.46,17,0.027058824,58
3070.719118,61,87,0.69,26,0.026538462,58
3070.719118,61,88,0.71,27,0.026296296,58
3070.719118,58,91,0.87,33,0.026363636,58
3070.469079,57,86,0.76,29,0.026206897,58
3070.44091,41,50,0.34,9,0.037777778,58
3070.413198,48,85,0.78,37,0.021081081,58
3070.406217,60,89,0.78,29,0.026896552,58
3070.184647,71,82,0.21,11,0.019090909,58
3069.864182,55,76,0.71,21,0.033809524,58
3069.508072,52,62,0.27,10,0.027,58
3069.386218,42,50,0.3,8,0.0375,58
3068.320877,46,71,0.65,25,0.026,58
3068.219712,45,52,0.25,7,0.035714286,58
3068.198558,50,66,0.42,16,0.02625,58
3068.064486,43,71,0.88,28,0.031428571,58
3067.684089,70,85,0.28,15,0.018666667,58
3067.590064,37,58,0.78,21,0.037142857,58
3067.497797,68,86,0.34,18,0.018888889,58
3067.476703,65,82,0.46,17,0.027058824,58
3067.108564,64,84,0.52,20,0.026,58
3066.254575,54,86,0.92,32,0.02875,58
3066.254575,53,87,0.98,34,0.028823529,58
3066.092217,63,88,0.52,25,0.0208,58
3066.077476,63,69,0.2,6,0.033333333,58
3066.070527,67,87,0.38,20,0.019,58
3064.938167,69,74,0.14,5,0.028,58
3064.870191,50,77,0.95,27,0.035185185,58
3064.38561,38,60,0.79,22,0.035909091,58
3063.886062,56,77,0.68,21,0.032380952,58
3063.819119,44,52,0.26,8,0.0325,58
3063.684087,42,56,0.5,14,0.035714286,58
3063.157696,39,56,0.62,17,0.036470588,58
3062.868282,37,61,0.88,24,0.036666667,58
3062.549385,39,59,0.72,20,0.036,58
3062.480409,37,63,0.92,26,0.035384615,58
3062.276135,65,92,0.49,27,0.018148148,58
3062.23257,68,79,0.29,11,0.026363636,58
3062.23257,65,82,0.45,17,0.026470588,58
3062.182669,47,66,0.47,19,0.024736842,58
3062.089045,66,84,0.38,18,0.021111111,58
3061.864294,64,68,0.13,4,0.0325,58
3061.864294,62,70,0.26,8,0.0325,58
3061.830032,44,67,0.77,23,0.033478261,58
3061.612079,70,80,0.21,10,0.021,58
3061.400634,69,82,0.32,13,0.024615385,58
3061.400634,67,84,0.42,17,0.024705882,58
3061.061099,40,59,0.67,19,0.035263158,58
3060.602766,36,60,0.87,24,0.03625,58
3060.220802,37,62,0.87,25,0.0348,58
3059.834209,64,69,0.16,5,0.032,58
3059.773765,69,84,0.29,15,0.019333333,58
3059.156416,53,73,0.71,20,0.0355,58
3059.064159,58,91,0.89,33,0.026969697,58
3058.922024,39,76,0.99,37,0.026756757,58
3058.330975,36,97,0.12,61,0.001967213,58
3058.218912,39,60,0.76,21,0.036190476,58
3057.554566,68,88,0.37,20,0.0185,58
3057.551255,71,77,0.16,6,0.026666667,58
3057.388765,64,78,0.4,14,0.028571429,58
3057.267118,48,64,0.51,16,0.031875,58
3057.257988,38,60,0.8,22,0.036363636,58
3057.11684,35,62,0.99,27,0.036666667,58
3056.953262,53,78,0.83,25,0.0332,58
3056.878506,51,82,0.93,31,0.03,58
3056.829752,58,95,0.74,37,0.02,58
3056.728204,68,80,0.31,12,0.025833333,58
3056.569121,50,76,0.95,26,0.036538462,58
3056.355154,57,78,0.57,21,0.027142857,58
3056.270821,69,79,0.26,10,0.026,58
3056.089665,36,62,0.91,26,0.035,58
3056.027275,48,68,0.53,20,0.0265,58
3055.991447,59,94,0.89,35,0.025428571,58
3055.544803,65,83,0.47,18,0.026111111,58
3055.544803,62,86,0.63,24,0.02625,58
3055.544803,62,87,0.65,25,0.026,58
3055.544803,61,88,0.7,27,0.025925926,58
3055.544803,59,90,0.81,31,0.026129032,58
3055.544803,58,92,0.88,34,0.025882353,58
3055.538568,48,64,0.4,16,0.025,58
3055.093264,74,81,0.13,7,0.018571429,58
3055.045813,38,61,0.8,23,0.034782609,58
3054.560442,60,89,0.76,29,0.026206897,58
3054.499898,37,58,0.79,21,0.037619048,58
3054.406786,53,64,0.26,11,0.023636364,58
3053.58256,61,91,0.62,30,0.020666667,58
3053.503323,71,75,0.11,4,0.0275,58
3053.503323,69,77,0.22,8,0.0275,58
3053.30455,56,85,0.8,29,0.027586207,58
3053.180396,47,69,0.58,22,0.026363636,58
3052.925577,60,89,0.79,29,0.027241379,58
3052.716978,46,51,0.18,5,0.036,58
3052.636396,62,90,0.71,28,0.025357143,58
3052.31377,35,61,0.98,26,0.037692308,58
3052.267622,61,68,0.24,7,0.034285714,58
3052.210893,36,64,0.97,28,0.034642857,58
3052.015591,65,79,0.39,14,0.027857143,58
3052.015591,62,82,0.56,20,0.028,58
3051.961882,59,74,0.48,15,0.032,58
3051.478133,53,90,0.98,37,0.026486486,58
3051.411512,72,75,0.08,3,0.026666667,58
3051.411512,69,78,0.24,9,0.026666667,58
3051.411512,66,81,0.4,15,0.026666667,58
3051.411512,66,82,0.42,16,0.02625,58
3051.411512,64,84,0.53,20,0.0265,58
3051.411512,63,85,0.58,22,0.026363636,58
3051.411512,60,88,0.74,28,0.026428571,58
3051.080428,52,81,0.87,29,0.03,58
3050.582423,63,89,0.64,26,0.024615385,58
3050.137464,64,86,0.58,22,0.026363636,58
3049.626718,41,56,0.54,15,0.036,58
3049.614922,67,79,0.33,12,0.0275,58
3049.614922,65,81,0.44,16,0.0275,58
3049.387439,50,64,0.38,14,0.027142857,58
3048.70806,63,84,0.58,21,0.027619048,58
3048.441801,41,58,0.58,17,0.034117647,58
3048.435895,40,76,0.94,36,0.026111111,58
3048.426818,60,84,0.61,24,0.025416667,58
3048.394979,56,84,0.81,28,0.028928571,58
3048.394979,54,87,0.95,33,0.028787879,58
3048.310185,37,63,0.9,26,0.034615385,58
3048.150025,54,88,0.92,34,0.027058824,58
3048.078603,42,55,0.47,13,0.036153846,58
3048.028676,42,72,0.74,30,0.024666667,58
3047.498376,66,85,0.39,19,0.020526316,58
3046.974155,57,82,0.72,25,0.0288,58
3046.974155,56,84,0.8,28,0.028571429,58
3046.974155,55,85,0.86,30,0.028666667,58
3046.974155,54,86,0.91,32,0.0284375,58
3046.974155,53,88,0.99,35,0.028285714,58
3046.773417,60,92,0.83,32,0.0259375,58
3046.461069,60,74,0.45,14,0.032142857,58
3046.356666,57,97,0.98,40,0.0245,58
3046.306601,46,51,0.16,5,0.032,58
3045.800186,71,80,0.22,9,0.024444444,58
3045.800186,70,81,0.27,11,0.024545455,58
3044.895372,35,61,0.95,26,0.036538462,58
3044.867579,47,70,0.6,23,0.026086957,58
3044.86384,51,75,0.85,24,0.035416667,58
3044.686758,56,89,0.84,33,0.025454545,58
3044.628603,59,94,0.69,35,0.019714286,58
3044.028651,43,71,0.89,28,0.031785714,58
3044.014537,39,58,0.69,19,0.036315789,58
3044.008852,53,87,0.99,34,0.029117647,58
3043.601218,63,87,0.63,24,0.02625,58
3043.566642,46,68,0.68,22,0.030909091,58
3043.522445,40,58,0.65,18,0.036111111,58
3043.179709,42,70,0.94,28,0.033571429,58
3042.752089,44,75,0.82,31,0.026451613,58
3042.657311,59,85,0.66,26,0.025384615,58
3042.49996,58,93,0.91,35,0.026,58
3042.411842,55,75,0.68,20,0.034,58
3042.398801,50,75,0.91,25,0.0364,58
3041.867786,64,84,0.55,20,0.0275,58
3041.674325,66,88,0.42,22,0.019090909,58
3041.648906,48,63,0.38,15,0.025333333,58
3041.517651,38,62,0.82,24,0.034166667,58
3041.347406,52,74,0.78,22,0.035454545,58
3040.995797,55,77,0.65,22,0.029545455,58
3040.943463,60,72,0.35,12,0.029166667,58
3040.943463,59,73,0.41,14,0.029285714,58
3040.41486,57,93,0.97,36,0.026944444,58
3040.120723,47,64,0.43,17,0.025294118,58
3039.493967,35,61,0.96,26,0.036923077,58
3039.314035,57,59,0.05,2,0.025,58
3039.314035,56,60,0.1,4,0.025,58
3039.243271,39,58,0.67,19,0.035263158,58
3039.143148,38,53,0.58,15,0.038666667,58
3039.089204,58,73,0.5,15,0.033333333,58
3038.901624,39,75,0.95,36,0.026388889,58
3038.593379,55,87,0.88,32,0.0275,58
3038.467061,65,86,0.44,21,0.020952381,58
3038.356323,69,86,0.32,17,0.018823529,58
3037.960505,57,88,0.78,31,0.02516129,58
3037.88404,65,75,0.29,10,0.029,58
3037.726312,61,87,0.7,26,0.026923077,58
3037.726312,59,89,0.81,30,0.027,58
3037.726312,58,91,0.88,33,0.026666667,58
3037.726312,57,93,0.95,36,0.026388889,58
3037.342927,69,80,0.29,11,0.026363636,58
3037.342927,66,83,0.45,17,0.026470588,58
3037.332336,58,95,0.94,37,0.025405405,58
3037.332336,57,96,0.99,39,0.025384615,58
3037.027278,41,55,0.52,14,0.037142857,58
3036.398686,55,85,0.87,30,0.029,58
3036.281679,55,77,0.72,22,0.032727273,58
3036.107273,58,95,0.95,37,0.025675676,58
3036.059433,42,54,0.44,12,0.036666667,58
3035.979013,44,51,0.25,7,0.035714286,58
3035.675565,60,93,0.83,33,0.025151515,58
3035.675565,59,94,0.88,35,0.025142857,58
3035.675565,58,96,0.95,38,0.025,58
3035.675565,58,97,0.96,39,0.024615385,58
3035.675565,57,97,0.99,40,0.02475,58
3035.344758,36,60,0.88,24,0.036666667,58
3034.847032,54,82,0.75,28,0.026785714,58
3034.847032,53,84,0.82,31,0.026451613,58
3034.847032,51,86,0.93,35,0.026571429,58
3034.679943,72,84,0.22,12,0.018333333,58
3034.649316,48,65,0.54,17,0.031764706,58
3034.307937,60,84,0.68,24,0.028333333,58
3033.767024,60,70,0.34,10,0.034,58
3033.732282,63,78,0.43,15,0.028666667,58
3033.658905,36,61,0.9,25,0.036,58
3033.615233,63,76,0.38,13,0.029230769,58
3033.615233,62,77,0.44,15,0.029333333,58
3033.609067,66,80,0.38,14,0.027142857,58
3033.609067,62,85,0.62,23,0.026956522,58
3033.597014,37,63,0.93,26,0.035769231,58
3033.486094,62,64,0.07,2,0.035,58
3033.486094,61,65,0.14,4,0.035,58
3033.486094,60,66,0.21,6,0.035,58
3033.486094,59,67,0.28,8,0.035,58
3033.486094,58,68,0.35,10,0.035,58
3033.486094,57,69,0.42,12,0.035,58
3033.201348,38,61,0.84,23,0.036521739,58
3033.061072,60,91,0.67,31,0.021612903,58
3032.807183,40,58,0.63,18,0.035,58
3032.806996,38,61,0.82,23,0.035652174,58
3032.786458,34,99,0.16,65,0.002461538,58
3032.084432,53,88,0.97,35,0.027714286,58
3031.741954,46,66,0.5,20,0.025,58
3031.656845,56,84,0.79,28,0.028214286,58
3031.656845,55,85,0.85,30,0.028333333,58
3030.874776,36,63,0.98,27,0.036296296,58
3030.807467,44,52,0.67,8,0.08375,58
3030.769263,63,85,0.61,22,0.027727273,58
3030.769263,60,89,0.8,29,0.027586207,58
3030.552704,60,93,0.81,33,0.024545455,58
3030.552452,45,67,0.56,22,0.025454545,58
3030.532732,49,84,0.74,35,0.021142857,58
3030.513618,59,93,0.72,34,0.021176471,58
3030.513618,58,94,0.76,36,0.021111111,58
3030.513618,57,96,0.82,39,0.021025641,58
3030.249168,58,91,0.9,33,0.027272727,58
3030.185977,68,82,0.35,14,0.025,58
3030.185977,67,83,0.4,16,0.025,58
3030.185977,66,84,0.45,18,0.025,58
3030.185977,66,85,0.47,19,0.024736842,58
3030.185977,65,86,0.52,21,0.024761905,58
3030.185977,64,87,0.57,23,0.024782609,58
3029.99546,40,75,0.94,35,0.026857143,58
3029.55087,53,82,0.81,29,0.027931034,58
3029.0923,39,60,0.75,21,0.035714286,58
3029.08021,61,87,0.72,26,0.027692308,58
3028.881209,54,87,0.94,33,0.028484848,58
3028.881209,54,88,0.96,34,0.028235294,58
3028.645371,54,97,0.93,43,0.021627907,58
3028.438818,47,68,0.56,21,0.026666667,58
3028.435826,68,78,0.28,10,0.028,58
3028.435826,64,83,0.53,19,0.027894737,58
3028.435826,62,85,0.64,23,0.027826087,58
3028.309629,39,60,0.73,21,0.034761905,58
3028.068147,63,81,0.51,18,0.028333333,58
3028.003776,53,89,0.98,36,0.027222222,58
3027.981935,57,85,0.75,28,0.026785714,58
3027.974348,72,82,0.19,10,0.019,58
3027.866813,59,94,0.86,35,0.024571429,58
3027.789677,42,72,0.93,30,0.031,58
3027.377095,69,87,0.33,18,0.018333333,58
3027.352717,42,73,0.96,31,0.030967742,58
3027.05972,38,59,0.78,21,0.037142857,58
3026.954668,67,83,0.34,16,0.02125,58
3026.886757,67,82,0.4,15,0.026666667,58
3026.612069,55,95,0.87,40,0.02175,58
3026.318658,58,96,0.93,38,0.024473684,58
3026.106692,56,76,0.6,20,0.03,58
3026.028502,53,90,0.95,37,0.025675676,58
3025.612179,51,81,0.91,30,0.030333333,58
3025.573442,55,78,0.75,23,0.032608696,58
3025.51186,57,96,0.81,39,0.020769231,58
3025.333731,54,79,0.81,25,0.0324,58
3025.296057,65,85,0.52,20,0.026,58
3025.296057,62,89,0.7,27,0.025925926,58
3025.296057,61,90,0.75,29,0.025862069,58
3025.245741,59,93,0.71,34,0.020882353,58
3025.049731,44,70,0.82,26,0.031538462,58
3024.656151,48,64,0.52,16,0.0325,58
3024.521185,63,80,0.44,17,0.025882353,58
3024.375437,38,59,0.77,21,0.036666667,58
3024.250941,39,52,0.5,13,0.038461538,58
3023.910122,52,81,0.95,29,0.032758621,58
3023.834847,64,88,0.59,24,0.024583333,58
3023.709122,37,59,0.81,22,0.036818182,58
3023.636245,62,88,0.66,26,0.025384615,58
3023.339252,45,68,0.58,23,0.025217391,58
3023.208477,49,66,0.41,17,0.024117647,58
3023.127939,39,77,0.99,38,0.026052632,58
3022.986808,62,81,0.54,19,0.028421053,58
3022.863954,57,80,0.61,23,0.026521739,58
3022.862197,36,60,0.9,24,0.0375,58
3022.84102,50,66,0.38,16,0.02375,58
3022.677529,50,63,0.41,13,0.031538462,58
3022.605982,60,88,0.77,28,0.0275,58
3022.389869,59,91,0.84,32,0.02625,58
3022.322983,65,78,0.37,13,0.028461538,58
3022.005729,62,95,0.61,33,0.018484848,58
3021.960477,64,85,0.56,21,0.026666667,58
3021.818866,54,87,0.91,33,0.027575758,58
3021.723384,39,59,0.73,20,0.0365,58
3021.458805,59,93,0.73,34,0.021470588,58
3020.971571,51,87,0.95,36,0.026388889,58
3020.883451,59,93,0.88,34,0.025882353,58
3020.817783,59,84,0.72,25,0.0288,58
3020.817783,58,85,0.78,27,0.028888889,58
3020.817783,56,88,0.92,32,0.02875,58
3020.812859,54,96,0.92,42,0.021904762,58
3020.555961,54,72,0.64,18,0.035555556,58
3020.453839,58,95,0.93,37,0.025135135,58
3020.411714,60,72,0.39,12,0.0325,58
3020.411714,58,74,0.52,16,0.0325,58
3020.411714,57,76,0.61,19,0.032105263,58
3020.411714,55,78,0.74,23,0.032173913,58
3020.344791,57,84,0.74,27,0.027407407,58
3020.156723,60,92,0.82,32,0.025625,58
3020.149148,53,89,0.99,36,0.0275,58
3020.124987,58,96,0.96,38,0.025263158,58
3020.04225,48,67,0.46,19,0.024210526,58
3020.001145,54,79,0.82,25,0.0328,58
3019.994983,58,76,0.5,18,0.027777778,58
3019.994983,57,77,0.56,20,0.028,58
3019.994983,56,79,0.63,23,0.027391304,58
3019.994983,55,80,0.69,25,0.0276,58
3019.344898,68,83,0.37,15,0.024666667,58
3019.163528,36,65,0.98,29,0.033793103,58
3018.689129,54,81,0.75,27,0.027777778,58
3018.363899,45,71,0.69,26,0.026538462,58
3018.228034,64,87,0.59,23,0.025652174,58
3018.228034,61,91,0.76,30,0.025333333,58
3018.209027,50,83,0.99,33,0.03,58
3018.202407,41,74,0.87,33,0.026363636,58
3018.110569,54,72,0.63,18,0.035,58
3018.083096,52,80,0.93,28,0.033214286,58
3017.836791,64,90,0.49,26,0.018846154,58
3017.665138,64,83,0.52,19,0.027368421,58
3017.665138,62,85,0.63,23,0.027391304,58
3017.665138,61,86,0.69,25,0.0276,58
3017.665138,59,89,0.82,30,0.027333333,58
3017.359563,38,60,0.81,22,0.036818182,58
3017.298404,63,89,0.65,26,0.025,58
3017.298404,60,94,0.83,34,0.024411765,58
3017.298404,58,97,0.95,39,0.024358974,58
3016.729679,43,73,0.91,30,0.030333333,58
3016.581352,61,92,0.77,31,0.02483871,58
3016.581352,60,93,0.82,33,0.024848485,58
3016.581352,59,95,0.89,36,0.024722222,58
3016.581352,58,96,0.94,38,0.024736842,58
3015.891511,57,79,0.59,22,0.026818182,58
3015.835557,62,93,0.58,31,0.018709677,58
3015.613372,45,69,0.75,24,0.03125,58
3015.118578,55,81,0.7,26,0.026923077,58
3015.090625,60,83,0.6,23,0.026086957,58
3014.985718,58,74,0.47,16,0.029375,58
3014.69924,37,62,0.86,25,0.0344,58
3014.667254,45,59,0.46,14,0.032857143,58
3014.649902,67,74,0.2,7,0.028571429,58
3014.596303,61,72,0.36,11,0.032727273,58
3014.44514,47,62,0.48,15,0.032,58
3013.799056,68,75,0.2,7,0.028571429,58
3013.734451,49,65,0.44,16,0.0275,58
3013.503197,65,93,0.5,28,0.017857143,58
3013.373575,49,68,0.49,19,0.025789474,58
3013.358376,50,65,0.36,15,0.024,58
3013.05014,44,89,0.95,45,0.021111111,58
3013.011027,60,71,0.36,11,0.032727273,58
3013.011027,56,76,0.65,20,0.0325,58
3012.947263,60,91,0.78,31,0.02516129,58
3012.947263,59,93,0.85,34,0.025,58
3012.857378,63,90,0.65,27,0.024074074,58
3012.857378,62,91,0.7,29,0.024137931,58
3012.757356,55,77,0.66,22,0.03,58
3012.617945,66,87,0.5,21,0.023809524,58
3012.617945,65,88,0.55,23,0.023913043,58
3012.617945,64,89,0.6,25,0.024,58
3012.449911,45,67,0.71,22,0.032272727,58
3012.406351,60,94,0.82,34,0.024117647,58
3012.406351,59,95,0.87,36,0.024166667,58
3012.406351,59,96,0.88,37,0.023783784,58
3012.406351,58,97,0.94,39,0.024102564,58
3012.406351,57,98,0.99,41,0.024146341,58
3012.283118,49,60,0.35,11,0.031818182,58
3012.25429,53,98,0.98,45,0.021777778,58
3012.166953,58,98,0.95,40,0.02375,58
3012.091538,36,63,0.99,27,0.036666667,58
3011.432459,56,97,0.88,41,0.021463415,58
3011.008811,54,97,0.92,43,0.021395349,58
3011.008811,53,98,0.97,45,0.021555556,58
3011.008811,53,99,0.98,46,0.021304348,58
3010.983383,41,74,0.81,33,0.024545455,58
3010.982315,40,58,0.66,18,0.036666667,58
3010.982315,37,62,0.91,25,0.0364,58
3010.744773,62,80,0.51,18,0.028333333,58
3010.694606,53,60,0.22,7,0.031428571,58
3010.543868,59,81,0.62,22,0.028181818,58
3010.405906,54,83,0.77,29,0.026551724,58
3010.374911,45,73,0.75,28,0.026785714,58
3010.150834,56,86,0.77,30,0.025666667,58
3010.149438,42,49,0.27,7,0.038571429,58
3009.926986,49,65,0.39,16,0.024375,58
3009.9227,59,82,0.63,23,0.027391304,58
3009.9227,58,83,0.69,25,0.0276,58
3009.9227,56,86,0.82,30,0.027333333,58
3009.9227,55,87,0.87,32,0.0271875,58
3009.9227,54,88,0.93,34,0.027352941,58
3009.828369,58,82,0.68,24,0.028333333,58
3009.828369,57,83,0.74,26,0.028461538,58
3009.828369,56,85,0.82,29,0.028275862,58
3009.828369,55,86,0.88,31,0.028387097,58
3009.79504,37,59,0.8,22,0.036363636,58
3009.791541,56,76,0.67,20,0.0335,58
3009.694596,59,85,0.74,26,0.028461538,58
3009.694596,57,88,0.88,31,0.028387097,58
3009.559732,53,80,0.88,27,0.032592593,58
3009.47211,44,60,0.53,16,0.033125,58
3009.148227,51,61,0.25,10,0.025,58
3009.083168,70,76,0.16,6,0.026666667,58
3009.083168,67,79,0.32,12,0.026666667,58
3009.046557,50,84,0.98,34,0.028823529,58
3008.486928,36,63,0.94,27,0.034814815,58
3008.468842,63,89,0.67,26,0.025769231,58
3008.231647,71,79,0.21,8,0.02625,58
3008.231647,68,83,0.39,15,0.026,58
3008.229748,68,84,0.41,16,0.025625,58
3008.229748,67,84,0.44,17,0.025882353,58
3008.229748,67,85,0.46,18,0.025555556,58
3008.229748,67,86,0.48,19,0.025263158,58
3008.229748,66,87,0.53,21,0.025238095,58
3008.16768,61,89,0.74,28,0.026428571,58
3008.147224,38,59,0.75,21,0.035714286,58
3008.147224,37,60,0.82,23,0.035652174,58
3007.744465,41,75,0.83,34,0.024411765,58
3007.699489,58,86,0.72,28,0.025714286,58
3007.178763,64,92,0.52,28,0.018571429,58
3006.799261,44,71,0.83,27,0.030740741,58
3006.643813,49,76,0.99,27,0.036666667,58
3006.636207,56,71,0.52,15,0.034666667,58
3006.355322,60,90,0.78,30,0.026,58
3006.355322,60,91,0.8,31,0.025806452,58
3006.355322,59,92,0.85,33,0.025757576,58
3006.355322,59,93,0.87,34,0.025588235,58
3006.355322,58,93,0.9,35,0.025714286,58
3006.355322,58,94,0.92,36,0.025555556,58
3006.355322,57,94,0.95,37,0.025675676,58
3006.355322,57,94,0.96,37,0.025945946,58
3006.355322,57,95,0.97,38,0.025526316,58
3006.149684,60,92,0.67,32,0.0209375,58
3005.29606,65,84,0.5,19,0.026315789,58
3005.29606,63,86,0.61,23,0.026521739,58
3005.29606,62,88,0.68,26,0.026153846,58
3005.103355,53,90,0.99,37,0.026756757,58
3005.100206,65,81,0.43,16,0.026875,58
3005.000147,54,78,0.81,24,0.03375,58
3004.955149,59,90,0.85,31,0.027419355,58
3004.944079,38,65,0.9,27,0.033333333,58
3004.899303,35,99,0.13,64,0.00203125,58
3004.880839,62,90,0.69,28,0.024642857,58
3004.839088,56,86,0.81,30,0.027,58
3004.589635,63,93,0.56,30,0.018666667,58
3004.096085,35,62,0.98,27,0.036296296,58
3004.023201,57,75,0.59,18,0.032777778,58
3004.021055,47,60,0.32,13,0.024615385,58
3003.891318,60,88,0.76,28,0.027142857,58
3003.721322,64,75,0.32,11,0.029090909,58
3003.353251,61,81,0.57,20,0.0285,58
3003.280023,59,89,0.83,30,0.027666667,58
3003.254511,72,77,0.13,5,0.026,58
3003.254511,67,82,0.39,15,0.026,58
3003.254511,64,86,0.57,22,0.025909091,58
3002.854866,55,77,0.73,22,0.033181818,58
3002.702064,54,88,0.88,34,0.025882353,58
3002.640952,65,82,0.47,17,0.027647059,58
3002.640952,62,86,0.66,24,0.0275,58
3002.634984,55,77,0.74,22,0.033636364,58
3002.371349,53,79,0.86,26,0.033076923,58
3002.286462,61,89,0.73,28,0.026071429,58
3002.20528,61,93,0.77,32,0.0240625,58
3002.185305,58,94,0.77,36,0.021388889,58
3002.165888,65,86,0.53,21,0.025238095,58
3002.165888,62,90,0.7,28,0.025,58
3002.165888,61,91,0.75,30,0.025,58
3002.165888,58,95,0.92,37,0.024864865,58
3002.004616,59,84,0.65,25,0.026,58
3001.966667,62,92,0.72,30,0.024,58
3001.966667,61,94,0.78,33,0.023636364,58
3001.966667,60,95,0.83,35,0.023714286,58
3001.966667,59,97,0.89,38,0.023421053,58
3001.966667,58,99,0.95,41,0.023170732,58
3001.956792,44,69,0.79,25,0.0316,58
3001.843919,56,89,0.94,33,0.028484848,58
3001.732466,54,78,0.79,24,0.032916667,58
3001.452316,66,85,0.48,19,0.025263158,58
3001.452316,60,92,0.81,32,0.0253125,58
3001.452316,59,94,0.87,35,0.024857143,58
3001.205144,58,86,0.8,28,0.028571429,58
3000.931864,53,84,0.83,31,0.026774194,58
3000.831957,46,72,0.69,26,0.026538462,58
3000.743027,57,96,0.8,39,0.020512821,58
3000.662731,58,90,0.89,32,0.0278125,58
3000.662731,57,92,0.97,35,0.027714286,58
3000.612684,52,77,0.86,25,0.0344,58
3000.612684,51,78,0.93,27,0.034444444,58
3000.464695,61,70,0.3,9,0.033333333,58
2999.980301,44,86,0.93,42,0.022142857,58
2999.293601,61,92,0.76,31,0.024516129,58
2999.239876,57,75,0.53,18,0.029444444,58
2999.110423,58,73,0.51,15,0.034,58
2999.062673,56,78,0.62,22,0.028181818,58
2999.040395,54,61,0.17,7,0.024285714,58
2999.029829,62,91,0.71,29,0.024482759,58
2998.868053,41,56,0.48,15,0.032,58
2998.835102,44,73,0.81,29,0.027931034,58
2998.812885,39,57,0.64,18,0.035555556,58
2998.79146,63,90,0.66,27,0.024444444,58
2998.772973,55,85,0.8,30,0.026666667,58
2998.668687,38,60,0.77,22,0.035,58
2998.466069,44,69,0.63,25,0.0252,58
2998.402392,54,59,0.14,5,0.028,58
2998.309285,53,73,0.72,20,0.036,58
2998.309285,52,74,0.79,22,0.035909091,58
2998.096912,51,85,0.93,34,0.027352941,58
2998.002642,48,59,0.27,11,0.024545455,58
2997.687243,36,62,0.92,26,0.035384615,58
2997.571142,52,61,0.25,9,0.027777778,58
2997.314737,50,76,0.93,26,0.035769231,58
2997.229433,59,80,0.61,21,0.029047619,58
2997.192682,64,67,0.1,3,0.033333333,58
2996.775668,43,54,0.4,11,0.036363636,58
2996.538828,51,87,0.96,36,0.026666667,58
2996.52867,68,77,0.25,9,0.027777778,58
2995.96864,53,79,0.87,26,0.033461538,58
2995.96864,52,80,0.94,28,0.033571429,58
2995.922922,54,84,0.79,30,0.026333333,58
2995.563603,63,92,0.54,29,0.01862069,58
2995.428606,54,79,0.73,25,0.0292,58
2995.427181,61,91,0.61,30,0.020333333,58
2995.426826,57,87,0.86,30,0.028666667,58
2995.425725,52,89,0.99,37,0.026756757,58
2995.422919,54,82,0.76,28,0.027142857,58
2995.415229,65,86,0.43,21,0.02047619,58
2995.30419,56,70,0.49,14,0.035,58
2995.30419,55,71,0.56,16,0.035,58
2995.154612,54,90,0.96,36,0.026666667,58
2994.967901,61,86,0.7,25,0.028,58
2994.86903,63,88,0.53,25,0.0212,58
2994.755836,62,89,0.57,27,0.021111111,58
2994.691859,55,86,0.87,31,0.028064516,58
2994.474653,68,78,0.27,10,0.027,58
2994.474653,63,84,0.56,21,0.026666667,58
2994.394949,39,58,0.7,19,0.036842105,58
2994.376081,59,72,0.43,13,0.033076923,58
2994.2473,57,92,0.96,35,0.027428571,58
2994.170757,67,80,0.36,13,0.027692308,58
2994.157826,53,83,0.82,30,0.027333333,58
2994.107039,46,66,0.64,20,0.032,58
2993.980006,54,87,0.93,33,0.028181818,58
2993.980006,54,88,0.95,34,0.027941176,58
2993.381078,67,83,0.42,16,0.02625,58
2993.297645,53,80,0.79,27,0.029259259,58
2993.297645,52,81,0.85,29,0.029310345,58
2993.088464,70,80,0.26,10,0.026,58
2992.862786,52,84,0.88,32,0.0275,58
2992.862786,51,85,0.94,34,0.027647059,58
2992.859832,47,68,0.55,21,0.026190476,58
2992.811901,51,76,0.87,25,0.0348,58
2992.701371,59,72,0.44,13,0.033846154,58
2992.372732,42,55,0.48,13,0.036923077,58
2992.333734,43,62,0.62,19,0.032631579,58
2992.316897,65,81,0.45,16,0.028125,58
2992.212915,56,70,0.5,14,0.035714286,58
2991.643436,62,89,0.56,27,0.020740741,58
2991.400064,54,89,0.92,35,0.026285714,58
2991.031755,59,84,0.66,25,0.0264,58
2990.966219,62,76,0.37,14,0.026428571,58
2990.953962,57,95,0.98,38,0.025789474,58
2990.718022,62,69,0.23,7,0.032857143,58
2990.656188,57,84,0.75,27,0.027777778,58
2990.656188,56,85,0.81,29,0.027931034,58
2990.656188,54,88,0.94,34,0.027647059,58
2990.622222,42,72,0.95,30,0.031666667,58
2990.437573,44,66,0.69,22,0.031363636,58
2990.349612,57,75,0.54,18,0.03,58
2990.194266,60,92,0.68,32,0.02125,58
2990.025901,56,71,0.53,15,0.035333333,58
2989.945263,55,87,0.89,32,0.0278125,58
2989.882844,71,85,0.26,14,0.018571429,58
2989.778435,58,94,0.93,36,0.025833333,58
2989.724556,54,78,0.72,24,0.03,58
2989.724556,53,79,0.78,26,0.03,58
2989.643477,57,96,0.98,39,0.025128205,58
2989.632222,37,62,0.9,25,0.036,58
2989.495656,59,80,0.55,21,0.026190476,58
2989.482727,58,84,0.7,26,0.026923077,58
2989.412278,65,74,0.26,9,0.028888889,58
2989.4119,56,84,0.74,28,0.026428571,58
2989.302662,72,79,0.18,7,0.025714286,58
2989.286288,47,69,0.53,22,0.024090909,58
2989.109149,43,53,0.37,10,0.037,58
2988.970533,63,91,0.53,28,0.018928571,58
2988.970533,62,92,0.57,30,0.019,58
2988.8726,65,87,0.54,22,0.024545455,58
2988.855587,67,89,0.41,22,0.018636364,58
2988.72913,45,85,0.88,40,0.022,58
2988.635013,66,86,0.49,20,0.0245,58
2988.557842,50,62,0.3,12,0.025,58
2988.149998,71,78,0.18,7,0.025714286,58
2988.149998,65,85,0.51,20,0.0255,58
2987.966897,54,71,0.61,17,0.035882353,58
2987.933743,58,91,0.92,33,0.027878788,58
2987.715913,48,62,0.45,14,0.032142857,58
2987.697296,50,54,0.13,4,0.0325,58
2987.697296,48,56,0.26,8,0.0325,58
2987.566572,39,57,0.67,18,0.037222222,58
2987.537158,68,89,0.38,21,0.018095238,58
2987.469457,54,87,0.86,33,0.026060606,58
2987.469457,52,89,0.97,37,0.026216216,58
2987.43965,68,82,0.36,14,0.025714286,58
2987.43965,67,83,0.41,16,0.025625,58
2987.43965,66,83,0.44,17,0.025882353,58
2987.43965,66,84,0.46,18,0.025555556,58
2987.43965,65,84,0.49,19,0.025789474,58
2987.43965,63,87,0.62,24,0.025833333,58
2987.43965,63,88,0.64,25,0.0256,58
2987.43965,62,88,0.67,26,0.025769231,58
2987.43965,62,89,0.69,27,0.025555556,58
2987.43965,61,89,0.72,28,0.025714286,58
2987.43965,61,90,0.74,29,0.025517241,58
2987.43965,60,91,0.79,31,0.025483871,58
2987.43965,59,92,0.84,33,0.025454545,58
2986.943632,67,91,0.43,24,0.017916667,58
2986.88506,57,76,0.62,19,0.032631579,58
2986.796677,55,96,0.87,41,0.021219512,58
2986.633883,59,90,0.86,31,0.027741935,58
2986.365613,62,79,0.49,17,0.028823529,58
2986.117085,57,93,0.98,36,0.027222222,58
2985.634255,55,84,0.78,29,0.026896552,58
2985.294774,49,63,0.35,14,0.025,58
2985.218621,58,75,0.56,17,0.032941176,58
2985.130435,71,86,0.27,15,0.018,58
2985.085743,43,70,0.67,27,0.024814815,58
2985.059815,61,86,0.68,25,0.0272,58
2984.892703,52,60,0.2,8,0.025,58
2984.68305,47,65,0.58,18,0.032222222,58
2984.643313,53,98,0.96,45,0.021333333,58
2984.595821,61,91,0.74,30,0.024666667,58
2984.576264,38,59,0.74,21,0.035238095,58
2983.775914,46,69,0.71,23,0.030869565,58
2983.395567,68,81,0.34,13,0.026153846,58
2983.395567,64,85,0.55,21,0.026190476,58
2983.159769,68,85,0.33,17,0.019411765,58
2983.12959,65,69,0.11,4,0.0275,58
2983.12959,63,71,0.22,8,0.0275,58
2982.909269,64,93,0.53,29,0.018275862,58
2982.872382,69,74,0.13,5,0.026,58
2982.872382,64,79,0.39,15,0.026,58
2982.872382,61,82,0.55,21,0.026190476,58
2982.826696,67,77,0.28,10,0.028,58
2982.593824,42,73,0.97,31,0.031290323,58
2982.529818,55,87,0.82,32,0.025625,58
2982.168235,41,56,0.55,15,0.036666667,58
2982.074866,52,60,0.26,8,0.0325,58
2982.074866,50,62,0.39,12,0.0325,58
2982.023594,59,73,0.46,14,0.032857143,58
2981.968788,54,85,0.84,31,0.027096774,58
2981.968788,53,86,0.9,33,0.027272727,58
2981.941437,60,78,0.48,18,0.026666667,58
2981.808993,63,91,0.54,28,0.019285714,58
2981.808993,62,92,0.58,30,0.019333333,58
2981.808993,61,93,0.62,32,0.019375,58
2981.721957,52,85,0.89,33,0.026969697,58
2981.698139,56,76,0.59,20,0.0295,58
2981.645544,43,70,0.77,27,0.028518519,58
2981.429496,52,84,0.87,32,0.0271875,58
2981.135888,66,80,0.39,14,0.027857143,58
2981.079028,60,92,0.65,32,0.0203125,58
2981.079028,59,93,0.69,34,0.020294118,58
2980.864548,53,88,0.93,35,0.026571429,58
2980.814209,54,74,0.69,20,0.0345,58
2980.814209,53,75,0.76,22,0.034545455,58
2980.684108,41,74,0.86,33,0.026060606,58
2980.564917,40,74,0.85,34,0.025,58
2980.547395,44,68,0.61,24,0.025416667,58
2980.526404,60,80,0.56,20,0.028,58
2980.487801,58,81,0.61,23,0.026521739,58
2980.024786,70,75,0.14,5,0.028,58
2980.024786,64,82,0.5,18,0.027777778,58
2979.906938,59,94,0.9,35,0.025714286,58
2979.698426,47,68,0.51,21,0.024285714,58
2979.560989,44,69,0.81,25,0.0324,58
2979.522362,41,73,0.8,32,0.025,58
2979.447613,65,89,0.6,24,0.025,58
2979.417913,42,70,0.92,28,0.032857143,58
2979.198483,56,83,0.72,27,0.026666667,58
2978.894394,58,95,0.75,37,0.02027027,58
2978.723691,53,72,0.69,19,0.036315789,58
2978.348837,36,64,0.98,28,0.035,58
2978.227185,47,66,0.61,19,0.032105263,58
2978.081706,53,83,0.83,30,0.027666667,58
2978.05099,54,81,0.74,27,0.027407407,58
2978.05099,53,82,0.8,29,0.027586207,58
2977.750326,55,86,0.8,31,0.025806452,58
2977.750326,54,87,0.85,33,0.025757576,58
2977.750326,52,89,0.96,37,0.025945946,58
2977.677941,37,61,0.87,24,0.03625,58
2977.668908,53,80,0.89,27,0.032962963,58
2977.335622,48,67,0.55,19,0.028947368,58
2977.331582,61,83,0.62,22,0.028181818,58
2977.186169,37,67,0.98,30,0.032666667,58
2977.002025,48,67,0.51,19,0.026842105,58
2976.865028,56,76,0.66,20,0.033,58
2976.716914,62,90,0.72,28,0.025714286,58
2976.690025,66,91,0.46,25,0.0184,58
2976.462154,53,88,0.91,35,0.026,58
2976.300136,52,83,0.87,31,0.028064516,58
2976.249276,61,90,0.62,29,0.02137931,58
2975.638217,45,51,0.22,6,0.036666667,58
2975.070326,64,86,0.47,22,0.021363636,58
2975.036677,64,80,0.45,16,0.028125,58
2974.800451,62,80,0.48,18,0.026666667,58
2974.791253,45,67,0.64,22,0.029090909,58
2974.420952,56,77,0.69,21,0.032857143,58
2974.380733,53,63,0.26,10,0.026,58
2974.097332,60,73,0.37,13,0.028461538,58
2974.097332,59,74,0.43,15,0.028666667,58
2974.016008,56,59,0.08,3,0.026666667,58
2973.878315,49,68,0.48,19,0.025263158,58
2973.853426,51,63,0.37,12,0.030833333,58
2973.583439,63,88,0.65,25,0.026,58
2973.570906,36,63,0.96,27,0.035555556,58
2973.157251,45,69,0.73,24,0.030416667,58
2972.99998,49,63,0.45,14,0.032142857,58
2972.906078,63,90,0.69,27,0.025555556,58
2972.906078,62,91,0.74,29,0.025517241,58
2972.871104,47,57,0.33,10,0.033,58
2972.341108,59,95,0.88,36,0.024444444,58
2972.337084,43,77,0.87,34,0.025588235,58
2972.054487,40,56,0.59,16,0.036875,58
2972.024784,55,60,0.12,5,0.024,58
2971.9812,69,80,0.28,11,0.025454545,58
2971.981056,55,79,0.68,24,0.028333333,58
2971.860796,58,85,0.71,27,0.026296296,58
2971.669605,45,50,0.18,5,0.036,58
2971.554143,42,56,0.44,14,0.031428571,58
2971.554143,40,59,0.59,19,0.031052632,58
2971.536096,64,86,0.56,22,0.025454545,58
2971.536096,64,87,0.58,23,0.025217391,58
2971.536096,63,87,0.61,24,0.025416667,58
2971.536096,63,88,0.63,25,0.0252,58
2971.536096,62,89,0.68,27,0.025185185,58
2971.536096,61,90,0.73,29,0.025172414,58
2971.536096,60,92,0.8,32,0.025,58
2971.513775,41,72,0.78,31,0.02516129,58
2971.30593,52,72,0.74,20,0.037,58
2971.243143,44,72,0.85,28,0.030357143,58
2971.00238,59,96,0.89,37,0.024054054,58
2970.936343,56,83,0.71,27,0.026296296,58
2970.936343,53,87,0.89,34,0.026176471,58
2970.873124,51,61,0.32,10,0.032,58
2970.82957,59,93,0.86,34,0.025294118,58
2970.82957,58,94,0.91,36,0.025277778,58
2970.82957,57,95,0.96,38,0.025263158,58
2970.591776,66,85,0.49,19,0.025789474,58
2970.591263,33,62,0.95,29,0.032758621,58
2970.50389,60,88,0.78,28,0.027857143,58
2970.45082,56,84,0.73,28,0.026071429,58
2970.45082,55,85,0.78,30,0.026,58
2970.444248,54,81,0.76,27,0.028148148,58
2970.355595,66,86,0.51,20,0.0255,58
2970.352543,44,71,0.8,27,0.02962963,58
2970.294283,60,91,0.81,31,0.026129032,58
2970.252073,52,88,0.97,36,0.026944444,58
2970.247752,54,58,0.13,4,0.0325,58
2970.184252,58,75,0.49,17,0.028823529,58
2970.00573,60,90,0.79,30,0.026333333,58
2970.00573,59,92,0.86,33,0.026060606,58
2970.00573,57,94,0.97,37,0.026216216,58
2969.871968,58,87,0.82,29,0.028275862,58
2969.766658,53,87,0.91,34,0.026764706,58
2969.711913,57,85,0.76,28,0.027142857,58
2969.711913,55,88,0.89,33,0.026969697,58
2969.711913,54,89,0.95,35,0.027142857,58
2969.701003,76,81,0.09,5,0.018,58
2969.445089,55,97,0.87,42,0.020714286,58
2969.362906,65,77,0.34,12,0.028333333,58
2969.206792,64,81,0.47,17,0.027647059,58
2969.206792,62,83,0.58,21,0.027619048,58
2969.124142,64,76,0.35,12,0.029166667,58
2969.081335,42,71,0.73,29,0.025172414,58
2968.939637,60,86,0.71,26,0.027307692,58
2968.701261,58,94,0.94,36,0.026111111,58
2968.579962,39,78,0.97,39,0.024871795,58
2968.529777,60,93,0.84,33,0.025454545,58
2968.51983,55,79,0.69,24,0.02875,58
2968.253194,65,89,0.46,24,0.019166667,58
2968.253194,64,90,0.5,26,0.019230769,58
2968.174967,42,63,0.69,21,0.032857143,58
2968.069311,59,92,0.87,33,0.026363636,58
2968.048665,43,55,0.38,12,0.031666667,58
2968.043982,54,78,0.8,24,0.033333333,58
2968.043898,42,53,0.41,11,0.037272727,58
2967.928907,61,94,0.63,33,0.019090909,58
2967.928907,60,95,0.67,35,0.019142857,58
2967.791605,57,96,0.97,39,0.024871795,58
2967.780967,59,91,0.85,32,0.0265625,58
2967.755805,54,93,0.96,39,0.024615385,58
2967.628476,75,81,0.11,6,0.018333333,58
2967.555854,59,74,0.49,15,0.032666667,58
2967.528759,55,71,0.57,16,0.035625,58
2967.4923,53,88,0.92,35,0.026285714,58
2967.469598,55,72,0.6,17,0.035294118,58
2967.426866,50,75,0.92,25,0.0368,58
2967.409301,40,63,0.75,23,0.032608696,58
2967.393726,52,84,0.89,32,0.0278125,58
2967.371261,62,73,0.3,11,0.027272727,58
2966.914614,42,73,0.82,31,0.026451613,58
2966.750509,53,99,0.99,46,0.021521739,58
2966.701854,58,91,0.91,33,0.027575758,58
2966.668389,53,82,0.82,29,0.028275862,58
2966.668389,52,83,0.88,31,0.028387097,58
2966.565016,53,87,0.92,34,0.027058824,58
2966.480818,48,69,0.55,21,0.026190476,58
2966.44152,40,60,0.68,20,0.034,58
2966.390191,68,74,0.16,6,0.026666667,58
2966.390191,65,77,0.32,12,0.026666667,58
2966.390191,63,80,0.45,17,0.026470588,58
2966.248206,41,77,0.86,36,0.023888889,58
2966.14203,61,79,0.52,18,0.028888889,58
2966.14203,60,80,0.58,20,0.029,58
2966.14203,59,81,0.64,22,0.029090909,58
2966.077465,60,95,0.88,35,0.025142857,58
2966.073434,62,85,0.65,23,0.02826087,58
2966.058885,49,68,0.5,19,0.026315789,58
2965.956043,57,83,0.75,26,0.028846154,58
2965.956043,55,86,0.89,31,0.028709677,58
2965.834329,59,89,0.8,30,0.026666667,58
2965.834329,57,92,0.93,35,0.026571429,58
2965.658715,51,86,0.96,35,0.027428571,58
2965.59129,34,99,0.18,65,0.002769231,58
2965.531543,55,70,0.54,15,0.036,58
2965.531543,52,73,0.76,21,0.036190476,58
2965.487375,42,78,0.94,36,0.026111111,58
2965.344815,40,57,0.62,17,0.036470588,58
2965.267705,63,89,0.66,26,0.025384615,58
2964.954882,55,88,0.88,33,0.026666667,58
2964.954882,54,90,0.95,36,0.026388889,58
2964.864452,63,84,0.59,21,0.028095238,58
2964.864452,60,87,0.76,27,0.028148148,58
2964.864452,59,89,0.84,30,0.028,58
2964.864452,58,90,0.9,32,0.028125,58
2964.82514,57,85,0.8,28,0.028571429,58
2964.806184,60,72,0.4,12,0.033333333,58
2964.806184,58,74,0.53,16,0.033125,58
2964.806184,57,75,0.6,18,0.033333333,58
2964.730417,65,92,0.5,27,0.018518519,58
2964.574635,54,87,0.87,33,0.026363636,58
2964.401788,61,95,0.64,34,0.018823529,58
2964.395404,59,65,0.22,6,0.036666667,58
2964.349461,72,86,0.25,14,0.017857143,58
2964.130586,53,76,0.79,23,0.034347826,58
2964.101947,65,86,0.54,21,0.025714286,58
2963.993767,51,86,0.95,35,0.027142857,58
2963.670092,44,69,0.8,25,0.032,58
2963.649345,61,94,0.83,33,0.025151515,58
2963.441166,51,86,0.94,35,0.026857143,58
2963.402429,38,61,0.83,23,0.036086957,58
2963.344394,60,94,0.86,34,0.025294118,58
2963.256468,45,71,0.63,26,0.024230769,58
2963.212189,57,74,0.57,17,0.033529412,58
2963.130692,35,98,0.15,63,0.002380952,58
2963.057113,43,48,0.19,5,0.038,58
2962.869333,73,84,0.2,11,0.018181818,58
2962.869333,70,87,0.31,17,0.018235294,58
2962.707146,53,90,0.94,37,0.025405405,58
2962.70698,53,75,0.77,22,0.035,58
2962.516568,47,67,0.62,20,0.031,58
2962.046534,60,79,0.5,19,0.026315789,58
2962.046534,57,83,0.68,26,0.026153846,58
2961.9826,55,84,0.77,29,0.026551724,58
2961.82412,68,74,0.17,6,0.028333333,58
2961.82412,61,82,0.59,21,0.028095238,58
2961.82412,60,83,0.65,23,0.02826087,58
2961.566019,60,91,0.66,31,0.021290323,58
2961.518533,44,73,0.69,29,0.023793103,58
2961.46898,70,79,0.23,9,0.025555556,58
2961.333543,53,83,0.81,30,0.027,58
2961.215606,67,93,0.46,26,0.017692308,58
2961.172125,41,55,0.5,14,0.035714286,58
2961.077302,61,71,0.33,10,0.033,58
2960.701027,53,87,0.9,34,0.026470588,58
2960.689953,54,98,0.93,44,0.021136364,58
2960.655051,63,82,0.52,19,0.027368421,58
2960.429043,58,82,0.7,24,0.029166667,58
2960.395536,70,83,0.31,13,0.023846154,58
2960.323741,60,84,0.62,24,0.025833333,58
2960.246399,34,99,0.17,65,0.002615385,58
2960.217122,55,85,0.79,30,0.026333333,58
2960.121297,54,86,0.84,32,0.02625,58
2959.863976,37,66,0.97,29,0.033448276,58
2959.513512,66,75,0.26,9,0.028888889,58
2959.343357,64,89,0.64,25,0.0256,58
2959.343357,63,91,0.71,28,0.025357143,58
2959.343357,62,92,0.76,30,0.025333333,58
2959.343357,61,93,0.81,32,0.0253125,58
2959.179046,57,82,0.66,25,0.0264,58
2959.153846,64,82,0.51,18,0.028333333,58
2958.620945,70,82,0.29,12,0.024166667,58
2958.338272,50,87,0.99,37,0.026756757,58
2958.030858,50,61,0.28,11,0.025454545,58
2957.696089,60,76,0.43,16,0.026875,58
2957.681997,51,66,0.36,15,0.024,58
2957.255586,39,64,0.82,25,0.0328,58
2957.113937,60,71,0.37,11,0.033636364,58
2957.05948,56,75,0.64,19,0.033684211,58
2956.946515,50,53,0.1,3,0.033333333,58
2956.88297,54,86,0.85,32,0.0265625,58
2956.734129,65,80,0.41,15,0.027333333,58
2956.672756,63,94,0.57,31,0.018387097,58
2956.672442,65,87,0.56,22,0.025454545,58
2956.564443,62,94,0.6,32,0.01875,58
2956.437942,64,80,0.41,16,0.025625,58
2956.349693,63,95,0.58,32,0.018125,58
2956.206231,45,69,0.6,24,0.025,58
2956.184004,44,51,0.23,7,0.032857143,58
2956.138529,60,74,0.39,14,0.027857143,58
2956.138529,58,77,0.52,19,0.027368421,58
2956.138529,57,78,0.58,21,0.027619048,58
2956.126529,41,57,0.5,16,0.03125,58
2955.970627,59,93,0.7,34,0.020588235,58
2955.883482,53,80,0.8,27,0.02962963,58
2955.883482,52,81,0.86,29,0.029655172,58
2955.851981,34,60,0.86,26,0.033076923,58
2955.84353,65,75,0.28,10,0.028,58
2955.810551,66,74,0.23,8,0.02875,58
2955.544289,50,86,0.99,36,0.0275,58
2955.309777,41,57,0.58,16,0.03625,58
2955.084924,51,84,0.93,33,0.028181818,58
2954.990981,57,87,0.78,30,0.026,58
2954.812602,66,76,0.28,10,0.028,58
2954.812602,63,79,0.45,16,0.028125,58
2954.484944,61,90,0.76,29,0.026206897,58
2954.457817,54,89,0.94,35,0.026857143,58
2954.347737,41,71,0.99,30,0.033,58
2954.074947,52,59,0.23,7,0.032857143,58
2953.978201,74,76,0.05,2,0.025,58
2953.978201,73,77,0.1,4,0.025,58
2953.978201,72,78,0.15,6,0.025,58
2953.978201,71,79,0.2,8,0.025,58
2953.978201,70,80,0.25,10,0.025,58
2953.978201,69,81,0.3,12,0.025,58
2953.779745,51,82,0.92,31,0.029677419,58
2953.779745,50,83,0.98,33,0.02969697,58
2953.738485,57,89,0.81,32,0.0253125,58
2953.734459,52,88,0.96,36,0.026666667,58
2953.697133,40,57,0.6,17,0.035294118,58
2953.614549,46,63,0.55,17,0.032352941,58
2953.513938,56,90,0.85,34,0.025,58
2953.513938,55,91,0.9,36,0.025,58
2953.476209,64,87,0.6,23,0.026086957,58
2953.463675,50,76,0.94,26,0.036153846,58
2953.444087,42,58,0.55,16,0.034375,58
2953.251656,52,89,0.98,37,0.026486486,58
2953.241345,64,88,0.62,24,0.025833333,58
2952.985242,51,65,0.37,14,0.026428571,58
2952.607888,52,59,0.16,7,0.022857143,58
2952.491389,62,93,0.76,31,0.024516129,58
2952.491389,59,97,0.93,38,0.024473684,58
2952.370379,45,68,0.74,23,0.032173913,58
2952.171203,53,96,0.97,43,0.02255814,58
2951.976962,53,61,0.22,8,0.0275,58
2951.976962,51,63,0.33,12,0.0275,58
2951.976962,49,66,0.46,17,0.027058824,58
2951.749289,60,93,0.65,33,0.01969697,58
2951.560234,40,56,0.57,16,0.035625,58
2951.428772,53,91,0.99,38,0.026052632,58
2951.417706,37,61,0.85,24,0.035416667,58
2951.273709,52,75,0.81,23,0.035217391,58
2951.273709,51,76,0.88,25,0.0352,58
2951.09883,62,81,0.5,19,0.026315789,58
2951.058828,58,79,0.56,21,0.026666667,58
2950.869146,64,71,0.19,7,0.027142857,58
2950.694514,54,89,0.96,35,0.027428571,58
2950.452067,59,96,0.93,37,0.025135135,58
2950.210466,45,60,0.49,15,0.032666667,58
2950.102123,65,78,0.34,13,0.026153846,58
2949.784715,64,79,0.43,15,0.028666667,58
2949.784715,62,82,0.57,20,0.0285,58
2949.658188,36,62,0.96,26,0.036923077,58
2949.238111,56,77,0.61,21,0.029047619,58
2949.063465,59,95,0.9,36,0.025,58
2949.063465,58,97,0.97,39,0.024871795,58
2949.011216,57,76,0.55,19,0.028947368,58
2948.943988,61,90,0.61,29,0.021034483,58
2948.82894,62,91,0.73,29,0.025172414,58
2948.82894,61,94,0.81,33,0.024545455,58
2948.82894,60,94,0.85,34,0.025,58
2948.82894,60,95,0.86,35,0.024571429,58
2948.82894,58,98,0.98,40,0.0245,58
2948.776907,61,92,0.78,31,0.02516129,58
2948.679982,48,66,0.44,18,0.024444444,58
2948.62477,61,64,0.11,3,0.036666667,58
2948.62477,58,67,0.33,9,0.036666667,58
2948.62477,52,74,0.8,22,0.036363636,58
2948.557328,47,68,0.64,21,0.03047619,58
2948.542404,59,96,0.91,37,0.024594595,58
2948.542404,59,97,0.92,38,0.024210526,58
2948.542404,58,98,0.97,40,0.02425,58
2948.538644,63,90,0.68,27,0.025185185,58
2948.252135,64,88,0.61,24,0.025416667,58
2948.209491,50,78,0.97,28,0.034642857,58
2948.12792,50,67,0.41,17,0.024117647,58
2947.922413,59,85,0.67,26,0.025769231,58
2947.780372,57,88,0.79,31,0.025483871,58
2947.764269,51,85,0.95,34,0.027941176,58
2947.309553,62,81,0.53,19,0.027894737,58
2947.17662,54,98,0.92,44,0.020909091,58
2947.171547,54,80,0.74,26,0.028461538,58
2947.171547,53,81,0.8,28,0.028571429,58
2947.171547,52,82,0.86,30,0.028666667,58
2947.050887,56,68,0.44,12,0.036666667,58
2946.967263,44,72,0.82,28,0.029285714,58
2946.936679,54,83,0.78,29,0.026896552,58
2946.685983,62,87,0.67,25,0.0268,58
2946.601762,50,60,0.29,10,0.029,58
2946.367893,70,81,0.28,11,0.025454545,58
2946.367893,69,82,0.33,13,0.025384615,58
2946.152735,74,80,0.11,6,0.018333333,58
2946.033004,73,83,0.18,10,0.018,58
2945.888488,62,83,0.59,21,0.028095238,58
2945.63647,55,88,0.87,33,0.026363636,58
2945.600781,59,83,0.64,24,0.026666667,58
2945.532312,48,86,0.79,38,0.020789474,58
2945.133339,60,82,0.59,22,0.026818182,58
2945.132178,41,56,0.53,15,0.035333333,58
2945.040221,48,68,0.48,20,0.024,58
2944.998505,44,51,0.26,7,0.037142857,58
2944.919887,70,74,0.11,4,0.0275,58
2944.919887,68,76,0.22,8,0.0275,58
2944.843176,58,87,0.73,29,0.025172414,58
2944.755367,42,79,0.94,37,0.025405405,58
2944.74325,66,89,0.42,23,0.01826087,58
2944.645622,38,66,0.92,28,0.032857143,58
2944.489091,61,73,0.4,12,0.033333333,58
2944.467486,43,75,0.76,32,0.02375,58
2944.25753,52,85,0.88,33,0.026666667,58
2944.241493,55,84,0.76,29,0.026206897,58
2944.093974,45,70,0.74,25,0.0296,58
2944.05236,63,81,0.46,18,0.025555556,58
2943.725196,42,69,0.91,27,0.033703704,58
2943.629055,54,72,0.65,18,0.036111111,58
2943.438102,52,64,0.29,12,0.024166667,58
2943.378614,42,76,0.82,34,0.024117647,58
2943.322847,38,66,0.91,28,0.0325,58
2943.215378,69,79,0.27,10,0.027,58
2943.215378,63,86,0.62,23,0.026956522,58
2943.154042,51,75,0.86,24,0.035833333,58
2942.658243,63,82,0.48,19,0.025263158,58
2942.611448,55,81,0.71,26,0.027307692,58
2942.610644,62,82,0.52,20,0.026,58
2942.610644,61,83,0.57,22,0.025909091,58
2942.610644,59,86,0.69,27,0.025555556,58
2942.559584,47,58,0.36,11,0.032727273,58
2942.406709,73,82,0.17,9,0.018888889,58
2942.343099,57,86,0.82,29,0.028275862,58
2942.342556,55,69,0.52,14,0.037142857,58
2942.342234,36,62,0.93,26,0.035769231,58
2942.223482,44,56,0.41,12,0.034166667,58
2942.071102,63,83,0.56,20,0.028,58
2941.7852,67,78,0.31,11,0.028181818,58
2941.751373,61,92,0.79,31,0.025483871,58
2941.692141,66,80,0.3,14,0.021428571,58
2941.575956,48,66,0.56,18,0.031111111,58
2941.44081,64,91,0.51,27,0.018888889,58
2941.406794,65,90,0.46,25,0.0184,58
2941.335542,71,83,0.23,12,0.019166667,58
2941.290188,55,91,0.91,36,0.025277778,58
2941.119357,63,92,0.55,29,0.018965517,58
2941.119357,62,93,0.59,31,0.019032258,58
2941.094973,64,89,0.63,25,0.0252,58
2940.908966,60,75,0.41,15,0.027333333,58
2940.857764,60,81,0.6,21,0.028571429,58
2940.550554,47,71,0.61,24,0.025416667,58
2940.48788,53,73,0.73,20,0.0365,58
2940.378878,46,52,0.19,6,0.031666667,58
2940.294595,56,90,0.86,34,0.025294118,58
2940.231663,73,76,0.08,3,0.026666667,58
2940.231663,70,79,0.24,9,0.026666667,58
2939.872848,61,89,0.75,28,0.026785714,58
2939.637732,58,94,0.95,36,0.026388889,58
2939.427641,39,65,0.84,26,0.032307692,58
2939.425301,39,75,0.99,36,0.0275,58
2939.246835,65,84,0.51,19,0.026842105,58
2939.246835,63,87,0.64,24,0.026666667,58
2939.244713,51,63,0.29,12,0.024166667,58
2939.087353,52,90,0.97,38,0.025526316,58
2938.728314,61,83,0.56,22,0.025454545,58
2938.607231,42,53,0.4,11,0.036363636,58
2938.588988,54,91,0.96,37,0.025945946,58
2938.586237,58,96,0.75,38,0.019736842,58
2938.350599,55,96,0.88,41,0.021463415,58
2938.272146,52,88,0.95,36,0.026388889,58
2938.106626,37,62,0.88,25,0.0352,58
2937.65526,54,86,0.83,32,0.0259375,58
2937.632637,59,82,0.66,23,0.028695652,58
2937.630398,47,64,0.56,17,0.032941176,58
2937.622057,51,80,0.9,29,0.031034483,58
2937.364613,59,86,0.68,27,0.025185185,58
2937.358383,56,97,0.86,41,0.02097561,58
2937.038833,49,64,0.48,15,0.032,58
2936.861731,57,84,0.78,27,0.028888889,58
2936.861731,56,85,0.84,29,0.028965517,58
2936.810866,62,78,0.46,16,0.02875,58
2936.700466,41,75,0.84,34,0.024705882,58
2936.689743,40,56,0.58,16,0.03625,58
2936.615553,52,83,0.86,31,0.027741935,58
2936.615553,51,84,0.92,33,0.027878788,58
2936.346621,51,74,0.84,23,0.036521739,58
2936.311797,39,59,0.7,20,0.035,58
2936.137599,45,51,0.2,6,0.033333333,58
2936.084217,42,56,0.51,14,0.036428571,58
2936.049235,45,70,0.77,25,0.0308,58
2935.760161,54,82,0.77,28,0.0275,58
2935.540477,37,66,0.96,29,0.033103448,58
2935.528065,53,80,0.81,27,0.03,58
2935.353192,37,60,0.83,23,0.036086957,58
2935.040752,65,88,0.58,23,0.025217391,58
2934.916655,58,95,0.96,37,0.025945946,58
2934.791917,48,61,0.42,13,0.032307692,58
2934.371371,49,67,0.43,18,0.023888889,58
2934.294628,47,50,0.11,3,0.036666667,58
2934.217027,48,70,0.52,22,0.023636364,58
2934.195157,35,99,0.14,64,0.0021875,58
2934.120774,60,93,0.85,33,0.025757576,58
2934.025075,49,69,0.47,20,0.0235,58
2933.97063,61,90,0.6,29,0.020689655,58
2933.916982,55,80,0.83,25,0.0332,58
2933.841682,53,63,0.24,10,0.024,58
2933.66877,67,86,0.37,19,0.019473684,58
2933.573169,59,93,0.89,34,0.026176471,58
2933.509337,44,55,0.38,11,0.034545455,58
2933.509337,43,56,0.45,13,0.034615385,58
2933.497799,65,86,0.55,21,0.026190476,58
2933.447785,59,86,0.76,27,0.028148148,58
2933.391433,39,64,0.83,25,0.0332,58
2933.264471,65,87,0.57,22,0.025909091,58
2933.237985,44,61,0.55,17,0.032352941,58
2932.817372,46,68,0.69,22,0.031363636,58
2932.719946,44,68,0.75,24,0.03125,58
2932.495628,65,80,0.38,15,0.025333333,58
2932.495628,64,81,0.43,17,0.025294118,58
2932.409778,54,92,0.96,38,0.025263158,58
2932.333001,48,67,0.58,19,0.030526316,58
2932.268124,60,94,0.66,34,0.019411765,58
2932.268124,59,95,0.7,36,0.019444444,58
2932.137847,61,93,0.8,32,0.025,58
2932.137847,59,96,0.92,37,0.024864865,58
2932.128001,57,76,0.56,19,0.029473684,58
2932.128001,56,77,0.62,21,0.02952381,58
2932.128001,55,79,0.7,24,0.029166667,58
2932.053572,58,83,0.72,25,0.0288,58
2931.99427,69,75,0.17,6,0.028333333,58
2931.99427,66,78,0.34,12,0.028333333,58
2931.861234,56,81,0.67,25,0.0268,58
2931.856179,63,83,0.55,20,0.0275,58
2931.726173,71,80,0.23,9,0.025555556,58
2931.713898,72,79,0.17,7,0.024285714,58
2931.605966,56,79,0.76,23,0.033043478,58
2931.586464,64,89,0.51,25,0.0204,58
2931.586464,63,90,0.55,27,0.02037037,58
2931.308767,57,95,0.99,38,0.026052632,58
2931.264771,62,82,0.51,20,0.0255,58
2931.264771,60,85,0.63,25,0.0252,58
2931.256784,58,84,0.74,26,0.028461538,58
2931.180029,55,92,0.92,37,0.024864865,58
2931.180029,54,93,0.97,39,0.024871795,58
2931.164546,51,75,0.87,24,0.03625,58
2931.159252,39,55,0.63,16,0.039375,58
2930.983676,52,88,0.94,36,0.026111111,58
2930.975959,63,73,0.27,10,0.027,58
2930.826303,55,99,0.91,44,0.020681818,58
2930.684518,58,93,0.92,35,0.026285714,58
2930.675902,72,81,0.22,9,0.024444444,58
2930.675902,71,82,0.27,11,0.024545455,58
2930.675902,70,83,0.32,13,0.024615385,58
2930.675902,69,84,0.37,15,0.024666667,58
2930.675902,62,92,0.73,30,0.024333333,58
2930.675902,61,93,0.78,32,0.024375,58
2930.675902,61,94,0.8,33,0.024242424,58
2930.675902,60,95,0.85,35,0.024285714,58
2930.675902,59,96,0.9,37,0.024324324,58
2930.572789,56,79,0.64,23,0.027826087,58
2930.534115,40,74,0.93,34,0.027352941,58
2930.263566,66,88,0.54,22,0.024545455,58
2930.263566,65,89,0.59,24,0.024583333,58
2930.231412,58,78,0.55,20,0.0275,58
2930.21185,67,84,0.43,17,0.025294118,58
2930.21185,64,88,0.6,24,0.025,58
2930.21185,62,91,0.72,29,0.024827586,58
2930.21185,60,94,0.84,34,0.024705882,58
2929.978774,75,77,0.05,2,0.025,58
2929.978774,74,78,0.1,4,0.025,58
2929.978774,73,79,0.15,6,0.025,58
2929.978774,72,80,0.2,8,0.025,58
2929.978774,71,81,0.25,10,0.025,58
2929.978774,70,82,0.3,12,0.025,58
2929.978774,69,83,0.35,14,0.025,58
2929.978774,68,83,0.38,15,0.025333333,58
2929.978774,68,84,0.4,16,0.025,58
2929.978774,68,85,0.42,17,0.024705882,58
2929.978774,67,85,0.45,18,0.025,58
2929.978774,67,86,0.47,19,0.024736842,58
2929.978774,66,86,0.5,20,0.025,58
2929.978774,66,87,0.52,21,0.024761905,58
2929.978774,65,87,0.55,22,0.025,58
2929.978774,65,88,0.57,23,0.024782609,58
2929.978774,64,89,0.62,25,0.0248,58
2929.978774,64,90,0.64,26,0.024615385,58
2929.978774,63,90,0.67,27,0.024814815,58
2929.978774,63,91,0.69,28,0.024642857,58
2929.978774,62,92,0.74,30,0.024666667,58
2929.978774,61,93,0.79,32,0.0246875,58
2929.87651,62,83,0.53,21,0.025238095,58
2929.756878,54,89,0.89,35,0.025428571,58
2929.742878,60,90,0.8,30,0.026666667,58
2929.654762,63,90,0.53,27,0.01962963,58
2929.654762,62,91,0.57,29,0.019655172,58
2929.654762,61,92,0.61,31,0.019677419,58
2929.61317,62,93,0.74,31,0.023870968,58
2929.554716,58,99,0.96,41,0.023414634,58
2929.41364,54,85,0.83,31,0.026774194,58
2929.289489,46,66,0.58,20,0.029,58
2929.271003,47,69,0.59,22,0.026818182,58
2929.110115,54,90,0.94,36,0.026111111,58
2929.096042,62,78,0.45,16,0.028125,58
2929.096042,58,83,0.7,25,0.028,58
2928.893284,66,78,0.31,12,0.025833333,58
2928.893284,62,83,0.54,21,0.025714286,58
2928.893284,61,84,0.59,23,0.025652174,58
2928.893284,60,85,0.64,25,0.0256,58
2928.893284,59,87,0.71,28,0.025357143,58
2928.893284,58,88,0.76,30,0.025333333,58
2928.796834,54,70,0.59,16,0.036875,58
2928.62102,53,88,0.9,35,0.025714286,58
2928.491139,61,80,0.52,19,0.027368421,58
2928.399278,62,77,0.43,15,0.028666667,58
2928.399278,61,78,0.49,17,0.028823529,58
2928.399278,61,79,0.51,18,0.028333333,58
2928.399278,60,80,0.57,20,0.0285,58
2928.399278,57,84,0.76,27,0.028148148,58
2928.014683,66,79,0.36,13,0.027692308,58
2927.937254,44,68,0.78,24,0.0325,58
2927.666521,60,79,0.55,19,0.028947368,58
2927.666521,58,82,0.69,24,0.02875,58
2927.535431,46,58,0.39,12,0.0325,58
2926.814196,61,74,0.36,13,0.027692308,58
2926.814196,59,76,0.47,17,0.027647059,58
2926.783367,57,92,0.98,35,0.028,58
2926.775024,55,59,0.11,4,0.0275,58
2926.754911,58,96,0.97,38,0.025526316,58
2926.700975,54,97,0.94,43,0.021860465,58
2926.522101,58,97,0.99,39,0.025384615,58
2926.495776,67,87,0.49,20,0.0245,58
2926.249945,59,95,0.91,36,0.025277778,58
2925.919787,60,96,0.85,36,0.023611111,58
2925.919787,59,97,0.9,38,0.023684211,58
2925.749297,45,74,0.75,29,0.025862069,58
2925.648607,57,83,0.76,26,0.029230769,58
2925.646334,59,83,0.65,24,0.027083333,58
2925.547343,56,80,0.66,24,0.0275,58
2925.54055,53,96,0.98,43,0.022790698,58
2925.424147,59,84,0.7,25,0.028,58
2925.424147,58,85,0.76,27,0.028148148,58
2925.424147,55,89,0.95,34,0.027941176,58
2925.38293,49,66,0.52,17,0.030588235,58
2925.326216,49,66,0.49,17,0.028823529,58
2925.248044,56,90,0.95,34,0.027941176,58
2925.168271,40,74,0.94,34,0.027647059,58
2924.734222,64,90,0.65,26,0.025,58
2924.734222,63,91,0.7,28,0.025,58
2924.734222,62,92,0.75,30,0.025,58
2924.734222,60,95,0.87,35,0.024857143,58
2924.389719,41,52,0.44,11,0.04,58
2924.019382,62,72,0.33,10,0.033,58
2923.917871,53,91,0.96,38,0.025263158,58
2923.901273,53,72,0.7,19,0.036842105,58
2923.855624,53,84,0.84,31,0.027096774,58
2923.853169,54,80,0.75,26,0.028846154,58
2923.718632,51,77,0.9,26,0.034615385,58
2923.710821,55,82,0.72,27,0.026666667,58
2923.567389,39,58,0.68,19,0.035789474,58
2922.967633,60,91,0.82,31,0.026451613,58
2922.941439,60,82,0.63,22,0.028636364,58
2922.896184,62,72,0.28,10,0.028,58
2922.886175,61,76,0.4,15,0.026666667,58
2922.818404,54,71,0.62,17,0.036470588,58
2922.74676,41,65,0.78,24,0.0325,58
2922.57779,51,74,0.85,23,0.036956522,58
2922.516659,65,78,0.36,13,0.027692308,58
2922.433524,50,85,0.99,35,0.028285714,58
2922.345101,62,88,0.69,26,0.026538462,58
2922.170562,43,49,0.24,6,0.04,58
2921.880876,42,54,0.43,12,0.035833333,58
2921.863324,48,62,0.44,14,0.031428571,58
2921.820852,57,67,0.37,10,0.037,58
2921.706251,35,59,0.8,24,0.033333333,58
2921.638338,54,73,0.66,19,0.034736842,58
2921.638338,53,74,0.73,21,0.034761905,58
2921.48534,50,81,0.97,31,0.031290323,58
2921.477842,46,54,0.27,8,0.03375,58
2921.282453,41,61,0.67,20,0.0335,58
2921.154029,38,65,0.89,27,0.032962963,58
2921.01608,55,72,0.59,17,0.034705882,58
2920.729238,59,95,0.92,36,0.025555556,58
2920.718548,61,89,0.61,28,0.021785714,58
2920.692462,55,82,0.73,27,0.027037037,58
2920.673429,46,83,0.82,37,0.022162162,58
2920.56108,61,95,0.65,34,0.019117647,58
2920.496892,60,94,0.87,34,0.025588235,58
2920.496892,59,96,0.94,37,0.025405405,58
2920.396802,45,64,0.62,19,0.032631579,58
2920.396802,44,65,0.69,21,0.032857143,58
2920.240275,68,81,0.33,13,0.025384615,58
2920.158991,33,61,0.93,28,0.033214286,58
2920.145393,57,78,0.69,21,0.032857143,58
2919.990123,46,70,0.69,24,0.02875,58
2919.901514,44,53,0.33,9,0.036666667,58
2919.849436,40,77,0.9,37,0.024324324,58
2919.743205,49,62,0.43,13,0.033076923,58
2919.683458,70,84,0.33,14,0.023571429,58
2919.683458,64,91,0.64,27,0.023703704,58
2919.683458,63,92,0.69,29,0.023793103,58
2919.546226,54,91,0.95,37,0.025675676,58
2919.268033,56,94,0.83,38,0.021842105,58
2919.191892,49,65,0.43,16,0.026875,58
2919.14266,43,74,0.88,31,0.028387097,58
2918.989201,37,65,0.94,28,0.033571429,58
2918.925796,57,86,0.77,29,0.026551724,58
2918.712552,41,72,0.95,31,0.030645161,58
2918.461945,59,69,0.35,10,0.035,58
2918.461945,58,70,0.42,12,0.035,58
2918.461945,57,71,0.49,14,0.035,58
2918.427153,56,81,0.68,25,0.0272,58
2918.427153,54,83,0.79,29,0.027241379,58
2918.381055,41,49,0.31,8,0.03875,58
2918.302309,59,66,0.25,7,0.035714286,58
2918.240794,43,66,0.77,23,0.033478261,58
2918.198031,58,87,0.74,29,0.025517241,58
2917.99328,56,88,0.89,32,0.0278125,58
2917.975135,53,95,0.98,42,0.023333333,58
2917.85598,65,79,0.36,14,0.025714286,58
2917.784899,40,74,0.9,34,0.026470588,58
2917.727618,45,66,0.54,21,0.025714286,58
2917.532755,47,68,0.61,21,0.029047619,58
2917.514203,56,91,0.87,35,0.024857143,58
2917.452229,59,87,0.77,28,0.0275,58
2917.452229,57,90,0.9,33,0.027272727,58
2917.415452,55,93,0.88,38,0.023157895,58
2917.415452,54,94,0.93,40,0.02325,58
2917.415452,53,96,0.99,43,0.023023256,58
2917.296084,40,60,0.69,20,0.0345,58
2917.248635,50,61,0.31,11,0.028181818,58
2917.033971,60,96,0.86,36,0.023888889,58
2916.978796,58,92,0.91,34,0.026764706,58
2916.978796,57,94,0.98,37,0.026486486,58
2916.630349,57,77,0.58,20,0.029,58
2916.630349,56,78,0.64,22,0.029090909,58
2916.51001,46,67,0.53,21,0.025238095,58
2916.452375,45,55,0.34,10,0.034,58
2916.037435,60,76,0.44,16,0.0275,58
2916.023138,57,79,0.6,22,0.027272727,58
2916.002181,66,88,0.52,22,0.023636364,58
2916.002181,65,89,0.57,24,0.02375,58
2916.002181,64,90,0.62,26,0.023846154,58
2916.002181,64,91,0.63,27,0.023333333,58
2916.002181,63,91,0.67,28,0.023928571,58
2916.002181,63,92,0.68,29,0.023448276,58
2916.002181,62,93,0.73,31,0.023548387,58
2916.002181,61,95,0.79,34,0.023235294,58
2916.002181,60,96,0.84,36,0.023333333,58
2915.921212,51,83,0.96,32,0.03,58
2915.911427,41,71,0.93,30,0.031,58
2915.79221,58,98,0.81,40,0.02025,58
2915.640427,55,83,0.74,28,0.026428571,58
2915.300922,61,96,0.66,35,0.018857143,58
2915.252864,53,85,0.85,32,0.0265625,58
2915.252864,52,86,0.91,34,0.026764706,58
2915.252864,52,87,0.92,35,0.026285714,58
2915.226193,35,63,0.99,28,0.035357143,58
2915.088105,47,59,0.3,12,0.025,58
2915.019468,43,57,0.48,14,0.034285714,58
2914.98101,51,64,0.37,13,0.028461538,58
2914.934616,52,61,0.22,9,0.024444444,58
2914.507478,45,47,0.08,2,0.04,58
2914.493506,63,80,0.49,17,0.028823529,58
2914.493506,61,83,0.63,22,0.028636364,58
2914.493506,60,84,0.69,24,0.02875,58
2914.399484,59,83,0.68,24,0.028333333,58
2914.399484,56,87,0.87,31,0.028064516,58
2914.399018,56,93,0.99,37,0.026756757,58
2914.374533,62,84,0.6,22,0.027272727,58
2914.217637,42,61,0.62,19,0.032631579,58
2914.167917,63,87,0.51,24,0.02125,58
2914.083414,61,91,0.78,30,0.026,58
2913.99143,53,74,0.74,21,0.035238095,58
2913.781047,52,86,0.9,34,0.026470588,58
2913.730001,42,72,0.94,30,0.031333333,58
2913.513733,58,97,0.98,39,0.025128205,58
2913.414065,59,97,0.91,38,0.023947368,58
