% profit,ema1,ema2,threshold,diff,thresh / diff,ID
3926.909667,67,69,0.06,2,0.03,39
3926.909667,66,70,0.12,4,0.03,39
3926.909667,65,71,0.18,6,0.03,39
3925.045727,57,68,0.38,11,0.034545455,39
3925.045727,56,69,0.45,13,0.034615385,39
3909.008299,54,72,0.61,18,0.033888889,39
3905.913367,53,73,0.68,20,0.034,39
3905.913367,52,74,0.75,22,0.034090909,39
3905.782938,56,70,0.48,14,0.034285714,39
3886.742141,59,67,0.27,8,0.03375,39
3852.451409,64,72,0.24,8,0.03,39
3852.451409,63,73,0.3,10,0.03,39
3848.541919,62,74,0.36,12,0.03,39
3848.541919,61,75,0.42,14,0.03,39
3845.193017,57,69,0.41,12,0.034166667,39
3844.478007,58,68,0.34,10,0.034,39
3824.228132,59,68,0.3,9,0.033333333,39
3823.073311,55,70,0.52,15,0.034666667,39
3823.073311,54,71,0.59,17,0.034705882,39
3823.073311,53,72,0.66,19,0.034736842,39
3810.891675,56,71,0.5,15,0.033333333,39
3796.62043,62,65,0.1,3,0.033333333,39
3792.290526,53,74,0.71,21,0.033809524,39
3778.966358,51,75,0.83,24,0.034583333,39
3778.966358,50,76,0.9,26,0.034615385,39
3776.895031,57,71,0.46,14,0.032857143,39
3775.438955,59,69,0.33,10,0.033,39
3775.438955,56,72,0.53,16,0.033125,39
3771.169026,49,77,0.97,28,0.034642857,39
3763.062142,58,69,0.37,11,0.033636364,39
3762.409818,54,74,0.67,20,0.0335,39
3760.402666,53,73,0.69,20,0.0345,39
3760.402666,52,74,0.76,22,0.034545455,39
3754.363713,61,66,0.17,5,0.034,39
3754.363713,56,71,0.51,15,0.034,39
3752.64265,55,71,0.55,16,0.034375,39
3752.64265,54,72,0.62,18,0.034444444,39
3751.293966,50,77,0.92,27,0.034074074,39
3748.174495,55,73,0.6,18,0.033333333,39
3738.203185,58,70,0.4,12,0.033333333,39
3737.555059,57,70,0.44,13,0.033846154,39
3735.096506,54,73,0.64,19,0.033684211,39
3731.998705,55,72,0.57,17,0.033529412,39
3692.714749,52,75,0.78,23,0.033913043,39
3692.714749,51,76,0.85,25,0.034,39
3680.772023,52,75,0.79,23,0.034347826,39
3670.95486,50,79,0.97,29,0.033448276,39
3664.234109,53,75,0.74,22,0.033636364,39
3663.454214,57,71,0.47,14,0.033571429,39
3656.715436,55,72,0.58,17,0.034117647,39
3655.598054,57,70,0.45,13,0.034615385,39
3653.769542,60,74,0.44,14,0.031428571,39
3652.755107,52,76,0.81,24,0.03375,39
3652.755107,51,77,0.88,26,0.033846154,39
3652.755107,50,78,0.95,28,0.033928571,39
3652.381065,54,73,0.65,19,0.034210526,39
3648.803845,51,77,0.89,26,0.034230769,39
3642.128966,50,77,0.93,27,0.034444444,39
3640.686389,50,78,0.96,28,0.034285714,39
3639.628629,53,74,0.72,21,0.034285714,39
3637.504361,51,76,0.86,25,0.0344,39
3615.594411,63,71,0.25,8,0.03125,39
3607.079749,58,69,0.38,11,0.034545455,39
3607.079749,56,71,0.52,15,0.034666667,39
3601.219356,62,72,0.31,10,0.031,39
3597.828028,54,74,0.69,20,0.0345,39
3596.840721,59,75,0.5,16,0.03125,39
3594.203953,54,74,0.68,20,0.034,39
3586.522291,59,76,0.52,17,0.030588235,39
3582.675824,59,68,0.31,9,0.034444444,39
3569.078207,56,72,0.54,16,0.03375,39
3566.47133,60,67,0.24,7,0.034285714,39
3560.805034,57,77,0.63,20,0.0315,39
3542.566655,61,73,0.37,12,0.030833333,39
3541.813046,58,76,0.56,18,0.031111111,39
3533.942019,55,73,0.61,18,0.033888889,39
3518.314044,53,75,0.75,22,0.034090909,39
3518.314044,52,76,0.82,24,0.034166667,39
3512.25367,52,86,0.99,34,0.029117647,39
3495.828594,60,74,0.43,14,0.030714286,39
3489.008676,54,84,0.87,30,0.029,39
3489.008676,53,85,0.93,32,0.0290625,39
3485.748723,52,87,0.99,35,0.028285714,39
3478.75559,54,75,0.69,21,0.032857143,39
3478.75559,53,76,0.76,23,0.033043478,39
3465.474767,61,81,0.52,20,0.026,39
3460.228102,55,82,0.8,27,0.02962963,39
3453.968655,59,74,0.48,15,0.032,39
3453.772273,53,86,0.94,33,0.028484848,39
3453.578354,52,77,0.83,25,0.0332,39
3449.750136,57,86,0.76,29,0.026206897,39
3442.298453,60,75,0.46,15,0.030666667,39
3441.775057,60,81,0.59,21,0.028095238,39
3440.870125,61,72,0.35,11,0.031818182,39
3440.564625,56,88,0.82,32,0.025625,39
3439.726988,58,85,0.7,27,0.025925926,39
3437.579379,60,77,0.5,17,0.029411765,39
3434.110651,57,72,0.5,15,0.033333333,39
3430.595592,54,80,0.82,26,0.031538462,39
3430.533114,62,80,0.47,18,0.026111111,39
3428.642379,66,76,0.26,10,0.026,39
3428.076019,61,74,0.4,13,0.030769231,39
3426.805414,60,68,0.27,8,0.03375,39
3422.688353,65,75,0.28,10,0.028,39
3422.688353,61,80,0.53,19,0.027894737,39
3419.888973,56,78,0.69,22,0.031363636,39
3419.293006,59,79,0.58,20,0.029,39
3419.293006,58,80,0.64,22,0.029090909,39
3419.293006,57,81,0.7,24,0.029166667,39
3418.022166,60,82,0.58,22,0.026363636,39
3416.321156,53,92,0.99,39,0.025384615,39
3415.794362,56,88,0.83,32,0.0259375,39
3413.508604,60,71,0.36,11,0.032727273,39
3413.080188,60,83,0.6,23,0.026086957,39
3409.473049,62,81,0.49,19,0.025789474,39
3409.205713,54,83,0.86,29,0.029655172,39
3409.205713,53,84,0.92,31,0.029677419,39
3408.485571,54,91,0.95,37,0.025675676,39
3407.953611,64,75,0.32,11,0.029090909,39
3405.867092,57,87,0.77,30,0.025666667,39
3405.464854,55,79,0.75,24,0.03125,39
3400.846646,58,84,0.72,26,0.027692308,39
3395.269835,57,72,0.49,15,0.032666667,39
3395.125875,56,77,0.67,21,0.031904762,39
3393.038538,58,80,0.65,22,0.029545455,39
3393.038538,57,81,0.71,24,0.029583333,39
3391.298055,57,87,0.78,30,0.026,39
3390.736763,60,78,0.52,18,0.028888889,39
3390.656526,53,84,0.93,31,0.03,39
3386.972315,58,85,0.71,27,0.026296296,39
3386.852758,56,87,0.85,31,0.027419355,39
3386.016135,55,84,0.83,29,0.02862069,39
3386.016135,54,85,0.89,31,0.028709677,39
3385.606848,53,80,0.86,27,0.031851852,39
3384.67701,56,82,0.76,26,0.029230769,39
3384.67701,53,86,0.96,33,0.029090909,39
3384.178939,53,86,0.97,33,0.029393939,39
3383.3067,59,84,0.65,25,0.026,39
3383.038899,55,89,0.87,34,0.025588235,39
3380.388686,52,85,0.98,33,0.02969697,39
3380.337853,56,72,0.55,16,0.034375,39
3380.337853,55,73,0.62,18,0.034444444,39
3379.970964,57,73,0.52,16,0.0325,39
3379.970964,55,75,0.65,20,0.0325,39
3379.970964,53,78,0.81,25,0.0324,39
3379.816901,55,78,0.73,23,0.03173913,39
3379.693068,55,74,0.63,19,0.033157895,39
3378.888607,54,85,0.9,31,0.029032258,39
3376.316078,57,64,0.25,7,0.035714286,39
3376.260767,59,70,0.36,11,0.032727273,39
3376.036775,57,71,0.48,14,0.034285714,39
3374.512097,57,86,0.75,29,0.025862069,39
3373.318484,69,72,0.08,3,0.026666667,39
3373.318484,66,75,0.24,9,0.026666667,39
3373.318484,63,78,0.4,15,0.026666667,39
3373.262704,54,76,0.73,22,0.033181818,39
3373.04805,62,79,0.47,17,0.027647059,39
3371.998724,60,70,0.32,10,0.032,39
3371.552865,58,82,0.69,24,0.02875,39
3371.552865,57,83,0.75,26,0.028846154,39
3371.552865,54,87,0.95,33,0.028787879,39
3370.755773,63,70,0.22,7,0.031428571,39
3369.707177,56,74,0.59,18,0.032777778,39
3368.975094,54,90,0.99,36,0.0275,39
3368.857139,58,71,0.43,13,0.033076923,39
3366.649782,60,73,0.41,13,0.031538462,39
3366.649782,57,76,0.6,19,0.031578947,39
3366.063683,58,72,0.45,14,0.032142857,39
3363.632982,57,76,0.61,19,0.032105263,39
3363.632982,55,78,0.74,23,0.032173913,39
3363.109745,68,72,0.11,4,0.0275,39
3363.109745,63,78,0.41,15,0.027333333,39
3363.109745,61,80,0.52,19,0.027368421,39
3363.109745,59,83,0.65,24,0.027083333,39
3363.109745,58,84,0.71,26,0.027307692,39
3362.66779,51,78,0.9,27,0.033333333,39
3362.542824,63,79,0.42,16,0.02625,39
3362.538408,64,77,0.35,13,0.026923077,39
3362.538408,61,81,0.53,20,0.0265,39
3362.538408,59,83,0.64,24,0.026666667,39
3361.709171,58,86,0.72,28,0.025714286,39
3361.686785,61,67,0.2,6,0.033333333,39
3361.463437,52,79,0.89,27,0.032962963,39
3361.414291,59,78,0.57,19,0.03,39
3360.397747,53,77,0.81,24,0.03375,39
3360.397747,52,78,0.88,26,0.033846154,39
3359.835741,53,85,0.96,32,0.03,39
3359.188635,53,91,0.99,38,0.026052632,39
3357.856135,63,66,0.1,3,0.033333333,39
3357.856135,60,69,0.3,9,0.033333333,39
3357.426583,58,70,0.41,12,0.034166667,39
3356.818007,56,76,0.64,20,0.032,39
3356.645654,58,72,0.46,14,0.032857143,39
3356.579901,68,69,0.03,1,0.03,39
3356.579901,67,70,0.09,3,0.03,39
3356.579901,66,71,0.15,5,0.03,39
3356.579901,65,72,0.21,7,0.03,39
3356.579901,64,73,0.27,9,0.03,39
3356.579901,63,74,0.33,11,0.03,39
3356.579901,62,75,0.39,13,0.03,39
3355.488698,54,76,0.72,22,0.032727273,39
3355.335718,61,71,0.32,10,0.032,39
3355.335718,59,73,0.45,14,0.032142857,39
3354.752243,57,75,0.58,18,0.032222222,39
3354.500776,52,85,0.99,33,0.03,39
3352.112285,60,70,0.33,10,0.033,39
3351.31995,57,86,0.8,29,0.027586207,39
3349.721263,54,91,0.94,37,0.025405405,39
3349.235291,56,86,0.84,30,0.028,39
3348.345976,56,73,0.56,17,0.032941176,39
3348.153076,51,79,0.94,28,0.033571429,39
3347.229795,58,79,0.63,21,0.03,39
3347.229795,57,80,0.69,23,0.03,39
3346.729914,63,69,0.19,6,0.031666667,39
3346.729914,60,72,0.38,12,0.031666667,39
3344.925517,61,72,0.34,11,0.030909091,39
3343.476833,55,74,0.64,19,0.033684211,39
3343.369985,55,75,0.66,20,0.033,39
3342.652346,58,74,0.51,16,0.031875,39
3342.652346,56,77,0.66,21,0.031428571,39
3342.261232,58,75,0.54,17,0.031764706,39
3340.456668,57,85,0.78,28,0.027857143,39
3340.001703,56,73,0.57,17,0.033529412,39
3340.001703,53,77,0.8,24,0.033333333,39
3339.567594,62,71,0.28,9,0.031111111,39
3339.567594,57,77,0.62,20,0.031,39
3337.690579,53,86,0.98,33,0.02969697,39
3337.607664,61,68,0.23,7,0.032857143,39
3337.426138,66,73,0.2,7,0.028571429,39
3335.853724,55,86,0.88,31,0.028387097,39
3335.843732,65,74,0.26,9,0.028888889,39
3335.375615,50,79,0.99,29,0.034137931,39
3334.31152,54,91,0.96,37,0.025945946,39
3334.287511,52,78,0.87,26,0.033461538,39
3334.205455,58,73,0.49,15,0.032666667,39
3334.205455,56,75,0.62,19,0.032631579,39
3333.85648,62,78,0.46,16,0.02875,39
3333.687992,59,74,0.47,15,0.031333333,39
3333.481262,55,88,0.87,33,0.026363636,39
3332.009676,59,72,0.42,13,0.032307692,39
3331.872257,53,80,0.87,27,0.032222222,39
3331.130103,52,77,0.85,25,0.034,39
3331.130103,51,78,0.92,27,0.034074074,39
3331.023359,55,89,0.93,34,0.027352941,39
3330.900492,59,78,0.56,19,0.029473684,39
3330.756728,55,86,0.89,31,0.028709677,39
3330.158761,58,83,0.7,25,0.028,39
3329.783779,56,87,0.81,31,0.026129032,39
3329.783779,55,89,0.88,34,0.025882353,39
3329.783779,54,90,0.93,36,0.025833333,39
3329.515991,51,80,0.96,29,0.033103448,39
3329.416874,64,78,0.37,14,0.026428571,39
3329.416874,62,80,0.48,18,0.026666667,39
3329.207012,61,79,0.51,18,0.028333333,39
3329.207012,60,80,0.57,20,0.0285,39
3329.207012,57,84,0.76,27,0.028148148,39
3329.207012,56,85,0.82,29,0.028275862,39
3328.855335,60,86,0.66,26,0.025384615,39
3327.506884,58,79,0.62,21,0.02952381,39
3324.201355,56,76,0.65,20,0.0325,39
3323.897217,56,88,0.85,32,0.0265625,39
3323.599807,63,77,0.4,14,0.028571429,39
3322.334738,51,80,0.97,29,0.033448276,39
3321.777384,56,82,0.77,26,0.029615385,39
3321.777384,55,83,0.83,28,0.029642857,39
3321.692797,57,85,0.73,28,0.026071429,39
3321.692797,56,87,0.8,31,0.025806452,39
3321.692797,55,88,0.85,33,0.025757576,39
3320.982488,58,82,0.68,24,0.028333333,39
3320.244728,55,83,0.82,28,0.029285714,39
3318.940229,54,79,0.8,25,0.032,39
3318.498048,59,83,0.66,24,0.0275,39
3318.3928,54,84,0.89,30,0.029666667,39
3318.322371,59,83,0.63,24,0.02625,39
3317.924922,55,84,0.82,29,0.028275862,39
3317.775249,63,68,0.16,5,0.032,39
3317.294677,53,87,0.94,34,0.027647059,39
3317.018197,53,76,0.78,23,0.033913043,39
3315.308386,57,84,0.77,27,0.028518519,39
3315.308386,56,85,0.83,29,0.02862069,39
3315.308386,55,87,0.9,32,0.028125,39
3315.308386,54,88,0.96,34,0.028235294,39
3315.308386,54,88,0.97,34,0.028529412,39
3315.258194,55,87,0.84,32,0.02625,39
3313.869699,61,78,0.49,17,0.028823529,39
3313.815021,54,70,0.57,16,0.035625,39
3313.47918,66,74,0.22,8,0.0275,39
3312.922104,53,86,0.95,33,0.028787879,39
3312.407146,58,85,0.74,27,0.027407407,39
3312.304759,64,78,0.39,14,0.027857143,39
3312.176275,39,48,0.35,9,0.038888889,39
3311.92459,61,76,0.45,15,0.03,39
3311.92459,60,77,0.51,17,0.03,39
3311.244677,58,74,0.52,16,0.0325,39
3310.72694,62,78,0.45,16,0.028125,39
3310.480578,57,90,0.83,33,0.025151515,39
3310.480578,56,91,0.88,35,0.025142857,39
3310.324944,59,69,0.34,10,0.034,39
3309.986616,55,87,0.89,32,0.0278125,39
3309.986616,54,89,0.96,35,0.027428571,39
3309.605621,55,89,0.92,34,0.027058824,39
3308.988975,54,78,0.77,24,0.032083333,39
3308.71584,61,81,0.54,20,0.027,39
3308.71584,57,86,0.78,29,0.026896552,39
3308.527174,54,90,0.92,36,0.025555556,39
3308.153477,61,82,0.55,21,0.026190476,39
3308.153477,59,84,0.66,25,0.0264,39
3307.886284,59,73,0.44,14,0.031428571,39
3307.329958,58,66,0.29,8,0.03625,39
3306.502598,55,83,0.81,28,0.028928571,39
3306.021302,62,79,0.46,17,0.027058824,39
3306.021302,60,82,0.59,22,0.026818182,39
3306.021302,57,86,0.77,29,0.026551724,39
3305.81674,53,76,0.77,23,0.033478261,39
3305.81674,52,77,0.84,25,0.0336,39
3305.33261,54,75,0.71,21,0.033809524,39
3305.194017,54,84,0.88,30,0.029333333,39
3304.752723,53,69,0.57,16,0.035625,39
3304.624476,54,75,0.7,21,0.033333333,39
3303.663513,61,70,0.29,9,0.032222222,39
3303.663513,57,74,0.55,17,0.032352941,39
3303.053617,55,89,0.91,34,0.026764706,39
3302.95619,62,83,0.54,21,0.025714286,39
3302.73337,55,87,0.85,32,0.0265625,39
3302.726205,54,90,0.94,36,0.026111111,39
3301.974573,62,80,0.5,18,0.027777778,39
3301.86722,56,87,0.86,31,0.027741935,39
3301.666345,55,88,0.91,33,0.027575758,39
3300.792544,64,69,0.16,5,0.032,39
3300.282063,64,77,0.36,13,0.027692308,39
3300.033681,51,81,0.99,30,0.033,39
3299.91972,59,82,0.65,23,0.02826087,39
3299.440623,55,86,0.87,31,0.028064516,39
3298.497398,62,77,0.43,15,0.028666667,39
3297.905212,54,88,0.95,34,0.027941176,39
3297.334092,57,75,0.57,18,0.031666667,39
3297.303533,63,82,0.49,19,0.025789474,39
3296.396606,55,90,0.89,35,0.025428571,39
3296.115337,65,76,0.3,11,0.027272727,39
3296.112916,59,65,0.21,6,0.035,39
3296.112916,58,66,0.28,8,0.035,39
3296.112916,57,67,0.35,10,0.035,39
3296.112916,56,68,0.42,12,0.035,39
3295.477107,59,81,0.63,22,0.028636364,39
3295.303099,54,87,0.93,33,0.028181818,39
3295.048896,50,79,0.98,29,0.033793103,39
3294.132467,55,87,0.91,32,0.0284375,39
3294.132467,54,89,0.98,35,0.028,39
3293.793701,57,80,0.68,23,0.029565217,39
3292.787393,55,75,0.67,20,0.0335,39
3292.597818,62,69,0.23,7,0.032857143,39
3292.597818,55,77,0.72,22,0.032727273,39
3292.176592,62,70,0.25,8,0.03125,39
3291.807731,52,79,0.88,27,0.032592593,39
3291.159595,54,89,0.97,35,0.027714286,39
3291.023392,55,70,0.54,15,0.036,39
3290.816725,68,74,0.16,6,0.026666667,39
3290.816725,65,77,0.32,12,0.026666667,39
3290.621585,52,78,0.86,26,0.033076923,39
3290.621585,51,79,0.93,28,0.033214286,39
3289.807455,60,82,0.6,22,0.027272727,39
3289.807455,57,86,0.79,29,0.027241379,39
3289.507938,65,76,0.31,11,0.028181818,39
3289.507938,62,79,0.48,17,0.028235294,39
3289.507938,61,81,0.56,20,0.028,39
3288.582613,61,80,0.54,19,0.028421053,39
3288.582613,57,85,0.79,28,0.028214286,39
3288.243702,64,74,0.29,10,0.029,39
3288.243702,63,75,0.35,12,0.029166667,39
3287.46358,58,75,0.53,17,0.031176471,39
3286.951934,55,92,0.95,37,0.025675676,39
3286.539117,59,83,0.67,24,0.027916667,39
3286.539117,59,84,0.69,25,0.0276,39
3285.187132,53,90,0.97,37,0.026216216,39
3284.723238,54,87,0.94,33,0.028484848,39
3283.515974,60,82,0.61,22,0.027727273,39
3283.041446,56,88,0.84,32,0.02625,39
3283.005797,58,84,0.69,26,0.026538462,39
3282.865934,59,70,0.37,11,0.033636364,39
3282.556558,59,82,0.64,23,0.027826087,39
3282.499375,55,85,0.85,30,0.028333333,39
3282.499375,54,86,0.91,32,0.0284375,39
3282.204829,56,81,0.74,25,0.0296,39
3281.067828,56,75,0.63,19,0.033157895,39
3280.4782,58,89,0.78,31,0.02516129,39
3280.285617,61,81,0.55,20,0.0275,39
3280.143206,56,81,0.75,25,0.03,39
3279.897913,53,88,0.99,35,0.028285714,39
3279.715677,59,87,0.71,28,0.025357143,39
3277.858465,59,71,0.4,12,0.033333333,39
3277.644436,53,91,0.98,38,0.025789474,39
3276.472223,59,71,0.39,12,0.0325,39
3276.472223,56,75,0.61,19,0.032105263,39
3276.472223,55,76,0.68,21,0.032380952,39
3276.244871,51,80,0.95,29,0.032758621,39
3276.088626,67,73,0.17,6,0.028333333,39
3276.088626,64,76,0.34,12,0.028333333,39
3276.030306,54,90,0.98,36,0.027222222,39
3275.123607,54,89,0.91,35,0.026,39
3274.862882,62,84,0.56,22,0.025454545,39
3274.862882,62,85,0.58,23,0.025217391,39
3274.862882,61,85,0.61,24,0.025416667,39
3274.862882,61,86,0.63,25,0.0252,39
3274.862882,60,87,0.68,27,0.025185185,39
3274.862882,59,88,0.73,29,0.025172414,39
3274.828615,58,85,0.72,27,0.026666667,39
3274.828615,55,89,0.9,34,0.026470588,39
3274.801048,55,69,0.49,14,0.035,39
3274.511101,56,84,0.81,28,0.028928571,39
3274.511101,55,85,0.87,30,0.029,39
3274.511101,54,86,0.93,32,0.0290625,39
3274.511101,53,87,0.99,34,0.029117647,39
3274.505913,63,80,0.44,17,0.025882353,39
3274.46304,57,84,0.72,27,0.026666667,39
3274.46304,55,86,0.83,31,0.026774194,39
3274.46304,54,88,0.9,34,0.026470588,39
3274.2479,53,71,0.64,18,0.035555556,39
3274.076232,57,81,0.69,24,0.02875,39
3274.076232,56,82,0.75,26,0.028846154,39
3273.676717,61,63,0.07,2,0.035,39
3273.676717,60,64,0.14,4,0.035,39
3273.201623,51,78,0.91,27,0.033703704,39
3271.541022,60,85,0.66,25,0.0264,39
3271.068438,56,74,0.6,18,0.033333333,39
3268.794383,60,71,0.35,11,0.031818182,39
3268.794383,58,73,0.48,15,0.032,39
3268.600947,55,82,0.81,27,0.03,39
3268.259374,63,77,0.39,14,0.027857143,39
3268.259374,60,81,0.58,21,0.027619048,39
3268.259374,58,83,0.69,25,0.0276,39
3268.259374,57,84,0.75,27,0.027777778,39
3268.259374,55,87,0.88,32,0.0275,39
3268.259374,54,88,0.94,34,0.027647059,39
3267.376992,53,77,0.79,24,0.032916667,39
3267.285309,58,88,0.77,30,0.025666667,39
3267.285309,56,91,0.89,35,0.025428571,39
3266.982545,52,79,0.9,27,0.033333333,39
3266.860992,58,84,0.68,26,0.026153846,39
3266.76178,53,79,0.86,26,0.033076923,39
3266.496799,62,68,0.2,6,0.033333333,39
3266.477886,58,83,0.71,25,0.0284,39
3265.65879,54,87,0.89,33,0.026969697,39
3265.65879,53,89,0.96,36,0.026666667,39
3264.365623,57,73,0.53,16,0.033125,39
3264.347687,52,73,0.74,21,0.035238095,39
3264.347687,51,74,0.81,23,0.035217391,39
3264.315705,54,76,0.74,22,0.033636364,39
3264.103251,53,78,0.82,25,0.0328,39
3264.048914,59,66,0.25,7,0.035714286,39
3263.629184,67,74,0.19,7,0.027142857,39
3263.330577,55,94,0.97,39,0.024871795,39
3263.225499,49,76,0.95,27,0.035185185,39
3262.745969,57,85,0.74,28,0.026428571,39
3262.745969,54,89,0.92,35,0.026285714,39
3262.664353,57,85,0.77,28,0.0275,39
3262.664353,56,86,0.83,30,0.027666667,39
3262.177553,67,78,0.28,11,0.025454545,39
3262.152435,57,72,0.51,15,0.034,39
3261.381684,55,93,0.97,38,0.025526316,39
3260.134026,55,77,0.7,22,0.031818182,39
3259.423896,57,74,0.56,17,0.032941176,39
3259.12466,55,88,0.86,33,0.026060606,39
3258.929069,66,74,0.23,8,0.02875,39
3258.720847,55,88,0.92,33,0.027878788,39
3258.6972,50,74,0.86,24,0.035833333,39
3257.842431,64,75,0.31,11,0.028181818,39
3257.842431,60,80,0.56,20,0.028,39
3257.637086,52,81,0.93,29,0.032068966,39
3257.629861,55,92,0.97,37,0.026216216,39
3257.629861,55,93,0.99,38,0.026052632,39
3257.153779,61,85,0.65,24,0.027083333,39
3257.153779,60,86,0.71,26,0.027307692,39
3257.153779,58,89,0.84,31,0.027096774,39
3256.815445,51,75,0.86,24,0.035833333,39
3256.393455,53,85,0.94,32,0.029375,39
3256.381224,62,80,0.51,18,0.028333333,39
3256.364104,57,67,0.36,10,0.036,39
3256.168516,58,84,0.73,26,0.028076923,39
3256.168516,57,86,0.81,29,0.027931034,39
3256.168516,56,87,0.87,31,0.028064516,39
3255.930793,58,67,0.32,9,0.035555556,39
3255.300201,58,83,0.67,25,0.0268,39
3255.203488,63,76,0.37,13,0.028461538,39
3254.916715,60,79,0.55,19,0.028947368,39
3254.916715,59,80,0.61,21,0.029047619,39
3254.916715,58,81,0.67,23,0.029130435,39
3254.813183,55,92,0.94,37,0.025405405,39
3254.726897,54,85,0.88,31,0.028387097,39
3253.906344,56,86,0.79,30,0.026333333,39
3253.902428,63,76,0.38,13,0.029230769,39
3253.791641,54,69,0.53,15,0.035333333,39
3253.228896,58,85,0.75,27,0.027777778,39
3253.041916,56,86,0.82,30,0.027333333,39
3252.71809,63,67,0.13,4,0.0325,39
3252.71809,61,69,0.26,8,0.0325,39
3252.524066,57,87,0.79,30,0.026333333,39
3252.488738,61,80,0.51,19,0.026842105,39
3252.264713,59,81,0.62,22,0.028181818,39
3251.915731,59,84,0.68,25,0.0272,39
3251.723629,55,90,0.9,35,0.025714286,39
3251.682058,56,85,0.78,29,0.026896552,39
3251.678212,56,84,0.82,28,0.029285714,39
3251.666402,66,75,0.25,9,0.027777778,39
3251.666402,63,79,0.44,16,0.0275,39
3251.139654,67,72,0.14,5,0.028,39
3251.139654,61,79,0.5,18,0.027777778,39
3250.959397,58,71,0.44,13,0.033846154,39
3249.996143,56,92,0.9,36,0.025,39
3249.926828,54,89,0.94,35,0.026857143,39
3249.472596,55,69,0.5,14,0.035714286,39
3249.371557,68,77,0.23,9,0.025555556,39
3249.371557,63,83,0.51,20,0.0255,39
3249.136117,56,89,0.85,33,0.025757576,39
3249.017284,67,75,0.21,8,0.02625,39
3248.859977,61,85,0.62,24,0.025833333,39
3248.859977,57,91,0.87,34,0.025588235,39
3248.086008,55,76,0.69,21,0.032857143,39
3247.957352,51,79,0.95,28,0.033928571,39
3247.612164,52,71,0.67,19,0.035263158,39
3247.490747,54,71,0.61,17,0.035882353,39
3247.458962,60,65,0.17,5,0.034,39
3247.393893,55,71,0.54,16,0.03375,39
3247.215001,50,76,0.93,26,0.035769231,39
3246.913953,54,78,0.78,24,0.0325,39
3246.913953,52,80,0.91,28,0.0325,39
3246.913953,51,81,0.98,30,0.032666667,39
3246.105014,67,74,0.2,7,0.028571429,39
3245.60473,56,86,0.85,30,0.028333333,39
3245.128119,58,81,0.66,23,0.028695652,39
3245.128119,57,82,0.72,25,0.0288,39
3245.128119,57,83,0.74,26,0.028461538,39
3245.128119,56,83,0.78,27,0.028888889,39
3245.128119,56,84,0.8,28,0.028571429,39
3244.755916,56,89,0.84,33,0.025454545,39
3244.755916,55,91,0.91,36,0.025277778,39
3244.755916,54,92,0.96,38,0.025263158,39
3244.416034,55,85,0.83,30,0.027666667,39
3243.467541,49,75,0.94,26,0.036153846,39
3243.235157,50,75,0.88,25,0.0352,39
3242.773691,63,79,0.43,16,0.026875,39
3242.773691,61,82,0.56,21,0.026666667,39
3242.773691,59,84,0.67,25,0.0268,39
3242.428662,51,73,0.77,22,0.035,39
3242.224285,53,78,0.83,25,0.0332,39
3242.222207,62,81,0.5,19,0.026315789,39
3240.969554,59,86,0.73,27,0.027037037,39
3240.740276,62,76,0.41,14,0.029285714,39
3240.740276,61,77,0.47,16,0.029375,39
3240.740276,60,78,0.53,18,0.029444444,39
3240.740276,59,79,0.59,20,0.0295,39
3240.740276,57,82,0.73,25,0.0292,39
3240.740276,56,83,0.79,27,0.029259259,39
3240.740276,55,84,0.85,29,0.029310345,39
3240.413965,53,79,0.84,26,0.032307692,39
3239.166006,59,89,0.75,30,0.025,39
3239.166006,58,89,0.79,31,0.025483871,39
3239.166006,58,90,0.8,32,0.025,39
3239.166006,57,91,0.86,34,0.025294118,39
3239.166006,56,92,0.91,36,0.025277778,39
3239.166006,56,93,0.92,37,0.024864865,39
3239.166006,56,93,0.93,37,0.025135135,39
3239.166006,55,93,0.96,38,0.025263158,39
3239.166006,55,94,0.98,39,0.025128205,39
3239.084165,57,89,0.83,32,0.0259375,39
3238.398798,61,79,0.52,18,0.028888889,39
3237.410787,59,73,0.46,14,0.032857143,39
3237.346167,56,86,0.8,30,0.026666667,39
3237.221004,66,76,0.27,10,0.027,39
3237.221004,64,78,0.38,14,0.027142857,39
3237.221004,62,80,0.49,18,0.027222222,39
3237.221004,60,83,0.62,23,0.026956522,39
3237.221004,58,85,0.73,27,0.027037037,39
3237.002976,53,87,0.97,34,0.028529412,39
3235.992186,56,91,0.9,35,0.025714286,39
3235.632058,59,66,0.24,7,0.034285714,39
3235.558567,65,73,0.23,8,0.02875,39
3235.558567,61,77,0.46,16,0.02875,39
3235.558567,60,79,0.54,19,0.028421053,39
3235.558567,59,80,0.6,21,0.028571429,39
3235.470292,60,83,0.61,23,0.026521739,39
3235.283777,68,73,0.14,5,0.028,39
3235.283777,63,78,0.42,15,0.028,39
3234.731929,58,67,0.31,9,0.034444444,39
3234.520623,69,76,0.18,7,0.025714286,39
3234.520623,64,82,0.46,18,0.025555556,39
3234.442358,55,88,0.9,33,0.027272727,39
3234.397898,54,78,0.79,24,0.032916667,39
3234.338616,53,70,0.6,17,0.035294118,39
3234.302066,55,77,0.71,22,0.032272727,39
3233.408287,50,75,0.9,25,0.036,39
3232.995773,54,86,0.89,32,0.0278125,39
3232.995773,53,87,0.95,34,0.027941176,39
3232.636999,61,78,0.48,17,0.028235294,39
3232.636999,56,84,0.79,28,0.028214286,39
3232.550648,56,85,0.81,29,0.027931034,39
3232.350776,63,78,0.43,15,0.028666667,39
3232.26696,54,85,0.91,31,0.029354839,39
3230.137705,55,95,0.98,40,0.0245,39
3229.765184,37,50,0.51,13,0.039230769,39
3228.551679,63,79,0.45,16,0.028125,39
3227.786857,56,87,0.82,31,0.026451613,39
3227.786857,55,88,0.88,33,0.026666667,39
3227.786857,54,90,0.95,36,0.026388889,39
3227.401188,56,93,0.94,37,0.025405405,39
3227.207289,55,84,0.84,29,0.028965517,39
3226.727057,60,87,0.69,27,0.025555556,39
3226.716857,56,87,0.84,31,0.027096774,39
3226.451517,56,76,0.66,20,0.033,39
3226.371866,38,49,0.43,11,0.039090909,39
3225.197584,62,64,0.07,2,0.035,39
3225.197584,61,65,0.14,4,0.035,39
3225.197584,60,66,0.21,6,0.035,39
3225.197584,59,67,0.28,8,0.035,39
3224.360323,58,90,0.81,32,0.0253125,39
3224.278845,61,84,0.6,23,0.026086957,39
3224.231092,56,88,0.86,32,0.026875,39
3224.021866,59,88,0.78,29,0.026896552,39
3223.972525,62,83,0.55,21,0.026190476,39
3223.972525,59,87,0.73,28,0.026071429,39
3223.972525,58,89,0.8,31,0.025806452,39
3223.972525,57,89,0.84,32,0.02625,39
3223.972525,57,90,0.86,33,0.026060606,39
3223.972525,56,91,0.91,35,0.026,39
3223.972525,56,92,0.93,36,0.025833333,39
3223.972525,55,93,0.98,38,0.025789474,39
3223.745992,54,77,0.75,23,0.032608696,39
3223.232281,57,88,0.79,31,0.025483871,39
3223.232281,54,93,0.98,39,0.025128205,39
3222.883363,54,72,0.64,18,0.035555556,39
3222.583697,55,85,0.88,30,0.029333333,39
3222.466159,61,79,0.49,18,0.027222222,39
3222.06694,54,88,0.91,34,0.026764706,39
3221.200576,57,90,0.85,33,0.025757576,39
3221.200576,56,92,0.92,36,0.025555556,39
3221.200576,55,94,0.99,39,0.025384615,39
3221.193669,57,91,0.88,34,0.025882353,39
3221.039091,55,89,0.89,34,0.026176471,39
3220.671372,5,41,0.99,36,0.0275,39
3220.666764,59,85,0.67,26,0.025769231,39
3220.666764,56,90,0.86,34,0.025294118,39
3220.429441,57,75,0.59,18,0.032777778,39
3219.927192,54,88,0.92,34,0.027058824,39
3219.83563,54,71,0.6,17,0.035294118,39
3219.83563,53,72,0.67,19,0.035263158,39
3219.83563,50,76,0.91,26,0.035,39
3219.83563,49,77,0.98,28,0.035,39
3219.776854,57,90,0.84,33,0.025454545,39
3219.776854,57,91,0.85,34,0.025,39
3219.708164,64,76,0.33,12,0.0275,39
3219.708164,60,81,0.57,21,0.027142857,39
3219.708164,59,82,0.63,23,0.027391304,39
3219.708164,58,84,0.7,26,0.026923077,39
3219.708164,57,85,0.76,28,0.027142857,39
3219.708164,56,86,0.81,30,0.027,39
3219.708164,56,87,0.83,31,0.026774194,39
3219.708164,55,88,0.89,33,0.026969697,39
3219.708164,54,90,0.96,36,0.026666667,39
3219.535171,54,93,0.99,39,0.025384615,39
3218.924587,58,86,0.73,28,0.026071429,39
3218.909372,54,87,0.9,33,0.027272727,39
3217.824813,59,81,0.61,22,0.027727273,39
3217.824813,56,85,0.8,29,0.027586207,39
3217.187032,67,75,0.22,8,0.0275,39
3217.187032,65,77,0.33,12,0.0275,39
3216.347193,56,84,0.77,28,0.0275,39
3216.347193,53,89,0.98,36,0.027222222,39
3216.112064,54,83,0.87,29,0.03,39
3216.112064,53,85,0.95,32,0.0296875,39
3216.023737,54,77,0.76,23,0.033043478,39
3216.023737,53,79,0.85,26,0.032692308,39
3216.023737,52,80,0.92,28,0.032857143,39
3216.01387,59,83,0.69,24,0.02875,39
3215.535303,59,82,0.66,23,0.028695652,39
3214.87146,52,72,0.7,20,0.035,39
3213.601746,54,89,0.99,35,0.028285714,39
3213.395489,60,81,0.56,21,0.026666667,39
3213.038361,57,83,0.73,26,0.028076923,39
3212.575762,51,75,0.85,24,0.035416667,39
3212.518954,58,90,0.82,32,0.025625,39
3212.312398,53,71,0.63,18,0.035,39
3212.22522,55,85,0.86,30,0.028666667,39
3212.22522,54,86,0.92,32,0.02875,39
3212.22522,53,87,0.98,34,0.028823529,39
3211.957674,54,70,0.58,16,0.03625,39
3211.90625,56,67,0.4,11,0.036363636,39
3211.818399,64,77,0.37,13,0.028461538,39
3211.744542,62,71,0.29,9,0.032222222,39
3211.633899,55,95,0.99,40,0.02475,39
3211.514209,53,88,0.98,35,0.028,39
3211.034181,56,90,0.9,34,0.026470588,39
3209.673721,52,72,0.72,20,0.036,39
3209.673721,51,73,0.79,22,0.035909091,39
3209.624022,56,91,0.92,35,0.026285714,39
3208.642182,61,71,0.33,10,0.033,39
3208.372266,54,87,0.96,33,0.029090909,39
3207.85772,54,89,0.93,35,0.026571429,39
3207.85772,53,90,0.98,37,0.026486486,39
3207.57621,53,88,0.96,35,0.027428571,39
3207.542251,66,79,0.35,13,0.026923077,39
3207.482401,56,88,0.87,32,0.0271875,39
3207.480695,55,93,0.95,38,0.025,39
3207.125916,60,81,0.6,21,0.028571429,39
3207.073405,55,71,0.56,16,0.035,39
3206.211616,57,92,0.87,35,0.024857143,39
3205.410091,59,89,0.76,30,0.025333333,39
3204.988756,54,89,0.95,35,0.027142857,39
3204.9104,53,89,0.99,36,0.0275,39
3204.676497,55,90,0.94,35,0.026857143,39
3204.039052,68,76,0.21,8,0.02625,39
3203.947788,52,74,0.77,22,0.035,39
3203.947788,51,75,0.84,24,0.035,39
3203.058523,57,92,0.88,35,0.025142857,39
3202.78008,61,81,0.57,20,0.0285,39
3202.78008,60,82,0.63,22,0.028636364,39
3201.334021,55,84,0.86,29,0.029655172,39
3201.334021,54,85,0.92,31,0.029677419,39
3201.334021,54,86,0.94,32,0.029375,39
3200.979525,61,86,0.64,25,0.0256,39
3200.680502,65,80,0.41,15,0.027333333,39
3199.917593,61,84,0.64,23,0.027826087,39
3199.485969,54,75,0.72,21,0.034285714,39
3199.250459,59,88,0.74,29,0.025517241,39
3197.985491,57,84,0.73,27,0.027037037,39
3197.947921,53,73,0.71,20,0.0355,39
3197.767911,57,85,0.75,28,0.026785714,39
3197.683737,53,90,0.95,37,0.025675676,39
3197.557245,39,67,0.93,28,0.033214286,39
3196.974399,55,86,0.84,31,0.027096774,39
3196.974399,53,89,0.97,36,0.026944444,39
3196.64947,38,47,0.46,9,0.051111111,39
3196.518678,58,88,0.78,30,0.026,39
3196.518678,55,92,0.96,37,0.025945946,39
3196.124189,60,87,0.72,27,0.026666667,39
3196.107533,53,72,0.68,19,0.035789474,39
3194.858493,57,68,0.39,11,0.035454545,39
3194.70161,59,87,0.72,28,0.025714286,39
3194.470014,55,90,0.91,35,0.026,39
3194.470014,55,91,0.92,36,0.025555556,39
3194.470014,54,92,0.97,38,0.025526316,39
3194.470014,54,92,0.98,38,0.025789474,39
3193.662346,56,68,0.43,12,0.035833333,39
3192.919771,57,83,0.72,26,0.027692308,39
3192.919771,56,84,0.78,28,0.027857143,39
3192.919771,54,87,0.91,33,0.027575758,39
3192.535253,70,74,0.11,4,0.0275,39
3192.535253,68,76,0.22,8,0.0275,39
3192.535253,64,81,0.46,17,0.027058824,39
3192.535253,62,83,0.57,21,0.027142857,39
3192.513553,56,92,0.94,36,0.026111111,39
3192.29355,56,69,0.47,13,0.036153846,39
3190.266177,39,67,0.94,28,0.033571429,39
3190.045883,5,42,0.97,37,0.026216216,39
3189.979146,62,78,0.44,16,0.0275,39
3189.979146,60,80,0.55,20,0.0275,39
3189.979146,57,84,0.74,27,0.027407407,39
3189.539328,59,72,0.43,13,0.033076923,39
3189.466475,60,80,0.58,20,0.029,39
3188.725996,53,71,0.65,18,0.036111111,39
3188.416649,56,93,0.95,37,0.025675676,39
3188.27894,57,87,0.82,30,0.027333333,39
3188.261849,59,76,0.49,17,0.028823529,39
3187.755965,57,82,0.71,25,0.0284,39
3187.755965,56,83,0.77,27,0.028518519,39
3187.155916,64,76,0.35,12,0.029166667,39
3187.155916,63,77,0.41,14,0.029285714,39
3187.088753,53,90,0.96,37,0.025945946,39
3187.02778,59,88,0.76,29,0.026206897,39
3185.971203,58,89,0.83,31,0.026774194,39
3185.716138,53,88,0.95,35,0.027142857,39
3185.479777,62,77,0.44,15,0.029333333,39
3185.479777,61,78,0.5,17,0.029411765,39
3185.479777,60,79,0.56,19,0.029473684,39
3185.479777,59,80,0.62,21,0.02952381,39
3185.437722,54,70,0.56,16,0.035,39
3184.47977,55,90,0.92,35,0.026285714,39
3184.38545,39,66,0.93,27,0.034444444,39
3184.346547,57,88,0.8,31,0.025806452,39
3183.736998,55,90,0.95,35,0.027142857,39
3183.422022,59,82,0.62,23,0.026956522,39
3183.391762,5,41,0.98,36,0.027222222,39
3183.267128,59,82,0.67,23,0.029130435,39
3182.740578,62,83,0.58,21,0.027619048,39
3182.686754,56,69,0.46,13,0.035384615,39
3182.686754,55,70,0.53,15,0.035333333,39
3182.686754,53,73,0.7,20,0.035,39
3182.239592,58,68,0.35,10,0.035,39
3182.239592,57,69,0.42,12,0.035,39
3182.239592,56,70,0.49,14,0.035,39
3182.239592,54,73,0.66,19,0.034736842,39
3182.239592,53,74,0.73,21,0.034761905,39
3182.152252,53,91,0.97,38,0.025526316,39
3182.069389,54,90,0.97,36,0.026944444,39
3181.203661,57,89,0.81,32,0.0253125,39
3181.140664,56,74,0.61,18,0.033888889,39
3180.482311,66,75,0.26,9,0.028888889,39
3180.338145,53,90,0.99,37,0.026756757,39
3180.102299,56,83,0.76,27,0.028148148,39
3180.102299,55,85,0.84,30,0.028,39
3180.102299,53,88,0.97,35,0.027714286,39
3180.09308,64,81,0.44,17,0.025882353,39
3180.09308,60,86,0.67,26,0.025769231,39
3179.827544,59,89,0.77,30,0.025666667,39
3179.482188,60,85,0.64,25,0.0256,39
3179.146577,64,71,0.2,7,0.028571429,39
3179.023915,54,91,0.98,37,0.026486486,39
3179.023915,54,92,0.99,38,0.026052632,39
3178.464888,61,84,0.59,23,0.025652174,39
3178.319142,62,77,0.42,15,0.028,39
3177.841438,62,79,0.49,17,0.028823529,39
3177.654706,62,78,0.47,16,0.029375,39
3177.654706,61,79,0.53,18,0.029444444,39
3177.493993,63,81,0.47,18,0.026111111,39
3177.152637,52,73,0.75,21,0.035714286,39
3177.100443,62,82,0.52,20,0.026,39
3176.69926,60,76,0.45,16,0.028125,39
3176.462851,54,77,0.77,23,0.033478261,39
3176.447903,67,78,0.29,11,0.026363636,39
3176.447903,66,78,0.32,12,0.026666667,39
3176.447903,66,79,0.34,13,0.026153846,39
3176.447903,63,82,0.5,19,0.026315789,39
3176.447903,63,83,0.52,20,0.026,39
3176.447903,62,84,0.57,22,0.025909091,39
3176.447903,60,86,0.68,26,0.026153846,39
3176.447903,60,87,0.7,27,0.025925926,39
3176.447903,59,88,0.75,29,0.025862069,39
3176.315144,62,84,0.59,22,0.026818182,39
3176.058332,40,65,0.86,25,0.0344,39
3175.577152,60,85,0.67,25,0.0268,39
3175.577152,60,86,0.69,26,0.026538462,39
3175.577152,58,88,0.8,30,0.026666667,39
3175.577152,57,89,0.85,32,0.0265625,39
3175.577152,57,90,0.87,33,0.026363636,39
3175.577152,56,90,0.91,34,0.026764706,39
3175.577152,55,92,0.98,37,0.026486486,39
3174.488994,58,84,0.74,26,0.028461538,39
3174.392986,56,87,0.88,31,0.028387097,39
3173.712162,51,76,0.88,25,0.0352,39
3173.712162,50,77,0.95,27,0.035185185,39
3173.359344,61,82,0.58,21,0.027619048,39
3173.359344,59,85,0.71,26,0.027307692,39
3172.783908,51,80,0.98,29,0.033793103,39
3172.55477,57,74,0.57,17,0.033529412,39
3171.546358,63,82,0.52,19,0.027368421,39
3171.546358,59,87,0.76,28,0.027142857,39
3171.304885,69,74,0.14,5,0.028,39
3171.304885,65,79,0.39,14,0.027857143,39
3171.135377,51,74,0.82,23,0.035652174,39
3171.135377,50,75,0.89,25,0.0356,39
3171.00039,65,76,0.32,11,0.029090909,39
3171.00039,64,77,0.38,13,0.029230769,39
3170.909632,57,89,0.86,32,0.026875,39
3170.770113,54,91,0.99,37,0.026756757,39
3170.680523,56,89,0.89,33,0.026969697,39
3170.207125,60,72,0.39,12,0.0325,39
3169.552414,56,80,0.71,24,0.029583333,39
3168.775017,39,65,0.92,26,0.035384615,39
3168.189656,65,75,0.29,10,0.029,39
3168.014886,63,82,0.53,19,0.027894737,39
3167.222168,68,75,0.2,7,0.028571429,39
3166.627018,62,67,0.17,5,0.034,39
3166.529428,60,75,0.43,15,0.028666667,39
3166.529428,59,77,0.51,18,0.028333333,39
3166.494759,56,91,0.93,35,0.026571429,39
3166.087951,57,86,0.82,29,0.028275862,39
3165.558501,59,80,0.59,21,0.028095238,39
3165.558501,58,81,0.65,23,0.02826087,39
3165.558501,58,82,0.67,24,0.027916667,39
3165.558501,55,86,0.86,31,0.027741935,39
3165.558501,54,86,0.9,32,0.028125,39
3165.558501,54,87,0.92,33,0.027878788,39
3165.499356,5,42,0.98,37,0.026486486,39
3165.283126,58,82,0.66,24,0.0275,39
3165.283126,56,85,0.79,29,0.027241379,39
3165.283126,55,86,0.85,31,0.027419355,39
3163.694546,69,75,0.16,6,0.026666667,39
3163.694546,64,81,0.45,17,0.026470588,39
3163.694546,61,84,0.61,23,0.026521739,39
3163.694546,61,85,0.63,24,0.02625,39
3163.694546,59,86,0.72,27,0.026666667,39
3163.694546,59,87,0.74,28,0.026428571,39
3163.694546,58,88,0.79,30,0.026333333,39
3163.694546,58,89,0.81,31,0.026129032,39
3163.007682,63,81,0.5,18,0.027777778,39
3163.007682,61,83,0.61,22,0.027727273,39
3163.007682,60,85,0.69,25,0.0276,39
3163.007682,57,88,0.86,31,0.027741935,39
3162.550063,50,75,0.87,25,0.0348,39
3162.190593,52,74,0.78,22,0.035454545,39
3162.088441,57,73,0.54,16,0.03375,39
3161.509598,58,73,0.5,15,0.033333333,39
3161.007713,54,89,0.9,35,0.025714286,39
3160.741811,60,82,0.62,22,0.028181818,39
3160.741811,59,83,0.68,24,0.028333333,39
3160.149661,66,78,0.33,12,0.0275,39
3160.149661,64,80,0.44,16,0.0275,39
3160.149661,62,82,0.55,20,0.0275,39
3160.149661,61,84,0.63,23,0.027391304,39
3160.149661,59,86,0.74,27,0.027407407,39
3160.149661,58,87,0.8,29,0.027586207,39
3160.149661,58,88,0.82,30,0.027333333,39
3160.019578,58,90,0.83,32,0.0259375,39
3160.019578,57,91,0.89,34,0.026176471,39
3159.229041,55,87,0.86,32,0.026875,39
3159.107396,50,76,0.92,26,0.035384615,39
3159.107396,49,77,0.99,28,0.035357143,39
3159.08157,52,74,0.79,22,0.035909091,39
3158.979241,55,91,0.94,36,0.026111111,39
3158.81568,59,85,0.7,26,0.026923077,39
3158.81568,57,88,0.83,31,0.026774194,39
3157.822536,67,71,0.11,4,0.0275,39
3157.448259,52,79,0.91,27,0.033703704,39
3157.422929,70,75,0.13,5,0.026,39
3157.422929,65,80,0.39,15,0.026,39
3157.168396,48,54,0.2,6,0.033333333,39
3156.451998,63,81,0.51,18,0.028333333,39
3156.427938,59,86,0.69,27,0.025555556,39
3156.427938,58,87,0.74,29,0.025517241,39
3156.306048,55,91,0.96,36,0.026666667,39
3155.712034,61,80,0.55,19,0.028947368,39
3155.318236,56,90,0.87,34,0.025588235,39
3155.272821,40,66,0.86,26,0.033076923,39
3154.719463,61,83,0.57,22,0.025909091,39
3154.719463,60,84,0.62,24,0.025833333,39
3154.407517,53,87,0.96,34,0.028235294,39
3154.133074,56,83,0.8,27,0.02962963,39
3153.701686,66,78,0.31,12,0.025833333,39
3153.541794,56,92,0.96,36,0.026666667,39
3153.169602,56,73,0.58,17,0.034117647,39
3152.893198,57,82,0.69,25,0.0276,39
3152.746281,66,77,0.29,11,0.026363636,39
3152.651521,57,79,0.65,22,0.029545455,39
3152.553438,67,76,0.24,9,0.026666667,39
3152.553438,60,84,0.64,24,0.026666667,39
3151.860446,60,81,0.61,21,0.029047619,39
3151.860446,58,84,0.75,26,0.028846154,39
3151.794952,55,71,0.57,16,0.035625,39
3151.674002,55,92,0.99,37,0.026756757,39
3151.316782,58,83,0.68,25,0.0272,39
3151.316782,55,87,0.87,32,0.0271875,39
3151.316782,54,88,0.93,34,0.027352941,39
3151.274182,54,88,0.89,34,0.026176471,39
3151.204384,58,86,0.76,28,0.027142857,39
3150.607789,49,76,0.96,27,0.035555556,39
3150.318052,53,84,0.91,31,0.029354839,39
3150.318052,52,85,0.97,33,0.029393939,39
3150.078094,55,82,0.79,27,0.029259259,39
3150.078094,54,83,0.85,29,0.029310345,39
3149.968871,52,73,0.73,21,0.034761905,39
3149.968871,51,74,0.8,23,0.034782609,39
3149.499594,55,88,0.93,33,0.028181818,39
3149.198749,63,73,0.28,10,0.028,39
3148.349043,56,83,0.75,27,0.027777778,39
3148.296956,67,77,0.26,10,0.026,39
3148.136175,59,86,0.7,27,0.025925926,39
3147.597041,53,86,0.93,33,0.028181818,39
3146.870288,59,81,0.64,22,0.029090909,39
3146.789539,60,78,0.49,18,0.027222222,39
3146.789539,58,81,0.62,23,0.026956522,39
3146.571595,55,90,0.96,35,0.027428571,39
3146.256273,55,91,0.97,36,0.026944444,39
3145.8868,55,84,0.81,29,0.027931034,39
3145.8868,54,85,0.87,31,0.028064516,39
3145.545648,60,71,0.37,11,0.033636364,39
3145.287603,54,91,0.97,37,0.026216216,39
3144.529101,57,88,0.82,31,0.026451613,39
3144.492833,40,67,0.87,27,0.032222222,39
3144.40713,67,77,0.28,10,0.028,39
3144.40713,64,81,0.47,17,0.027647059,39
3144.018231,55,76,0.7,21,0.033333333,39
3143.034897,57,83,0.76,26,0.029230769,39
3142.740691,56,90,0.88,34,0.025882353,39
3142.514743,53,86,0.92,33,0.027878788,39
3142.514743,52,87,0.98,35,0.028,39
3142.21688,60,65,0.18,5,0.036,39
3141.330404,55,83,0.79,28,0.028214286,39
3141.162367,58,86,0.77,28,0.0275,39
3141.162367,56,88,0.88,32,0.0275,39
3141.162367,56,89,0.9,33,0.027272727,39
3141.040674,64,74,0.27,10,0.027,39
3140.409161,56,83,0.74,27,0.027407407,39
3140.409161,55,84,0.8,29,0.027586207,39
3139.809521,57,91,0.91,34,0.026764706,39
3139.719268,60,85,0.7,25,0.028,39
3139.595212,61,85,0.66,24,0.0275,39
3138.712218,56,82,0.73,26,0.028076923,39
3138.585451,69,75,0.17,6,0.028333333,39
3138.212025,39,68,0.94,29,0.032413793,39
3138.068416,61,84,0.62,23,0.026956522,39
3137.83455,58,72,0.47,14,0.033571429,39
3137.412503,36,51,0.59,15,0.039333333,39
3137.099627,64,79,0.39,15,0.026,39
3137.099627,64,80,0.41,16,0.025625,39
3135.86825,49,76,0.97,27,0.035925926,39
3135.835701,58,90,0.84,32,0.02625,39
3135.51706,56,94,0.95,38,0.025,39
3135.295047,54,84,0.85,30,0.028333333,39
3135.295047,53,85,0.91,32,0.0284375,39
3134.79357,58,88,0.84,30,0.028,39
3134.79357,57,89,0.9,32,0.028125,39
3134.699607,59,78,0.53,19,0.027894737,39
3134.515519,56,90,0.96,34,0.028235294,39
3134.209004,57,87,0.81,30,0.027,39
3133.665105,65,71,0.17,6,0.028333333,39
3133.579444,62,74,0.34,12,0.028333333,39
3133.579444,58,78,0.57,20,0.0285,39
3133.176784,58,88,0.76,30,0.025333333,39
3133.176784,55,92,0.93,37,0.025135135,39
3132.756206,54,72,0.63,18,0.035,39
3132.690617,57,74,0.51,17,0.03,39
3132.673355,65,79,0.38,14,0.027142857,39
3132.673355,63,81,0.49,18,0.027222222,39
3132.285462,64,73,0.25,9,0.027777778,39
3132.285462,62,75,0.36,13,0.027692308,39
3131.899986,56,89,0.88,33,0.026666667,39
3131.899986,55,91,0.95,36,0.026388889,39
3131.77295,64,67,0.1,3,0.033333333,39
3131.77295,61,70,0.3,9,0.033333333,39
3130.341822,53,74,0.74,21,0.035238095,39
3130.21482,38,50,0.46,12,0.038333333,39
3130.120163,64,80,0.43,16,0.026875,39
3130.120163,62,83,0.56,21,0.026666667,39
3130.120163,62,84,0.58,22,0.026363636,39
3129.281483,60,86,0.7,26,0.026923077,39
3129.281483,57,90,0.89,33,0.026969697,39
3128.528985,54,82,0.78,28,0.027857143,39
3128.375828,57,92,0.9,35,0.025714286,39
3128.164275,52,75,0.81,23,0.035217391,39
3128.164275,50,78,0.98,28,0.035,39
3127.624463,56,84,0.83,28,0.029642857,39
3127.624463,55,85,0.89,30,0.029666667,39
3127.553647,56,80,0.72,24,0.03,39
3126.266947,60,77,0.47,17,0.027647059,39
3126.172424,55,72,0.59,17,0.034705882,39
3125.953008,55,91,0.93,36,0.025833333,39
3125.689467,62,82,0.53,20,0.0265,39
3125.689467,61,83,0.58,22,0.026363636,39
3125.689467,58,87,0.76,29,0.026206897,39
3125.447284,57,88,0.84,31,0.027096774,39
3125.132255,62,79,0.5,17,0.029411765,39
3125.132255,61,80,0.56,19,0.029473684,39
3125.132255,60,81,0.62,21,0.02952381,39
3125.080721,44,58,0.47,14,0.033571429,39
3125.051577,64,79,0.41,15,0.027333333,39
3125.051577,62,81,0.52,19,0.027368421,39
3124.962677,54,86,0.88,32,0.0275,39
3124.953493,56,94,0.93,38,0.024473684,39
3124.952312,57,89,0.82,32,0.025625,39
3124.735308,66,76,0.28,10,0.028,39
3123.451215,64,68,0.13,4,0.0325,39
3123.451215,62,70,0.26,8,0.0325,39
3123.325244,40,64,0.85,24,0.035416667,39
3123.282243,55,75,0.68,20,0.034,39
3123.282243,54,76,0.75,22,0.034090909,39
3123.282243,53,77,0.82,24,0.034166667,39
3123.05657,61,69,0.27,8,0.03375,39
3122.701875,52,86,0.97,34,0.028529412,39
3122.195663,57,85,0.8,28,0.028571429,39
3121.816224,53,89,0.95,36,0.026388889,39
3121.467298,59,86,0.76,27,0.028148148,39
3121.222954,61,76,0.42,15,0.028,39
3121.222954,58,79,0.59,21,0.028095238,39
3121.154051,57,91,0.9,34,0.026470588,39
3120.940987,58,86,0.74,28,0.026428571,39
3120.583219,56,79,0.67,23,0.029130435,39
3120.0303,55,90,0.93,35,0.026571429,39
3119.712957,68,74,0.17,6,0.028333333,39
3119.712957,65,77,0.34,12,0.028333333,39
3119.712957,61,82,0.59,21,0.028095238,39
3119.062404,65,78,0.37,13,0.028461538,39
3118.922149,57,78,0.65,21,0.030952381,39
3118.922149,56,79,0.71,23,0.030869565,39
3118.294685,63,75,0.33,12,0.0275,39
3118.200203,55,76,0.71,21,0.033809524,39
3118.120899,53,75,0.76,22,0.034545455,39
3118.032019,60,85,0.68,25,0.0272,39
3118.032019,57,89,0.87,32,0.0271875,39
3118.032019,56,90,0.93,34,0.027352941,39
3116.688987,55,89,0.94,34,0.027647059,39
3116.32935,52,85,0.91,33,0.027575758,39
3116.012858,56,89,0.86,33,0.026060606,39
3115.984141,51,86,0.98,35,0.028,39
3115.429294,61,82,0.57,21,0.027142857,39
3115.297602,57,86,0.83,29,0.02862069,39
3115.254172,61,83,0.62,22,0.028181818,39
3115.220184,58,78,0.6,20,0.03,39
3115.220184,57,79,0.66,22,0.03,39
3114.293843,44,60,0.56,16,0.035,39
3113.986479,65,79,0.36,14,0.025714286,39
3113.286234,57,82,0.68,25,0.0272,39
3112.94294,53,83,0.88,30,0.029333333,39
3112.781311,40,66,0.88,26,0.033846154,39
3112.648868,69,74,0.13,5,0.026,39
3112.22264,61,83,0.59,22,0.026818182,39
3112.19598,54,83,0.84,29,0.028965517,39
3111.54661,62,81,0.53,19,0.027894737,39
3111.54661,57,87,0.84,30,0.028,39
3111.116495,58,87,0.77,29,0.026551724,39
3111.058786,39,67,0.95,28,0.033928571,39
3110.892123,61,85,0.64,24,0.026666667,39
3110.892123,59,87,0.75,28,0.026785714,39
3110.87477,56,75,0.64,19,0.033684211,39
3109.432631,52,75,0.8,23,0.034782609,39
3109.278475,62,76,0.38,14,0.027142857,39
3108.397003,58,77,0.55,19,0.028947368,39
3108.397003,57,78,0.61,21,0.029047619,39
3108.306121,60,78,0.5,18,0.027777778,39
3108.253627,55,87,0.92,32,0.02875,39
3108.178549,53,78,0.84,25,0.0336,39
3108.158186,59,87,0.77,28,0.0275,39
3108.000971,41,65,0.8,24,0.033333333,39
3108.000971,40,66,0.87,26,0.033461538,39
3107.578828,53,83,0.89,30,0.029666667,39
3107.578828,52,84,0.95,32,0.0296875,39
3107.462562,62,82,0.57,20,0.0285,39
3107.305094,61,77,0.44,16,0.0275,39
3107.221647,54,84,0.86,30,0.028666667,39
3107.221647,53,85,0.92,32,0.02875,39
3107.221647,52,86,0.98,34,0.028823529,39
3106.961365,57,89,0.89,32,0.0278125,39
3106.961365,57,90,0.91,33,0.027575758,39
3106.961365,56,91,0.97,35,0.027714286,39
3106.701851,57,84,0.78,27,0.028888889,39
3106.32504,69,73,0.11,4,0.0275,39
3106.130479,65,78,0.34,13,0.026153846,39
3106.08563,60,84,0.65,24,0.027083333,39
3106.049933,70,73,0.08,3,0.026666667,39
3106.049933,65,78,0.35,13,0.026923077,39
3105.527273,59,79,0.56,20,0.028,39
3104.924201,58,82,0.7,24,0.029166667,39
3104.924201,56,85,0.84,29,0.028965517,39
3104.901865,53,82,0.9,29,0.031034483,39
3104.844876,58,88,0.81,30,0.027,39
3104.844876,56,91,0.94,35,0.026857143,39
3104.567299,64,80,0.45,16,0.028125,39
3104.567299,62,82,0.56,20,0.028,39
3104.567299,59,86,0.75,27,0.027777778,39
3104.56598,55,74,0.65,19,0.034210526,39
3103.93933,54,82,0.81,28,0.028928571,39
3103.396504,54,86,0.95,32,0.0296875,39
3103.256684,56,92,0.97,36,0.026944444,39
3103.005468,64,71,0.21,7,0.03,39
3103.005468,63,72,0.27,9,0.03,39
3103.005468,62,73,0.33,11,0.03,39
3102.15089,39,66,0.94,27,0.034814815,39
3102.113908,56,81,0.73,25,0.0292,39
3101.961563,57,79,0.63,22,0.028636364,39
3101.961563,56,80,0.69,24,0.02875,39
3101.961563,55,82,0.77,27,0.028518519,39
3101.961563,54,83,0.83,29,0.02862069,39
3101.824693,57,81,0.68,24,0.028333333,39
3101.698732,67,68,0.03,1,0.03,39
3101.698732,66,69,0.09,3,0.03,39
3101.698732,65,70,0.15,5,0.03,39
3101.606317,54,81,0.81,27,0.03,39
3101.594471,58,87,0.75,29,0.025862069,39
3101.333092,59,79,0.55,20,0.0275,39
3101.33292,64,79,0.4,15,0.026666667,39
3101.33292,62,81,0.51,19,0.026842105,39
3101.33292,59,85,0.69,26,0.026538462,39
3101.33292,58,86,0.75,28,0.026785714,39
3101.33292,57,87,0.8,30,0.026666667,39
3101.33292,56,89,0.87,33,0.026363636,39
3101.319687,63,78,0.44,15,0.029333333,39
3101.319687,59,83,0.7,24,0.029166667,39
3101.319687,58,84,0.76,26,0.029230769,39
3101.132696,55,86,0.9,31,0.029032258,39
3100.865069,63,74,0.31,11,0.028181818,39
3100.699847,60,83,0.63,23,0.027391304,39
3100.203444,55,81,0.79,26,0.030384615,39
3100.166277,59,86,0.77,27,0.028518519,39
3100.166277,58,87,0.83,29,0.02862069,39
3100.166277,57,88,0.89,31,0.028709677,39
3099.921203,56,81,0.72,25,0.0288,39
3099.921203,55,82,0.78,27,0.028888889,39
3099.653495,63,80,0.45,17,0.026470588,39
3099.653495,60,84,0.63,24,0.02625,39
3098.784529,43,44,0.04,1,0.04,39
3098.784529,42,45,0.12,3,0.04,39
3098.784529,41,46,0.2,5,0.04,39
3098.345477,58,85,0.76,27,0.028148148,39
3097.946644,66,71,0.14,5,0.028,39
3097.584832,65,73,0.22,8,0.0275,39
3097.385316,57,83,0.77,26,0.029615385,39
3097.243081,42,63,0.72,21,0.034285714,39
3097.243081,41,64,0.79,23,0.034347826,39
3097.086679,59,81,0.65,22,0.029545455,39
3097.039029,56,90,0.89,34,0.026176471,39
3096.621312,56,93,0.96,37,0.025945946,39
3096.556525,58,73,0.45,15,0.03,39
3096.289106,61,83,0.63,22,0.028636364,39
3095.862176,56,94,0.94,38,0.024736842,39
3095.749374,60,84,0.69,24,0.02875,39
3095.255803,59,77,0.53,18,0.029444444,39
3095.255803,58,78,0.59,20,0.0295,39
3095.24475,58,82,0.64,24,0.026666667,39
3094.83885,66,78,0.34,12,0.028333333,39
3094.789894,53,87,0.93,34,0.027352941,39
3094.338545,57,88,0.81,31,0.026129032,39
3093.639392,58,81,0.68,23,0.029565217,39
3093.590445,56,87,0.89,31,0.028709677,39
3093.590445,55,88,0.95,33,0.028787879,39
3093.570596,63,80,0.46,17,0.027058824,39
3093.470309,63,82,0.51,19,0.026842105,39
3092.853729,51,87,0.98,36,0.027222222,39
3092.406508,55,80,0.74,25,0.0296,39
3092.403418,60,76,0.47,16,0.029375,39
3092.369337,50,77,0.94,27,0.034814815,39
3092.330883,45,58,0.43,13,0.033076923,39
3092.11508,58,80,0.62,22,0.028181818,39
3091.671291,58,87,0.79,29,0.027241379,39
3091.671291,56,90,0.92,34,0.027058824,39
3091.671291,55,91,0.98,36,0.027222222,39
3091.468208,52,84,0.94,32,0.029375,39
3091.339656,45,61,0.46,16,0.02875,39
3091.265802,5,42,0.95,37,0.025675676,39
3091.0839,65,76,0.29,11,0.026363636,39
3090.76761,58,77,0.56,19,0.029473684,39
3090.625149,62,87,0.53,25,0.0212,39
3089.941988,57,78,0.62,21,0.02952381,39
3089.941988,56,79,0.68,23,0.029565217,39
3089.725896,57,80,0.65,23,0.02826087,39
3089.725896,56,81,0.71,25,0.0284,39
3089.056759,59,88,0.77,29,0.026551724,39
3089.000307,55,83,0.8,28,0.028571429,39
3088.917633,60,77,0.49,17,0.028823529,39
3088.917633,59,78,0.55,19,0.028947368,39
3088.663452,56,91,0.95,35,0.027142857,39
3088.240464,58,80,0.61,22,0.027727273,39
3088.240464,56,82,0.72,26,0.027692308,39
3088.240464,55,83,0.78,28,0.027857143,39
3088.131316,61,81,0.58,20,0.029,39
3088.131316,60,82,0.64,22,0.029090909,39
3088.131316,57,85,0.82,28,0.029285714,39
3088.131316,56,87,0.9,31,0.029032258,39
3087.857276,55,88,0.96,33,0.029090909,39
3087.695121,58,79,0.61,21,0.029047619,39
3087.695121,57,80,0.67,23,0.029130435,39
3087.593768,56,86,0.88,30,0.029333333,39
3087.435913,61,76,0.43,15,0.028666667,39
3086.266872,53,83,0.84,30,0.028,39
3086.207107,56,82,0.74,26,0.028461538,39
3085.788037,58,89,0.82,31,0.026451613,39
3085.687712,52,84,0.96,32,0.03,39
3084.364877,54,85,0.86,31,0.027741935,39
3083.86192,53,74,0.75,21,0.035714286,39
3083.86192,52,75,0.82,23,0.035652174,39
3083.713633,41,63,0.78,22,0.035454545,39
3082.325404,56,80,0.7,24,0.029166667,39
3081.879363,36,66,0.21,30,0.007,39
3081.827163,57,78,0.63,21,0.03,39
3081.827163,55,81,0.77,26,0.029615385,39
3081.450145,35,53,0.69,18,0.038333333,39
3081.227616,58,69,0.39,11,0.035454545,39
3081.003854,56,79,0.69,23,0.03,39
3081.003854,55,80,0.75,25,0.03,39
3080.459465,42,62,0.71,20,0.0355,39
3080.378609,62,83,0.59,21,0.028095238,39
3080.378609,61,84,0.65,23,0.02826087,39
3080.340397,58,68,0.36,10,0.036,39
3080.340397,54,73,0.68,19,0.035789474,39
3080.289413,55,80,0.78,25,0.0312,39
3080.289413,54,81,0.84,27,0.031111111,39
3080.028143,58,88,0.83,30,0.027666667,39
3079.939998,61,83,0.6,22,0.027272727,39
3079.925189,56,75,0.57,19,0.03,39
3079.583209,39,68,0.95,29,0.032758621,39
3079.568237,56,91,0.98,35,0.028,39
3079.438336,51,77,0.92,26,0.035384615,39
3079.416808,40,66,0.84,26,0.032307692,39
3078.915227,58,83,0.73,25,0.0292,39
3078.475149,59,86,0.71,27,0.026296296,39
3077.846596,66,77,0.3,11,0.027272727,39
3077.573932,63,81,0.48,18,0.026666667,39
3076.637384,39,67,0.96,28,0.034285714,39
3076.485114,45,59,0.49,14,0.035,39
3076.399914,57,79,0.64,22,0.029090909,39
3076.095898,53,84,0.9,31,0.029032258,39
3075.937496,56,89,0.95,33,0.028787879,39
3075.637099,55,81,0.78,26,0.03,39
3075.001611,61,76,0.44,15,0.029333333,39
3074.964477,61,73,0.36,12,0.03,39
3074.693928,55,77,0.64,22,0.029090909,39
3074.356266,63,72,0.26,9,0.028888889,39
3073.64587,59,71,0.41,12,0.034166667,39
3073.481184,60,80,0.59,20,0.0295,39
3073.087408,63,74,0.32,11,0.029090909,39
3073.077649,61,75,0.4,14,0.028571429,39
3072.555153,51,86,0.97,35,0.027714286,39
3072.248701,57,88,0.9,31,0.029032258,39
3072.23564,50,77,0.96,27,0.035555556,39
3071.962451,56,91,0.96,35,0.027428571,39
3071.826315,51,76,0.87,25,0.0348,39
3071.530715,60,85,0.65,25,0.026,39
3071.311484,59,73,0.41,14,0.029285714,39
3071.311484,58,74,0.47,16,0.029375,39
3070.366079,5,42,0.96,37,0.025945946,39
3070.234895,59,76,0.5,17,0.029411765,39
3069.945889,62,73,0.32,11,0.029090909,39
3069.945889,60,76,0.46,16,0.02875,39
3069.751431,33,56,0.89,23,0.038695652,39
3069.476272,57,85,0.81,28,0.028928571,39
3069.184175,57,90,0.9,33,0.027272727,39
3068.944981,65,74,0.24,9,0.026666667,39
3068.941474,35,53,0.71,18,0.039444444,39
3068.906192,32,57,0.97,25,0.0388,39
3068.644707,57,81,0.67,24,0.027916667,39
3068.614291,55,77,0.65,22,0.029545455,39
3068.509127,60,89,0.62,29,0.02137931,39
3068.294394,64,78,0.4,14,0.028571429,39
3068.294394,59,84,0.71,25,0.0284,39
3067.785644,35,52,0.67,17,0.039411765,39
3067.532819,41,64,0.8,23,0.034782609,39
3067.532819,40,65,0.87,25,0.0348,39
3067.276926,52,82,0.91,30,0.030333333,39
3067.254704,63,80,0.47,17,0.027647059,39
3066.927943,56,90,0.97,34,0.028529412,39
3066.305706,55,81,0.75,26,0.028846154,39
3066.279041,57,70,0.46,13,0.035384615,39
3066.279041,56,71,0.53,15,0.035333333,39
3066.279041,55,72,0.6,17,0.035294118,39
3066.235446,58,86,0.78,28,0.027857143,39
3066.143946,55,86,0.91,31,0.029354839,39
3066.143946,54,87,0.97,33,0.029393939,39
3066.057694,59,87,0.78,28,0.027857143,39
3065.666646,34,54,0.79,20,0.0395,39
3065.514339,40,47,0.27,7,0.038571429,39
3065.167742,57,92,0.89,35,0.025428571,39
3064.495425,39,68,0.96,29,0.033103448,39
3064.000097,54,82,0.83,28,0.029642857,39
3063.904757,54,78,0.7,24,0.029166667,39
3062.744691,54,84,0.84,30,0.028,39
3062.402791,50,78,0.99,28,0.035357143,39
3062.309495,60,70,0.34,10,0.034,39
3061.567227,37,51,0.54,14,0.038571429,39
3061.125142,36,51,0.6,15,0.04,39
3060.952355,60,77,0.48,17,0.028235294,39
3060.410045,53,84,0.89,31,0.028709677,39
3060.409864,53,81,0.84,28,0.03,39
3060.182929,42,63,0.73,21,0.034761905,39
3059.500114,54,88,0.99,34,0.029117647,39
3059.123079,65,79,0.37,14,0.026428571,39
3058.748577,61,68,0.24,7,0.034285714,39
3058.054883,53,83,0.92,30,0.030666667,39
3057.720078,58,78,0.58,20,0.029,39
3057.468318,64,80,0.42,16,0.02625,39
3057.279927,63,72,0.25,9,0.027777778,39
3057.270893,56,92,0.95,36,0.026388889,39
3057.026279,59,84,0.7,25,0.028,39
3057.026279,56,88,0.89,32,0.0278125,39
3057.026279,55,89,0.95,34,0.027941176,39
3056.53076,52,85,0.96,33,0.029090909,39
3056.360168,52,76,0.83,24,0.034583333,39
3056.360168,51,77,0.9,26,0.034615385,39
3056.360168,50,78,0.97,28,0.034642857,39
3055.9658,52,85,0.9,33,0.027272727,39
3055.9658,51,86,0.96,35,0.027428571,39
3055.959656,61,74,0.38,13,0.029230769,39
3055.959656,60,75,0.44,15,0.029333333,39
3055.582087,57,75,0.53,18,0.029444444,39
3055.582087,56,76,0.59,20,0.0295,39
3054.347341,60,87,0.71,27,0.026296296,39
3054.264432,60,71,0.33,11,0.03,39
3054.264432,59,72,0.39,13,0.03,39
3054.075847,52,83,0.98,31,0.031612903,39
3054.027893,60,83,0.65,23,0.02826087,39
3053.798578,59,85,0.68,26,0.026153846,39
3053.385406,41,64,0.75,23,0.032608696,39
3053.014591,60,86,0.72,26,0.027692308,39
3052.380991,57,82,0.74,25,0.0296,39
3051.972339,66,68,0.06,2,0.03,39
3051.914219,48,53,0.17,5,0.034,39
3051.709412,57,76,0.55,19,0.028947368,39
3051.709412,56,77,0.61,21,0.029047619,39
3051.633972,66,77,0.32,11,0.029090909,39
3051.17573,68,75,0.19,7,0.027142857,39
3051.175374,61,78,0.46,17,0.027058824,39
3050.883653,67,76,0.25,9,0.027777778,39
3050.548692,53,83,0.85,30,0.028333333,39
3049.91588,56,86,0.86,30,0.028666667,39
3049.659869,59,77,0.52,18,0.028888889,39
3049.251942,46,56,0.34,10,0.034,39
3049.094969,61,74,0.39,13,0.03,39
3049.094969,60,75,0.45,15,0.03,39
3049.094969,59,76,0.51,17,0.03,39
3049.094969,58,77,0.57,19,0.03,39
3048.910024,58,78,0.55,20,0.0275,39
3048.731785,62,75,0.37,13,0.028461538,39
3048.486831,54,81,0.82,27,0.03037037,39
3048.414365,57,69,0.43,12,0.035833333,39
3048.414365,56,70,0.5,14,0.035714286,39
3048.414365,51,76,0.89,25,0.0356,39
3047.826369,59,76,0.48,17,0.028235294,39
3047.826369,58,77,0.54,19,0.028421053,39
3047.707421,56,76,0.58,20,0.029,39
3047.13571,60,85,0.71,25,0.0284,39
3046.818654,34,54,0.78,20,0.039,39
3046.814152,43,61,0.59,18,0.032777778,39
3046.814152,42,62,0.66,20,0.033,39
3046.781057,59,87,0.79,28,0.028214286,39
3046.600078,64,79,0.43,15,0.028666667,39
3046.561021,54,82,0.82,28,0.029285714,39
3046.272284,57,90,0.88,33,0.026666667,39
3045.408991,47,54,0.24,7,0.034285714,39
3044.843936,51,79,0.87,28,0.031071429,39
3044.68189,54,79,0.73,25,0.0292,39
3044.667694,58,83,0.72,25,0.0288,39
3044.568907,56,74,0.55,18,0.030555556,39
3044.131893,55,81,0.76,26,0.029230769,39
3044.117527,61,75,0.41,14,0.029285714,39
3043.905847,67,77,0.27,10,0.027,39
3043.760187,57,89,0.91,32,0.0284375,39
3043.653568,60,69,0.28,9,0.031111111,39
3043.181699,63,79,0.46,16,0.02875,39
3043.181699,62,80,0.52,18,0.028888889,39
3043.150384,59,78,0.54,19,0.028421053,39
3042.578573,62,73,0.31,11,0.028181818,39
3041.927508,55,78,0.67,23,0.029130435,39
3041.927508,52,82,0.87,30,0.029,39
3041.892355,39,68,0.97,29,0.033448276,39
3041.761692,45,57,0.41,12,0.034166667,39
3041.761692,44,58,0.48,14,0.034285714,39
3041.577101,63,83,0.53,20,0.0265,39
3041.335269,57,87,0.83,30,0.027666667,39
3041.325019,58,87,0.82,29,0.028275862,39
3041.325019,57,88,0.88,31,0.028387097,39
3041.291248,65,66,0.03,1,0.03,39
3041.291248,64,67,0.09,3,0.03,39
3041.291248,63,68,0.15,5,0.03,39
3041.291248,62,69,0.21,7,0.03,39
3041.291248,61,70,0.27,9,0.03,39
3040.898349,54,82,0.85,28,0.030357143,39
3040.898349,53,83,0.91,30,0.030333333,39
3040.723889,58,79,0.6,21,0.028571429,39
3040.501139,53,82,0.88,29,0.030344828,39
3039.924278,32,57,0.99,25,0.0396,39
3039.783716,38,49,0.44,11,0.04,39
3039.783716,37,50,0.52,13,0.04,39
3039.6347,54,82,0.77,28,0.0275,39
3039.367684,37,52,0.57,15,0.038,39
3038.850653,60,83,0.64,23,0.027826087,39
3038.056516,54,82,0.79,28,0.028214286,39
3037.671194,65,69,0.12,4,0.03,39
3037.671194,64,70,0.18,6,0.03,39
3037.671194,63,71,0.24,8,0.03,39
3037.671194,62,72,0.3,10,0.03,39
3037.624061,64,72,0.23,8,0.02875,39
3037.523861,54,82,0.84,28,0.03,39
3036.975737,51,80,0.88,29,0.030344828,39
3036.847666,55,88,0.94,33,0.028484848,39
3036.642273,55,76,0.63,21,0.03,39
3036.560644,53,82,0.91,29,0.03137931,39
3036.560644,52,83,0.97,31,0.031290323,39
3036.266831,40,66,0.9,26,0.034615385,39
3035.673794,56,90,0.98,34,0.028823529,39
3035.531389,58,82,0.71,24,0.029583333,39
3035.183407,65,78,0.36,13,0.027692308,39
3035.112022,41,71,0.85,30,0.028333333,39
3033.797399,60,84,0.68,24,0.028333333,39
3033.797399,59,85,0.74,26,0.028461538,39
3033.797399,56,89,0.93,33,0.028181818,39
3033.725803,44,66,0.64,22,0.029090909,39
3032.878295,43,59,0.55,16,0.034375,39
3032.794307,55,91,0.99,36,0.0275,39
3032.682097,52,84,0.97,32,0.0303125,39
3032.644234,62,82,0.54,20,0.027,39
3032.490801,56,81,0.76,25,0.0304,39
3032.210936,55,85,0.81,30,0.027,39
3032.210936,54,86,0.87,32,0.0271875,39
3031.971408,52,84,0.98,32,0.030625,39
3031.909524,58,87,0.78,29,0.026896552,39
3031.241439,57,80,0.66,23,0.028695652,39
3030.825946,62,76,0.39,14,0.027857143,39
3030.683599,70,98,0.48,28,0.017142857,39
3030.513845,55,72,0.61,17,0.035882353,39
3029.959892,63,73,0.29,10,0.029,39
3029.959892,62,74,0.35,12,0.029166667,39
3029.593907,54,83,0.78,29,0.026896552,39
3029.593907,52,86,0.91,34,0.026764706,39
3029.2107,62,70,0.23,8,0.02875,39
3029.164982,51,87,0.96,36,0.026666667,39
3028.892426,65,79,0.4,14,0.028571429,39
3028.364075,64,80,0.46,16,0.02875,39
3028.358296,32,57,0.98,25,0.0392,39
3028.04205,54,76,0.68,22,0.030909091,39
3028.009241,53,83,0.9,30,0.03,39
3027.82464,64,79,0.42,15,0.028,39
3027.82464,60,84,0.67,24,0.027916667,39
3027.386385,58,90,0.85,32,0.0265625,39
3027.204788,54,86,0.85,32,0.0265625,39
3026.974209,54,88,0.98,34,0.028823529,39
3026.968423,50,83,0.98,33,0.02969697,39
3026.482255,56,82,0.78,26,0.03,39
3026.482255,55,83,0.84,28,0.03,39
3026.482255,54,84,0.9,30,0.03,39
3026.476138,5,42,0.93,37,0.025135135,39
3026.445702,5,42,0.94,37,0.025405405,39
3026.263696,57,73,0.49,16,0.030625,39
3026.196279,62,75,0.38,13,0.029230769,39
3025.775483,47,55,0.27,8,0.03375,39
3025.705972,54,78,0.71,24,0.029583333,39
3025.705972,53,79,0.77,26,0.029615385,39
3025.705972,52,81,0.85,29,0.029310345,39
3025.631578,54,73,0.67,19,0.035263158,39
3025.626549,60,72,0.35,12,0.029166667,39
3025.53647,62,83,0.6,21,0.028571429,39
3025.53647,58,88,0.85,30,0.028333333,39
3025.454983,56,84,0.75,28,0.026785714,39
3025.417103,65,80,0.4,15,0.026666667,39
3025.331075,55,90,0.97,35,0.027714286,39
3025.18385,56,90,0.95,34,0.027941176,39
3025.109449,61,71,0.29,10,0.029,39
3025.078452,33,56,0.87,23,0.037826087,39
3024.996714,60,86,0.73,26,0.028076923,39
3024.724865,62,72,0.29,10,0.029,39
3024.406841,38,50,0.45,12,0.0375,39
3024.40667,51,86,0.95,35,0.027142857,39
3023.908814,41,47,0.23,6,0.038333333,39
3023.849593,36,53,0.65,17,0.038235294,39
3023.791287,39,66,0.89,27,0.032962963,39
3023.572339,58,72,0.43,14,0.030714286,39
3023.034928,43,67,0.7,24,0.029166667,39
3022.984356,36,52,0.62,16,0.03875,39
3022.914556,42,61,0.64,19,0.033684211,39
3022.85026,54,77,0.69,23,0.03,39
3022.823174,61,74,0.37,13,0.028461538,39
3022.461886,5,42,0.99,37,0.026756757,39
3022.378565,75,92,0.29,17,0.017058824,39
3022.378565,71,97,0.44,26,0.016923077,39
3022.167524,34,54,0.8,20,0.04,39
3022.014953,55,82,0.75,27,0.027777778,39
3021.897337,58,89,0.85,31,0.027419355,39
3021.624173,53,77,0.74,24,0.030833333,39
3021.407455,55,81,0.73,26,0.028076923,39
3020.336702,52,85,0.92,33,0.027878788,39
3020.301203,55,90,0.88,35,0.025142857,39
3020.209099,52,81,0.89,29,0.030689655,39
3019.849073,56,89,0.94,33,0.028484848,39
3019.806633,54,79,0.72,25,0.0288,39
3019.757021,35,53,0.7,18,0.038888889,39
3019.686235,58,87,0.81,29,0.027931034,39
3019.686235,57,88,0.87,31,0.028064516,39
3019.426299,59,80,0.57,21,0.027142857,39
3018.885856,61,83,0.64,22,0.029090909,39
3018.885856,58,87,0.84,29,0.028965517,39
3018.631627,65,78,0.38,13,0.029230769,39
3018.631627,62,82,0.58,20,0.029,39
3018.329544,57,78,0.6,21,0.028571429,39
3018.238809,51,81,0.9,30,0.03,39
3017.992675,67,76,0.26,9,0.028888889,39
3017.330078,39,50,0.4,11,0.036363636,39
3017.308824,59,72,0.4,13,0.030769231,39
3017.198543,50,72,0.83,22,0.037727273,39
3017.158687,59,85,0.72,26,0.027692308,39
3017.027922,54,81,0.85,27,0.031481481,39
3016.869882,43,68,0.72,25,0.0288,39
3016.791027,33,67,0.38,34,0.011176471,39
3015.763913,61,72,0.31,11,0.028181818,39
3015.763913,58,75,0.48,17,0.028235294,39
3015.328528,40,47,0.28,7,0.04,39
3015.314011,36,52,0.61,16,0.038125,39
3015.083286,52,80,0.83,28,0.029642857,39
3015.083286,51,82,0.91,31,0.029354839,39
3014.525095,61,74,0.36,13,0.027692308,39
3014.084449,41,62,0.71,21,0.033809524,39
3014.04081,51,78,0.86,27,0.031851852,39
3014.039398,56,88,0.81,32,0.0253125,39
3013.990075,59,85,0.75,26,0.028846154,39
3013.990075,58,86,0.81,28,0.028928571,39
3013.399274,52,85,0.89,33,0.026969697,39
3013.058245,49,73,0.91,24,0.037916667,39
3012.850246,53,80,0.79,27,0.029259259,39
3012.622004,38,48,0.4,10,0.04,39
3012.030157,56,80,0.67,24,0.027916667,39
3011.962047,51,81,0.89,30,0.029666667,39
3011.773591,57,89,0.88,32,0.0275,39
3011.773591,56,90,0.94,34,0.027647059,39
3011.662251,53,81,0.8,28,0.028571429,39
3011.661194,53,80,0.78,27,0.028888889,39
3011.34108,57,75,0.52,18,0.028888889,39
3011.251596,59,88,0.79,29,0.027241379,39
3010.897226,42,44,0.08,2,0.04,39
3010.535155,51,84,0.99,33,0.03,39
3010.405062,53,87,0.92,34,0.027058824,39
3010.401332,58,78,0.56,20,0.028,39
3010.350639,62,77,0.4,15,0.026666667,39
3010.203756,42,70,0.79,28,0.028214286,39
3009.952131,60,76,0.49,16,0.030625,39
3009.744591,58,81,0.63,23,0.027391304,39
3009.667448,42,47,0.18,5,0.036,39
3009.330479,53,79,0.78,26,0.03,39
3009.113373,44,59,0.5,15,0.033333333,39
3009.030014,58,75,0.49,17,0.028823529,39
3008.914178,52,76,0.84,24,0.035,39
3008.845204,53,84,0.84,31,0.027096774,39
3008.603023,58,77,0.59,19,0.031052632,39
3008.582584,57,77,0.57,20,0.0285,39
3008.582584,56,78,0.63,22,0.028636364,39
3008.545421,56,93,0.97,37,0.026216216,39
3008.419122,51,87,0.97,36,0.026944444,39
3008.242466,53,76,0.73,23,0.03173913,39
3008.211184,37,51,0.55,14,0.039285714,39
3007.848222,55,75,0.62,20,0.031,39
3007.780918,40,73,0.93,33,0.028181818,39
3007.699631,76,90,0.24,14,0.017142857,39
3007.515184,56,76,0.61,20,0.0305,39
3007.432692,59,77,0.5,18,0.027777778,39
3007.432692,56,81,0.69,25,0.0276,39
3007.334274,57,79,0.62,22,0.028181818,39
3007.323931,57,79,0.61,22,0.027727273,39
3006.8511,53,86,0.89,33,0.026969697,39
3006.818484,51,77,0.91,26,0.035,39
3006.769536,64,77,0.34,13,0.026153846,39
3006.530241,55,81,0.74,26,0.028461538,39
3006.062682,55,78,0.66,23,0.028695652,39
3005.763705,55,83,0.77,28,0.0275,39
3005.192525,54,96,0.98,42,0.023333333,39
3005.172718,60,70,0.31,10,0.031,39
3005.172718,54,77,0.71,23,0.030869565,39
3004.901481,56,78,0.62,22,0.028181818,39
3004.606093,40,49,0.34,9,0.037777778,39
3004.606093,39,50,0.42,11,0.038181818,39
3004.583396,65,67,0.06,2,0.03,39
3004.583396,64,68,0.12,4,0.03,39
3004.55038,53,84,0.83,31,0.026774194,39
3004.362757,43,62,0.62,19,0.032631579,39
3004.356302,55,83,0.75,28,0.026785714,39
3003.936804,43,60,0.57,17,0.033529412,39
3003.856711,69,99,0.52,30,0.017333333,39
3003.852702,61,77,0.45,16,0.028125,39
3003.852702,60,78,0.51,18,0.028333333,39
3003.017015,56,81,0.7,25,0.028,39
3002.950993,52,80,0.84,28,0.03,39
3002.688176,56,86,0.78,30,0.026,39
3002.58516,74,93,0.33,19,0.017368421,39
3002.505426,67,75,0.23,8,0.02875,39
3002.330671,42,61,0.65,19,0.034210526,39
3002.318621,54,78,0.72,24,0.03,39
3001.930575,66,70,0.11,4,0.0275,39
3001.930575,64,72,0.22,8,0.0275,39
3001.7907,39,48,0.36,9,0.04,39
3001.778411,44,60,0.57,16,0.035625,39
3001.544099,55,84,0.77,29,0.026551724,39
3001.335583,58,80,0.63,22,0.028636364,39
3000.894367,55,84,0.78,29,0.026896552,39
3000.562991,60,73,0.37,13,0.028461538,39
3000.562991,56,77,0.6,21,0.028571429,39
2999.930276,57,91,0.8,34,0.023529412,39
2999.729647,60,79,0.51,19,0.026842105,39
2999.718454,52,84,0.99,32,0.0309375,39
2999.68953,52,82,0.86,30,0.028666667,39
2999.68953,51,83,0.92,32,0.02875,39
2999.551981,64,69,0.14,5,0.028,39
2999.040745,54,86,0.84,32,0.02625,39
2998.985382,64,73,0.26,9,0.028888889,39
2998.757053,60,67,0.23,7,0.032857143,39
2998.379083,57,84,0.79,27,0.029259259,39
2998.379083,56,85,0.85,29,0.029310345,39
2998.379083,55,87,0.93,32,0.0290625,39
2998.267261,54,79,0.76,25,0.0304,39
2997.380094,58,63,0.18,5,0.036,39
2997.331746,60,75,0.42,15,0.028,39
2997.186917,52,79,0.82,27,0.03037037,39
2997.018135,42,60,0.63,18,0.035,39
2996.756795,41,45,0.16,4,0.04,39
2996.756795,40,46,0.24,6,0.04,39
2996.748191,53,85,0.88,32,0.0275,39
2996.493543,58,86,0.71,28,0.025357143,39
2995.857752,60,85,0.72,25,0.0288,39
2995.857752,59,86,0.78,27,0.028888889,39
2995.857752,57,89,0.92,32,0.02875,39
2995.760045,55,80,0.71,25,0.0284,39
2995.6054,63,81,0.52,18,0.028888889,39
2995.6054,61,84,0.66,23,0.028695652,39
2995.574122,60,90,0.63,30,0.021,39
2995.566271,62,74,0.33,12,0.0275,39
2995.566271,60,76,0.44,16,0.0275,39
2995.566271,58,79,0.57,21,0.027142857,39
2995.566271,57,80,0.63,23,0.027391304,39
2995.507134,50,81,0.96,31,0.030967742,39
2995.471928,50,82,0.96,32,0.03,39
2995.315805,44,62,0.52,18,0.028888889,39
2995.07765,43,61,0.64,18,0.035555556,39
2994.956431,63,82,0.54,19,0.028421053,39
2994.896891,52,88,0.96,36,0.026666667,39
2994.532189,55,83,0.76,28,0.027142857,39
2994.318034,56,83,0.73,27,0.027037037,39
2994.171362,61,73,0.35,12,0.029166667,39
2994.086053,35,55,0.76,20,0.038,39
2993.99235,57,87,0.76,30,0.025333333,39
2993.94984,53,87,0.9,34,0.026470588,39
2993.49504,41,63,0.75,22,0.034090909,39
2993.025593,52,69,0.65,17,0.038235294,39
2992.757938,55,81,0.71,26,0.027307692,39
2992.496739,52,84,0.91,32,0.0284375,39
2992.253926,50,84,0.98,34,0.028823529,39
2991.503263,53,84,0.86,31,0.027741935,39
2991.306363,62,75,0.35,13,0.026923077,39
2991.25735,58,80,0.6,22,0.027272727,39
2991.25735,56,82,0.71,26,0.027307692,39
2990.077156,65,72,0.19,7,0.027142857,39
2990.077156,63,74,0.3,11,0.027272727,39
2990.077156,61,76,0.41,15,0.027333333,39
2990.077156,59,78,0.52,19,0.027368421,39
2990.017682,55,77,0.66,22,0.03,39
2989.963648,41,64,0.81,23,0.035217391,39
2989.470614,59,81,0.58,22,0.026363636,39
2989.442829,45,59,0.46,14,0.032857143,39
2989.154211,52,81,0.84,29,0.028965517,39
2988.963077,53,87,0.91,34,0.026764706,39
2988.839139,61,77,0.43,16,0.026875,39
2988.839139,59,80,0.56,21,0.026666667,39
2988.410015,60,74,0.41,14,0.029285714,39
2987.995712,56,75,0.58,19,0.030526316,39
2987.995712,55,76,0.64,21,0.03047619,39
2987.794661,52,88,0.98,36,0.027222222,39
2987.786532,57,76,0.58,19,0.030526316,39
2987.784686,40,66,0.89,26,0.034230769,39
2987.783341,59,84,0.64,25,0.0256,39
2987.783341,58,85,0.69,27,0.025555556,39
2987.227285,45,60,0.47,15,0.031333333,39
2987.0259,55,82,0.74,27,0.027407407,39
2987.0259,54,84,0.81,30,0.027,39
2986.656439,52,79,0.83,27,0.030740741,39
2986.553857,57,80,0.64,23,0.027826087,39
2986.221957,51,81,0.92,30,0.030666667,39
2986.19134,33,55,0.88,22,0.04,39
2986.15179,54,81,0.77,27,0.028518519,39
2986.15179,53,82,0.83,29,0.02862069,39
2986.15179,52,83,0.89,31,0.028709677,39
2986.051003,39,47,0.32,8,0.04,39
2985.783874,59,79,0.54,20,0.027,39
2985.783874,57,81,0.65,24,0.027083333,39
2985.62524,53,85,0.87,32,0.0271875,39
2985.496252,55,87,0.94,32,0.029375,39
2985.305777,60,76,0.48,16,0.03,39
2985.211546,54,80,0.74,26,0.028461538,39
2985.182614,53,86,0.91,33,0.027575758,39
2985.169853,53,84,0.87,31,0.028064516,39
2985.131321,50,81,0.95,31,0.030645161,39
2984.901614,53,78,0.77,25,0.0308,39
2984.733287,58,81,0.61,23,0.026521739,39
2984.617655,56,80,0.66,24,0.0275,39
2984.617655,55,81,0.72,26,0.027692308,39
