% profit,ema1,ema2,threshold,diff,thresh / diff,ID
4207.271674,59,69,0.33,10,0.033,40
4145.135778,58,69,0.37,11,0.033636364,40
4131.293017,65,71,0.18,6,0.03,40
4131.293017,64,72,0.24,8,0.03,40
4131.293017,63,73,0.3,10,0.03,40
4131.293017,62,74,0.36,12,0.03,40
4131.251206,67,69,0.06,2,0.03,40
4131.251206,66,70,0.12,4,0.03,40
4099.029267,52,75,0.78,23,0.033913043,40
4079.178541,58,67,0.31,9,0.034444444,40
4079.178541,57,68,0.38,11,0.034545455,40
4078.964717,54,73,0.64,19,0.033684211,40
4070.553602,55,72,0.57,17,0.033529412,40
4064.51517,54,71,0.59,17,0.034705882,40
4055.242966,59,67,0.27,8,0.03375,40
4050.640758,62,65,0.1,3,0.033333333,40
4050.640758,59,68,0.3,9,0.033333333,40
4042.982966,56,70,0.48,14,0.034285714,40
4030.379423,55,70,0.52,15,0.034666667,40
4028.062477,56,72,0.53,16,0.033125,40
4026.319338,56,69,0.45,13,0.034615385,40
4021.330658,53,74,0.71,21,0.033809524,40
4006.200725,58,68,0.34,10,0.034,40
3998.896415,57,69,0.41,12,0.034166667,40
3984.24299,51,76,0.85,25,0.034,40
3981.661349,55,73,0.6,18,0.033333333,40
3971.583912,57,70,0.44,13,0.033846154,40
3966.679671,53,76,0.76,23,0.033043478,40
3932.443391,51,75,0.83,24,0.034583333,40
3929.534808,56,71,0.51,15,0.034,40
3924.764586,61,66,0.17,5,0.034,40
3901.352563,52,74,0.76,22,0.034545455,40
3869.530703,54,74,0.67,20,0.0335,40
3869.530703,52,77,0.83,25,0.0332,40
3850.378967,55,71,0.55,16,0.034375,40
3842.368961,53,75,0.74,22,0.033636364,40
3826.366308,55,72,0.58,17,0.034117647,40
3825.823005,62,73,0.34,11,0.030909091,40
3809.32161,54,75,0.7,21,0.033333333,40
3800.83661,53,87,0.96,34,0.028235294,40
3798.201625,54,72,0.62,18,0.034444444,40
3793.042201,50,79,0.98,29,0.033793103,40
3791.431964,53,73,0.69,20,0.0345,40
3788.356431,58,70,0.4,12,0.033333333,40
3783.192841,53,74,0.72,21,0.034285714,40
3779.375736,54,73,0.65,19,0.034210526,40
3776.904599,51,78,0.91,27,0.033703704,40
3775.863476,57,71,0.47,14,0.033571429,40
3774.772725,57,72,0.49,15,0.032666667,40
3772.238253,61,67,0.2,6,0.033333333,40
3749.610084,57,79,0.67,22,0.030454545,40
3726.840672,56,72,0.54,16,0.03375,40
3725.390092,51,76,0.86,25,0.0344,40
3723.42582,51,77,0.89,26,0.034230769,40
3714.933766,61,74,0.4,13,0.030769231,40
3706.265919,58,77,0.59,19,0.031052632,40
3706.265919,55,80,0.78,25,0.0312,40
3702.659282,64,70,0.19,6,0.031666667,40
3697.890691,63,71,0.25,8,0.03125,40
3681.39036,60,75,0.46,15,0.030666667,40
3681.056846,52,75,0.79,23,0.034347826,40
3680.117897,57,78,0.65,21,0.030952381,40
3677.413299,56,83,0.77,27,0.028518519,40
3677.413299,55,84,0.83,29,0.02862069,40
3670.373454,58,72,0.45,14,0.032142857,40
3664.446955,50,78,0.95,28,0.033928571,40
3657.020673,61,73,0.38,12,0.031666667,40
3654.955343,59,68,0.31,9,0.034444444,40
3654.530612,55,75,0.65,20,0.0325,40
3651.264292,60,67,0.24,7,0.034285714,40
3650.97984,55,73,0.61,18,0.033888889,40
3650.97984,54,74,0.68,20,0.034,40
3650.97984,53,75,0.75,22,0.034090909,40
3650.559499,60,68,0.27,8,0.03375,40
3646.880616,56,79,0.71,23,0.030869565,40
3646.629712,53,86,0.95,33,0.028787879,40
3646.59269,54,85,0.89,31,0.028709677,40
3636.601863,52,76,0.81,24,0.03375,40
3636.007015,59,76,0.52,17,0.030588235,40
3635.370906,60,70,0.32,10,0.032,40
3629.955013,51,77,0.88,26,0.033846154,40
3619.994349,54,86,0.9,32,0.028125,40
3613.404731,53,76,0.77,23,0.033478261,40
3600.361877,52,77,0.84,25,0.0336,40
3592.346861,57,80,0.69,23,0.03,40
3587.99557,52,77,0.85,25,0.034,40
3587.99557,51,78,0.92,27,0.034074074,40
3557.657394,56,81,0.75,25,0.03,40
3549.570451,52,76,0.82,24,0.034166667,40
3545.532599,58,70,0.41,12,0.034166667,40
3541.94911,59,69,0.34,10,0.034,40
3541.061853,55,82,0.81,27,0.03,40
3533.475253,60,78,0.54,18,0.03,40
3533.475253,59,79,0.6,20,0.03,40
3530.507307,57,77,0.63,20,0.0315,40
3513.678989,55,83,0.82,28,0.029285714,40
3513.678989,54,84,0.88,30,0.029333333,40
3513.643281,57,81,0.7,24,0.029166667,40
3513.643281,56,82,0.76,26,0.029230769,40
3513.643281,53,86,0.96,33,0.029090909,40
3508.368331,54,88,0.92,34,0.027058824,40
3504.780004,54,84,0.89,30,0.029666667,40
3504.780004,53,85,0.95,32,0.0296875,40
3500.73802,59,70,0.36,11,0.032727273,40
3497.749631,54,80,0.82,26,0.031538462,40
3497.708288,64,69,0.16,5,0.032,40
3497.00693,53,85,0.94,32,0.029375,40
3495.324231,55,79,0.76,24,0.031666667,40
3491.816589,57,76,0.61,19,0.032105263,40
3487.716358,58,81,0.65,23,0.02826087,40
3487.716358,57,82,0.71,25,0.0284,40
3486.399067,55,87,0.86,32,0.026875,40
3481.397293,51,79,0.93,28,0.033214286,40
3478.974649,61,77,0.48,16,0.03,40
3478.784012,56,86,0.8,30,0.026666667,40
3477.063568,57,84,0.75,27,0.027777778,40
3476.82284,57,71,0.48,14,0.034285714,40
3469.69109,50,76,0.9,26,0.034615385,40
3469.321308,53,77,0.79,24,0.032916667,40
3467.390681,55,84,0.86,29,0.029655172,40
3466.638976,58,76,0.56,18,0.031111111,40
3466.209441,54,87,0.91,33,0.027575758,40
3466.209441,53,88,0.97,35,0.027714286,40
3461.911383,60,73,0.41,13,0.031538462,40
3461.911383,56,78,0.69,22,0.031363636,40
3461.911383,55,78,0.73,23,0.03173913,40
3461.870452,59,74,0.48,15,0.032,40
3461.701899,59,83,0.69,24,0.02875,40
3460.787128,58,83,0.69,25,0.0276,40
3459.040788,54,88,0.94,34,0.027647059,40
3458.951537,56,84,0.82,28,0.029285714,40
3458.684882,59,83,0.63,24,0.02625,40
3457.807729,54,84,0.9,30,0.03,40
3455.926165,55,86,0.85,31,0.027419355,40
3455.088795,53,89,0.98,36,0.027222222,40
3454.701379,61,72,0.35,11,0.031818182,40
3454.064296,58,80,0.66,22,0.03,40
3454.064296,57,81,0.72,24,0.03,40
3454.064296,56,82,0.78,26,0.03,40
3454.064296,55,83,0.84,28,0.03,40
3452.69422,54,85,0.92,31,0.029677419,40
3451.783853,54,86,0.89,32,0.0278125,40
3451.484032,63,70,0.22,7,0.031428571,40
3451.39402,56,75,0.61,19,0.032105263,40
3450.519488,64,76,0.33,12,0.0275,40
3450.519488,62,78,0.44,16,0.0275,40
3450.519488,59,82,0.63,23,0.027391304,40
3449.702108,64,75,0.31,11,0.028181818,40
3449.618512,61,79,0.5,18,0.027777778,40
3448.601953,60,74,0.44,14,0.031428571,40
3448.388532,62,70,0.25,8,0.03125,40
3448.332118,58,76,0.57,18,0.031666667,40
3448.290125,56,82,0.74,26,0.028461538,40
3447.447772,60,77,0.51,17,0.03,40
3447.447772,59,78,0.57,19,0.03,40
3447.237494,57,76,0.6,19,0.031578947,40
3446.069272,55,75,0.66,20,0.033,40
3443.750257,68,69,0.03,1,0.03,40
3443.750257,67,70,0.09,3,0.03,40
3443.750257,66,71,0.15,5,0.03,40
3443.750257,65,72,0.21,7,0.03,40
3443.750257,64,73,0.27,9,0.03,40
3443.750257,63,74,0.33,11,0.03,40
3443.750257,62,75,0.39,13,0.03,40
3442.391877,63,69,0.19,6,0.031666667,40
3442.384156,58,79,0.63,21,0.03,40
3440.135008,62,71,0.29,9,0.032222222,40
3438.919604,56,73,0.56,17,0.032941176,40
3438.804573,51,80,0.95,29,0.032758621,40
3434.800084,54,80,0.83,26,0.031923077,40
3434.637125,57,82,0.74,25,0.0296,40
3433.376295,58,74,0.51,16,0.031875,40
3432.991687,53,87,0.95,34,0.027941176,40
3430.527774,56,85,0.8,29,0.027586207,40
3430.527774,55,86,0.86,31,0.027741935,40
3430.445547,53,87,0.97,34,0.028529412,40
3429.591796,56,83,0.8,27,0.02962963,40
3429.277304,62,79,0.49,17,0.028823529,40
3429.151186,61,76,0.45,15,0.03,40
3428.707781,55,85,0.88,30,0.029333333,40
3427.953761,53,81,0.89,28,0.031785714,40
3427.512705,59,84,0.65,25,0.026,40
3426.082173,56,85,0.79,29,0.027241379,40
3425.221328,52,85,0.99,33,0.03,40
3425.006008,60,82,0.63,22,0.028636364,40
3424.379464,58,81,0.68,23,0.029565217,40
3424.194496,58,84,0.69,26,0.026538462,40
3423.848748,59,73,0.45,14,0.032142857,40
3423.848748,58,75,0.54,17,0.031764706,40
3423.848748,57,75,0.58,18,0.032222222,40
3423.848748,56,77,0.67,21,0.031904762,40
3423.848748,54,79,0.8,25,0.032,40
3423.822838,54,90,0.95,36,0.026388889,40
3423.256587,57,72,0.5,15,0.033333333,40
3423.134463,56,87,0.82,31,0.026451613,40
3422.919726,56,78,0.7,22,0.031818182,40
3422.877241,59,74,0.47,15,0.031333333,40
3422.16872,55,84,0.82,29,0.028275862,40
3421.922684,66,75,0.26,9,0.028888889,40
3420.458887,53,84,0.93,31,0.03,40
3420.44132,54,85,0.88,31,0.028387097,40
3419.35156,53,85,0.96,32,0.03,40
3419.316784,53,86,0.98,33,0.02969697,40
3418.340451,57,86,0.76,29,0.026206897,40
3418.081805,55,74,0.63,19,0.033157895,40
3417.186505,58,80,0.62,22,0.028181818,40
3416.926657,52,78,0.86,26,0.033076923,40
3416.919059,58,81,0.64,23,0.027826087,40
3415.623315,59,75,0.5,16,0.03125,40
3414.17068,54,86,0.94,32,0.029375,40
3411.004313,54,76,0.72,22,0.032727273,40
3410.499652,55,89,0.89,34,0.026176471,40
3410.082387,61,71,0.32,10,0.032,40
3410.073447,62,72,0.31,10,0.031,40
3409.670138,54,88,0.93,34,0.027352941,40
3409.325952,60,72,0.39,12,0.0325,40
3409.111232,60,72,0.38,12,0.031666667,40
3408.266846,60,74,0.43,14,0.030714286,40
3406.995081,54,83,0.87,29,0.03,40
3406.080147,57,77,0.62,20,0.031,40
3404.584985,64,68,0.13,4,0.0325,40
3404.584985,62,70,0.26,8,0.0325,40
3403.892028,61,68,0.23,7,0.032857143,40
3403.061173,63,66,0.1,3,0.033333333,40
3403.061173,60,69,0.3,9,0.033333333,40
3401.721549,59,81,0.61,22,0.027727273,40
3400.48328,56,86,0.82,30,0.027333333,40
3400.48328,55,87,0.88,32,0.0275,40
3399.855023,55,78,0.74,23,0.032173913,40
3399.855023,53,80,0.87,27,0.032222222,40
3399.549895,57,84,0.74,27,0.027407407,40
3398.725801,55,87,0.87,32,0.0271875,40
3398.611962,57,81,0.68,24,0.028333333,40
3398.255697,60,71,0.36,11,0.032727273,40
3396.929473,58,72,0.46,14,0.032857143,40
3396.929473,58,73,0.49,15,0.032666667,40
3396.929473,56,75,0.62,19,0.032631579,40
3395.222549,57,86,0.82,29,0.028275862,40
3395.19283,59,73,0.44,14,0.031428571,40
3395.106327,54,87,0.96,33,0.029090909,40
3394.331659,52,79,0.88,27,0.032592593,40
3393.337402,61,73,0.37,12,0.030833333,40
3392.379774,62,71,0.28,9,0.031111111,40
3392.379774,58,75,0.53,17,0.031176471,40
3391.173228,61,77,0.47,16,0.029375,40
3391.173228,60,78,0.53,18,0.029444444,40
3391.173228,59,79,0.59,20,0.0295,40
3391.173228,58,80,0.65,22,0.029545455,40
3390.754901,61,81,0.57,20,0.0285,40
3390.285232,65,76,0.32,11,0.029090909,40
3390.007487,60,65,0.17,5,0.034,40
3389.011844,56,77,0.66,21,0.031428571,40
3388.928963,58,73,0.48,15,0.032,40
3388.317586,52,74,0.77,22,0.035,40
3388.037434,58,81,0.67,23,0.029130435,40
3387.399645,51,73,0.8,22,0.036363636,40
3387.310934,58,85,0.76,27,0.028148148,40
3384.949038,60,79,0.56,19,0.029473684,40
3384.593903,56,85,0.81,29,0.027931034,40
3384.586806,60,80,0.56,20,0.028,40
3383.993328,57,84,0.73,27,0.027037037,40
3382.33975,57,87,0.8,30,0.026666667,40
3381.834124,68,72,0.11,4,0.0275,40
3381.834124,66,74,0.22,8,0.0275,40
3381.624495,56,88,0.83,32,0.0259375,40
3381.624495,55,90,0.9,35,0.025714286,40
3380.195404,62,69,0.23,7,0.032857143,40
3379.974633,62,77,0.44,15,0.029333333,40
3379.974633,61,78,0.5,17,0.029411765,40
3379.974633,57,83,0.76,26,0.029230769,40
3379.888302,53,80,0.86,27,0.031851852,40
3379.845173,53,89,0.99,36,0.0275,40
3379.732439,58,71,0.43,13,0.033076923,40
3379.502005,53,71,0.65,18,0.036111111,40
3378.892963,55,77,0.71,22,0.032272727,40
3377.93385,63,68,0.16,5,0.032,40
3377.93385,57,75,0.57,18,0.031666667,40
3376.919336,54,91,0.96,37,0.025945946,40
3376.809469,58,85,0.77,27,0.028518519,40
3376.809469,57,86,0.83,29,0.02862069,40
3376.791178,69,73,0.11,4,0.0275,40
3376.791178,67,75,0.22,8,0.0275,40
3376.449003,67,74,0.19,7,0.027142857,40
3376.253037,61,69,0.26,8,0.0325,40
3376.253037,59,71,0.39,12,0.0325,40
3376.249626,56,74,0.59,18,0.032777778,40
3375.51733,59,72,0.42,13,0.032307692,40
3374.313731,56,67,0.4,11,0.036363636,40
3372.298315,63,80,0.45,17,0.026470588,40
3372.298315,58,86,0.74,28,0.026428571,40
3372.129116,56,84,0.79,28,0.028214286,40
3372.129116,55,85,0.85,30,0.028333333,40
3372.122045,61,78,0.48,17,0.028235294,40
3370.854425,58,82,0.67,24,0.027916667,40
3370.481212,62,80,0.5,18,0.027777778,40
3370.288218,56,76,0.64,20,0.032,40
3370.288218,54,78,0.77,24,0.032083333,40
3370.179055,60,81,0.57,21,0.027142857,40
3370.179055,58,83,0.68,25,0.0272,40
3369.431176,59,80,0.58,21,0.027619048,40
3369.394901,60,70,0.33,10,0.033,40
3369.152191,57,83,0.73,26,0.028076923,40
3369.152191,53,88,0.98,35,0.028,40
3368.45378,64,77,0.38,13,0.029230769,40
3367.178128,57,83,0.77,26,0.029615385,40
3366.719626,64,78,0.4,14,0.028571429,40
3365.675104,52,82,0.96,30,0.032,40
3365.470683,65,78,0.34,13,0.026153846,40
3364.728657,63,75,0.35,12,0.029166667,40
3364.564482,61,70,0.29,9,0.032222222,40
3364.559595,57,73,0.52,16,0.0325,40
3363.7794,62,76,0.42,14,0.03,40
3362.709126,60,79,0.55,19,0.028947368,40
3362.709126,59,80,0.61,21,0.029047619,40
3361.095568,57,85,0.76,28,0.027142857,40
3360.592307,55,88,0.89,33,0.026969697,40
3360.592307,54,90,0.96,36,0.026666667,40
3360.41179,64,74,0.29,10,0.029,40
3360.41179,59,79,0.58,20,0.029,40
3360.129535,59,81,0.62,22,0.028181818,40
3359.751981,68,70,0.06,2,0.03,40
3359.751981,67,71,0.12,4,0.03,40
3359.751981,66,72,0.18,6,0.03,40
3359.61733,64,77,0.37,13,0.028461538,40
3359.576369,58,82,0.69,24,0.02875,40
3359.015546,57,83,0.75,26,0.028846154,40
3359.015546,55,86,0.89,31,0.028709677,40
3359.015546,54,87,0.95,33,0.028787879,40
3358.37378,57,81,0.71,24,0.029583333,40
3358.37378,56,83,0.79,27,0.029259259,40
3358.37378,55,84,0.85,29,0.029310345,40
3357.103706,54,77,0.75,23,0.032608696,40
3357.103706,53,79,0.84,26,0.032307692,40
3356.756841,62,76,0.41,14,0.029285714,40
3356.19693,63,78,0.44,15,0.029333333,40
3356.19693,62,79,0.5,17,0.029411765,40
3355.334151,59,80,0.62,21,0.02952381,40
3353.885367,55,93,0.97,38,0.025526316,40
3353.885367,55,94,0.98,39,0.025128205,40
3353.303728,67,74,0.2,7,0.028571429,40
3353.303728,63,78,0.43,15,0.028666667,40
3353.303728,62,80,0.51,18,0.028333333,40
3351.786309,63,79,0.45,16,0.028125,40
3351.673115,54,87,0.92,33,0.027878788,40
3351.343739,59,84,0.7,25,0.028,40
3351.079003,59,81,0.64,22,0.029090909,40
3351.079003,58,82,0.7,24,0.029166667,40
3350.588083,57,76,0.62,19,0.032631579,40
3350.368847,63,79,0.46,16,0.02875,40
3349.913984,63,76,0.38,13,0.029230769,40
3349.877648,64,75,0.32,11,0.029090909,40
3349.473346,60,73,0.42,13,0.032307692,40
3348.965688,52,73,0.75,21,0.035714286,40
3348.248707,60,71,0.35,11,0.031818182,40
3347.035136,58,82,0.71,24,0.029583333,40
3345.613358,56,84,0.83,28,0.029642857,40
3345.111669,58,85,0.75,27,0.027777778,40
3344.126849,65,77,0.33,12,0.0275,40
3344.126849,63,79,0.44,16,0.0275,40
3344.126849,61,82,0.57,21,0.027142857,40
3344.126849,60,83,0.63,23,0.027391304,40
3344.126849,58,85,0.74,27,0.027407407,40
3344.061676,50,75,0.9,25,0.036,40
3343.194404,63,79,0.43,16,0.026875,40
3343.194404,61,82,0.56,21,0.026666667,40
3343.194404,60,83,0.61,23,0.026521739,40
3343.194404,59,84,0.67,25,0.0268,40
3343.194404,57,87,0.79,30,0.026333333,40
3342.985204,52,78,0.8,26,0.030769231,40
3342.864969,57,74,0.55,17,0.032352941,40
3342.864969,55,76,0.68,21,0.032380952,40
3342.282627,54,89,0.95,35,0.027142857,40
3342.033637,68,73,0.14,5,0.028,40
3341.736224,58,75,0.55,17,0.032352941,40
3340.12669,56,77,0.68,21,0.032380952,40
3340.12669,54,79,0.81,25,0.0324,40
3339.228087,56,76,0.65,20,0.0325,40
3337.258637,61,80,0.51,19,0.026842105,40
3336.557881,64,78,0.39,14,0.027857143,40
3336.557881,61,81,0.56,20,0.028,40
3336.557881,60,82,0.62,22,0.028181818,40
3336.557881,60,83,0.64,23,0.027826087,40
3336.072857,59,66,0.24,7,0.034285714,40
3334.540757,51,76,0.87,25,0.0348,40
3334.250685,61,63,0.07,2,0.035,40
3334.017579,60,64,0.14,4,0.035,40
3334.017579,59,65,0.21,6,0.035,40
3334.017579,58,66,0.28,8,0.035,40
3334.007677,54,78,0.78,24,0.0325,40
3332.692607,55,78,0.75,23,0.032608696,40
3332.692607,53,80,0.88,27,0.032592593,40
3332.356698,56,87,0.83,31,0.026774194,40
3332.177655,58,80,0.64,22,0.029090909,40
3332.177655,57,82,0.72,25,0.0288,40
3332.177655,56,83,0.78,27,0.028888889,40
3332.177655,55,84,0.84,29,0.028965517,40
3332.177655,54,85,0.9,31,0.029032258,40
3332.177655,53,87,0.98,34,0.028823529,40
3331.897702,57,84,0.76,27,0.028148148,40
3331.732737,66,76,0.28,10,0.028,40
3331.402759,53,78,0.82,25,0.0328,40
3330.725562,63,76,0.37,13,0.028461538,40
3330.725562,58,82,0.68,24,0.028333333,40
3330.725562,55,86,0.87,31,0.028064516,40
3329.994987,52,81,0.93,29,0.032068966,40
3329.759392,62,80,0.52,18,0.028888889,40
3329.62104,56,84,0.81,28,0.028928571,40
3329.62104,55,85,0.87,30,0.029,40
3329.62104,54,86,0.93,32,0.0290625,40
3328.441651,59,75,0.51,16,0.031875,40
3327.49294,55,86,0.9,31,0.029032258,40
3326.243695,57,84,0.79,27,0.029259259,40
3326.243695,56,85,0.85,29,0.029310345,40
3325.704482,57,91,0.86,34,0.025294118,40
3325.669213,56,85,0.82,29,0.028275862,40
3325.669213,55,86,0.88,31,0.028387097,40
3325.533664,57,73,0.53,16,0.033125,40
3325.049259,63,67,0.13,4,0.0325,40
3324.826436,65,74,0.26,9,0.028888889,40
3323.99839,59,82,0.67,23,0.029130435,40
3323.725632,56,82,0.77,26,0.029615385,40
3323.725632,55,83,0.83,28,0.029642857,40
3323.725632,54,85,0.91,31,0.029354839,40
3323.725632,53,86,0.97,33,0.029393939,40
3323.327478,61,71,0.33,10,0.033,40
3323.196146,67,75,0.21,8,0.02625,40
3322.954027,55,85,0.89,30,0.029666667,40
3322.867388,61,80,0.52,19,0.027368421,40
3321.021579,69,72,0.08,3,0.026666667,40
3320.155491,68,74,0.16,6,0.026666667,40
3319.910326,60,81,0.61,21,0.029047619,40
3319.476401,58,74,0.52,16,0.0325,40
3318.853651,63,77,0.39,14,0.027857143,40
3318.562804,52,73,0.74,21,0.035238095,40
3317.458482,65,77,0.34,12,0.028333333,40
3316.696468,54,86,0.91,32,0.0284375,40
3315.996591,62,77,0.43,15,0.028666667,40
3315.229333,61,86,0.67,25,0.0268,40
3315.028757,58,84,0.75,26,0.028846154,40
3315.028757,57,85,0.81,28,0.028928571,40
3314.766312,59,82,0.62,23,0.026956522,40
3314.675699,57,91,0.91,34,0.026764706,40
3313.937136,65,77,0.32,12,0.026666667,40
3313.937136,62,80,0.48,18,0.026666667,40
3313.937136,62,81,0.5,19,0.026315789,40
3313.6972,64,77,0.36,13,0.027692308,40
3313.563693,62,76,0.39,14,0.027857143,40
3312.49955,52,80,0.91,28,0.0325,40
3311.677371,63,79,0.42,16,0.02625,40
3311.579916,63,78,0.4,15,0.026666667,40
3311.483447,63,83,0.55,20,0.0275,40
3311.483447,59,88,0.79,29,0.027241379,40
3311.409703,58,84,0.7,26,0.026923077,40
3311.409703,56,86,0.81,30,0.027,40
3311.409703,54,89,0.94,35,0.026857143,40
3311.102496,61,81,0.58,20,0.029,40
3310.27825,51,79,0.87,28,0.031071429,40
3309.825902,59,84,0.69,25,0.0276,40
3309.825902,56,88,0.88,32,0.0275,40
3309.621435,59,84,0.68,25,0.0272,40
3309.452947,56,87,0.88,31,0.028387097,40
3309.452947,55,88,0.94,33,0.028484848,40
3309.142219,55,69,0.5,14,0.035714286,40
3308.991302,63,82,0.53,19,0.027894737,40
3307.852801,54,86,0.95,32,0.0296875,40
3307.753537,65,76,0.31,11,0.028181818,40
3307.743363,66,78,0.34,12,0.028333333,40
3307.191874,61,79,0.53,18,0.029444444,40
3307.191874,60,80,0.59,20,0.0295,40
3306.338516,58,83,0.73,25,0.0292,40
3305.118204,61,80,0.55,19,0.028947368,40
3304.624327,53,77,0.74,24,0.030833333,40
3304.262238,58,84,0.71,26,0.027307692,40
3303.791859,56,84,0.78,28,0.027857143,40
3303.791859,55,85,0.84,30,0.028,40
3302.733642,54,87,0.93,33,0.028181818,40
3301.159726,58,90,0.85,32,0.0265625,40
3299.523872,55,89,0.9,34,0.026470588,40
3299.440029,52,81,0.94,29,0.032413793,40
3298.761672,57,90,0.9,33,0.027272727,40
3298.756982,57,75,0.59,18,0.032777778,40
3298.468867,55,87,0.92,32,0.02875,40
3298.468867,54,88,0.98,34,0.028823529,40
3298.136167,59,73,0.46,14,0.032857143,40
3298.013812,57,87,0.81,30,0.027,40
3297.491566,50,75,0.88,25,0.0352,40
3296.972969,55,69,0.49,14,0.035,40
3296.558082,57,83,0.74,26,0.028461538,40
3296.558082,56,84,0.8,28,0.028571429,40
3296.558082,54,87,0.94,33,0.028484848,40
3295.92276,54,87,0.97,33,0.029393939,40
3295.811441,61,78,0.49,17,0.028823529,40
3295.612332,56,93,0.92,37,0.024864865,40
3294.732046,59,86,0.75,27,0.027777778,40
3294.445942,63,78,0.41,15,0.027333333,40
3294.140124,62,79,0.46,17,0.027058824,40
3293.976919,60,80,0.55,20,0.0275,40
3293.976919,57,83,0.72,26,0.027692308,40
3293.646599,57,86,0.78,29,0.026896552,40
3293.192779,62,78,0.45,16,0.028125,40
3293.192779,61,79,0.51,18,0.028333333,40
3292.827404,64,76,0.35,12,0.029166667,40
3292.650314,59,81,0.63,22,0.028636364,40
3292.597388,57,84,0.78,27,0.028888889,40
3292.533216,64,79,0.39,15,0.026,40
3292.533216,59,85,0.67,26,0.025769231,40
3292.311855,60,83,0.62,23,0.026956522,40
3292.297425,56,86,0.86,30,0.028666667,40
3291.847987,51,74,0.81,23,0.035217391,40
3291.69081,56,80,0.74,24,0.030833333,40
3290.985967,57,67,0.35,10,0.035,40
3290.985967,56,68,0.42,12,0.035,40
3289.206227,69,75,0.17,6,0.028333333,40
3288.938787,69,99,0.51,30,0.017,40
3288.657739,59,81,0.65,22,0.029545455,40
3288.074849,56,91,0.9,35,0.025714286,40
3286.708564,54,83,0.85,29,0.029310345,40
3286.398669,50,77,0.93,27,0.034444444,40
3285.704172,57,85,0.75,28,0.026785714,40
3285.704172,55,88,0.88,33,0.026666667,40
3285.152149,62,78,0.47,16,0.029375,40
3284.970876,60,80,0.57,20,0.0285,40
3284.7679,66,73,0.2,7,0.028571429,40
3284.195039,56,86,0.87,30,0.029,40
3284.079077,56,91,0.94,35,0.026857143,40
3283.253185,64,82,0.49,18,0.027222222,40
3283.253185,60,87,0.73,27,0.027037037,40
3283.175894,52,78,0.81,26,0.031153846,40
3283.083396,57,86,0.77,29,0.026551724,40
3281.042865,66,75,0.25,9,0.027777778,40
3281.042865,61,81,0.55,20,0.0275,40
3281.001389,59,77,0.55,18,0.030555556,40
3281.001389,58,78,0.61,20,0.0305,40
3281.001389,55,82,0.82,27,0.03037037,40
3280.020225,54,89,0.96,35,0.027428571,40
3280.013341,55,88,0.9,33,0.027272727,40
3279.803959,63,82,0.51,19,0.026842105,40
3279.751287,53,87,0.99,34,0.029117647,40
3279.329451,57,89,0.88,32,0.0275,40
3278.724422,64,67,0.1,3,0.033333333,40
3278.724422,61,70,0.3,9,0.033333333,40
3278.561187,62,84,0.56,22,0.025454545,40
3278.561187,61,85,0.61,24,0.025416667,40
3277.788827,57,90,0.89,33,0.026969697,40
3276.438966,56,91,0.95,35,0.027142857,40
3276.191046,49,77,0.98,28,0.035,40
3275.87636,54,71,0.6,17,0.035294118,40
3275.798212,55,94,0.99,39,0.025384615,40
3275.691123,56,87,0.84,31,0.027096774,40
3275.381341,59,89,0.79,30,0.026333333,40
3275.3283,63,77,0.41,14,0.029285714,40
3274.298777,64,73,0.26,9,0.028888889,40
3274.082408,56,82,0.75,26,0.028846154,40
3274.042196,57,81,0.69,24,0.02875,40
3274.010844,53,76,0.78,23,0.033913043,40
3273.776666,54,88,0.95,34,0.027941176,40
3273.754998,51,79,0.94,28,0.033571429,40
3273.49974,53,85,0.93,32,0.0290625,40
3273.488389,54,88,0.96,34,0.028235294,40
3273.197718,63,78,0.42,15,0.028,40
3272.612513,65,75,0.29,10,0.029,40
3272.286654,60,85,0.69,25,0.0276,40
3272.073132,56,90,0.93,34,0.027352941,40
3271.705478,63,81,0.51,18,0.028333333,40
3270.400786,56,86,0.83,30,0.027666667,40
3269.817253,60,82,0.58,22,0.026363636,40
3269.446501,56,85,0.84,29,0.028965517,40
3267.707645,61,80,0.56,19,0.029473684,40
3267.506379,54,76,0.73,22,0.033181818,40
3267.321201,61,82,0.55,21,0.026190476,40
3267.321201,60,83,0.6,23,0.026086957,40
3267.085847,59,87,0.75,28,0.026785714,40
3267.085847,58,88,0.81,30,0.027,40
3267.085847,57,89,0.87,32,0.0271875,40
3266.640403,58,88,0.82,30,0.027333333,40
3266.070559,64,81,0.47,17,0.027647059,40
3265.957213,65,76,0.3,11,0.027272727,40
3265.957213,60,82,0.59,22,0.026818182,40
3265.957213,59,83,0.65,24,0.027083333,40
3265.574568,55,77,0.72,22,0.032727273,40
3264.670701,62,80,0.49,18,0.027222222,40
3264.633359,62,81,0.51,19,0.026842105,40
3264.480859,60,88,0.73,28,0.026071429,40
3263.934366,56,85,0.83,29,0.02862069,40
3263.29152,60,80,0.58,20,0.029,40
3263.085819,58,84,0.74,26,0.028461538,40
3262.56661,58,89,0.79,31,0.025483871,40
3262.56661,57,90,0.84,33,0.025454545,40
3262.56661,56,92,0.91,36,0.025277778,40
3262.56661,55,93,0.96,38,0.025263158,40
3261.570012,64,78,0.37,14,0.026428571,40
3261.198906,58,86,0.73,28,0.026071429,40
3261.184061,54,91,0.98,37,0.026486486,40
3260.960239,57,74,0.56,17,0.032941176,40
3260.49874,63,74,0.31,11,0.028181818,40
3259.489453,57,94,0.77,37,0.020810811,40
3259.018235,56,75,0.63,19,0.033157895,40
3258.846565,56,92,0.92,36,0.025555556,40
3258.805765,58,74,0.53,16,0.033125,40
3258.715728,67,73,0.17,6,0.028333333,40
3258.715728,64,76,0.34,12,0.028333333,40
3258.629562,75,92,0.29,17,0.017058824,40
3258.230768,53,77,0.8,24,0.033333333,40
3257.421414,60,86,0.69,26,0.026538462,40
3256.935405,59,83,0.64,24,0.026666667,40
3256.27664,51,74,0.82,23,0.035652174,40
3255.829587,55,87,0.93,32,0.0290625,40
3255.745775,60,79,0.54,19,0.028421053,40
3255.745775,59,80,0.6,21,0.028571429,40
3255.677354,57,90,0.88,33,0.026666667,40
3255.447155,60,75,0.47,15,0.031333333,40
3255.326623,58,88,0.85,30,0.028333333,40
3255.27012,64,80,0.45,16,0.028125,40
3255.27012,60,85,0.7,25,0.028,40
3254.933085,58,87,0.81,29,0.027931034,40
3254.178522,66,76,0.27,10,0.027,40
3253.983909,50,77,0.94,27,0.034814815,40
3253.982863,58,90,0.81,32,0.0253125,40
3253.103174,56,92,0.9,36,0.025,40
3253.103174,55,93,0.95,38,0.025,40
3253.103174,55,94,0.97,39,0.024871795,40
3253.045669,58,91,0.82,33,0.024848485,40
3253.045669,56,94,0.94,38,0.024736842,40
3253.045669,55,95,0.99,40,0.02475,40
3252.256984,52,78,0.87,26,0.033461538,40
3252.227517,61,84,0.62,23,0.026956522,40
3252.137486,58,83,0.72,25,0.0288,40
3251.713144,62,68,0.2,6,0.033333333,40
3250.710566,57,91,0.87,34,0.025588235,40
3250.619288,58,85,0.71,27,0.026296296,40
3250.160036,51,75,0.84,24,0.035,40
3250.160036,50,76,0.91,26,0.035,40
3249.958219,68,77,0.25,9,0.027777778,40
3249.655492,58,81,0.66,23,0.028695652,40
3248.397753,56,76,0.66,20,0.033,40
3248.254455,61,86,0.64,25,0.0256,40
3248.237799,54,70,0.57,16,0.035625,40
3248.178619,52,80,0.92,28,0.032857143,40
3248.154823,63,75,0.34,12,0.028333333,40
3247.889257,52,81,0.95,29,0.032758621,40
3247.729171,55,89,0.95,34,0.027941176,40
3247.524353,62,83,0.57,21,0.027142857,40
3247.524353,60,85,0.68,25,0.0272,40
3246.946816,57,82,0.73,25,0.0292,40
3246.687478,56,73,0.57,17,0.033529412,40
3246.323291,53,72,0.66,19,0.034736842,40
3246.01033,59,72,0.43,13,0.033076923,40
3245.756607,54,78,0.79,24,0.032916667,40
3245.638808,53,78,0.83,25,0.0332,40
3244.877012,65,80,0.42,15,0.028,40
3244.493853,59,70,0.37,11,0.033636364,40
3243.400342,55,89,0.91,34,0.026764706,40
3243.400342,54,90,0.97,36,0.026944444,40
3242.901067,55,87,0.89,32,0.0278125,40
3242.554763,55,77,0.73,22,0.033181818,40
3242.362957,61,84,0.66,23,0.028695652,40
3242.240964,56,94,0.95,38,0.025,40
3241.308482,53,72,0.67,19,0.035263158,40
3240.243217,49,76,0.97,27,0.035925926,40
3240.212955,58,72,0.47,14,0.033571429,40
3240.025008,66,75,0.24,9,0.026666667,40
3239.101837,59,72,0.44,13,0.033846154,40
3238.929609,59,76,0.53,17,0.031176471,40
3238.869051,63,77,0.4,14,0.028571429,40
3238.869051,62,78,0.46,16,0.02875,40
3238.327796,66,74,0.23,8,0.02875,40
3238.327796,61,79,0.52,18,0.028888889,40
3238.327796,60,81,0.6,21,0.028571429,40
3238.327796,59,82,0.66,23,0.028695652,40
3237.960203,67,77,0.28,10,0.028,40
3237.809516,55,76,0.69,21,0.032857143,40
3237.709462,62,83,0.59,21,0.028095238,40
3237.677797,52,85,0.98,33,0.02969697,40
3237.574847,54,88,0.99,34,0.029117647,40
3236.973241,57,88,0.88,31,0.028387097,40
3236.532611,56,93,0.94,37,0.025405405,40
3236.482604,62,84,0.58,22,0.026363636,40
3236.431868,64,78,0.38,14,0.027142857,40
3235.727232,58,83,0.7,25,0.028,40
3235.442206,60,81,0.59,21,0.028095238,40
3235.242263,57,92,0.87,35,0.024857143,40
3235.165042,60,71,0.37,11,0.033636364,40
3235.163041,54,75,0.71,21,0.033809524,40
3235.037551,66,79,0.35,13,0.026923077,40
3234.910141,55,74,0.64,19,0.033684211,40
3234.897299,57,85,0.8,28,0.028571429,40
3234.542506,53,79,0.85,26,0.032692308,40
3234.350829,56,83,0.76,27,0.028148148,40
3234.238915,50,78,0.96,28,0.034285714,40
3233.884896,59,87,0.73,28,0.026071429,40
3233.884896,58,89,0.8,31,0.025806452,40
3233.884896,57,90,0.85,33,0.025757576,40
3233.759543,61,81,0.54,20,0.027,40
3233.759543,58,85,0.72,27,0.026666667,40
3233.759543,56,88,0.85,32,0.0265625,40
3233.759543,54,91,0.97,37,0.026216216,40
3233.046173,60,81,0.58,21,0.027619048,40
3232.332258,56,68,0.43,12,0.035833333,40
3231.665209,54,87,0.98,33,0.02969697,40
3231.441119,60,87,0.69,27,0.025555556,40
3231.411526,57,85,0.77,28,0.0275,40
3231.31135,62,79,0.48,17,0.028235294,40
3231.31135,61,80,0.54,19,0.028421053,40
3231.31135,58,84,0.73,26,0.028076923,40
3231.31135,57,85,0.79,28,0.028214286,40
3231.171697,52,79,0.89,27,0.032962963,40
3230.89584,55,81,0.77,26,0.029615385,40
3230.77132,56,86,0.85,30,0.028333333,40
3230.77132,54,89,0.99,35,0.028285714,40
3230.194796,58,89,0.82,31,0.026451613,40
3230.111521,64,74,0.28,10,0.028,40
3230.111521,61,77,0.45,16,0.028125,40
3229.99291,57,75,0.6,18,0.033333333,40
3228.921787,55,69,0.51,14,0.036428571,40
3228.921787,54,70,0.58,16,0.03625,40
3227.945009,55,87,0.94,32,0.029375,40
3227.593504,56,87,0.89,31,0.028709677,40
3227.593504,55,88,0.95,33,0.028787879,40
3227.453954,57,91,0.88,34,0.025882353,40
3227.453954,56,92,0.93,36,0.025833333,40
3227.333948,57,86,0.81,29,0.027931034,40
3227.107173,57,86,0.85,29,0.029310345,40
3227.107173,56,87,0.91,31,0.029354839,40
3226.794563,59,83,0.68,24,0.028333333,40
3226.794563,56,87,0.87,31,0.028064516,40
3226.794563,55,88,0.93,33,0.028181818,40
3226.661985,54,83,0.88,29,0.030344828,40
3226.384514,53,90,0.96,37,0.025945946,40
3225.891791,59,78,0.55,19,0.028947368,40
3225.822049,59,88,0.76,29,0.026206897,40
3225.645664,55,83,0.81,28,0.028928571,40
3225.606029,59,79,0.57,20,0.0285,40
3225.606029,58,80,0.63,22,0.028636364,40
3224.868197,59,83,0.7,24,0.029166667,40
3224.736125,57,82,0.7,25,0.028,40
3224.150885,56,92,0.95,36,0.026388889,40
3224.138965,58,89,0.85,31,0.027419355,40
3224.038719,60,82,0.64,22,0.029090909,40
3224.035457,57,86,0.84,29,0.028965517,40
3223.719311,69,97,0.48,28,0.017142857,40
3223.030781,64,77,0.35,13,0.026923077,40
3222.921272,66,73,0.19,7,0.027142857,40
3222.921272,62,77,0.41,15,0.027333333,40
3222.668597,60,80,0.54,20,0.027,40
3222.325038,53,88,0.99,35,0.028285714,40
3222.212424,65,81,0.43,16,0.026875,40
3222.07256,53,73,0.7,20,0.035,40
3221.806771,51,73,0.79,22,0.035909091,40
3221.594715,54,86,0.92,32,0.02875,40
3221.509882,59,87,0.76,28,0.027142857,40
3221.453265,58,91,0.83,33,0.025151515,40
3221.453265,57,92,0.88,35,0.025142857,40
3221.453265,56,93,0.93,37,0.025135135,40
3221.383039,57,67,0.36,10,0.036,40
3221.193098,62,79,0.45,17,0.026470588,40
3221.192536,55,86,0.91,31,0.029354839,40
3220.737005,57,89,0.86,32,0.026875,40
3220.737005,55,92,0.99,37,0.026756757,40
3220.602767,62,83,0.6,21,0.028571429,40
3219.489312,59,88,0.78,29,0.026896552,40
3219.305461,62,80,0.53,18,0.029444444,40
3218.87932,57,92,0.89,35,0.025428571,40
3217.8121,50,74,0.87,24,0.03625,40
3217.795364,64,81,0.48,17,0.028235294,40
3217.374084,74,94,0.32,20,0.016,40
3216.975169,63,69,0.2,6,0.033333333,40
3216.975169,60,72,0.4,12,0.033333333,40
3216.504299,62,75,0.37,13,0.028461538,40
3216.351723,60,63,0.11,3,0.036666667,40
3216.351723,57,66,0.33,9,0.036666667,40
3216.252858,60,82,0.6,22,0.027272727,40
3216.245614,59,88,0.75,29,0.025862069,40
3216.245614,56,91,0.91,35,0.026,40
3216.245614,55,93,0.98,38,0.025789474,40
3215.877128,50,76,0.92,26,0.035384615,40
3215.848436,61,85,0.66,24,0.0275,40
3215.14724,61,84,0.64,23,0.027826087,40
3215.14724,59,87,0.77,28,0.0275,40
3214.076115,55,85,0.86,30,0.028666667,40
3213.96378,63,83,0.54,20,0.027,40
3213.760989,63,84,0.55,21,0.026190476,40
3213.657356,51,81,0.98,30,0.032666667,40
3213.262982,70,74,0.11,4,0.0275,40
3213.262982,67,78,0.3,11,0.027272727,40
3213.262982,65,80,0.41,15,0.027333333,40
3213.262982,63,82,0.52,19,0.027368421,40
3213.262982,61,84,0.63,23,0.027391304,40
3213.262982,61,85,0.65,24,0.027083333,40
3213.195982,53,79,0.87,26,0.033461538,40
3213.060235,63,83,0.53,20,0.0265,40
3212.371281,59,71,0.4,12,0.033333333,40
3212.226255,57,89,0.9,32,0.028125,40
3212.226255,56,90,0.96,34,0.028235294,40
3212.218362,57,93,0.9,36,0.025,40
3212.120109,56,74,0.6,18,0.033333333,40
3212.120109,54,77,0.76,23,0.033043478,40
3212.120109,51,80,0.96,29,0.033103448,40
3211.908409,67,73,0.16,6,0.026666667,40
3211.407867,57,85,0.78,28,0.027857143,40
3211.407867,55,88,0.91,33,0.027575758,40
3210.710652,58,89,0.84,31,0.027096774,40
3210.509035,53,88,0.95,35,0.027142857,40
3210.161619,63,82,0.54,19,0.028421053,40
3210.088483,59,87,0.78,28,0.027857143,40
3210.078673,52,80,0.93,28,0.033214286,40
3210.010542,60,86,0.71,26,0.027307692,40
3209.939173,54,78,0.8,24,0.033333333,40
3209.594502,55,86,0.92,31,0.029677419,40
3208.526015,60,87,0.72,27,0.026666667,40
3208.22772,56,86,0.84,30,0.028,40
3208.22772,55,87,0.9,32,0.028125,40
3208.22772,55,88,0.92,33,0.027878788,40
3208.22772,54,89,0.98,35,0.028,40
3208.057493,60,70,0.34,10,0.034,40
3207.826367,64,81,0.46,17,0.027058824,40
3207.826367,62,84,0.59,22,0.026818182,40
3207.826367,60,86,0.7,26,0.026923077,40
3207.826367,58,89,0.83,31,0.026774194,40
3207.816451,56,90,0.94,34,0.027647059,40
3207.747248,49,76,0.96,27,0.035555556,40
3207.500496,57,84,0.77,27,0.028518519,40
3207.454229,56,88,0.87,32,0.0271875,40
3207.454229,55,89,0.93,34,0.027352941,40
3206.964326,55,87,0.91,32,0.0284375,40
3206.964326,54,88,0.97,34,0.028529412,40
3206.758224,60,87,0.7,27,0.025925926,40
3206.758224,58,89,0.81,31,0.026129032,40
3206.71207,60,82,0.61,22,0.027727273,40
3206.683117,70,75,0.13,5,0.026,40
3206.683117,66,79,0.34,13,0.026153846,40
3206.683117,62,84,0.57,22,0.025909091,40
3206.683117,61,85,0.62,24,0.025833333,40
3206.479074,58,71,0.44,13,0.033846154,40
3206.479074,55,75,0.67,20,0.0335,40
3206.225708,66,79,0.36,13,0.027692308,40
3205.994398,54,84,0.87,30,0.029,40
3205.929604,58,90,0.84,32,0.02625,40
3205.398052,54,89,0.97,35,0.027714286,40
3205.199848,65,75,0.28,10,0.028,40
3205.199848,62,79,0.47,17,0.027647059,40
3205.199848,61,80,0.53,19,0.027894737,40
3205.199848,59,82,0.64,23,0.027826087,40
3205.199848,59,83,0.66,24,0.0275,40
3205.199848,58,84,0.72,26,0.027692308,40
3205.192629,62,83,0.56,21,0.026666667,40
3204.166284,52,73,0.73,21,0.034761905,40
3203.781923,56,89,0.87,33,0.026363636,40
3203.781923,55,91,0.94,36,0.026111111,40
3203.781923,54,92,0.99,38,0.026052632,40
3203.634782,54,88,0.9,34,0.026470588,40
3203.634782,53,89,0.96,36,0.026666667,40
3203.133433,65,81,0.41,16,0.025625,40
3203.031358,67,77,0.29,10,0.029,40
3201.45159,55,89,0.94,34,0.027647059,40
3201.45159,54,90,0.99,36,0.0275,40
3200.34124,60,78,0.51,18,0.028333333,40
3200.060194,55,70,0.53,15,0.035333333,40
3200.013799,59,82,0.65,23,0.02826087,40
3200.013799,58,83,0.71,25,0.0284,40
3200.003301,56,79,0.72,23,0.031304348,40
3199.323838,58,77,0.6,19,0.031578947,40
3198.853927,56,91,0.93,35,0.026571429,40
3198.797876,56,92,0.94,36,0.026111111,40
3198.742105,58,88,0.8,30,0.026666667,40
3198.686056,57,90,0.87,33,0.026363636,40
3198.686056,55,93,0.99,38,0.026052632,40
3198.680388,59,86,0.77,27,0.028518519,40
3198.680388,58,87,0.83,29,0.02862069,40
3198.104499,60,79,0.53,19,0.027894737,40
3198.064661,59,88,0.74,29,0.025517241,40
3196.625356,68,76,0.22,8,0.0275,40
3196.625356,66,78,0.33,12,0.0275,40
3196.379649,56,86,0.88,30,0.029333333,40
3195.604084,52,72,0.72,20,0.036,40
3195.458692,51,81,0.99,30,0.033,40
3194.978331,55,76,0.71,21,0.033809524,40
3194.952278,65,80,0.4,15,0.026666667,40
3194.158288,53,72,0.68,19,0.035789474,40
3193.477073,61,76,0.43,15,0.028666667,40
3193.444529,65,72,0.2,7,0.028571429,40
3193.351522,56,74,0.61,18,0.033888889,40
3193.351522,55,75,0.68,20,0.034,40
3193.351522,53,78,0.84,25,0.0336,40
3193.351522,52,79,0.91,27,0.033703704,40
3193.351522,51,80,0.98,29,0.033793103,40
3192.988704,56,90,0.95,34,0.027941176,40
3192.761599,60,77,0.49,17,0.028823529,40
3192.45403,71,74,0.08,3,0.026666667,40
3192.45403,68,77,0.24,9,0.026666667,40
3192.163761,58,83,0.74,25,0.0296,40
3192.163761,57,84,0.8,27,0.02962963,40
3192.082562,58,88,0.84,30,0.028,40
3192.023888,50,75,0.89,25,0.0356,40
3190.528695,65,79,0.39,14,0.027857143,40
3190.528695,62,83,0.58,21,0.027619048,40
3190.442742,57,85,0.74,28,0.026428571,40
3190.153263,64,81,0.45,17,0.026470588,40
3190.153263,61,85,0.63,24,0.02625,40
3190.153263,60,86,0.68,26,0.026153846,40
3190.153263,58,88,0.79,30,0.026333333,40
3190.153263,57,90,0.86,33,0.026060606,40
3190.153263,55,92,0.97,37,0.026216216,40
3190.114219,55,76,0.7,21,0.033333333,40
3190.114219,54,77,0.77,23,0.033478261,40
3189.59657,52,79,0.9,27,0.033333333,40
3189.59657,51,80,0.97,29,0.033448276,40
3188.726354,59,89,0.76,30,0.025333333,40
3188.539651,59,87,0.74,28,0.026428571,40
3188.539651,56,91,0.92,35,0.026285714,40
3188.40956,62,84,0.6,22,0.027272727,40
3187.568906,56,85,0.86,29,0.029655172,40
3187.299995,62,74,0.35,12,0.029166667,40
3186.786616,61,87,0.67,26,0.025769231,40
3186.758776,63,81,0.52,18,0.028888889,40
3186.163806,61,81,0.53,20,0.0265,40
3186.028368,61,85,0.64,24,0.026666667,40
3185.78684,37,51,0.53,14,0.037857143,40
3185.350058,61,82,0.6,21,0.028571429,40
3184.724581,49,77,0.99,28,0.035357143,40
3183.265114,71,97,0.44,26,0.016923077,40
3183.157487,61,84,0.65,23,0.02826087,40
3182.945864,53,79,0.86,26,0.033076923,40
3182.926476,57,86,0.79,29,0.027241379,40
3182.926476,55,89,0.92,34,0.027058824,40
3182.890836,58,66,0.29,8,0.03625,40
3182.431962,56,89,0.86,33,0.026060606,40
3182.431962,55,91,0.93,36,0.025833333,40
3182.428777,36,52,0.61,16,0.038125,40
3182.308838,59,91,0.67,32,0.0209375,40
3182.121628,55,92,0.98,37,0.026486486,40
3181.888867,58,67,0.32,9,0.035555556,40
3181.592094,57,80,0.67,23,0.029130435,40
3181.592094,56,81,0.73,25,0.0292,40
3181.585411,58,79,0.61,21,0.029047619,40
3181.065696,62,81,0.52,19,0.027368421,40
3180.75839,62,85,0.61,23,0.026521739,40
3180.75839,57,91,0.9,34,0.026470588,40
3180.692428,63,74,0.32,11,0.029090909,40
3180.482408,57,72,0.51,15,0.034,40
3180.482408,56,73,0.58,17,0.034117647,40
3180.441701,56,75,0.64,19,0.033684211,40
3180.422808,52,75,0.8,23,0.034782609,40
3180.064614,59,88,0.77,29,0.026551724,40
3179.731999,57,86,0.8,29,0.027586207,40
3178.919392,56,73,0.53,17,0.031176471,40
3178.908311,58,87,0.75,29,0.025862069,40
3177.450337,64,72,0.23,8,0.02875,40
3177.257756,62,67,0.17,5,0.034,40
3177.257756,61,69,0.27,8,0.03375,40
3177.257756,57,73,0.54,16,0.03375,40
3177.257756,53,77,0.81,24,0.03375,40
3177.159753,52,78,0.88,26,0.033846154,40
3177.159753,51,79,0.95,28,0.033928571,40
3177.106,58,73,0.5,15,0.033333333,40
3177.106,57,74,0.57,17,0.033529412,40
3176.990618,54,76,0.74,22,0.033636364,40
3176.825759,61,83,0.58,22,0.026363636,40
3176.825759,60,84,0.63,24,0.02625,40
3176.825759,58,87,0.76,29,0.026206897,40
3176.825759,57,88,0.81,31,0.026129032,40
3176.825759,56,90,0.88,34,0.025882353,40
3176.582272,59,83,0.67,24,0.027916667,40
3175.996832,69,76,0.18,7,0.025714286,40
3175.635174,63,83,0.51,20,0.0255,40
3175.603439,65,79,0.4,14,0.028571429,40
3175.603439,60,85,0.71,25,0.0284,40
3174.489348,62,75,0.38,13,0.029230769,40
3173.779672,56,87,0.86,31,0.027741935,40
3173.725682,58,90,0.82,32,0.025625,40
3173.583363,56,87,0.85,31,0.027419355,40
3173.554701,65,80,0.39,15,0.026,40
3173.554701,60,86,0.67,26,0.025769231,40
3173.318796,58,84,0.76,26,0.029230769,40
3173.318796,57,85,0.82,28,0.029285714,40
3173.173747,60,87,0.71,27,0.026296296,40
3172.497336,52,73,0.76,21,0.036190476,40
3172.414708,61,75,0.42,14,0.03,40
3172.414708,60,76,0.48,16,0.03,40
3171.392427,39,49,0.38,10,0.038,40
3170.446103,55,81,0.8,26,0.030769231,40
3170.239305,56,91,0.97,35,0.027714286,40
3170.040579,64,82,0.46,18,0.025555556,40
3169.680319,61,83,0.57,22,0.025909091,40
3169.680319,60,85,0.64,25,0.0256,40
3169.680319,56,90,0.87,34,0.025588235,40
3169.364872,59,86,0.76,27,0.028148148,40
3168.406451,56,93,0.95,37,0.025675676,40
3167.745564,66,78,0.31,12,0.025833333,40
3167.469464,66,80,0.36,14,0.025714286,40
3167.384817,61,84,0.59,23,0.025652174,40
3167.305587,52,74,0.79,22,0.035909091,40
3166.803506,58,90,0.83,32,0.0259375,40
3166.320842,55,81,0.81,26,0.031153846,40
3165.846323,53,90,0.99,37,0.026756757,40
3165.489137,67,78,0.29,11,0.026363636,40
3164.436442,62,82,0.52,20,0.026,40
3163.608148,57,78,0.66,21,0.031428571,40
3163.301651,63,82,0.5,19,0.026315789,40
3163.301651,63,83,0.52,20,0.026,40
3163.207303,54,90,0.98,36,0.027222222,40
3163.188064,56,94,0.96,38,0.025263158,40
3162.976213,56,88,0.89,32,0.0278125,40
3162.947792,68,76,0.23,8,0.02875,40
3162.947792,64,80,0.46,16,0.02875,40
3162.196564,51,76,0.89,25,0.0356,40
3161.815106,57,68,0.39,11,0.035454545,40
3161.815106,56,69,0.46,13,0.035384615,40
3161.815106,55,71,0.56,16,0.035,40
3161.815106,54,72,0.63,18,0.035,40
3161.518175,58,84,0.68,26,0.026153846,40
3161.403276,60,81,0.56,21,0.026666667,40
3161.3695,61,75,0.41,14,0.029285714,40
3161.265871,57,89,0.91,32,0.0284375,40
3160.791183,56,88,0.9,32,0.028125,40
3160.671976,60,81,0.62,21,0.02952381,40
3160.671976,59,82,0.68,23,0.029565217,40
3159.00899,81,85,0.07,4,0.0175,40
3159.00899,79,87,0.14,8,0.0175,40
3159.00899,74,93,0.33,19,0.017368421,40
3158.510768,63,73,0.29,10,0.029,40
3158.370312,56,93,0.96,37,0.025945946,40
3157.980924,59,84,0.66,25,0.0264,40
3157.952903,51,74,0.83,23,0.036086957,40
3157.618599,54,89,0.91,35,0.026,40
3156.964406,58,85,0.73,27,0.027037037,40
3156.964406,56,88,0.86,32,0.026875,40
3156.682094,62,85,0.6,23,0.026086957,40
3156.493851,58,87,0.82,29,0.028275862,40
3155.981598,59,66,0.25,7,0.035714286,40
3155.981598,54,71,0.61,17,0.035882353,40
3155.60232,56,90,0.97,34,0.028529412,40
3154.761822,55,86,0.84,31,0.027096774,40
3154.761822,54,87,0.9,33,0.027272727,40
3154.761822,53,88,0.96,35,0.027428571,40
3154.65446,55,82,0.79,27,0.029259259,40
3154.552298,54,82,0.86,28,0.030714286,40
3154.507136,57,91,0.89,34,0.026176471,40
3154.370104,57,87,0.78,30,0.026,40
3154.356989,69,76,0.19,7,0.027142857,40
3154.157846,66,80,0.37,14,0.026428571,40
3153.855172,54,85,0.94,31,0.030322581,40
3153.461861,67,75,0.23,8,0.02875,40
3153.278548,60,76,0.47,16,0.029375,40
3153.278548,59,77,0.53,18,0.029444444,40
3153.278548,58,78,0.59,20,0.0295,40
3152.784229,56,69,0.47,13,0.036153846,40
3152.511484,50,78,0.98,28,0.035,40
3151.916563,57,89,0.82,32,0.025625,40
3151.83502,63,80,0.46,17,0.027058824,40
3151.135635,64,82,0.47,18,0.026111111,40
3150.574873,50,76,0.93,26,0.035769231,40
3150.240201,58,86,0.76,28,0.027142857,40
3149.201956,59,84,0.71,25,0.0284,40
3149.017031,56,92,0.96,36,0.026666667,40
3148.982147,66,77,0.29,11,0.026363636,40
3148.982147,63,81,0.47,18,0.026111111,40
3148.982147,59,85,0.68,26,0.026153846,40
3148.982147,59,86,0.7,27,0.025925926,40
3148.388717,61,82,0.58,21,0.027619048,40
3148.334419,51,75,0.85,24,0.035416667,40
3148.078741,50,79,0.99,29,0.034137931,40
3147.772188,61,76,0.44,15,0.029333333,40
3147.697913,50,77,0.96,27,0.035555556,40
3145.738883,64,81,0.44,17,0.025882353,40
3145.554413,39,50,0.43,11,0.039090909,40
3145.417904,60,65,0.18,5,0.036,40
3145.417904,55,71,0.57,16,0.035625,40
3144.964428,78,90,0.19,12,0.015833333,40
3144.721141,58,69,0.38,11,0.034545455,40
3144.721141,57,70,0.45,13,0.034615385,40
3144.721141,56,71,0.52,15,0.034666667,40
3144.721141,55,72,0.59,17,0.034705882,40
3144.721141,54,73,0.66,19,0.034736842,40
3144.721141,53,74,0.73,21,0.034761905,40
3143.995188,57,92,0.9,35,0.025714286,40
3141.263073,52,76,0.84,24,0.035,40
3141.263073,51,77,0.91,26,0.035,40
3141.237849,50,78,0.99,28,0.035357143,40
3141.061678,56,87,0.9,31,0.029032258,40
3141.061678,55,88,0.96,33,0.029090909,40
3140.742909,52,75,0.81,23,0.035217391,40
3140.690326,53,84,0.94,31,0.030322581,40
3140.331575,59,78,0.56,19,0.029473684,40
3140.331575,58,79,0.62,21,0.02952381,40
3140.331575,57,80,0.68,23,0.029565217,40
3140.299556,60,77,0.5,17,0.029411765,40
3139.772639,60,83,0.65,23,0.02826087,40
3139.047088,59,90,0.79,31,0.025483871,40
3138.963464,56,88,0.84,32,0.02625,40
3138.963464,55,90,0.91,35,0.026,40
3138.509232,51,76,0.88,25,0.0352,40
3138.420434,56,87,0.81,31,0.026129032,40
3137.912518,55,72,0.6,17,0.035294118,40
3137.912518,54,73,0.67,19,0.035263158,40
3137.912518,53,74,0.74,21,0.035238095,40
3137.904825,65,81,0.42,16,0.02625,40
3137.379014,58,91,0.84,33,0.025454545,40
3136.576291,58,86,0.78,28,0.027857143,40
3136.576291,57,87,0.84,30,0.028,40
3136.235674,50,77,0.95,27,0.035185185,40
3135.567833,62,82,0.57,20,0.0285,40
3135.335339,56,92,0.97,36,0.026944444,40
3133.746336,56,89,0.88,33,0.026666667,40
3133.635937,63,84,0.53,21,0.025238095,40
3133.407077,61,87,0.66,26,0.025384615,40
3133.407077,60,88,0.71,28,0.025357143,40
3133.273226,59,75,0.48,16,0.03,40
3133.041089,54,90,0.94,36,0.026111111,40
3132.657421,37,53,0.57,16,0.035625,40
3132.164886,35,53,0.69,18,0.038333333,40
3132.066369,53,84,0.92,31,0.029677419,40
3132.031135,41,65,0.82,24,0.034166667,40
3131.788172,54,82,0.84,28,0.03,40
3131.534398,55,73,0.62,18,0.034444444,40
3131.534398,54,74,0.69,20,0.0345,40
3131.534398,53,75,0.76,22,0.034545455,40
3130.952505,60,86,0.72,26,0.027692308,40
3130.952505,57,90,0.91,33,0.027575758,40
3130.538409,41,48,0.25,7,0.035714286,40
3130.269261,58,88,0.83,30,0.027666667,40
3130.269261,57,89,0.89,32,0.0278125,40
3130.269261,56,91,0.96,35,0.027428571,40
3130.225769,66,76,0.29,10,0.029,40
3129.504436,62,81,0.54,19,0.028421053,40
3129.504436,61,83,0.62,22,0.028181818,40
3129.504436,60,84,0.68,24,0.028333333,40
3128.337258,53,83,0.92,30,0.030666667,40
3127.963139,37,50,0.52,13,0.04,40
3127.606575,61,86,0.66,25,0.0264,40
3126.832921,57,88,0.89,31,0.028709677,40
3126.812896,66,77,0.3,11,0.027272727,40
3126.812896,64,79,0.41,15,0.027333333,40
3126.602751,60,76,0.49,16,0.030625,40
3126.085682,59,89,0.78,30,0.026,40
3125.553694,55,92,0.95,37,0.025675676,40
3125.073126,68,74,0.17,6,0.028333333,40
3124.853072,61,86,0.68,25,0.0272,40
3124.685346,53,84,0.95,31,0.030645161,40
3124.675319,39,48,0.36,9,0.04,40
3123.922493,53,75,0.77,22,0.035,40
3123.921671,37,52,0.56,15,0.037333333,40
3123.76527,59,85,0.72,26,0.027692308,40
3123.720894,57,87,0.82,30,0.027333333,40
3123.720894,55,90,0.95,35,0.027142857,40
3123.345493,60,77,0.52,17,0.030588235,40
3123.242674,55,90,0.97,35,0.027714286,40
3122.823235,60,69,0.28,9,0.031111111,40
3122.742322,57,88,0.8,31,0.025806452,40
3122.742322,55,91,0.92,36,0.025555556,40
3122.742322,54,93,0.99,39,0.025384615,40
3122.684835,59,89,0.8,30,0.026666667,40
3122.684835,56,93,0.98,37,0.026486486,40
3122.572035,61,78,0.47,17,0.027647059,40
3122.065949,54,92,0.97,38,0.025526316,40
3121.74885,64,82,0.48,18,0.026666667,40
3121.70041,51,78,0.93,27,0.034444444,40
3121.342895,38,49,0.44,11,0.04,40
3120.372152,56,81,0.74,25,0.0296,40
3119.813406,58,86,0.79,28,0.028214286,40
3119.275486,55,91,0.99,36,0.0275,40
3119.07495,60,83,0.66,23,0.028695652,40
3118.659608,58,68,0.35,10,0.035,40
3118.659608,57,69,0.42,12,0.035,40
3118.659608,56,70,0.49,14,0.035,40
3118.652801,57,93,0.76,36,0.021111111,40
3118.548397,65,77,0.35,12,0.029166667,40
3118.140813,61,74,0.41,13,0.031538462,40
3117.773008,61,82,0.59,21,0.028095238,40
3117.531549,57,87,0.83,30,0.027666667,40
3116.686619,61,83,0.63,22,0.028636364,40
3115.597974,60,75,0.45,15,0.03,40
3115.597974,59,76,0.51,17,0.03,40
3115.592315,41,48,0.26,7,0.037142857,40
3115.541822,62,88,0.54,26,0.020769231,40
3115.541822,59,92,0.68,33,0.020606061,40
3115.160557,59,85,0.73,26,0.028076923,40
3115.160557,56,89,0.92,33,0.027878788,40
3114.39884,53,83,0.93,30,0.031,40
3114.395685,54,82,0.87,28,0.031071429,40
3113.972381,54,82,0.85,28,0.030357143,40
3113.358231,62,83,0.54,21,0.025714286,40
3113.320046,60,88,0.72,28,0.025714286,40
3113.320046,59,89,0.77,30,0.025666667,40
3113.103054,63,80,0.48,17,0.028235294,40
3113.005243,73,94,0.36,21,0.017142857,40
3112.903281,55,70,0.54,15,0.036,40
3112.903281,54,72,0.64,18,0.035555556,40
3112.903281,53,73,0.71,20,0.0355,40
3112.903281,51,75,0.86,24,0.035833333,40
3112.352399,56,70,0.5,14,0.035714286,40
3111.417313,64,83,0.48,19,0.025263158,40
3111.218296,56,81,0.76,25,0.0304,40
3111.1591,78,89,0.19,11,0.017272727,40
3110.995425,58,80,0.67,22,0.030454545,40
3110.995425,57,81,0.73,24,0.030416667,40
3110.865614,51,87,0.98,36,0.027222222,40
3110.688792,52,74,0.78,22,0.035454545,40
3110.436613,62,82,0.58,20,0.029,40
3109.818545,53,90,0.98,37,0.026486486,40
3109.377627,62,85,0.59,23,0.025652174,40
3109.201603,55,88,0.87,33,0.026363636,40
3109.050969,61,75,0.43,14,0.030714286,40
3109.047819,57,79,0.68,22,0.030909091,40
3109.019259,59,78,0.58,19,0.030526316,40
3109.019259,58,79,0.64,21,0.03047619,40
3109.01611,62,74,0.37,12,0.030833333,40
3108.597457,63,81,0.49,18,0.027222222,40
3108.40002,57,79,0.65,22,0.029545455,40
3107.475413,58,90,0.86,32,0.026875,40
3107.062012,80,87,0.12,7,0.017142857,40
3106.908832,37,50,0.51,13,0.039230769,40
3106.723091,59,85,0.7,26,0.026923077,40
3106.723091,55,90,0.94,35,0.026857143,40
3105.932398,65,82,0.43,17,0.025294118,40
3105.815564,53,86,0.94,33,0.028484848,40
3105.348283,56,80,0.71,24,0.029583333,40
3104.927987,55,88,0.97,33,0.029393939,40
3104.839682,61,83,0.64,22,0.029090909,40
3104.839682,60,84,0.7,24,0.029166667,40
3104.820155,76,90,0.24,14,0.017142857,40
3104.820155,74,92,0.31,18,0.017222222,40
3104.820155,72,94,0.38,22,0.017272727,40
3104.608571,62,76,0.4,14,0.028571429,40
3104.215087,56,93,0.97,37,0.026216216,40
3103.519839,70,97,0.46,27,0.017037037,40
3102.701113,58,78,0.6,20,0.03,40
3102.453492,55,80,0.79,25,0.0316,40
3102.453492,54,81,0.85,27,0.031481481,40
3102.453492,53,83,0.94,30,0.031333333,40
3102.449073,55,88,0.86,33,0.026060606,40
3102.449073,53,91,0.98,38,0.025789474,40
3102.444006,58,87,0.79,29,0.027241379,40
3102.444006,57,88,0.85,31,0.027419355,40
3102.444006,56,90,0.92,34,0.027058824,40
3102.444006,55,91,0.98,36,0.027222222,40
3101.614574,36,54,0.65,18,0.036111111,40
3101.551025,60,84,0.62,24,0.025833333,40
3101.342125,60,84,0.64,24,0.026666667,40
3101.342125,58,86,0.75,28,0.026785714,40
3101.342125,57,88,0.82,31,0.026451613,40
3101.342125,55,90,0.93,35,0.026571429,40
3100.865675,63,80,0.47,17,0.027647059,40
3100.249994,68,75,0.19,7,0.027142857,40
3100.249994,67,77,0.27,10,0.027,40
3098.977199,61,89,0.58,28,0.020714286,40
3098.944946,58,75,0.52,17,0.030588235,40
3098.167189,62,85,0.62,23,0.026956522,40
3098.145747,58,88,0.77,30,0.025666667,40
3098.145747,56,91,0.89,35,0.025428571,40
3098.014736,68,75,0.2,7,0.028571429,40
3097.317882,68,78,0.26,10,0.026,40
3096.709162,56,89,0.91,33,0.027575758,40
3096.497104,60,84,0.65,24,0.027083333,40
3096.114491,60,85,0.65,25,0.026,40
3096.114491,57,89,0.83,32,0.0259375,40
3095.809736,78,91,0.22,13,0.016923077,40
3095.756641,65,79,0.38,14,0.027142857,40
3095.730125,56,89,0.85,33,0.025757576,40
3094.889267,58,93,0.73,35,0.020857143,40
3094.676235,59,85,0.71,26,0.027307692,40
3094.676235,58,86,0.77,28,0.0275,40
3094.456588,57,87,0.85,30,0.028333333,40
3094.456588,56,88,0.91,32,0.0284375,40
3094.456588,55,89,0.97,34,0.028529412,40
3094.250426,53,84,0.85,31,0.027419355,40
3093.86737,57,92,0.91,35,0.026,40
3093.547697,41,49,0.28,8,0.035,40
3093.334195,64,83,0.49,19,0.025789474,40
3093.334195,61,86,0.65,25,0.026,40
3092.943858,72,95,0.4,23,0.017391304,40
3092.6835,63,82,0.49,19,0.025789474,40
3092.6835,59,87,0.72,28,0.025714286,40
3092.110956,70,73,0.08,3,0.026666667,40
3092.110956,67,76,0.24,9,0.026666667,40
3092.110956,64,79,0.4,15,0.026666667,40
3092.110956,62,82,0.53,20,0.0265,40
3092.110956,59,85,0.69,26,0.026538462,40
3091.459451,66,77,0.31,11,0.028181818,40
3091.386619,53,83,0.9,30,0.03,40
3091.284522,64,79,0.42,15,0.028,40
3091.284522,63,81,0.5,18,0.027777778,40
3091.284522,61,83,0.61,22,0.027727273,40
3091.284522,60,84,0.67,24,0.027916667,40
3091.284522,58,87,0.8,29,0.027586207,40
3091.284522,57,88,0.86,31,0.027741935,40
3090.209953,59,77,0.54,18,0.03,40
3089.14505,55,92,0.94,37,0.025405405,40
3088.935418,64,71,0.22,7,0.031428571,40
3088.935418,59,77,0.56,18,0.031111111,40
3088.703224,54,89,0.93,35,0.026571429,40
3087.70881,62,72,0.32,10,0.032,40
3086.177492,52,84,0.97,32,0.0303125,40
3086.126437,52,76,0.83,24,0.034583333,40
3086.126437,51,77,0.9,26,0.034615385,40
3086.024252,38,52,0.5,14,0.035714286,40
3085.866727,62,64,0.07,2,0.035,40
3085.866727,61,65,0.14,4,0.035,40
3085.866727,60,66,0.21,6,0.035,40
3085.866727,59,67,0.28,8,0.035,40
3085.866727,50,78,0.97,28,0.034642857,40
3085.102084,62,81,0.53,19,0.027894737,40
3084.923316,41,47,0.22,6,0.036666667,40
3084.57672,55,90,0.96,35,0.027428571,40
3084.468771,56,89,0.9,33,0.027272727,40
3084.119631,67,79,0.31,12,0.025833333,40
3084.119631,63,84,0.54,21,0.025714286,40
3082.990863,55,80,0.75,25,0.03,40
3082.525799,60,84,0.66,24,0.0275,40
3082.119476,65,78,0.35,13,0.026923077,40
3081.589934,55,84,0.87,29,0.03,40
3081.460682,58,92,0.72,34,0.021176471,40
3081.379366,57,80,0.7,23,0.030434783,40
3080.833827,72,90,0.32,18,0.017777778,40
3080.269489,55,91,0.95,36,0.026388889,40
3080.025658,70,96,0.45,26,0.017307692,40
3080.021179,66,72,0.17,6,0.028333333,40
3079.720046,65,78,0.37,13,0.028461538,40
3079.273241,55,85,0.83,30,0.027666667,40
3079.142676,69,99,0.52,30,0.017333333,40
3079.084283,53,91,0.99,38,0.026052632,40
3078.772839,62,75,0.4,13,0.030769231,40
3077.861632,64,72,0.25,8,0.03125,40
3077.812435,67,72,0.14,5,0.028,40
3077.803742,42,47,0.18,5,0.036,40
3077.18789,54,90,0.93,36,0.025833333,40
3076.479803,36,51,0.6,15,0.04,40
3076.204489,58,83,0.67,25,0.0268,40
3075.933938,64,80,0.44,16,0.0275,40
3075.933938,62,82,0.55,20,0.0275,40
3075.933938,59,86,0.74,27,0.027407407,40
3075.160451,73,94,0.34,21,0.016190476,40
3074.805877,74,94,0.34,20,0.017,40
3074.805877,70,99,0.49,29,0.016896552,40
3074.759005,58,78,0.62,20,0.031,40
3074.728825,67,77,0.26,10,0.026,40
3074.007847,81,86,0.08,5,0.016,40
3073.723939,58,77,0.57,19,0.03,40
3073.655798,63,72,0.28,9,0.031111111,40
3073.391103,64,80,0.43,16,0.026875,40
3072.678584,55,90,0.92,35,0.026285714,40
3072.345572,71,95,0.41,24,0.017083333,40
3071.967549,60,90,0.63,30,0.021,40
3071.949921,67,76,0.25,9,0.027777778,40
3071.852288,76,91,0.26,15,0.017333333,40
3071.583879,64,75,0.3,11,0.027272727,40
3070.866496,55,92,0.96,37,0.025945946,40
3070.635631,34,54,0.78,20,0.039,40
3070.517873,67,68,0.03,1,0.03,40
3070.517873,66,69,0.09,3,0.03,40
3070.517873,65,70,0.15,5,0.03,40
3070.517873,64,71,0.21,7,0.03,40
3070.517873,63,72,0.27,9,0.03,40
3070.517873,62,73,0.33,11,0.03,40
3070.517873,61,74,0.39,13,0.03,40
3070.416297,56,89,0.89,33,0.026969697,40
3070.393876,56,86,0.79,30,0.026333333,40
3070.377583,63,73,0.31,10,0.031,40
3070.279098,55,82,0.8,27,0.02962963,40
3070.18376,62,82,0.54,20,0.027,40
3070.102599,72,75,0.07,3,0.023333333,40
3069.275899,61,76,0.46,15,0.030666667,40
3068.510936,60,85,0.72,25,0.0288,40
3068.489531,59,86,0.78,27,0.028888889,40
3068.489531,58,87,0.84,29,0.028965517,40
3068.489531,57,88,0.9,31,0.029032258,40
3068.489531,56,89,0.96,33,0.029090909,40
3068.37788,61,83,0.6,22,0.027272727,40
3068.37788,59,86,0.73,27,0.027037037,40
3067.759576,73,88,0.27,15,0.018,40
3066.310835,77,91,0.24,14,0.017142857,40
3065.833718,64,80,0.42,16,0.02625,40
3065.282345,34,54,0.79,20,0.0395,40
3064.999901,38,51,0.47,13,0.036153846,40
3064.629624,55,87,0.85,32,0.0265625,40
3064.629624,53,90,0.97,37,0.026216216,40
3064.316226,55,89,0.96,34,0.028235294,40
3064.302708,55,83,0.86,28,0.030714286,40
3064.263059,57,79,0.66,22,0.03,40
3064.263059,56,80,0.72,24,0.03,40
3063.138769,53,83,0.91,30,0.030333333,40
3062.945294,54,84,0.92,30,0.030666667,40
3062.032342,59,81,0.6,22,0.027272727,40
3061.833907,54,83,0.79,29,0.027241379,40
3061.754159,40,49,0.34,9,0.037777778,40
3061.725981,56,83,0.81,27,0.03,40
3061.044012,52,84,0.99,32,0.0309375,40
3060.246887,77,88,0.19,11,0.017272727,40
3060.246887,75,90,0.26,15,0.017333333,40
3060.246887,73,92,0.33,19,0.017368421,40
3059.570321,32,57,0.99,25,0.0396,40
3059.54239,57,90,0.92,33,0.027878788,40
3059.100991,53,88,0.92,35,0.026285714,40
3059.009173,56,88,0.92,32,0.02875,40
3059.009173,55,89,0.98,34,0.028823529,40
3058.882543,65,78,0.36,13,0.027692308,40
3058.385812,59,87,0.79,28,0.028214286,40
3058.254444,55,91,0.97,36,0.026944444,40
3058.219609,53,82,0.88,29,0.030344828,40
3058.106723,64,82,0.5,18,0.027777778,40
3058.106723,62,84,0.61,22,0.027727273,40
3057.936628,50,81,0.95,31,0.030645161,40
3057.531611,68,99,0.53,31,0.017096774,40
3056.936799,39,48,0.35,9,0.038888889,40
3056.256743,55,90,0.98,35,0.028,40
3055.814791,62,78,0.43,16,0.026875,40
3055.458539,54,89,0.92,35,0.026285714,40
3055.247003,61,83,0.59,22,0.026818182,40
3055.247003,58,87,0.77,29,0.026551724,40
3054.08973,60,85,0.66,25,0.0264,40
3054.08973,57,89,0.84,32,0.02625,40
3053.782428,39,50,0.4,11,0.036363636,40
3053.699555,57,88,0.83,31,0.026774194,40
3053.526171,62,84,0.62,22,0.028181818,40
3053.264596,54,84,0.86,30,0.028666667,40
3053.131535,65,73,0.24,8,0.03,40
3053.044454,70,97,0.49,27,0.018148148,40
3052.687066,55,89,0.88,34,0.025882353,40
3052.553264,61,85,0.67,24,0.027916667,40
3051.106923,40,47,0.27,7,0.038571429,40
3050.731872,76,91,0.24,15,0.016,40
3050.423877,56,72,0.55,16,0.034375,40
3049.746811,64,79,0.43,15,0.028666667,40
3049.508685,56,95,0.96,39,0.024615385,40
3049.508685,56,95,0.97,39,0.024871795,40
3049.485698,65,78,0.33,13,0.025384615,40
3049.043227,69,75,0.16,6,0.026666667,40
3049.017688,55,84,0.88,29,0.030344828,40
3049.004654,55,83,0.8,28,0.028571429,40
3048.991161,53,85,0.98,32,0.030625,40
3048.304525,58,94,0.74,36,0.020555556,40
3048.25723,64,79,0.38,15,0.025333333,40
3048.237712,55,81,0.78,26,0.03,40
3047.461419,59,88,0.8,29,0.027586207,40
3046.819177,56,89,0.93,33,0.028181818,40
3046.734599,78,83,0.09,5,0.018,40
3046.501971,56,79,0.73,23,0.03173913,40
3046.141628,38,50,0.46,12,0.038333333,40
3044.994814,62,83,0.55,21,0.026190476,40
3044.317648,58,87,0.78,29,0.026896552,40
3044.2552,54,83,0.86,29,0.029655172,40
3043.880418,67,78,0.31,11,0.028181818,40
3043.577207,60,85,0.67,25,0.0268,40
3043.548977,77,90,0.21,13,0.016153846,40
3043.174852,75,94,0.32,19,0.016842105,40
3043.174852,73,96,0.39,23,0.016956522,40
3043.059898,61,82,0.54,21,0.025714286,40
3043.017733,79,89,0.17,10,0.017,40
3043.003028,55,73,0.63,18,0.035,40
3043.003028,54,74,0.7,20,0.035,40
3042.544902,57,93,0.89,36,0.024722222,40
3042.310528,72,91,0.33,19,0.017368421,40
3042.286902,56,92,0.98,36,0.027222222,40
3041.274922,72,96,0.39,24,0.01625,40
3041.03772,54,81,0.86,27,0.031851852,40
3040.927538,61,86,0.69,25,0.0276,40
3040.817922,56,82,0.79,26,0.030384615,40
3040.67624,78,87,0.16,9,0.017777778,40
3040.207341,56,81,0.72,25,0.0288,40
3040.190564,51,80,0.88,29,0.030344828,40
3039.80589,71,96,0.45,25,0.018,40
3039.59917,57,91,0.92,34,0.027058824,40
3039.098775,58,88,0.78,30,0.026,40
3039.098775,56,90,0.89,34,0.026176471,40
3038.834103,59,80,0.59,21,0.028095238,40
3038.611083,57,88,0.84,31,0.027096774,40
3038.4622,63,75,0.36,12,0.03,40
3038.056375,56,82,0.8,26,0.030769231,40
3037.604302,69,74,0.14,5,0.028,40
3036.929411,55,80,0.8,25,0.032,40
3036.909338,58,85,0.78,27,0.028888889,40
3036.656718,59,84,0.72,25,0.0288,40
3036.43146,59,90,0.78,31,0.02516129,40
3036.290337,63,83,0.56,20,0.028,40
3036.290337,60,86,0.73,26,0.028076923,40
3036.277744,35,53,0.7,18,0.038888889,40
3035.944053,72,96,0.41,24,0.017083333,40
3035.944053,70,98,0.48,28,0.017142857,40
3034.929716,79,89,0.16,10,0.016,40
3034.514593,50,81,0.96,31,0.030967742,40
3034.207735,73,95,0.38,22,0.017272727,40
3034.207735,71,97,0.45,26,0.017307692,40
3034.175105,59,85,0.74,26,0.028461538,40
3033.804557,52,86,0.92,34,0.027058824,40
3033.559265,60,78,0.5,18,0.027777778,40
3033.260058,33,56,0.88,23,0.03826087,40
3032.445616,63,79,0.47,16,0.029375,40
3032.445616,59,84,0.73,25,0.0292,40
3032.445616,58,85,0.79,27,0.029259259,40
3031.750237,39,50,0.41,11,0.037272727,40
3031.201182,37,51,0.54,14,0.038571429,40
3030.643128,38,49,0.43,11,0.039090909,40
3030.441306,56,89,0.94,33,0.028484848,40
3030.340142,58,89,0.86,31,0.027741935,40
3029.701393,55,90,0.99,35,0.028285714,40
3029.400964,61,78,0.51,17,0.03,40
3029.400964,60,79,0.57,19,0.03,40
3029.273227,66,78,0.32,12,0.026666667,40
3029.273227,63,81,0.48,18,0.026666667,40
3029.273227,61,84,0.61,23,0.026521739,40
3029.149087,57,80,0.71,23,0.030869565,40
3028.789723,64,78,0.41,14,0.029285714,40
3028.697145,60,74,0.45,14,0.032142857,40
3028.171155,56,91,0.98,35,0.028,40
3028.107658,62,82,0.56,20,0.028,40
3028.026277,76,89,0.23,13,0.017692308,40
3027.861984,59,79,0.56,20,0.028,40
3027.738517,59,86,0.72,27,0.026666667,40
3027.738517,57,89,0.85,32,0.0265625,40
3027.738517,56,90,0.9,34,0.026470588,40
3027.640485,60,84,0.61,24,0.025416667,40
3027.499639,57,82,0.75,25,0.03,40
3027.49657,58,81,0.69,23,0.03,40
3027.176388,57,91,0.94,34,0.027647059,40
3027.005776,56,88,0.93,32,0.0290625,40
3026.96141,56,81,0.77,25,0.0308,40
3026.944425,52,88,0.96,36,0.026666667,40
3026.886313,55,82,0.83,27,0.030740741,40
3026.886313,54,83,0.89,29,0.030689655,40
3026.858483,55,83,0.85,28,0.030357143,40
3026.683397,53,85,0.87,32,0.0271875,40
3026.683397,52,87,0.94,35,0.026857143,40
3026.657443,60,79,0.52,19,0.027368421,40
3026.336413,64,74,0.3,10,0.03,40
3026.044722,66,77,0.32,11,0.029090909,40
3025.72746,60,91,0.63,31,0.020322581,40
3025.637996,77,89,0.21,12,0.0175,40
3024.807096,65,75,0.27,10,0.027,40
3024.528053,66,79,0.37,13,0.028461538,40
3024.431801,76,90,0.23,14,0.016428571,40
3023.950031,60,87,0.74,27,0.027407407,40
3023.950031,58,90,0.87,32,0.0271875,40
3023.790263,55,89,0.99,34,0.029117647,40
3023.628335,55,82,0.73,27,0.027037037,40
3023.243451,58,69,0.39,11,0.035454545,40
3022.562553,59,88,0.81,29,0.027931034,40
3022.562553,58,89,0.87,31,0.028064516,40
3022.338433,58,86,0.81,28,0.028928571,40
3022.186775,40,49,0.35,9,0.038888889,40
3021.963229,73,93,0.33,20,0.0165,40
3021.894599,54,86,0.96,32,0.03,40
3021.302251,35,53,0.72,18,0.04,40
3021.030866,39,50,0.42,11,0.038181818,40
3020.294376,52,79,0.82,27,0.03037037,40
3020.289381,81,88,0.11,7,0.015714286,40
3020.24774,74,92,0.33,18,0.018333333,40
3020.106155,52,90,0.99,38,0.026052632,40
3019.91482,63,86,0.49,23,0.021304348,40
3019.91482,61,89,0.59,28,0.021071429,40
3019.91482,60,89,0.62,29,0.02137931,40
3018.959333,76,89,0.22,13,0.016923077,40
3018.741589,56,71,0.53,15,0.035333333,40
3018.257656,70,92,0.39,22,0.017727273,40
3017.928183,56,90,0.91,34,0.026764706,40
3017.342632,54,91,0.95,37,0.025675676,40
3017.109151,63,77,0.38,14,0.027142857,40
3016.793101,60,87,0.75,27,0.027777778,40
3016.6247,57,91,0.93,34,0.027352941,40
3016.305414,53,82,0.93,29,0.032068966,40
3016.242763,57,88,0.87,31,0.028064516,40
3016.135489,56,89,0.95,33,0.028787879,40
3015.749256,65,73,0.23,8,0.02875,40
3015.374839,56,80,0.75,24,0.03125,40
3015.374839,54,83,0.9,29,0.031034483,40
3015.204066,55,83,0.87,28,0.031071429,40
3014.887552,56,75,0.57,19,0.03,40
3014.565963,41,46,0.19,5,0.038,40
3014.357508,65,78,0.38,13,0.029230769,40
3013.486292,68,76,0.21,8,0.02625,40
3013.486292,65,79,0.37,14,0.026428571,40
3013.486292,61,84,0.6,23,0.026086957,40
3013.486292,59,86,0.71,27,0.026296296,40
3012.455427,39,49,0.37,10,0.037,40
3012.204471,53,84,0.96,31,0.030967742,40
3011.980359,53,85,0.97,32,0.0303125,40
3011.949609,54,85,0.93,31,0.03,40
3011.949609,53,86,0.99,33,0.03,40
3011.777908,70,97,0.48,27,0.017777778,40
3011.73262,55,76,0.63,21,0.03,40
3011.680894,43,44,0.04,1,0.04,40
3011.405376,37,51,0.52,14,0.037142857,40
3011.280635,73,94,0.37,21,0.017619048,40
3011.223519,60,76,0.5,16,0.03125,40
3011.223519,58,79,0.65,21,0.030952381,40
3011.089569,58,86,0.8,28,0.028571429,40
3011.086516,57,87,0.86,30,0.028666667,40
3010.851753,61,85,0.68,24,0.028333333,40
3010.837056,74,88,0.25,14,0.017857143,40
3010.621043,38,51,0.5,13,0.038461538,40
3010.415982,56,77,0.6,21,0.028571429,40
3010.415982,55,78,0.66,23,0.028695652,40
3009.967809,57,90,0.93,33,0.028181818,40
3009.967809,56,91,0.99,35,0.028285714,40
3009.937063,59,80,0.63,21,0.03,40
3009.548976,57,92,0.93,35,0.026571429,40
3008.839375,56,74,0.55,18,0.030555556,40
3008.839375,55,75,0.61,20,0.0305,40
3008.746481,68,97,0.5,29,0.017241379,40
3008.746201,70,95,0.43,25,0.0172,40
3008.57457,63,76,0.39,13,0.03,40
3008.557989,75,91,0.29,16,0.018125,40
3008.452617,78,88,0.18,10,0.018,40
3008.423968,34,54,0.8,20,0.04,40
3008.321182,62,77,0.45,15,0.03,40
3007.160741,75,91,0.28,16,0.0175,40
3007.081679,57,70,0.46,13,0.035384615,40
3006.65954,60,83,0.67,23,0.029130435,40
3006.65954,57,87,0.87,30,0.029,40
3006.648871,73,93,0.35,20,0.0175,40
3006.275697,51,87,0.99,36,0.0275,40
3006.171745,43,62,0.66,19,0.034736842,40
3006.149133,60,91,0.64,31,0.020645161,40
3006.089406,39,67,0.95,28,0.033928571,40
3005.542078,54,92,0.98,38,0.025789474,40
3005.151759,64,70,0.18,6,0.03,40
3005.151759,63,71,0.24,8,0.03,40
3005.151759,62,72,0.3,10,0.03,40
3005.151759,61,73,0.36,12,0.03,40
3005.103573,54,79,0.72,25,0.0288,40
3004.960388,50,74,0.88,24,0.036666667,40
3004.419344,50,80,0.94,30,0.031333333,40
3004.400831,76,90,0.25,14,0.017857143,40
3004.264728,61,77,0.46,16,0.02875,40
3003.798238,51,81,0.9,30,0.03,40
3003.785182,53,78,0.76,25,0.0304,40
3003.582339,60,78,0.52,18,0.028888889,40
3003.467139,37,50,0.5,13,0.038461538,40
3002.218724,55,91,0.96,36,0.026666667,40
3001.746607,54,79,0.73,25,0.0292,40
3001.746607,53,80,0.79,27,0.029259259,40
3001.599163,75,93,0.29,18,0.016111111,40
3001.564334,54,85,0.87,31,0.028064516,40
3000.997733,57,79,0.64,22,0.029090909,40
3000.997733,56,80,0.7,24,0.029166667,40
3000.997733,55,82,0.78,27,0.028888889,40
3000.903546,75,93,0.31,18,0.017222222,40
3000.858284,61,90,0.59,29,0.020344828,40
3000.613726,55,79,0.68,24,0.028333333,40
3000.591448,56,76,0.59,20,0.0295,40
3000.309051,54,77,0.69,23,0.03,40
2999.958172,40,66,0.9,26,0.034615385,40
2999.927872,60,76,0.46,16,0.02875,40
2999.926257,54,84,0.91,30,0.030333333,40
2999.923849,56,92,0.99,36,0.0275,40
2999.891303,73,92,0.34,19,0.017894737,40
2999.594042,54,91,0.99,37,0.026756757,40
2999.22134,65,80,0.43,15,0.028666667,40
2999.22134,60,86,0.74,26,0.028461538,40
2999.140765,42,63,0.73,21,0.034761905,40
2999.140765,41,64,0.8,23,0.034782609,40
2998.833736,52,80,0.84,28,0.03,40
2998.565272,52,83,0.98,31,0.031612903,40
2998.48265,58,79,0.6,21,0.028571429,40
2998.48265,57,80,0.66,23,0.028695652,40
2998.285412,50,77,0.97,27,0.035925926,40
2998.196737,63,74,0.34,11,0.030909091,40
2997.951852,36,52,0.62,16,0.03875,40
2997.412082,52,79,0.83,27,0.030740741,40
2997.412082,51,80,0.89,29,0.030689655,40
2997.386465,59,79,0.61,20,0.0305,40
2997.377301,53,87,0.9,34,0.026470588,40
2997.264149,54,84,0.81,30,0.027,40
2997.173335,42,64,0.75,22,0.034090909,40
2996.772632,52,80,0.83,28,0.029642857,40
2996.283465,38,51,0.49,13,0.037692308,40
2995.887963,60,75,0.44,15,0.029333333,40
2995.622904,59,77,0.52,18,0.028888889,40
2995.511883,67,71,0.11,4,0.0275,40
2995.511883,65,73,0.22,8,0.0275,40
2995.511883,63,75,0.33,12,0.0275,40
2994.954108,55,77,0.65,22,0.029545455,40
2994.952575,53,86,0.88,33,0.026666667,40
2994.573421,69,99,0.53,30,0.017666667,40
2993.70434,56,76,0.58,20,0.029,40
2993.70434,55,77,0.64,22,0.029090909,40
2993.496824,41,64,0.81,23,0.035217391,40
2993.124019,59,76,0.54,17,0.031764706,40
2992.373786,58,78,0.55,20,0.0275,40
2992.293187,55,84,0.78,29,0.026896552,40
2992.135216,42,45,0.12,3,0.04,40
2992.135216,41,46,0.2,5,0.04,40
2992.135216,40,47,0.28,7,0.04,40
2992.035052,59,78,0.52,19,0.027368421,40
2991.574375,51,88,0.99,37,0.026756757,40
2991.43297,54,85,0.83,31,0.026774194,40
2991.395423,62,70,0.23,8,0.02875,40
2991.318077,53,89,0.97,36,0.026944444,40
2991.161345,52,86,0.99,34,0.029117647,40
2991.030169,50,82,0.97,32,0.0303125,40
2990.966094,54,83,0.8,29,0.027586207,40
2990.907702,40,65,0.88,25,0.0352,40
2990.893431,43,46,0.11,3,0.036666667,40
2990.693459,76,93,0.29,17,0.017058824,40
2990.069426,66,78,0.35,12,0.029166667,40
2989.723693,60,79,0.51,19,0.026842105,40
2989.723693,58,81,0.62,23,0.026956522,40
2989.723693,57,83,0.69,26,0.026538462,40
2989.684525,58,92,0.84,34,0.024705882,40
2989.077429,56,95,0.98,39,0.025128205,40
2989.05932,71,96,0.44,25,0.0176,40
2988.995649,57,89,0.92,32,0.02875,40
2988.70534,55,85,0.9,30,0.03,40
2988.620563,71,97,0.46,26,0.017692308,40
2988.33203,52,85,0.92,33,0.027878788,40
2988.273519,54,83,0.91,29,0.03137931,40
2988.243003,56,81,0.78,25,0.0312,40
2987.946313,53,78,0.75,25,0.03,40
2987.062508,54,78,0.71,24,0.029583333,40
2987.062508,53,79,0.77,26,0.029615385,40
2987.062508,52,81,0.85,29,0.029310345,40
2987.062508,51,82,0.91,31,0.029354839,40
2986.87947,54,86,0.85,32,0.0265625,40
2986.607872,70,91,0.38,21,0.018095238,40
2986.212894,41,65,0.81,24,0.03375,40
2986.018717,60,74,0.42,14,0.03,40
2985.77909,65,72,0.19,7,0.027142857,40
2985.397652,55,85,0.8,30,0.026666667,40
2985.130352,57,71,0.49,14,0.035,40
2985.130352,56,72,0.56,16,0.035,40
2984.898972,54,88,0.91,34,0.026764706,40
2984.410307,52,77,0.79,25,0.0316,40
2983.951637,74,96,0.37,22,0.016818182,40
2983.951637,72,98,0.44,26,0.016923077,40
2983.215008,64,74,0.27,10,0.027,40
2982.722418,78,89,0.18,11,0.016363636,40
2982.048034,53,85,0.99,32,0.0309375,40
2981.945501,62,77,0.42,15,0.028,40
2981.596584,66,70,0.11,4,0.0275,40
2981.596584,64,72,0.22,8,0.0275,40
2981.563335,71,96,0.43,25,0.0172,40
2980.992371,55,78,0.67,23,0.029130435,40
2980.95268,60,84,0.69,24,0.02875,40
2980.276172,58,79,0.57,21,0.027142857,40
2980.276172,56,82,0.7,26,0.026923077,40
2980.20973,57,81,0.65,24,0.027083333,40
2979.819021,57,93,0.91,36,0.025277778,40
2978.761283,79,87,0.13,8,0.01625,40
2978.721373,72,94,0.39,22,0.017727273,40
2978.592688,54,72,0.65,18,0.036111111,40
2978.540521,67,99,0.55,32,0.0171875,40
2978.407076,53,84,0.91,31,0.029354839,40
2978.397202,56,83,0.75,27,0.027777778,40
2978.397202,55,84,0.81,29,0.027931034,40
2977.950996,74,93,0.31,19,0.016315789,40
