% profit,ema1,ema2,threshold,diff,thresh / diff,ID
3945.222034,34,60,0.84,26,0.032307692,8
3924.07569,35,58,0.75,23,0.032608696,8
3899.105897,38,51,0.45,13,0.034615385,8
3845.054718,38,54,0.53,16,0.033125,8
3782.268379,42,47,0.17,5,0.034,8
3772.217577,40,51,0.37,11,0.033636364,8
3769.608015,41,50,0.3,9,0.033333333,8
3745.442182,36,56,0.66,20,0.033,8
3719.069555,34,59,0.82,25,0.0328,8
3715.440058,35,57,0.73,22,0.033181818,8
3713.3944,43,45,0.07,2,0.035,8
3713.3944,42,46,0.14,4,0.035,8
3691.153434,41,49,0.27,8,0.03375,8
3688.110152,37,54,0.57,17,0.033529412,8
3682.478878,39,50,0.38,11,0.034545455,8
3662.870718,40,49,0.31,9,0.034444444,8
3630.775301,41,48,0.24,7,0.034285714,8
3616.117948,41,47,0.21,6,0.035,8
3602.174806,40,50,0.34,10,0.034,8
3598.60194,37,55,0.6,18,0.033333333,8
3584.662158,36,53,0.58,17,0.034117647,8
3575.3219,44,47,0.1,3,0.033333333,8
3538.020415,38,53,0.5,15,0.033333333,8
3533.182197,36,55,0.64,19,0.033684211,8
3526.710284,37,56,0.62,19,0.032631579,8
3524.164873,37,52,0.51,15,0.034,8
3512.616343,36,57,0.69,21,0.032857143,8
3478.829766,36,58,0.71,22,0.032272727,8
3475.08494,35,58,0.76,23,0.033043478,8
3472.879766,31,59,0.95,28,0.033928571,8
3454.809851,34,58,0.81,24,0.03375,8
3448.377431,32,58,0.89,26,0.034230769,8
3445.495681,38,49,0.4,11,0.036363636,8
3436.040825,36,54,0.62,18,0.034444444,8
3418.990603,41,51,0.33,10,0.033,8
3414.385486,36,52,0.58,16,0.03625,8
3401.107453,36,54,0.61,18,0.033888889,8
3399.427875,37,54,0.58,17,0.034117647,8
3398.172248,36,53,0.6,17,0.035294118,8
3397.776278,33,62,0.93,29,0.032068966,8
3377.623624,32,63,0.99,31,0.031935484,8
3370.640165,32,58,0.88,26,0.033846154,8
3369.753676,33,61,0.92,28,0.032857143,8
3365.867865,35,57,0.74,22,0.033636364,8
3362.555548,33,57,0.82,24,0.034166667,8
3357.567254,36,56,0.67,20,0.0335,8
3355.126195,38,50,0.43,12,0.035833333,8
3350.592461,39,49,0.36,10,0.036,8
3343.300657,38,54,0.52,16,0.0325,8
3342.768064,37,52,0.53,15,0.035333333,8
3341.168736,39,51,0.41,12,0.034166667,8
3336.349039,34,60,0.85,26,0.032692308,8
3335.382247,36,57,0.68,21,0.032380952,8
3334.059008,39,54,0.49,15,0.032666667,8
3331.624884,39,52,0.44,13,0.033846154,8
3330.611873,33,56,0.81,23,0.035217391,8
3320.741826,41,46,0.18,5,0.036,8
3318.803777,35,55,0.68,20,0.034,8
3318.180282,41,52,0.36,11,0.032727273,8
3312.557773,34,56,0.75,22,0.034090909,8
3309.88621,36,55,0.65,19,0.034210526,8
3308.416191,38,49,0.39,11,0.035454545,8
3307.237693,33,57,0.81,24,0.03375,8
3302.114698,43,48,0.17,5,0.034,8
3301.425836,31,59,0.97,28,0.034642857,8
3295.971114,33,59,0.86,26,0.033076923,8
3295.658574,37,53,0.55,16,0.034375,8
3292.342472,39,48,0.32,9,0.035555556,8
3286.543461,34,56,0.74,22,0.033636364,8
3284.676249,37,55,0.59,18,0.032777778,8
3280.181449,34,54,0.7,20,0.035,8
3278.970975,31,59,0.96,28,0.034285714,8
3277.660499,33,60,0.88,27,0.032592593,8
3277.483769,34,57,0.79,23,0.034347826,8
3274.299043,43,50,0.25,7,0.035714286,8
3271.523057,36,52,0.55,16,0.034375,8
3264.311378,32,57,0.92,25,0.0368,8
3259.47077,41,45,0.15,4,0.0375,8
3258.975964,32,61,0.95,29,0.032758621,8
3252.09265,36,53,0.59,17,0.034705882,8
3250.465713,33,56,0.79,23,0.034347826,8
3246.61795,33,60,0.9,27,0.033333333,8
3244.492519,34,56,0.77,22,0.035,8
3241.734205,35,54,0.65,19,0.034210526,8
3241.610756,34,57,0.77,23,0.033478261,8
3238.817236,34,58,0.8,24,0.033333333,8
3237.682168,34,55,0.74,21,0.035238095,8
3235.723736,37,52,0.52,15,0.034666667,8
3227.787648,37,49,0.45,12,0.0375,8
3227.365772,35,53,0.62,18,0.034444444,8
3225.331564,42,49,0.23,7,0.032857143,8
3224.084602,43,50,0.23,7,0.032857143,8
3223.278833,32,62,0.97,30,0.032333333,8
3221.100433,38,53,0.51,15,0.034,8
3218.451837,39,52,0.43,13,0.033076923,8
3217.461156,31,58,0.97,27,0.035925926,8
3215.22398,34,54,0.69,20,0.0345,8
3215.041396,32,57,0.86,25,0.0344,8
3212.35748,35,53,0.63,18,0.035,8
3206.953534,32,56,0.9,24,0.0375,8
3204.956527,40,51,0.36,11,0.032727273,8
3201.967197,33,55,0.78,22,0.035454545,8
3195.344038,34,54,0.74,20,0.037,8
3194.661884,37,51,0.49,14,0.035,8
3194.428071,39,55,0.57,16,0.035625,8
3191.021908,37,51,0.48,14,0.034285714,8
3189.849605,39,50,0.39,11,0.035454545,8
3188.532505,37,53,0.54,16,0.03375,8
3187.025752,34,55,0.72,21,0.034285714,8
3185.875059,40,47,0.25,7,0.035714286,8
3181.931826,32,60,0.93,28,0.033214286,8
3181.86579,42,48,0.2,6,0.033333333,8
3180.518933,32,57,0.89,25,0.0356,8
3180.450559,31,59,0.98,28,0.035,8
3177.983145,34,59,0.83,25,0.0332,8
3174.851788,34,61,0.85,27,0.031481481,8
3172.909043,35,54,0.66,19,0.034736842,8
3172.080073,33,55,0.82,22,0.037272727,8
3167.927178,35,55,0.7,20,0.035,8
3166.828824,36,52,0.56,16,0.035,8
3165.935155,35,59,0.77,24,0.032083333,8
3163.802129,35,53,0.64,18,0.035555556,8
3161.941748,38,51,0.46,13,0.035384615,8
3160.909347,40,48,0.28,8,0.035,8
3160.909347,39,49,0.35,10,0.035,8
3159.100038,34,55,0.73,21,0.034761905,8
3157.342587,32,59,0.91,27,0.033703704,8
3157.160516,35,56,0.72,21,0.034285714,8
3154.983507,37,50,0.46,13,0.035384615,8
3154.446787,38,52,0.47,14,0.033571429,8
3148.691895,36,56,0.68,20,0.034,8
3147.215737,33,58,0.84,25,0.0336,8
3143.518801,38,51,0.44,13,0.033846154,8
3140.130322,37,50,0.48,13,0.036923077,8
3140.008848,42,49,0.24,7,0.034285714,8
3137.201777,42,44,0.07,2,0.035,8
3137.201777,41,45,0.14,4,0.035,8
3135.892645,39,53,0.47,14,0.033571429,8
3133.491812,38,50,0.42,12,0.035,8
3132.014966,39,50,0.37,11,0.033636364,8
3128.3978,37,55,0.61,18,0.033888889,8
3127.145198,33,55,0.77,22,0.035,8
3126.444505,40,45,0.19,5,0.038,8
3121.446872,40,52,0.4,12,0.033333333,8
3120.668371,44,48,0.15,4,0.0375,8
3119.097445,31,60,0.98,29,0.033793103,8
3115.682945,54,79,0.73,25,0.0292,8
3114.420819,35,52,0.6,17,0.035294118,8
3112.844692,36,51,0.53,15,0.035333333,8
3112.636434,37,53,0.53,16,0.033125,8
3112.382464,34,59,0.84,25,0.0336,8
3112.320627,46,68,0.68,22,0.030909091,8
3111.616833,38,52,0.48,14,0.034285714,8
3110.943418,31,60,0.97,29,0.033448276,8
3109.537928,53,80,0.79,27,0.029259259,8
3108.049793,39,53,0.46,14,0.032857143,8
3107.210085,39,47,0.3,8,0.0375,8
3106.484357,32,59,0.95,27,0.035185185,8
3104.915795,41,44,0.11,3,0.036666667,8
3096.774211,33,56,0.78,23,0.033913043,8
3095.255502,33,62,0.91,29,0.03137931,8
3094.955883,36,54,0.6,18,0.033333333,8
3091.326799,40,49,0.3,9,0.033333333,8
3086.824903,34,58,0.79,24,0.032916667,8
3086.495361,42,50,0.3,8,0.0375,8
3086.426977,42,52,0.32,10,0.032,8
3086.408809,34,99,0.17,65,0.002615385,8
3086.03595,32,60,0.92,28,0.032857143,8
3085.273191,31,61,0.99,30,0.033,8
3084.645024,50,63,0.41,13,0.031538462,8
3083.888819,33,58,0.83,25,0.0332,8
3083.44352,32,59,0.9,27,0.033333333,8
3082.299293,58,77,0.52,19,0.027368421,8
3081.633722,38,54,0.54,16,0.03375,8
3079.909404,35,55,0.69,20,0.0345,8
3076.07223,64,71,0.19,7,0.027142857,8
3076.07223,62,73,0.3,11,0.027272727,8
3075.596229,55,82,0.72,27,0.026666667,8
3075.388602,60,75,0.41,15,0.027333333,8
3073.881002,33,57,0.85,24,0.035416667,8
3072.98842,53,86,0.87,33,0.026363636,8
3068.793248,33,58,0.87,25,0.0348,8
3068.762756,37,49,0.43,12,0.035833333,8
3068.613845,50,84,0.99,34,0.029117647,8
3068.520224,60,76,0.43,16,0.026875,8
3068.12153,46,69,0.7,23,0.030434783,8
3067.590686,32,58,0.9,26,0.034615385,8
3067.503687,40,52,0.39,12,0.0325,8
3066.941887,33,62,0.92,29,0.031724138,8
3066.19108,35,54,0.68,19,0.035789474,8
3064.970926,53,60,0.22,7,0.031428571,8
3060.856831,55,83,0.74,28,0.026428571,8
3060.856831,53,85,0.85,32,0.0265625,8
3060.458991,36,52,0.59,16,0.036875,8
3059.884356,57,79,0.59,22,0.026818182,8
3058.469513,35,56,0.7,21,0.033333333,8
3056.882004,38,48,0.36,10,0.036,8
3050.680453,33,56,0.82,23,0.035652174,8
3050.297951,40,54,0.45,14,0.032142857,8
3047.353528,51,88,0.97,37,0.026216216,8
3043.492095,37,51,0.5,14,0.035714286,8
3043.35849,39,47,0.29,8,0.03625,8
3043.01584,51,89,0.99,38,0.026052632,8
3042.731061,37,51,0.51,14,0.036428571,8
3042.70782,34,54,0.71,20,0.0355,8
3042.679982,54,83,0.78,29,0.026896552,8
3042.63557,33,56,0.84,23,0.036521739,8
3042.285883,34,54,0.75,20,0.0375,8
3041.831691,34,55,0.75,21,0.035714286,8
3038.192089,36,96,0.16,60,0.002666667,8
3037.353349,56,80,0.65,24,0.027083333,8
3036.840106,36,58,0.7,22,0.031818182,8
3036.808158,51,87,0.96,36,0.026666667,8
3036.508477,33,57,0.83,24,0.034583333,8
3034.589518,35,57,0.75,22,0.034090909,8
3034.193637,38,49,0.38,11,0.034545455,8
3034.193637,37,50,0.45,13,0.034615385,8
3033.850513,35,53,0.66,18,0.036666667,8
3031.938593,35,98,0.16,63,0.002539683,8
3031.657186,33,61,0.93,28,0.033214286,8
3030.908617,34,58,0.82,24,0.034166667,8
3030.498486,58,82,0.66,24,0.0275,8
3030.382005,37,50,0.47,13,0.036153846,8
3030.259525,52,87,0.92,35,0.026285714,8
3029.330059,56,81,0.67,25,0.0268,8
3028.87927,33,63,0.94,30,0.031333333,8
3028.249715,59,78,0.51,19,0.026842105,8
3026.916795,38,50,0.44,12,0.036666667,8
3026.491192,58,78,0.54,20,0.027,8
3024.721424,34,57,0.78,23,0.033913043,8
3024.043276,32,62,0.98,30,0.032666667,8
3023.701415,43,51,0.24,8,0.03,8
3023.60441,43,49,0.2,6,0.033333333,8
3023.483178,53,84,0.83,31,0.026774194,8
3022.196351,52,86,0.9,34,0.026470588,8
3021.508878,54,84,0.8,30,0.026666667,8
3020.720048,44,46,0.07,2,0.035,8
3020.56343,45,70,0.76,25,0.0304,8
3019.273486,35,60,0.79,25,0.0316,8
3018.738483,63,73,0.27,10,0.027,8
3018.738483,61,76,0.4,15,0.026666667,8
3016.198739,33,61,0.91,28,0.0325,8
3015.890766,34,60,0.83,26,0.031923077,8
3015.458343,60,80,0.55,20,0.0275,8
3013.323772,32,61,0.98,29,0.033793103,8
3012.923101,54,82,0.76,28,0.027142857,8
3009.634597,32,57,0.9,25,0.036,8
3009.315693,34,53,0.68,19,0.035789474,8
3008.527095,32,60,0.97,28,0.034642857,8
3007.020141,33,60,0.89,27,0.032962963,8
3006.677072,55,86,0.84,31,0.027096774,8
3004.382483,40,48,0.29,8,0.03625,8
3003.555985,36,51,0.52,15,0.034666667,8
3002.107935,52,89,0.96,37,0.025945946,8
3001.648479,35,60,0.8,25,0.032,8
3001.557909,58,83,0.68,25,0.0272,8
3001.557909,57,84,0.73,27,0.027037037,8
3000.492496,31,58,0.98,27,0.036296296,8
3000.319246,32,61,0.96,29,0.033103448,8
3000.056434,36,50,0.5,14,0.035714286,8
2999.678323,36,54,0.63,18,0.035,8
2995.080394,54,83,0.77,29,0.026551724,8
2994.900767,41,50,0.31,9,0.034444444,8
2993.146126,54,87,0.89,33,0.026969697,8
2992.329072,34,99,0.18,65,0.002769231,8
2991.763753,34,55,0.76,21,0.036190476,8
2991.37496,64,73,0.24,9,0.026666667,8
2990.872184,32,58,0.91,26,0.035,8
2990.466079,40,52,0.46,12,0.038333333,8
2989.940866,33,59,0.89,26,0.034230769,8
2986.988309,53,89,0.95,36,0.026388889,8
2984.269426,37,57,0.64,20,0.032,8
2983.920349,47,68,0.64,21,0.03047619,8
2982.798496,36,51,0.54,15,0.036,8
2982.75721,56,85,0.79,29,0.027241379,8
2982.733443,41,51,0.38,10,0.038,8
2982.517886,40,54,0.5,14,0.035714286,8
2982.507604,57,72,0.51,15,0.034,8
2980.675216,52,85,0.93,33,0.028181818,8
2980.371068,53,88,0.95,35,0.027142857,8
2975.33322,31,58,0.96,27,0.035555556,8
2974.367451,34,56,0.78,22,0.035454545,8
2973.310013,39,53,0.45,14,0.032142857,8
2973.215769,33,56,0.85,23,0.036956522,8
2972.047879,34,56,0.73,22,0.033181818,8
2971.739187,35,54,0.67,19,0.035263158,8
2970.909114,35,59,0.78,24,0.0325,8
2970.557176,53,77,0.81,24,0.03375,8
2970.129768,34,53,0.67,19,0.035263158,8
2969.652199,58,70,0.41,12,0.034166667,8
2969.642742,58,79,0.56,21,0.026666667,8
2968.981159,53,87,0.89,34,0.026176471,8
2968.380063,37,56,0.61,19,0.032105263,8
2967.287857,35,99,0.16,64,0.0025,8
2967.223541,34,98,0.18,64,0.0028125,8
2965.719781,35,61,0.81,26,0.031153846,8
2965.092784,55,87,0.86,32,0.026875,8
2964.914547,39,48,0.33,9,0.036666667,8
2964.85319,59,79,0.53,20,0.0265,8
2964.708332,55,85,0.83,30,0.027666667,8
2963.290903,56,82,0.69,26,0.026538462,8
2962.993792,50,64,0.43,14,0.030714286,8
2962.849023,31,60,0.99,29,0.034137931,8
2962.725154,61,72,0.32,11,0.029090909,8
2961.99871,55,85,0.78,30,0.026,8
2961.682596,47,67,0.62,20,0.031,8
2957.915819,55,84,0.76,29,0.026206897,8
2956.394682,53,87,0.95,34,0.027941176,8
2956.301811,51,86,0.99,35,0.028285714,8
2955.727239,35,53,0.67,18,0.037222222,8
2955.487716,59,70,0.37,11,0.033636364,8
2953.617959,32,60,0.95,28,0.033928571,8
2953.438886,56,83,0.71,27,0.026296296,8
2953.41845,55,80,0.72,25,0.0288,8
2953.057215,38,55,0.56,17,0.032941176,8
2952.963214,34,56,0.76,22,0.034545455,8
2952.811071,52,85,0.88,33,0.026666667,8
2952.736952,52,83,0.9,31,0.029032258,8
2952.651407,54,87,0.91,33,0.027575758,8
2952.397979,57,83,0.72,26,0.027692308,8
2952.397979,53,88,0.97,35,0.027714286,8
2952.283277,42,51,0.29,9,0.032222222,8
2952.053522,44,61,0.45,17,0.026470588,8
2951.603171,33,56,0.8,23,0.034782609,8
2951.485186,61,73,0.34,12,0.028333333,8
2951.265793,33,58,0.85,25,0.034,8
2951.171346,62,72,0.28,10,0.028,8
2951.171346,59,76,0.47,17,0.027647059,8
2950.525394,33,55,0.83,22,0.037727273,8
2949.483872,38,55,0.55,17,0.032352941,8
2948.294319,60,74,0.4,14,0.028571429,8
2947.224932,56,80,0.66,24,0.0275,8
2947.148601,32,57,0.88,25,0.0352,8
2946.758851,35,58,0.77,23,0.033478261,8
2946.067289,33,54,0.75,21,0.035714286,8
2945.689451,54,85,0.88,31,0.028387097,8
2945.476747,56,78,0.64,22,0.029090909,8
2945.476747,55,79,0.7,24,0.029166667,8
2945.476747,54,81,0.78,27,0.028888889,8
2945.307479,46,48,0.06,2,0.03,8
2945.196123,45,61,0.42,16,0.02625,8
2945.091904,46,50,0.13,4,0.0325,8
2944.658061,53,86,0.94,33,0.028484848,8
2942.167184,34,61,0.86,27,0.031851852,8
2941.714464,57,78,0.59,21,0.028095238,8
2941.673985,57,79,0.6,22,0.027272727,8
2941.27156,51,87,0.95,36,0.026388889,8
2940.763229,35,54,0.69,19,0.036315789,8
2940.227255,57,77,0.57,20,0.0285,8
2939.83621,56,78,0.63,22,0.028636364,8
2939.313208,58,71,0.44,13,0.033846154,8
2939.224137,54,90,0.91,36,0.025277778,8
2938.737041,58,83,0.67,25,0.0268,8
2938.737041,56,85,0.78,29,0.026896552,8
2938.737041,54,88,0.91,34,0.026764706,8
2938.064818,41,52,0.41,11,0.037272727,8
2938.059948,41,53,0.39,12,0.0325,8
2937.9674,52,88,0.94,36,0.026111111,8
2937.435567,48,67,0.58,19,0.030526316,8
2937.052663,31,58,0.95,27,0.035185185,8
2936.593022,51,84,0.95,33,0.028787879,8
2936.406424,34,53,0.69,19,0.036315789,8
2936.375965,54,87,0.9,33,0.027272727,8
2936.375965,53,88,0.96,35,0.027428571,8
2935.901892,58,77,0.53,19,0.027894737,8
2935.901892,55,81,0.72,26,0.027692308,8
2934.956322,57,84,0.74,27,0.027407407,8
2934.956322,54,88,0.93,34,0.027352941,8
2934.956322,53,89,0.99,36,0.0275,8
2934.853912,44,48,0.13,4,0.0325,8
2934.704362,56,85,0.8,29,0.027586207,8
2934.669461,58,76,0.51,18,0.028333333,8
2933.519467,59,76,0.48,17,0.028235294,8
2933.34862,55,86,0.85,31,0.027419355,8
2933.34862,54,88,0.92,34,0.027058824,8
2933.34862,53,89,0.98,36,0.027222222,8
2933.225637,42,50,0.26,8,0.0325,8
2932.968282,35,52,0.61,17,0.035882353,8
2932.687541,55,87,0.85,32,0.0265625,8
2932.666226,54,80,0.74,26,0.028461538,8
2932.641907,34,62,0.89,28,0.031785714,8
2931.233257,53,89,0.96,36,0.026666667,8
2930.314207,53,83,0.86,30,0.028666667,8
2930.314207,52,84,0.92,32,0.02875,8
2929.081827,55,87,0.82,32,0.025625,8
2928.989329,33,56,0.83,23,0.036086957,8
2928.211039,56,86,0.79,30,0.026333333,8
2928.211039,55,87,0.84,32,0.02625,8
2928.211039,54,88,0.9,34,0.026470588,8
2927.885308,57,73,0.54,16,0.03375,8
2927.015995,54,80,0.76,26,0.029230769,8
2927.015995,53,82,0.84,29,0.028965517,8
2926.753039,39,46,0.26,7,0.037142857,8
2926.526366,55,80,0.71,25,0.0284,8
2925.88723,42,51,0.33,9,0.036666667,8
2924.305523,36,50,0.51,14,0.036428571,8
2923.314727,51,85,0.97,34,0.028529412,8
2923.207241,33,60,0.92,27,0.034074074,8
2923.087463,53,87,0.96,34,0.028235294,8
2922.998367,41,51,0.34,10,0.034,8
2922.969771,37,49,0.44,12,0.036666667,8
2922.915869,56,74,0.6,18,0.033333333,8
2922.899095,59,75,0.46,16,0.02875,8
2922.424272,53,90,0.96,37,0.025945946,8
2922.047346,59,69,0.34,10,0.034,8
2922.047346,55,74,0.64,19,0.033684211,8
2921.810416,38,55,0.57,17,0.033529412,8
2920.87429,38,56,0.64,18,0.035555556,8
2919.96803,42,52,0.3,10,0.03,8
2917.228871,55,75,0.67,20,0.0335,8
2917.029231,35,55,0.67,20,0.0335,8
2916.57098,54,80,0.75,26,0.028846154,8
2916.57098,53,81,0.81,28,0.028928571,8
2916.561078,33,61,0.9,28,0.032142857,8
2916.509419,62,71,0.26,9,0.028888889,8
2916.509419,57,76,0.55,19,0.028947368,8
2916.509419,56,77,0.61,21,0.029047619,8
2916.246068,54,86,0.9,32,0.028125,8
2916.186663,33,64,0.96,31,0.030967742,8
2915.982594,35,97,0.17,62,0.002741935,8
2915.979789,42,45,0.11,3,0.036666667,8
2915.681273,54,81,0.77,27,0.028518519,8
2915.681273,53,82,0.83,29,0.02862069,8
2915.681273,52,83,0.89,31,0.028709677,8
2914.551916,56,79,0.64,23,0.027826087,8
2914.285462,55,79,0.69,24,0.02875,8
2914.037179,54,83,0.79,29,0.027241379,8
2913.960797,56,84,0.78,28,0.027857143,8
2913.960797,55,85,0.84,30,0.028,8
2913.414296,44,52,0.26,8,0.0325,8
2913.240252,60,70,0.33,10,0.033,8
2912.859728,31,59,0.99,28,0.035357143,8
2912.35193,43,72,0.89,29,0.030689655,8
2911.985178,54,86,0.89,32,0.0278125,8
2911.970227,34,58,0.83,24,0.034583333,8
2911.854187,32,57,0.87,25,0.0348,8
2911.626255,36,53,0.61,17,0.035882353,8
2911.506904,55,82,0.73,27,0.027037037,8
2911.477517,40,49,0.32,9,0.035555556,8
2910.955801,55,86,0.86,31,0.027741935,8
2910.400637,55,81,0.73,26,0.028076923,8
2909.713245,52,82,0.87,30,0.029,8
2909.426405,32,60,0.94,28,0.033571429,8
2909.132481,53,88,0.98,35,0.028,8
2908.663714,55,78,0.67,23,0.029130435,8
2908.552017,51,86,0.94,35,0.026857143,8
2908.282703,52,87,0.93,35,0.026571429,8
2907.729066,63,66,0.1,3,0.033333333,8
2907.729066,60,69,0.3,9,0.033333333,8
2907.426391,48,58,0.26,10,0.026,8
2907.346608,57,73,0.53,16,0.033125,8
2906.421374,53,91,0.96,38,0.025263158,8
2906.392059,32,56,0.85,24,0.035416667,8
2906.242791,31,58,0.93,27,0.034444444,8
2906.137747,53,83,0.85,30,0.028333333,8
2906.132298,54,88,0.94,34,0.027647059,8
2905.531519,54,76,0.74,22,0.033636364,8
2905.444305,45,49,0.12,4,0.03,8
2905.0646,33,57,0.8,24,0.033333333,8
2904.447099,54,75,0.71,21,0.033809524,8
2904.08637,49,65,0.5,16,0.03125,8
2903.80951,51,84,0.96,33,0.029090909,8
2903.581669,59,75,0.45,16,0.028125,8
2903.5814,51,88,0.98,37,0.026486486,8
2902.928587,62,67,0.17,5,0.034,8
2902.631833,33,60,0.91,27,0.033703704,8
2902.233019,53,82,0.82,29,0.028275862,8
2902.070638,60,68,0.27,8,0.03375,8
2901.983777,52,83,0.88,31,0.028387097,8
2901.959474,44,50,0.18,6,0.03,8
2901.914255,32,63,0.98,31,0.031612903,8
2901.400801,55,80,0.7,25,0.028,8
2900.378466,49,64,0.48,15,0.032,8
2899.465722,54,81,0.76,27,0.028148148,8
2899.465722,54,82,0.78,28,0.027857143,8
2899.329274,54,87,0.92,33,0.027878788,8
2898.639931,32,59,0.92,27,0.034074074,8
2898.435145,37,54,0.59,17,0.034705882,8
2898.211592,54,83,0.8,29,0.027586207,8
2897.685435,53,89,0.97,36,0.026944444,8
2897.326442,57,78,0.58,21,0.027619048,8
2895.763125,31,58,0.94,27,0.034814815,8
2895.365714,52,84,0.91,32,0.0284375,8
2894.240108,52,86,0.92,34,0.027058824,8
2894.240108,51,88,0.99,37,0.026756757,8
2894.112535,39,55,0.51,16,0.031875,8
2893.883549,36,52,0.57,16,0.035625,8
2893.791407,52,86,0.91,34,0.026764706,8
2893.360321,44,62,0.47,18,0.026111111,8
2892.668109,36,58,0.82,22,0.037272727,8
2892.268026,40,50,0.35,10,0.035,8
2892.091706,47,66,0.61,19,0.032105263,8
2892.091036,51,83,0.93,32,0.0290625,8
2891.953774,42,50,0.27,8,0.03375,8
2891.680308,40,51,0.42,11,0.038181818,8
2890.68031,55,84,0.82,29,0.028275862,8
2889.757854,34,60,0.86,26,0.033076923,8
2889.657204,64,70,0.17,6,0.028333333,8
2889.300432,47,58,0.29,11,0.026363636,8
2889.290951,53,85,0.86,32,0.026875,8
2889.270807,60,76,0.44,16,0.0275,8
2889.214707,60,79,0.5,19,0.026315789,8
2888.645722,39,51,0.42,12,0.035,8
2888.252096,48,66,0.56,18,0.031111111,8
2887.140373,38,56,0.66,18,0.036666667,8
2886.345948,56,79,0.65,23,0.02826087,8
2885.878354,33,63,0.95,30,0.031666667,8
2885.483269,61,74,0.36,13,0.027692308,8
2885.155584,39,55,0.52,16,0.0325,8
2884.158917,34,55,0.77,21,0.036666667,8
2883.878909,41,50,0.34,9,0.037777778,8
2883.802378,33,59,0.88,26,0.033846154,8
2883.558453,58,78,0.55,20,0.0275,8
2883.323674,57,79,0.61,22,0.027727273,8
2882.909133,52,61,0.28,9,0.031111111,8
2882.485818,40,51,0.44,11,0.04,8
2882.210959,34,62,0.98,28,0.035,8
2881.973506,55,86,0.8,31,0.025806452,8
2881.89874,35,55,0.66,20,0.033,8
2881.585757,54,83,0.81,29,0.027931034,8
2881.585757,53,84,0.87,31,0.028064516,8
2881.376535,58,72,0.47,14,0.033571429,8
2881.184626,34,99,0.19,65,0.002923077,8
2880.351831,42,53,0.37,11,0.033636364,8
2879.539786,61,75,0.38,14,0.027142857,8
2879.539786,59,77,0.49,18,0.027222222,8
2879.516276,37,51,0.52,14,0.037142857,8
2878.494279,37,57,0.74,20,0.037,8
2877.95518,52,86,0.95,34,0.027941176,8
2877.44011,36,64,0.95,28,0.033928571,8
2876.87078,53,84,0.86,31,0.027741935,8
2876.751143,56,84,0.73,28,0.026071429,8
2876.000988,45,48,0.1,3,0.033333333,8
2874.901612,35,99,0.17,64,0.00265625,8
2874.74959,33,55,0.79,22,0.035909091,8
2873.990854,51,85,0.98,34,0.028823529,8
2873.745593,39,58,0.66,19,0.034736842,8
2873.005471,49,55,0.16,6,0.026666667,8
2872.945213,53,84,0.85,31,0.027419355,8
2872.434164,53,81,0.8,28,0.028571429,8
2872.221241,43,47,0.14,4,0.035,8
2872.221241,42,48,0.21,6,0.035,8
2871.633146,53,83,0.83,30,0.027666667,8
2870.794481,54,82,0.79,28,0.028214286,8
2870.750686,36,57,0.7,21,0.033333333,8
2869.717259,52,84,0.89,32,0.0278125,8
2869.395724,35,58,0.9,23,0.039130435,8
2868.862852,32,61,0.99,29,0.034137931,8
2868.475568,52,86,0.93,34,0.027352941,8
2868.378492,36,59,0.81,23,0.035217391,8
2867.484629,43,52,0.3,9,0.033333333,8
2866.253553,8,28,0.38,20,0.019,8
2865.444297,53,83,0.82,30,0.027333333,8
2865.291769,62,68,0.2,6,0.033333333,8
2865.291769,59,71,0.4,12,0.033333333,8
2863.974279,54,81,0.75,27,0.027777778,8
2863.532558,51,86,0.96,35,0.027428571,8
2863.449697,38,57,0.67,19,0.035263158,8
2863.191062,34,57,0.8,23,0.034782609,8
2863.183318,32,62,0.99,30,0.033,8
2863.048106,56,80,0.67,24,0.027916667,8
2863.005057,38,54,0.62,16,0.03875,8
2862.859098,51,62,0.35,11,0.031818182,8
2862.141418,33,59,0.9,26,0.034615385,8
2861.450187,38,59,0.73,21,0.034761905,8
2860.615367,33,61,0.94,28,0.033571429,8
2860.542894,54,82,0.77,28,0.0275,8
2859.873366,52,82,0.86,30,0.028666667,8
2859.758109,41,49,0.28,8,0.035,8
2859.540865,52,85,0.9,33,0.027272727,8
2858.43279,42,47,0.18,5,0.036,8
2858.393119,52,85,0.89,33,0.026969697,8
2858.187561,60,75,0.42,15,0.028,8
2858.090137,62,74,0.33,12,0.0275,8
2858.077473,53,82,0.81,29,0.027931034,8
2857.76655,53,85,0.87,32,0.0271875,8
2857.766155,38,56,0.59,18,0.032777778,8
2857.563512,55,82,0.74,27,0.027407407,8
2857.559656,58,79,0.57,21,0.027142857,8
2857.559656,56,81,0.68,25,0.0272,8
2857.185908,32,56,0.84,24,0.035,8
2856.926596,52,84,0.88,32,0.0275,8
2856.704158,38,53,0.52,15,0.034666667,8
2856.359184,54,89,0.9,35,0.025714286,8
2855.688262,40,51,0.38,11,0.034545455,8
2854.966063,58,76,0.52,18,0.028888889,8
2854.649062,55,81,0.71,26,0.027307692,8
2854.649062,53,84,0.84,31,0.027096774,8
2854.649062,51,86,0.95,35,0.027142857,8
2854.021836,55,82,0.75,27,0.027777778,8
2853.906039,38,56,0.58,18,0.032222222,8
2853.857502,54,85,0.84,31,0.027096774,8
2853.297994,63,72,0.25,9,0.027777778,8
2853.229162,34,59,0.8,25,0.032,8
2853.084013,53,83,0.84,30,0.028,8
2852.952758,37,53,0.56,16,0.035,8
2852.315909,37,62,0.85,25,0.034,8
2851.730645,56,85,0.75,29,0.025862069,8
2851.691924,59,78,0.52,19,0.027368421,8
2851.240386,55,88,0.85,33,0.025757576,8
2851.077441,52,84,0.9,32,0.028125,8
2851.077441,51,85,0.96,34,0.028235294,8
2850.818353,33,58,0.86,25,0.0344,8
2850.488945,57,80,0.62,23,0.026956522,8
2849.711343,52,85,0.91,33,0.027575758,8
2849.148748,39,48,0.31,9,0.034444444,8
2849.094727,56,82,0.71,26,0.027307692,8
2848.579265,51,85,0.95,34,0.027941176,8
2847.438299,40,53,0.42,13,0.032307692,8
2847.0389,51,87,0.98,36,0.027222222,8
2846.962913,53,85,0.89,32,0.0278125,8
2846.496032,33,57,0.84,24,0.035,8
2846.023372,33,59,0.87,26,0.033461538,8
2845.868455,54,89,0.94,35,0.026857143,8
2845.368133,36,63,0.93,27,0.034444444,8
2845.327872,56,79,0.66,23,0.028695652,8
2844.669084,60,73,0.38,13,0.029230769,8
2844.422625,35,98,0.17,63,0.002698413,8
2843.929275,56,86,0.81,30,0.027,8
2843.287683,57,85,0.74,28,0.026428571,8
2843.087117,57,80,0.63,23,0.027391304,8
2843.087117,56,81,0.69,25,0.0276,8
2842.820903,39,57,0.63,18,0.035,8
2842.798725,51,87,0.97,36,0.026944444,8
2842.247935,35,59,0.79,24,0.032916667,8
2842.184754,60,78,0.48,18,0.026666667,8
2841.609183,33,61,0.89,28,0.031785714,8
2841.583709,46,71,0.71,25,0.0284,8
2841.370374,56,86,0.8,30,0.026666667,8
2841.370374,53,90,0.98,37,0.026486486,8
2841.010429,43,74,0.93,31,0.03,8
2840.812127,35,56,0.71,21,0.033809524,8
2840.458796,40,54,0.46,14,0.032857143,8
2839.500231,41,56,0.52,15,0.034666667,8
2838.964959,35,97,0.18,62,0.002903226,8
2838.943143,54,89,0.91,35,0.026,8
2838.943143,53,90,0.97,37,0.026216216,8
2838.653767,52,62,0.31,10,0.031,8
2838.6316,34,98,0.17,64,0.00265625,8
2838.625576,54,86,0.84,32,0.02625,8
2838.460705,34,97,0.2,63,0.003174603,8
2838.409261,36,58,0.69,22,0.031363636,8
2838.082826,59,77,0.5,18,0.027777778,8
2837.667305,57,77,0.58,20,0.029,8
2837.259811,55,84,0.78,29,0.026896552,8
2836.997767,39,56,0.51,17,0.03,8
2836.468649,35,56,0.69,21,0.032857143,8
2836.417039,31,58,0.99,27,0.036666667,8
2836.367252,58,80,0.59,22,0.026818182,8
2836.048564,56,86,0.82,30,0.027333333,8
2835.664883,35,60,0.89,25,0.0356,8
2835.204806,36,96,0.15,60,0.0025,8
2834.192099,62,75,0.35,13,0.026923077,8
2834.192099,60,77,0.46,17,0.027058824,8
2834.063212,51,84,0.94,33,0.028484848,8
2833.074871,54,84,0.81,30,0.027,8
2831.963689,34,54,0.72,20,0.036,8
2831.691589,35,97,0.16,62,0.002580645,8
2830.682232,54,84,0.83,30,0.027666667,8
2830.537485,51,63,0.37,12,0.030833333,8
2829.859454,53,61,0.25,8,0.03125,8
2829.785483,55,87,0.87,32,0.0271875,8
2829.4884,39,54,0.57,15,0.038,8
2829.003855,38,57,0.6,19,0.031578947,8
2828.723123,55,83,0.75,28,0.026785714,8
2828.560622,40,56,0.56,16,0.035,8
2828.214258,64,75,0.31,11,0.028181818,8
2828.214258,61,78,0.48,17,0.028235294,8
2828.208241,37,60,0.81,23,0.035217391,8
2828.103522,55,83,0.77,28,0.0275,8
2827.973502,37,52,0.54,15,0.036,8
2826.899452,52,87,0.94,35,0.026857143,8
2826.613257,32,57,0.91,25,0.0364,8
2826.133311,62,73,0.31,11,0.028181818,8
2825.884476,50,85,0.99,35,0.028285714,8
2825.55301,35,98,0.15,63,0.002380952,8
2824.852527,33,62,0.94,29,0.032413793,8
2824.777101,47,67,0.63,20,0.0315,8
2824.561378,53,86,0.9,33,0.027272727,8
2824.17472,32,56,0.86,24,0.035833333,8
2823.808369,51,85,0.94,34,0.027647059,8
2823.699859,32,61,0.93,29,0.032068966,8
2823.664184,35,96,0.17,61,0.002786885,8
2823.305426,55,87,0.88,32,0.0275,8
2823.037398,45,71,0.79,26,0.030384615,8
2822.219785,53,92,0.98,39,0.025128205,8
2822.087435,33,59,0.91,26,0.035,8
2821.518849,36,64,0.96,28,0.034285714,8
2821.009158,41,48,0.25,7,0.035714286,8
2820.753079,38,52,0.49,14,0.035,8
2820.111735,52,83,0.87,31,0.028064516,8
2819.966522,59,81,0.61,22,0.027727273,8
2819.966522,58,83,0.69,25,0.0276,8
2819.616884,51,84,0.93,33,0.028181818,8
2819.535925,39,54,0.56,15,0.037333333,8
2818.900463,34,98,0.19,64,0.00296875,8
2818.749915,53,87,0.9,34,0.026470588,8
2817.885838,45,68,0.56,23,0.024347826,8
2817.342801,46,67,0.51,21,0.024285714,8
2817.218233,44,72,0.85,28,0.030357143,8
2816.669496,39,53,0.54,14,0.038571429,8
2816.640117,49,66,0.52,17,0.030588235,8
2816.554605,53,85,0.88,32,0.0275,8
2816.029675,34,61,0.87,27,0.032222222,8
2815.851741,38,91,0.06,53,0.001132075,8
2815.805974,39,54,0.5,15,0.033333333,8
2815.408063,35,56,0.75,21,0.035714286,8
2814.697224,60,80,0.56,20,0.028,8
2814.615285,58,81,0.65,23,0.02826087,8
2814.254244,54,84,0.82,30,0.027333333,8
2813.977624,56,85,0.82,29,0.028275862,8
2813.628281,57,82,0.71,25,0.0284,8
2813.400265,36,55,0.67,19,0.035263158,8
2813.004399,57,82,0.66,25,0.0264,8
2812.598257,42,51,0.3,9,0.033333333,8
2812.089967,34,96,0.22,62,0.003548387,8
2811.973064,52,85,0.92,33,0.027878788,8
2811.973064,51,87,0.99,36,0.0275,8
2811.709338,57,83,0.73,26,0.028076923,8
2811.477943,56,80,0.68,24,0.028333333,8
2811.457069,57,81,0.65,24,0.027083333,8
2811.080202,35,99,0.14,64,0.0021875,8
2810.875377,36,51,0.56,15,0.037333333,8
2810.75847,35,99,0.15,64,0.00234375,8
2810.087673,40,53,0.43,13,0.033076923,8
2809.613116,36,55,0.66,19,0.034736842,8
2809.50327,58,82,0.67,24,0.027916667,8
2809.317395,53,90,0.99,37,0.026756757,8
2808.905622,54,89,0.95,35,0.027142857,8
2808.892037,38,47,0.33,9,0.036666667,8
2808.811312,51,86,0.98,35,0.028,8
2808.452564,55,83,0.76,28,0.027142857,8
2807.833441,40,53,0.48,13,0.036923077,8
2807.833113,52,88,0.95,36,0.026388889,8
2807.743777,44,62,0.06,18,0.003333333,8
2807.340343,53,86,0.88,33,0.026666667,8
2807.244595,56,82,0.7,26,0.026923077,8
2806.904998,32,61,0.97,29,0.033448276,8
2806.519241,32,57,0.93,25,0.0372,8
2806.101665,36,57,0.81,21,0.038571429,8
2806.101665,35,58,0.89,23,0.038695652,8
2805.898387,8,28,0.37,20,0.0185,8
2805.323868,35,57,0.76,22,0.034545455,8
2804.181962,60,75,0.43,15,0.028666667,8
2804.099002,51,86,0.97,35,0.027714286,8
2803.938158,34,99,0.16,65,0.002461538,8
2803.66233,38,55,0.63,17,0.037058824,8
2803.400659,32,62,0.95,30,0.031666667,8
2803.026777,54,85,0.82,31,0.026451613,8
2802.650482,34,59,0.99,25,0.0396,8
2802.534822,57,81,0.64,24,0.026666667,8
2802.534822,55,84,0.77,29,0.026551724,8
2802.378138,52,88,0.96,36,0.026666667,8
2802.033561,38,47,0.34,9,0.037777778,8
2801.981596,64,71,0.2,7,0.028571429,8
2801.981596,55,81,0.74,26,0.028461538,8
2801.649779,41,53,0.37,12,0.030833333,8
2801.529167,43,67,0.61,24,0.025416667,8
2801.150803,40,50,0.32,10,0.032,8
2800.705123,62,72,0.29,10,0.029,8
2800.705123,61,73,0.35,12,0.029166667,8
2800.012893,40,72,0.86,32,0.026875,8
2799.532399,32,55,0.83,23,0.036086957,8
2799.132899,46,49,0.1,3,0.033333333,8
2798.544112,63,72,0.26,9,0.028888889,8
2798.538649,34,57,0.76,23,0.033043478,8
2798.382333,36,94,0.17,58,0.002931034,8
2798.268493,57,84,0.75,27,0.027777778,8
2798.009754,35,51,0.58,16,0.03625,8
2797.925326,36,63,0.92,27,0.034074074,8
2796.054329,33,60,0.87,27,0.032222222,8
2796.020929,46,58,0.32,12,0.026666667,8
2795.615116,38,55,0.64,17,0.037647059,8
2794.654492,61,74,0.37,13,0.028461538,8
2794.654492,58,77,0.54,19,0.028421053,8
2794.426275,45,70,0.77,25,0.0308,8
2794.20577,40,67,0.09,27,0.003333333,8
2793.847078,41,52,0.4,11,0.036363636,8
2793.666822,54,83,0.82,29,0.028275862,8
2793.434544,38,48,0.37,10,0.037,8
2793.073207,53,91,0.97,38,0.025526316,8
2792.883125,36,49,0.48,13,0.036923077,8
2792.660594,54,82,0.8,28,0.028571429,8
2792.583189,41,47,0.22,6,0.036666667,8
2792.583189,38,51,0.47,13,0.036153846,8
2792.485072,35,57,0.72,22,0.032727273,8
2792.201256,40,53,0.49,13,0.037692308,8
2792.035342,50,57,0.18,7,0.025714286,8
2791.611501,52,87,0.96,35,0.027428571,8
2791.511545,63,71,0.23,8,0.02875,8
2791.511545,57,78,0.6,21,0.028571429,8
2791.039008,34,52,0.66,18,0.036666667,8
2791.01102,35,96,0.18,61,0.00295082,8
2790.613349,57,84,0.76,27,0.028148148,8
2790.531366,35,57,0.77,22,0.035,8
2790.227879,35,59,0.9,24,0.0375,8
2789.455352,32,62,0.96,30,0.032,8
2789.282723,65,70,0.14,5,0.028,8
2789.24456,40,46,0.22,6,0.036666667,8
2789.052054,34,58,0.78,24,0.0325,8
2788.519711,56,83,0.72,27,0.026666667,8
2788.489755,35,58,0.74,23,0.032173913,8
2788.065214,45,69,0.76,24,0.031666667,8
2788.063986,54,90,0.92,36,0.025555556,8
2787.979504,56,76,0.6,20,0.03,8
2787.979504,55,77,0.66,22,0.03,8
2787.767348,48,65,0.54,17,0.031764706,8
2787.74689,36,59,0.71,23,0.030869565,8
2787.629064,34,96,0.21,62,0.003387097,8
2787.628448,52,86,0.94,34,0.027647059,8
2787.581181,54,85,0.83,31,0.026774194,8
2787.467808,52,87,0.95,35,0.027142857,8
2787.371408,42,73,0.96,31,0.030967742,8
2787.177249,46,68,0.69,22,0.031363636,8
2785.951623,37,56,0.73,19,0.038421053,8
2785.577062,35,52,0.62,17,0.036470588,8
2785.493972,60,76,0.45,16,0.028125,8
2785.493972,57,79,0.62,22,0.028181818,8
2785.473598,47,59,0.04,12,0.003333333,8
2784.478416,53,90,0.95,37,0.025675676,8
2783.457491,63,73,0.28,10,0.028,8
2783.359423,34,53,0.75,19,0.039473684,8
2782.153624,34,58,0.84,24,0.035,8
2782.049597,32,59,0.93,27,0.034444444,8
2781.892282,54,89,0.89,35,0.025428571,8
2781.802779,37,56,0.63,19,0.033157895,8
2780.370112,38,52,0.5,14,0.035714286,8
2780.302224,33,57,0.86,24,0.035833333,8
2780.281525,54,89,0.92,35,0.026285714,8
2780.281525,53,91,0.99,38,0.026052632,8
2780.126293,55,82,0.76,27,0.028148148,8
2780.052673,71,83,0.23,12,0.019166667,8
2780.03186,32,59,0.97,27,0.035925926,8
2780.019031,73,82,0.17,9,0.018888889,8
2779.908449,8,28,0.36,20,0.018,8
2779.482089,39,55,0.53,16,0.033125,8
2779.435299,33,55,0.76,22,0.034545455,8
2778.641187,36,53,0.57,17,0.033529412,8
2778.49909,53,85,0.9,32,0.028125,8
2778.405259,55,88,0.87,33,0.026363636,8
2778.222541,38,50,0.41,12,0.034166667,8
2777.072993,53,86,0.89,33,0.026969697,8
2777.063873,41,54,0.46,13,0.035384615,8
2776.641602,42,50,0.31,8,0.03875,8
2776.250568,32,60,0.96,28,0.034285714,8
2776.126296,53,84,0.88,31,0.028387097,8
2776.029987,55,88,0.86,33,0.026060606,8
2775.782513,61,69,0.27,8,0.03375,8
2775.696906,37,54,0.6,17,0.035294118,8
2775.363502,37,57,0.6,20,0.03,8
2775.167672,39,49,0.34,10,0.034,8
2775.03162,59,76,0.49,17,0.028823529,8
2775.03162,58,77,0.55,19,0.028947368,8
2774.654445,42,54,0.42,12,0.035,8
2773.569935,36,50,0.52,14,0.037142857,8
2773.159409,43,65,0.57,22,0.025909091,8
2773.134975,33,59,0.92,26,0.035384615,8
2772.599962,32,61,0.94,29,0.032413793,8
2772.248877,45,69,0.77,24,0.032083333,8
2771.831803,33,55,0.8,22,0.036363636,8
2771.461691,57,79,0.63,22,0.028636364,8
2771.281429,36,95,0.16,59,0.002711864,8
2769.805802,62,74,0.34,12,0.028333333,8
2769.805802,59,77,0.51,18,0.028333333,8
2769.805802,58,78,0.57,20,0.0285,8
2769.568103,35,52,0.59,17,0.034705882,8
2769.107067,36,56,0.69,20,0.0345,8
2768.983155,57,83,0.74,26,0.028461538,8
2768.921947,44,71,0.83,27,0.030740741,8
2768.908971,45,62,0.44,17,0.025882353,8
2768.413564,40,48,0.27,8,0.03375,8
2768.312267,31,56,0.91,25,0.0364,8
2767.801306,33,60,0.93,27,0.034444444,8
2767.780016,51,82,0.92,31,0.029677419,8
2767.507188,53,91,0.98,38,0.025789474,8
2766.856179,36,58,0.72,22,0.032727273,8
2766.727421,32,58,0.87,26,0.033461538,8
2766.241939,40,55,0.53,15,0.035333333,8
2765.715292,39,52,0.45,13,0.034615385,8
2764.957533,40,57,0.59,17,0.034705882,8
2764.915949,37,57,0.66,20,0.033,8
2764.572752,36,96,0.13,60,0.002166667,8
2764.492132,70,86,0.3,16,0.01875,8
2764.041341,37,56,0.72,19,0.037894737,8
2763.013966,34,99,0.2,65,0.003076923,8
2762.957694,37,57,0.76,20,0.038,8
2762.933481,56,81,0.7,25,0.028,8
2762.479534,36,50,0.53,14,0.037857143,8
2762.449919,51,54,0.08,3,0.026666667,8
2762.27371,36,56,0.65,20,0.0325,8
2762.173574,53,80,0.8,27,0.02962963,8
2761.843925,43,68,0.79,25,0.0316,8
2761.509902,36,58,0.85,22,0.038636364,8
2760.960575,32,58,0.95,26,0.036538462,8
2760.381707,38,56,0.65,18,0.036111111,8
2759.79054,38,59,0.74,21,0.035238095,8
2759.580565,63,76,0.37,13,0.028461538,8
2758.880663,36,57,0.8,21,0.038095238,8
2758.815066,37,57,0.65,20,0.0325,8
2758.699125,54,89,0.93,35,0.026571429,8
2757.975044,37,57,0.73,20,0.0365,8
2757.81236,33,54,0.76,21,0.036190476,8
2757.481585,53,78,0.84,25,0.0336,8
2757.375165,43,46,0.12,3,0.04,8
2756.916116,41,51,0.39,10,0.039,8
2756.793718,34,59,0.81,25,0.0324,8
2756.175518,36,62,0.89,26,0.034230769,8
2756.159452,37,57,0.75,20,0.0375,8
2756.022387,40,52,0.37,12,0.030833333,8
2755.716584,33,63,0.96,30,0.032,8
2755.396284,33,59,0.84,26,0.032307692,8
2755.339519,52,81,0.86,29,0.029655172,8
2755.279978,48,66,0.57,18,0.031666667,8
2755.267577,44,69,0.61,25,0.0244,8
2755.101879,54,59,0.16,5,0.032,8
2754.931627,53,89,0.93,36,0.025833333,8
2754.660298,54,88,0.88,34,0.025882353,8
2754.616908,54,88,0.95,34,0.027941176,8
2754.039107,41,52,0.37,11,0.033636364,8
2753.966352,56,81,0.71,25,0.0284,8
2753.638368,42,55,0.45,13,0.034615385,8
2753.3867,46,67,0.67,21,0.031904762,8
2753.374168,66,70,0.11,4,0.0275,8
2753.374168,64,72,0.22,8,0.0275,8
2752.439459,38,57,0.59,19,0.031052632,8
2751.805873,58,78,0.56,20,0.028,8
2751.532904,41,49,0.31,8,0.03875,8
2751.270112,33,59,0.85,26,0.032692308,8
2751.226893,59,78,0.53,19,0.027894737,8
2751.0817,41,66,0.08,25,0.0032,8
2750.913445,54,78,0.72,24,0.03,8
2750.793107,55,85,0.8,30,0.026666667,8
2750.695819,52,90,0.98,38,0.025789474,8
2750.451954,43,53,0.35,10,0.035,8
2750.329363,61,77,0.43,16,0.026875,8
2749.721773,55,86,0.88,31,0.028387097,8
2748.441601,39,90,0.03,51,0.000588235,8
2748.431237,54,77,0.77,23,0.033478261,8
2748.118849,46,48,0.07,2,0.035,8
2748.118849,45,49,0.14,4,0.035,8
2748.118849,44,50,0.21,6,0.035,8
2747.624392,33,57,0.87,24,0.03625,8
2747.587467,30,57,0.99,27,0.036666667,8
2747.442332,34,57,0.81,23,0.035217391,8
2747.20245,58,79,0.58,21,0.027619048,8
2747.168019,32,55,0.84,23,0.036521739,8
2747.144312,34,52,0.68,18,0.037777778,8
2747.080603,37,48,0.42,11,0.038181818,8
2746.815142,35,56,0.74,21,0.035238095,8
2746.529673,58,82,0.68,24,0.028333333,8
2746.361902,57,78,0.61,21,0.029047619,8
2746.16948,34,59,0.85,25,0.034,8
2746.158016,53,79,0.86,26,0.033076923,8
2745.696966,61,75,0.39,14,0.027857143,8
2745.670159,53,89,0.94,36,0.026111111,8
2744.893957,55,82,0.77,27,0.028518519,8
2744.658654,59,79,0.54,20,0.027,8
2744.045125,34,53,0.76,19,0.04,8
2743.94545,43,46,0.11,3,0.036666667,8
2743.46556,63,75,0.32,12,0.026666667,8
2743.242821,36,55,0.68,19,0.035789474,8
2741.312416,46,67,0.48,21,0.022857143,8
2741.063709,34,62,0.88,28,0.031428571,8
2740.942948,41,50,0.36,9,0.04,8
2740.698611,53,88,0.91,35,0.026,8
2740.682303,36,59,0.82,23,0.035652174,8
2740.28115,45,51,0.21,6,0.035,8
2738.737983,42,75,0.99,33,0.03,8
2738.635924,35,52,0.67,17,0.039411765,8
2737.342983,32,57,0.85,25,0.034,8
2737.328878,37,54,0.7,17,0.041176471,8
2736.403456,36,58,0.73,22,0.033181818,8
2735.89165,33,58,0.88,25,0.0352,8
2735.743664,39,51,0.4,12,0.033333333,8
2735.615933,46,68,0.7,22,0.031818182,8
2735.572195,37,53,0.58,16,0.03625,8
2735.482283,39,54,0.47,15,0.031333333,8
2735.482283,37,57,0.62,20,0.031,8
2735.358532,41,70,0.79,29,0.027241379,8
2735.23899,31,57,0.93,26,0.035769231,8
2734.856977,55,86,0.81,31,0.026129032,8
2734.856977,53,88,0.92,35,0.026285714,8
2734.617389,73,84,0.2,11,0.018181818,8
2734.066695,53,57,0.11,4,0.0275,8
2734.066695,51,59,0.22,8,0.0275,8
2733.555317,47,66,0.43,19,0.022631579,8
2733.546504,39,55,0.5,16,0.03125,8
2733.182027,39,49,0.37,10,0.037,8
2733.038302,33,60,0.94,27,0.034814815,8
2732.794796,40,47,0.24,7,0.034285714,8
2732.666694,51,80,0.91,29,0.03137931,8
2732.364227,52,86,0.96,34,0.028235294,8
2732.285882,54,87,0.87,33,0.026363636,8
2731.83111,32,59,0.96,27,0.035555556,8
2730.746498,44,65,0.54,21,0.025714286,8
2729.798506,35,95,0.19,60,0.003166667,8
2729.777994,43,67,0.66,24,0.0275,8
2729.728915,44,52,0.28,8,0.035,8
2729.662938,44,58,0.39,14,0.027857143,8
2729.492254,71,85,0.26,14,0.018571429,8
2729.057042,50,83,0.99,33,0.03,8
2728.759364,34,97,0.18,63,0.002857143,8
2728.451143,36,61,0.87,25,0.0348,8
2727.961476,37,63,0.88,26,0.033846154,8
2727.872645,38,52,0.51,14,0.036428571,8
2727.627387,37,52,0.55,15,0.036666667,8
2727.42527,35,96,0.19,61,0.003114754,8
2727.422706,37,62,0.86,25,0.0344,8
2727.380692,38,57,0.61,19,0.032105263,8
2727.356945,56,75,0.58,19,0.030526316,8
2726.985413,38,55,0.61,17,0.035882353,8
2726.97574,37,94,0.15,57,0.002631579,8
2726.554271,43,49,0.23,6,0.038333333,8
2726.313799,65,72,0.19,7,0.027142857,8
2726.267598,54,85,0.86,31,0.027741935,8
2725.869283,48,91,0.93,43,0.021627907,8
2725.823486,46,64,0.45,18,0.025,8
2725.352981,45,47,0.07,2,0.035,8
2725.237765,52,90,0.99,38,0.026052632,8
2725.154799,38,58,0.59,20,0.0295,8
2725.114743,61,66,0.17,5,0.034,8
2725.092644,52,88,0.97,36,0.026944444,8
2725.00007,34,97,0.21,63,0.003333333,8
2724.952311,43,49,0.19,6,0.031666667,8
2724.915315,56,84,0.74,28,0.026428571,8
2724.915315,52,89,0.97,37,0.026216216,8
2724.724088,56,75,0.63,19,0.033157895,8
2724.645577,63,76,0.36,13,0.027692308,8
2724.633516,42,50,0.28,8,0.035,8
2724.405883,54,86,0.91,32,0.0284375,8
2724.405883,53,87,0.97,34,0.028529412,8
2724.405883,53,88,0.99,35,0.028285714,8
2724.307304,38,60,0.76,22,0.034545455,8
2724.100969,46,61,0.39,15,0.026,8
2724.050942,41,52,0.34,11,0.030909091,8
2723.781226,39,53,0.55,14,0.039285714,8
2723.661833,58,81,0.61,23,0.026521739,8
2723.649039,41,55,0.49,14,0.035,8
2723.566743,44,62,0.48,18,0.026666667,8
2723.539323,39,56,0.54,17,0.031764706,8
2723.528563,33,54,0.77,21,0.036666667,8
2723.413795,50,81,0.97,31,0.031290323,8
2723.240472,44,67,0.58,23,0.025217391,8
2723.144348,43,63,0.07,20,0.0035,8
2723.084747,56,80,0.69,24,0.02875,8
2723.084747,55,81,0.75,26,0.028846154,8
2722.717883,59,81,0.62,22,0.028181818,8
2722.647618,35,64,0.99,29,0.034137931,8
2722.418181,32,58,0.94,26,0.036153846,8
2722.192511,36,59,0.74,23,0.032173913,8
2722.17315,33,53,0.74,20,0.037,8
2722.076967,44,48,0.14,4,0.035,8
2722.076967,43,49,0.21,6,0.035,8
2721.784361,57,84,0.7,27,0.025925926,8
2721.732235,52,89,0.99,37,0.026756757,8
2721.647043,35,96,0.16,61,0.002622951,8
2721.589878,54,87,0.93,33,0.028181818,8
2721.548319,59,72,0.43,13,0.033076923,8
2721.548319,55,77,0.72,22,0.032727273,8
2721.368361,46,60,0.05,14,0.003571429,8
2721.230801,60,67,0.24,7,0.034285714,8
2721.124574,37,56,0.65,19,0.034210526,8
2720.866023,35,51,0.6,16,0.0375,8
2720.729084,61,76,0.41,15,0.027333333,8
2720.729084,60,77,0.47,17,0.027647059,8
2720.257072,48,57,0.24,9,0.026666667,8
2720.246034,57,83,0.68,26,0.026153846,8
2720.246034,55,85,0.79,30,0.026333333,8
2720.14621,39,56,0.52,17,0.030588235,8
2720.143145,53,79,0.78,26,0.03,8
2718.960695,35,60,0.93,25,0.0372,8
2718.911521,41,46,0.17,5,0.034,8
2718.570577,45,61,0.06,16,0.00375,8
2718.186019,59,80,0.6,21,0.028571429,8
2717.931666,35,61,0.8,26,0.030769231,8
2717.153077,52,79,0.84,27,0.031111111,8
2717.153077,51,80,0.9,29,0.031034483,8
2716.779361,38,58,0.7,20,0.035,8
2716.779361,37,59,0.77,22,0.035,8
2716.700334,50,82,0.99,32,0.0309375,8
2716.511009,52,90,0.78,38,0.020526316,8
2716.424595,50,83,0.98,33,0.02969697,8
2716.354289,52,80,0.93,28,0.033214286,8
2716.146692,43,72,0.9,29,0.031034483,8
2716.066722,63,74,0.3,11,0.027272727,8
2716.027536,67,88,0.4,21,0.019047619,8
2715.444813,61,72,0.35,11,0.031818182,8
2715.376215,60,79,0.54,19,0.028421053,8
2714.635174,54,86,0.85,32,0.0265625,8
2714.635174,53,87,0.91,34,0.026764706,8
2714.573118,48,62,0.35,14,0.025,8
2714.224845,40,54,0.43,14,0.030714286,8
2714.087058,35,50,0.56,15,0.037333333,8
2714.062766,52,88,0.98,36,0.027222222,8
2713.690202,36,94,0.18,58,0.003103448,8
2713.164047,56,83,0.77,27,0.028518519,8
2713.096095,55,85,0.82,30,0.027333333,8
2712.728483,62,69,0.23,7,0.032857143,8
2712.510619,35,54,0.64,19,0.033684211,8
2712.259375,41,65,0.09,24,0.00375,8
2712.13554,37,60,0.8,23,0.034782609,8
2711.888544,54,87,0.86,33,0.026060606,8
2711.628586,59,74,0.48,15,0.032,8
2711.616935,39,51,0.43,12,0.035833333,8
2711.55012,47,63,0.4,16,0.025,8
2711.098053,39,54,0.55,15,0.036666667,8
2711.002072,42,58,0.42,16,0.02625,8
2710.787354,55,83,0.78,28,0.027857143,8
2710.609591,54,78,0.79,24,0.032916667,8
2710.554005,54,84,0.84,30,0.028,8
2710.52689,36,96,0.17,60,0.002833333,8
2710.214305,46,50,0.14,4,0.035,8
2710.12291,38,55,0.65,17,0.038235294,8
2710.007936,39,55,0.49,16,0.030625,8
2709.921121,44,45,0.04,1,0.04,8
2709.779002,53,89,0.74,36,0.020555556,8
2709.643772,45,46,0.04,1,0.04,8
2709.643772,44,47,0.12,3,0.04,8
2709.643772,43,48,0.2,5,0.04,8
2709.643772,42,49,0.28,7,0.04,8
2709.608848,56,84,0.79,28,0.028214286,8
2709.533066,47,63,0.37,16,0.023125,8
2709.362084,47,61,0.36,14,0.025714286,8
2708.840734,45,68,0.53,23,0.023043478,8
2708.809325,45,60,0.4,15,0.026666667,8
2708.698756,73,80,0.13,7,0.018571429,8
2708.495436,51,61,0.23,10,0.023,8
2708.460546,53,88,0.93,35,0.026571429,8
2708.30076,36,62,0.91,26,0.035,8
2708.183322,38,57,0.58,19,0.030526316,8
2707.991368,37,61,0.83,24,0.034583333,8
2707.977768,43,68,0.63,25,0.0252,8
2707.666488,41,49,0.33,8,0.04125,8
2707.157672,52,60,0.18,8,0.0225,8
2707.06535,33,98,0.21,65,0.003230769,8
2706.877767,37,54,0.54,17,0.031764706,8
2706.807596,55,86,0.87,31,0.028064516,8
2706.715104,37,62,0.87,25,0.0348,8
2706.597541,56,83,0.75,27,0.027777778,8
2706.315874,70,84,0.26,14,0.018571429,8
2706.302276,35,55,0.71,20,0.0355,8
2706.081702,61,78,0.47,17,0.027647059,8
2705.923889,64,70,0.19,6,0.031666667,8
2705.847095,60,71,0.36,11,0.032727273,8
2705.364057,40,73,0.88,33,0.026666667,8
2705.359697,49,64,0.34,15,0.022666667,8
2705.220709,52,80,0.85,28,0.030357143,8
2705.220709,51,81,0.91,30,0.030333333,8
2705.196593,56,86,0.77,30,0.025666667,8
2704.843687,43,62,0.51,19,0.026842105,8
2704.792195,34,62,0.83,28,0.029642857,8
2704.720531,35,52,0.63,17,0.037058824,8
2704.681006,56,85,0.81,29,0.027931034,8
2704.627613,52,90,0.79,38,0.020789474,8
2704.560047,35,98,0.18,63,0.002857143,8
2704.534667,35,77,0.94,42,0.022380952,8
2703.838028,35,56,0.73,21,0.034761905,8
2703.720422,33,98,0.22,65,0.003384615,8
2703.479745,43,73,0.95,30,0.031666667,8
2703.118032,57,80,0.64,23,0.027826087,8
2702.976374,45,48,0.11,3,0.036666667,8
2702.79555,37,93,0.15,56,0.002678571,8
2702.778846,44,83,0.92,39,0.023589744,8
2702.552811,50,82,0.98,32,0.030625,8
2702.400738,35,63,0.98,28,0.035,8
2702.301275,55,85,0.85,30,0.028333333,8
2702.270361,52,85,0.95,33,0.028787879,8
2701.983064,54,86,0.88,32,0.0275,8
2701.802586,41,54,0.39,13,0.03,8
2701.716631,52,89,0.98,37,0.026486486,8
2701.628879,36,60,0.75,24,0.03125,8
2701.30799,39,52,0.53,13,0.040769231,8
2701.257975,61,76,0.42,15,0.028,8
2700.793348,34,58,0.85,24,0.035416667,8
2700.621134,37,61,0.84,24,0.035,8
2700.535738,23,96,0.68,73,0.009315068,8
2700.385246,33,99,0.2,66,0.003030303,8
2700.139549,55,84,0.8,29,0.027586207,8
2700.105767,37,58,0.64,21,0.03047619,8
2700.09599,57,74,0.56,17,0.032941176,8
2699.967972,36,61,0.88,25,0.0352,8
2699.756642,49,61,0.33,12,0.0275,8
2698.906976,35,72,0.9,37,0.024324324,8
2698.878676,64,68,0.13,4,0.0325,8
2698.878676,62,70,0.26,8,0.0325,8
2698.560959,45,72,0.81,27,0.03,8
2698.550318,44,73,0.87,29,0.03,8
2698.522641,50,82,0.97,32,0.0303125,8
2698.248153,43,74,0.94,31,0.030322581,8
2697.977172,34,97,0.19,63,0.003015873,8
2697.930063,50,62,0.28,12,0.023333333,8
2697.688854,37,59,0.78,22,0.035454545,8
2697.338909,34,63,0.88,29,0.030344828,8
2697.044461,43,52,0.31,9,0.034444444,8
2697.044461,42,53,0.38,11,0.034545455,8
2696.971024,55,76,0.7,21,0.033333333,8
2696.833528,48,65,0.39,17,0.022941176,8
2696.318929,32,58,0.92,26,0.035384615,8
2696.210497,53,79,0.79,26,0.030384615,8
2696.064125,52,85,0.94,33,0.028484848,8
2696.022594,40,58,0.62,18,0.034444444,8
2696.022594,39,59,0.69,20,0.0345,8
2695.888952,51,82,0.94,31,0.030322581,8
2695.878353,44,67,0.72,23,0.031304348,8
2695.564132,49,94,0.92,45,0.020444444,8
2695.469221,40,52,0.38,12,0.031666667,8
2695.112818,35,73,0.91,38,0.023947368,8
2695.093349,49,61,0.3,12,0.025,8
2694.839678,35,51,0.59,16,0.036875,8
2694.780809,48,90,0.92,42,0.021904762,8
2694.760364,40,52,0.47,12,0.039166667,8
2694.611818,42,64,0.08,22,0.003636364,8
2694.584025,46,62,0.41,16,0.025625,8
2694.572308,43,84,0.97,41,0.023658537,8
2694.383925,53,56,0.07,3,0.023333333,8
2694.364497,51,57,0.17,6,0.028333333,8
2694.2638,41,49,0.29,8,0.03625,8
2693.432457,38,49,0.41,11,0.037272727,8
2693.225558,31,57,0.91,26,0.035,8
2693.22216,39,47,0.32,8,0.04,8
2692.98316,39,56,0.6,17,0.035294118,8
2692.81632,74,82,0.15,8,0.01875,8
2692.675314,43,75,0.96,32,0.03,8
2692.400424,44,80,0.88,36,0.024444444,8
2692.355236,40,55,0.45,15,0.03,8
2692.121132,57,81,0.67,24,0.027916667,8
2692.04958,43,49,0.22,6,0.036666667,8
2691.727487,43,63,0.54,20,0.027,8
2691.392387,55,87,0.89,32,0.0278125,8
2691.374966,35,97,0.21,62,0.003387097,8
2691.260656,37,93,0.16,56,0.002857143,8
2691.062605,44,82,0.91,38,0.023947368,8
2691.000108,44,69,0.58,25,0.0232,8
2690.771189,34,61,0.84,27,0.031111111,8
2690.601378,33,55,0.81,22,0.036818182,8
2690.127069,44,81,0.89,37,0.024054054,8
2689.976434,35,59,0.73,24,0.030416667,8
2689.640215,37,58,0.68,21,0.032380952,8
2689.561719,52,81,0.87,29,0.03,8
2689.561719,51,82,0.93,31,0.03,8
2689.091906,36,57,0.71,21,0.033809524,8
2689.00416,44,59,0.41,15,0.027333333,8
2688.785161,34,54,0.73,20,0.0365,8
2688.628608,33,62,0.95,29,0.032758621,8
2688.44527,32,60,0.99,28,0.035357143,8
2688.141668,38,60,0.77,22,0.035,8
2688.141668,36,63,0.94,27,0.034814815,8
2687.647792,42,53,0.39,11,0.035454545,8
2687.644248,44,71,0.86,27,0.031851852,8
2687.379495,54,83,0.83,29,0.02862069,8
2686.942305,36,58,0.83,22,0.037727273,8
2686.942305,35,59,0.91,24,0.037916667,8
2686.920588,42,68,0.66,26,0.025384615,8
2686.298072,39,68,0.1,29,0.003448276,8
2686.051255,44,72,0.89,28,0.031785714,8
2686.045586,57,83,0.71,26,0.027307692,8
2685.748191,58,74,0.48,16,0.03,8
2685.748191,57,75,0.54,18,0.03,8
2685.681063,44,66,0.71,22,0.032272727,8
2685.594558,57,74,0.52,17,0.030588235,8
2685.372116,53,87,0.94,34,0.027647059,8
2685.263648,49,60,0.28,11,0.025454545,8
2685.049522,69,87,0.33,18,0.018333333,8
2684.807282,44,51,0.24,7,0.034285714,8
2684.678689,54,78,0.8,24,0.033333333,8
2684.660023,49,56,0.03,7,0.004285714,8
2684.228534,46,79,0.79,33,0.023939394,8
2683.973162,41,53,0.43,12,0.035833333,8
2683.551823,45,70,0.79,25,0.0316,8
2683.267827,61,79,0.49,18,0.027222222,8
2683.267827,59,81,0.6,22,0.027272727,8
2683.039087,37,53,0.57,16,0.035625,8
2682.96199,56,83,0.73,27,0.027037037,8
2682.958361,61,78,0.45,17,0.026470588,8
2682.958361,59,80,0.56,21,0.026666667,8
2682.958361,58,82,0.63,24,0.02625,8
2682.903887,37,94,0.13,57,0.002280702,8
2682.741057,38,61,0.79,23,0.034347826,8
2682.698575,41,51,0.37,10,0.037,8
2682.644669,51,59,0.2,8,0.025,8
2682.567827,32,59,0.94,27,0.034814815,8
2682.357356,45,71,0.81,26,0.031153846,8
2682.334847,71,87,0.29,16,0.018125,8
2682.123039,56,84,0.77,28,0.0275,8
2682.115994,60,77,0.48,17,0.028235294,8
2682.115994,56,82,0.73,26,0.028076923,8
2681.947544,32,60,0.98,28,0.035,8
2681.673878,33,65,0.96,32,0.03,8
2681.638382,36,62,0.9,26,0.034615385,8
2681.523532,38,53,0.61,15,0.040666667,8
2681.262853,54,88,0.89,34,0.026176471,8
2681.106001,36,96,0.14,60,0.002333333,8
2681.055972,35,59,0.82,24,0.034166667,8
2680.866432,36,73,0.86,37,0.023243243,8
2680.861492,38,54,0.55,16,0.034375,8
2680.763071,34,57,0.75,23,0.032608696,8
2680.584883,41,72,0.77,31,0.02483871,8
2680.579948,53,59,0.14,6,0.023333333,8
2680.543127,35,95,0.21,60,0.0035,8
2680.132547,51,91,0.84,40,0.021,8
2680.129739,53,84,0.89,31,0.028709677,8
2680.025249,37,92,0.17,55,0.003090909,8
2679.395905,53,78,0.77,25,0.0308,8
2679.395905,51,81,0.92,30,0.030666667,8
2679.06029,57,80,0.65,23,0.02826087,8
2679.054572,50,88,0.82,38,0.021578947,8
2678.849905,72,82,0.19,10,0.019,8
2678.490597,45,81,0.86,36,0.023888889,8
2678.316926,35,59,0.92,24,0.038333333,8
2678.110396,54,82,0.81,28,0.028928571,8
2677.828198,45,65,0.55,20,0.0275,8
2677.709139,35,94,0.21,59,0.003559322,8
2677.532991,39,50,0.4,11,0.036363636,8
2677.522311,35,53,0.65,18,0.036111111,8
2677.465228,36,57,0.67,21,0.031904762,8
2677.421686,60,79,0.51,19,0.026842105,8
2677.421686,58,81,0.62,23,0.026956522,8
2677.421686,57,82,0.67,25,0.0268,8
2677.421686,57,83,0.69,26,0.026538462,8
2677.362967,75,82,0.13,7,0.018571429,8
2677.362967,72,85,0.24,13,0.018461538,8
2677.272394,65,71,0.17,6,0.028333333,8
2676.935102,40,50,0.39,10,0.039,8
2676.823703,39,45,0.23,6,0.038333333,8
2676.570964,46,71,0.72,25,0.0288,8
2676.448841,71,84,0.24,13,0.018461538,8
2676.387252,55,88,0.84,33,0.025454545,8
2676.383695,45,82,0.87,37,0.023513514,8
2676.27465,57,82,0.69,25,0.0276,8
2676.13357,43,56,0.37,13,0.028461538,8
2675.993401,37,72,0.8,35,0.022857143,8
2675.899649,57,74,0.57,17,0.033529412,8
2675.692456,35,54,0.7,19,0.036842105,8
2675.688044,36,59,0.73,23,0.03173913,8
2675.664602,36,56,0.8,20,0.04,8
2675.306616,38,55,0.52,17,0.030588235,8
2675.233032,46,60,0.37,14,0.026428571,8
2675.06835,36,59,0.75,23,0.032608696,8
2675.053532,47,59,0.3,12,0.025,8
2674.651054,40,46,0.21,6,0.035,8
2674.141632,43,48,0.19,5,0.038,8
2674.112187,72,81,0.17,9,0.018888889,8
2673.893576,61,73,0.38,12,0.031666667,8
2673.763621,47,63,0.44,16,0.0275,8
2673.577089,60,80,0.53,20,0.0265,8
2673.4184,44,70,0.83,26,0.031923077,8
2673.095823,50,57,0.17,7,0.024285714,8
2673.019053,44,50,0.19,6,0.031666667,8
2672.977002,36,94,0.19,58,0.003275862,8
2672.935048,74,81,0.13,7,0.018571429,8
2672.914163,49,57,0.21,8,0.02625,8
2672.8446,59,74,0.44,15,0.029333333,8
2672.818208,53,88,0.73,35,0.020857143,8
2672.659711,32,58,0.93,26,0.035769231,8
2672.058276,36,95,0.15,59,0.002542373,8
2671.796068,42,52,0.36,10,0.036,8
2671.712607,60,73,0.42,13,0.032307692,8
2671.712607,58,75,0.55,17,0.032352941,8
2671.659997,36,54,0.64,18,0.035555556,8
2671.581278,58,74,0.53,16,0.033125,8
2671.581278,55,77,0.73,22,0.033181818,8
2671.569873,39,75,0.95,36,0.026388889,8
2671.071526,35,52,0.64,17,0.037647059,8
2670.945645,51,58,0.16,7,0.022857143,8
2670.850821,33,58,0.89,25,0.0356,8
2670.822677,68,87,0.35,19,0.018421053,8
2670.378333,39,68,0.11,29,0.003793103,8
2670.170008,43,50,0.26,7,0.037142857,8
2669.855554,51,56,0.13,5,0.026,8
2669.631973,56,85,0.76,29,0.026206897,8
2669.487165,35,67,0.96,32,0.03,8
2669.382144,48,62,0.32,14,0.022857143,8
2669.205613,50,59,0.25,9,0.027777778,8
2669.068645,36,60,0.73,24,0.030416667,8
2668.999652,36,74,0.87,38,0.022894737,8
2668.92611,36,94,0.16,58,0.002758621,8
2668.839557,39,69,0.1,30,0.003333333,8
2668.730484,61,71,0.33,10,0.033,8
2668.466812,54,85,0.8,31,0.025806452,8
2668.358035,35,98,0.14,63,0.002222222,8
2668.107895,58,83,0.65,25,0.026,8
2667.997934,62,75,0.36,13,0.027692308,8
2667.979912,46,70,0.73,24,0.030416667,8
2667.938324,52,82,0.88,30,0.029333333,8
2667.507278,37,56,0.6,19,0.031578947,8
2667.458709,40,52,0.45,12,0.0375,8
2667.3439,45,78,0.82,33,0.024848485,8
2667.248576,37,56,0.64,19,0.033684211,8
2667.032786,36,64,0.97,28,0.034642857,8
2666.877467,72,84,0.22,12,0.018333333,8
2666.59883,62,78,0.42,16,0.02625,8
2666.542143,32,60,0.91,28,0.0325,8
2666.154273,69,84,0.28,15,0.018666667,8
2666.106544,50,64,0.44,14,0.031428571,8
2665.947364,68,87,0.36,19,0.018947368,8
2665.944904,47,76,0.71,29,0.024482759,8
2665.944904,46,77,0.76,31,0.024516129,8
2665.855637,36,51,0.55,15,0.036666667,8
2665.815285,35,61,0.82,26,0.031538462,8
2665.591412,37,57,0.67,20,0.0335,8
2665.567638,38,56,0.6,18,0.033333333,8
2665.465149,47,66,0.44,19,0.023157895,8
2665.199678,55,84,0.83,29,0.02862069,8
2664.985393,36,72,0.85,36,0.023611111,8
2664.968793,46,69,0.72,23,0.031304348,8
2664.628188,37,56,0.59,19,0.031052632,8
2664.565803,34,59,0.87,25,0.0348,8
2664.441438,42,64,0.59,22,0.026818182,8
2664.257554,36,74,0.86,38,0.022631579,8
2663.962626,35,59,0.81,24,0.03375,8
2663.612035,53,86,0.92,33,0.027878788,8
2663.473831,69,86,0.32,17,0.018823529,8
2663.388874,38,53,0.58,15,0.038666667,8
2663.30359,43,85,0.99,42,0.023571429,8
2663.195756,31,55,0.91,24,0.037916667,8
2663.153292,57,81,0.66,24,0.0275,8
2663.143427,37,99,0.11,62,0.001774194,8
2662.845281,50,60,0.25,10,0.025,8
2662.828711,40,51,0.43,11,0.039090909,8
2662.779318,43,73,0.93,30,0.031,8
2662.774514,37,58,0.67,21,0.031904762,8
2662.648719,49,53,0.11,4,0.0275,8
2662.573823,38,56,0.56,18,0.031111111,8
2662.484165,38,89,0.09,51,0.001764706,8
2662.338626,32,97,0.51,65,0.007846154,8
2662.253493,37,93,0.18,56,0.003214286,8
2662.240658,42,72,0.73,30,0.024333333,8
2661.757146,37,59,0.66,22,0.03,8
2661.229877,42,50,0.25,8,0.03125,8
2661.177415,42,51,0.32,9,0.035555556,8
2661.129673,34,96,0.23,62,0.003709677,8
2661.043512,44,70,0.82,26,0.031538462,8
2660.846891,64,69,0.16,5,0.032,8
2660.67748,43,73,0.94,30,0.031333333,8
2660.621623,42,70,0.7,28,0.025,8
2660.139742,45,72,0.78,27,0.028888889,8
2660.112131,61,70,0.3,9,0.033333333,8
2660.112131,58,73,0.5,15,0.033333333,8
2659.993144,49,56,0.18,7,0.025714286,8
2659.783998,55,83,0.79,28,0.028214286,8
2659.514032,62,76,0.38,14,0.027142857,8
2659.217447,35,60,0.75,25,0.03,8
2659.058328,56,82,0.72,26,0.027692308,8
2659.027029,51,90,0.83,39,0.021282051,8
2658.90293,38,55,0.66,17,0.038823529,8
2658.725761,39,74,0.94,35,0.026857143,8
2658.698007,58,80,0.6,22,0.027272727,8
2658.694409,66,72,0.16,6,0.026666667,8
2658.431052,35,58,0.79,23,0.034347826,8
2658.418054,52,87,0.98,35,0.028,8
2658.276152,35,93,0.24,58,0.004137931,8
2658.200541,43,83,0.96,40,0.024,8
2658.116637,59,82,0.61,23,0.026521739,8
2658.041877,41,51,0.32,10,0.032,8
2657.883855,44,72,0.86,28,0.030714286,8
2657.641368,35,60,0.92,25,0.0368,8
2657.436918,67,89,0.41,22,0.018636364,8
2657.413075,35,58,0.8,23,0.034782609,8
2657.214004,59,77,0.52,18,0.028888889,8
2657.118336,47,67,0.64,20,0.032,8
2657.006891,32,97,0.5,65,0.007692308,8
2656.760008,42,56,0.44,14,0.031428571,8
2656.753519,48,53,0.14,5,0.028,8
2656.636917,58,80,0.62,22,0.028181818,8
2656.474783,35,61,0.83,26,0.031923077,8
2656.464504,35,76,0.93,41,0.022682927,8
2656.462532,32,56,0.87,24,0.03625,8
2655.906713,59,80,0.58,21,0.027619048,8
2655.793966,56,84,0.75,28,0.026785714,8
2655.704129,48,64,0.53,16,0.033125,8
2655.207552,37,96,0.15,59,0.002542373,8
2655.109171,36,73,0.85,37,0.022972973,8
2655.065116,36,55,0.62,19,0.032631579,8
2654.899875,34,98,0.2,64,0.003125,8
2654.736647,53,78,0.78,25,0.0312,8
2654.567536,43,51,0.28,8,0.035,8
2654.179033,35,75,0.92,40,0.023,8
2654.042885,66,73,0.19,7,0.027142857,8
2654.040302,37,54,0.56,17,0.032941176,8
2653.926469,37,93,0.14,56,0.0025,8
2653.900763,59,82,0.6,23,0.026086957,8
2653.881223,36,53,0.62,17,0.036470588,8
2653.819228,58,73,0.46,15,0.030666667,8
2653.819228,55,76,0.65,21,0.030952381,8
2653.549246,59,72,0.4,13,0.030769231,8
2653.377249,31,99,0.53,68,0.007794118,8
2653.28994,33,62,0.9,29,0.031034483,8
2653.094526,52,54,0.05,2,0.025,8
2653.094526,51,55,0.1,4,0.025,8
2653.094526,50,56,0.15,6,0.025,8
2652.974592,48,62,0.34,14,0.024285714,8
2652.946417,33,61,0.96,28,0.034285714,8
2652.930946,37,94,0.14,57,0.00245614,8
2652.76492,40,88,0.03,48,0.000625,8
2652.652575,45,65,0.51,20,0.0255,8
2652.540373,60,81,0.55,21,0.026190476,8
2652.540373,58,83,0.66,25,0.0264,8
2652.401005,54,78,0.74,24,0.030833333,8
2652.294492,44,54,0.31,10,0.031,8
2652.237049,40,62,0.66,22,0.03,8
2652.196243,35,60,0.78,25,0.0312,8
2652.061397,52,87,0.97,35,0.027714286,8
2651.904632,39,54,0.58,15,0.038666667,8
2651.797852,49,94,0.93,45,0.020666667,8
2651.7806,52,89,0.78,37,0.021081081,8
2651.568975,62,76,0.39,14,0.027857143,8
2651.340542,59,79,0.56,20,0.028,8
2651.326397,43,84,0.98,41,0.023902439,8
2651.263586,38,55,0.54,17,0.031764706,8
2651.178751,47,68,0.65,21,0.030952381,8
2651.089476,39,89,0.06,50,0.0012,8
2651.085513,33,54,0.85,21,0.04047619,8
2651.080804,60,71,0.37,11,0.033636364,8
2650.709896,44,72,0.88,28,0.031428571,8
2650.693399,37,50,0.51,13,0.039230769,8
2650.514742,56,84,0.8,28,0.028571429,8
2650.505309,48,61,0.33,13,0.025384615,8
2650.41051,66,90,0.45,24,0.01875,8
2650.326376,66,91,0.46,25,0.0184,8
2650.324149,43,69,0.65,26,0.025,8
2650.284599,35,57,0.89,22,0.040454545,8
2650.191031,55,83,0.73,28,0.026071429,8
2650.128685,47,78,0.72,31,0.023225806,8
2650.124515,58,81,0.64,23,0.027826087,8
2649.979243,32,56,0.92,24,0.038333333,8
2649.824997,55,87,0.9,32,0.028125,8
2649.572322,69,88,0.35,19,0.018421053,8
2649.572322,68,90,0.4,22,0.018181818,8
2649.540412,35,59,0.75,24,0.03125,8
2649.520584,38,52,0.46,14,0.032857143,8
2649.168644,56,77,0.68,21,0.032380952,8
2649.094649,40,47,0.26,7,0.037142857,8
2649.057747,27,88,0.56,61,0.009180328,8
2649.011307,46,60,0.36,14,0.025714286,8
2648.743268,45,80,0.84,35,0.024,8
2648.281057,45,66,0.66,21,0.031428571,8
2648.239242,54,56,0.05,2,0.025,8
2648.239242,53,57,0.1,4,0.025,8
2648.221701,47,55,0.22,8,0.0275,8
2647.968768,39,70,0.1,31,0.003225806,8
2647.766849,70,87,0.31,17,0.018235294,8
2647.712497,48,95,0.97,47,0.020638298,8
2647.56772,42,52,0.31,10,0.031,8
2647.460794,34,81,0.12,47,0.002553191,8
2647.35425,37,96,0.14,59,0.002372881,8
2647.349086,46,68,0.49,22,0.022272727,8
2647.199915,35,97,0.19,62,0.003064516,8
2647.138836,35,74,0.92,39,0.023589744,8
2647.004619,56,76,0.61,20,0.0305,8
2646.926581,37,55,0.62,18,0.034444444,8
2646.884242,43,67,0.78,24,0.0325,8
2646.350646,51,61,0.32,10,0.032,8
2646.291675,36,95,0.18,59,0.003050847,8
2646.185751,38,75,0.99,37,0.026756757,8
2645.998745,31,57,0.92,26,0.035384615,8
2645.942099,53,79,0.8,26,0.030769231,8
2645.433353,31,57,0.99,26,0.038076923,8
2645.278269,36,93,0.19,57,0.003333333,8
2645.231918,36,73,0.87,37,0.023513514,8
2645.181342,61,75,0.4,14,0.028571429,8
2645.134918,58,79,0.59,21,0.028095238,8
2644.988027,45,71,0.77,26,0.029615385,8
2644.768178,53,83,0.87,30,0.029,8
2644.647128,55,84,0.81,29,0.027931034,8
2644.616948,53,81,0.82,28,0.029285714,8
2644.216818,43,75,0.97,32,0.0303125,8
2644.209294,42,56,0.45,14,0.032142857,8
2644.139672,39,76,0.98,37,0.026486486,8
2644.025227,32,55,0.92,23,0.04,8
2644.022794,43,68,0.68,25,0.0272,8
2643.958246,36,75,0.88,39,0.022564103,8
2643.916241,34,60,0.87,26,0.033461538,8
2643.616772,58,79,0.6,21,0.028571429,8
2643.3817,47,58,0.04,11,0.003636364,8
2643.359038,36,57,0.72,21,0.034285714,8
2643.181872,46,70,0.7,24,0.029166667,8
2643.135732,70,84,0.27,14,0.019285714,8
2642.859355,43,60,0.47,17,0.027647059,8
2642.83895,32,56,0.91,24,0.037916667,8
2642.779377,46,66,0.67,20,0.0335,8
2642.44734,64,67,0.1,3,0.033333333,8
2641.994335,42,65,0.65,23,0.02826087,8
2641.927094,36,60,0.74,24,0.030833333,8
2641.919399,60,78,0.5,18,0.027777778,8
2641.890804,58,79,0.55,21,0.026190476,8
2641.691767,66,71,0.14,5,0.028,8
2641.63668,56,83,0.74,27,0.027407407,8
2641.63668,55,85,0.81,30,0.027,8
2641.63668,54,86,0.87,32,0.0271875,8
2641.63668,53,87,0.93,34,0.027352941,8
2641.486622,55,86,0.83,31,0.026774194,8
2641.231935,61,77,0.44,16,0.0275,8
2641.231935,58,80,0.61,22,0.027727273,8
2641.165686,43,66,0.59,23,0.025652174,8
2640.97631,37,55,0.72,18,0.04,8
2640.776419,35,62,0.81,27,0.03,8
2640.676822,50,92,0.88,42,0.020952381,8
2640.518434,47,69,0.64,22,0.029090909,8
2640.263527,42,52,0.33,10,0.033,8
2640.005734,38,54,0.51,16,0.031875,8
2639.923595,37,94,0.16,57,0.002807018,8
2639.817081,72,83,0.21,11,0.019090909,8
2639.695429,52,89,0.77,37,0.020810811,8
2639.59412,57,84,0.71,27,0.026296296,8
2639.527486,60,72,0.39,12,0.0325,8
2639.527486,58,74,0.52,16,0.0325,8
2639.524094,55,78,0.75,23,0.032608696,8
2639.484952,40,52,0.41,12,0.034166667,8
2639.484265,50,93,0.88,43,0.020465116,8
2639.468376,64,73,0.25,9,0.027777778,8
2639.414995,42,74,0.98,32,0.030625,8
2639.341876,39,89,0.07,50,0.0014,8
2639.298378,59,78,0.54,19,0.028421053,8
2639.182689,62,71,0.29,9,0.032222222,8
2639.144783,38,55,0.59,17,0.034705882,8
2639.085527,33,99,0.18,66,0.002727273,8
2639.076506,36,71,0.84,35,0.024,8
2638.75329,57,84,0.72,27,0.026666667,8
2638.560334,30,75,0.47,45,0.010444444,8
2638.466004,45,66,0.57,21,0.027142857,8
2638.296764,44,68,0.6,24,0.025,8
2638.130628,38,54,0.63,16,0.039375,8
2638.00858,59,77,0.48,18,0.026666667,8
2637.934819,39,54,0.51,15,0.034,8
2637.911284,40,53,0.44,13,0.033846154,8
2637.867681,43,64,0.07,21,0.003333333,8
2637.819678,54,76,0.69,22,0.031363636,8
2637.765693,70,83,0.25,13,0.019230769,8
2637.611627,38,53,0.53,15,0.035333333,8
2637.353364,44,73,0.88,29,0.030344828,8
2637.250981,59,73,0.46,14,0.032857143,8
2637.169057,64,75,0.3,11,0.027272727,8
2637.169057,62,77,0.41,15,0.027333333,8
2637.159738,45,52,0.22,7,0.031428571,8
2636.922495,32,59,0.89,27,0.032962963,8
2636.539576,36,55,0.63,19,0.033157895,8
2636.308233,47,65,0.6,18,0.033333333,8
2636.206671,39,76,0.97,37,0.026216216,8
2636.048132,54,86,0.67,32,0.0209375,8
2636.033543,68,71,0.08,3,0.026666667,8
2636.020776,57,71,0.48,14,0.034285714,8
2635.95963,35,60,0.95,25,0.038,8
2635.67575,56,85,0.77,29,0.026551724,8
2635.588802,43,73,0.92,30,0.030666667,8
2635.454486,60,78,0.49,18,0.027222222,8
2635.364838,46,77,0.77,31,0.02483871,8
2635.143875,35,75,0.93,40,0.02325,8
2635.142962,54,85,0.87,31,0.028064516,8
2635.142962,53,86,0.93,33,0.028181818,8
2635.096018,43,70,0.66,27,0.024444444,8
2635.04994,39,52,0.5,13,0.038461538,8
2634.886266,36,60,0.85,24,0.035416667,8
2634.829374,36,59,0.84,23,0.036521739,8
2634.786435,56,77,0.62,21,0.02952381,8
2634.786435,55,78,0.68,23,0.029565217,8
2634.786435,54,79,0.74,25,0.0296,8
2634.713169,67,90,0.42,23,0.01826087,8
2634.473705,34,78,0.99,44,0.0225,8
2634.399608,38,68,0.86,30,0.028666667,8
2634.321537,37,58,0.65,21,0.030952381,8
2634.146291,37,72,0.12,35,0.003428571,8
2633.828786,31,99,0.52,68,0.007647059,8
2633.810158,54,88,0.96,34,0.028235294,8
2633.655244,47,59,0.31,12,0.025833333,8
2633.627499,41,71,0.81,30,0.027,8
2633.285816,36,95,0.19,59,0.003220339,8
2633.282918,37,55,0.71,18,0.039444444,8
2633.174511,60,76,0.46,16,0.02875,8
2633.115453,33,64,0.95,31,0.030645161,8
2632.998636,34,74,0.15,40,0.00375,8
2632.909017,43,70,0.67,27,0.024814815,8
2632.722352,43,54,0.35,11,0.031818182,8
2632.694488,64,75,0.29,11,0.026363636,8
2632.694488,59,81,0.58,22,0.026363636,8
2632.640718,48,96,0.98,48,0.020416667,8
2632.527717,39,52,0.46,13,0.035384615,8
2632.440605,56,82,0.68,26,0.026153846,8
2632.432009,57,80,0.61,23,0.026521739,8
2632.029794,36,60,0.72,24,0.03,8
2632.021936,57,82,0.68,25,0.0272,8
2632.021936,55,84,0.79,29,0.027241379,8
2632.021936,54,85,0.85,31,0.027419355,8
2631.978366,39,63,0.72,24,0.03,8
2631.867335,63,74,0.31,11,0.028181818,8
2631.804601,52,87,0.99,35,0.028285714,8
2631.75077,43,50,0.22,7,0.031428571,8
2631.608739,33,98,0.46,65,0.007076923,8
2631.42943,52,57,0.12,5,0.024,8
2631.354457,57,85,0.72,28,0.025714286,8
2631.253574,48,67,0.57,19,0.03,8
2631.071917,59,79,0.55,20,0.0275,8
2631.029603,56,86,0.78,30,0.026,8
2630.997985,50,55,0.13,5,0.026,8
2630.838644,57,75,0.59,18,0.032777778,8
2630.832083,39,53,0.48,14,0.034285714,8
2630.751755,35,60,0.96,25,0.0384,8
2630.712555,40,55,0.46,15,0.030666667,8
2630.710038,35,55,0.73,20,0.0365,8
2630.648438,55,87,0.83,32,0.0259375,8
2630.394444,73,81,0.15,8,0.01875,8
2630.394444,69,85,0.3,16,0.01875,8
2630.394444,67,88,0.39,21,0.018571429,8
2630.263797,54,84,0.79,30,0.026333333,8
2630.087026,36,57,0.66,21,0.031428571,8
2630.01795,50,59,0.23,9,0.025555556,8
2629.969117,41,72,0.96,31,0.030967742,8
2629.942145,46,59,0.34,13,0.026153846,8
2629.935817,36,52,0.6,16,0.0375,8
2629.908873,42,49,0.25,7,0.035714286,8
2629.90776,49,61,0.29,12,0.024166667,8
2629.779874,39,52,0.41,13,0.031538462,8
2629.624854,29,83,0.18,54,0.003333333,8
2629.250728,49,89,0.87,40,0.02175,8
2629.111935,49,62,0.31,13,0.023846154,8
2629.100222,53,86,0.86,33,0.026060606,8
2628.799699,33,54,0.84,21,0.04,8
2628.46222,55,86,0.82,31,0.026451613,8
2628.277358,44,49,0.18,5,0.036,8
2628.251099,41,50,0.32,9,0.035555556,8
2628.120196,42,63,0.57,21,0.027142857,8
2628.096302,48,61,0.36,13,0.027692308,8
2628.089706,34,63,0.9,29,0.031034483,8
2628.076336,55,71,0.38,16,0.02375,8
2627.842546,40,53,0.41,13,0.031538462,8
2627.838612,53,87,0.87,34,0.025588235,8
2627.509157,65,91,0.49,26,0.018846154,8
2627.509157,64,92,0.53,28,0.018928571,8
2627.475195,61,77,0.45,16,0.028125,8
2626.866284,69,85,0.31,16,0.019375,8
2626.866284,68,86,0.35,18,0.019444444,8
2626.858043,31,59,0.94,28,0.033571429,8
2626.76461,34,60,0.89,26,0.034230769,8
2626.730642,37,53,0.65,16,0.040625,8
2626.694346,42,73,0.97,31,0.031290323,8
2626.619983,53,86,0.91,33,0.027575758,8
2626.454198,51,91,0.83,40,0.02075,8
2626.342513,54,74,0.69,20,0.0345,8
2626.310572,54,57,0.07,3,0.023333333,8
2626.043344,38,48,0.4,10,0.04,8
2625.674527,37,55,0.69,18,0.038333333,8
2625.584539,33,61,0.95,28,0.033928571,8
2625.554313,41,54,0.45,13,0.034615385,8
2625.496348,64,74,0.27,10,0.027,8
