% profit,ema1,ema2,threshold,diff,thresh / diff,ID
3517.87587,37,56,0.72,19,0.037894737,53
3503.804793,41,51,0.38,10,0.038,53
3494.78897,40,53,0.48,13,0.036923077,53
3481.016328,39,54,0.56,15,0.037333333,53
3481.016328,38,55,0.64,17,0.037647059,53
3474.838669,38,56,0.65,18,0.036111111,53
3440.187306,41,52,0.4,11,0.036363636,53
3436.928731,42,49,0.27,7,0.038571429,53
3432.851972,44,48,0.15,4,0.0375,53
3431.929065,43,49,0.22,6,0.036666667,53
3429.627791,39,53,0.53,14,0.037857143,53
3424.232675,40,52,0.46,12,0.038333333,53
3417.072642,42,50,0.3,8,0.0375,53
3393.329165,37,57,0.73,20,0.0365,53
3389.23914,67,69,0.06,2,0.03,53
3369.062193,38,54,0.61,16,0.038125,53
3358.032761,43,49,0.23,6,0.038333333,53
3351.706731,39,54,0.55,15,0.036666667,53
3349.325646,38,55,0.63,17,0.037058824,53
3346.813825,36,57,0.8,21,0.038095238,53
3343.807815,40,52,0.45,12,0.0375,53
3327.24455,37,56,0.71,19,0.037368421,53
3296.50009,37,55,0.7,18,0.038888889,53
3279.522599,41,51,0.37,10,0.037,53
3273.767713,72,83,0.2,11,0.018181818,53
3268.546875,38,54,0.62,16,0.03875,53
3264.873729,39,53,0.54,14,0.038571429,53
3261.828437,59,66,0.24,7,0.034285714,53
3258.666168,58,67,0.31,9,0.034444444,53
3258.666168,57,68,0.38,11,0.034545455,53
3252.579999,57,66,0.32,9,0.035555556,53
3250.231095,41,52,0.41,11,0.037272727,53
3234.247862,45,48,0.11,3,0.036666667,53
3234.247862,42,51,0.33,9,0.036666667,53
3214.384335,61,68,0.23,7,0.032857143,53
3211.27426,39,54,0.57,15,0.038,53
3207.316908,40,53,0.49,13,0.037692308,53
3206.747598,40,51,0.43,11,0.039090909,53
3204.799031,69,86,0.31,17,0.018235294,53
3201.947621,59,70,0.36,11,0.032727273,53
3199.299743,37,57,0.75,20,0.0375,53
3196.007445,59,69,0.33,10,0.033,53
3195.733001,74,80,0.11,6,0.018333333,53
3194.029253,62,65,0.1,3,0.033333333,53
3187.72092,41,50,0.35,9,0.038888889,53
3181.153865,52,80,0.78,28,0.027857143,53
3179.401946,56,73,0.56,17,0.032941176,53
3173.39315,38,56,0.66,18,0.036666667,53
3170.479392,36,56,0.78,20,0.039,53
3165.276549,36,58,0.83,22,0.037727273,53
3161.470154,36,58,0.82,22,0.037272727,53
3160.917804,61,63,0.07,2,0.035,53
3160.917804,60,64,0.14,4,0.035,53
3160.917804,59,65,0.21,6,0.035,53
3160.917804,58,66,0.28,8,0.035,53
3160.917804,57,67,0.35,10,0.035,53
3160.917804,56,68,0.42,12,0.035,53
3160.917804,55,69,0.49,14,0.035,53
3160.917804,54,70,0.56,16,0.035,53
3159.596201,53,79,0.72,26,0.027692308,53
3153.564124,37,57,0.74,20,0.037,53
3146.602531,61,67,0.2,6,0.033333333,53
3144.48909,56,69,0.45,13,0.034615385,53
3144.48909,55,70,0.52,15,0.034666667,53
3144.48909,54,71,0.59,17,0.034705882,53
3144.48909,53,72,0.66,19,0.034736842,53
3143.518259,57,71,0.47,14,0.033571429,53
3141.940558,35,60,0.92,25,0.0368,53
3140.467276,56,71,0.51,15,0.034,53
3140.467276,55,72,0.58,17,0.034117647,53
3138.881867,49,82,0.97,33,0.029393939,53
3136.252062,55,74,0.64,19,0.033684211,53
3134.420158,58,70,0.4,12,0.033333333,53
3134.420158,55,74,0.63,19,0.033157895,53
3132.47893,58,69,0.37,11,0.033636364,53
3131.347458,54,74,0.67,20,0.0335,53
3131.347458,53,75,0.74,22,0.033636364,53
3129.983582,54,73,0.65,19,0.034210526,53
3129.408075,57,70,0.44,13,0.033846154,53
3128.570878,71,83,0.22,12,0.018333333,53
3122.547585,39,57,0.63,18,0.035,53
3121.742357,50,82,0.9,32,0.028125,53
3120.893269,52,76,0.81,24,0.03375,53
3118.509595,57,72,0.5,15,0.033333333,53
3117.123716,43,48,0.19,5,0.038,53
3116.105182,52,79,0.77,27,0.028518519,53
3115.231128,60,67,0.24,7,0.034285714,53
3114.115696,35,59,0.91,24,0.037916667,53
3113.000119,50,82,0.91,32,0.0284375,53
3107.857761,58,71,0.43,13,0.033076923,53
3104.290363,51,81,0.84,30,0.028,53
3104.155715,53,74,0.72,21,0.034285714,53
3103.971961,73,80,0.13,7,0.018571429,53
3103.572733,39,55,0.57,16,0.035625,53
3100.8133,54,76,0.73,22,0.033181818,53
3100.664044,49,83,0.97,34,0.028529412,53
3099.917253,59,69,0.34,10,0.034,53
3095.958372,41,54,0.46,13,0.035384615,53
3094.478159,56,73,0.57,17,0.033529412,53
3093.520062,40,56,0.56,16,0.035,53
3093.496928,54,75,0.7,21,0.033333333,53
3093.496928,53,76,0.77,23,0.033478261,53
3092.414513,58,68,0.34,10,0.034,53
3089.925827,55,77,0.61,22,0.027727273,53
3083.630312,40,55,0.53,15,0.035333333,53
3082.927875,61,66,0.17,5,0.034,53
3082.927875,60,68,0.27,8,0.03375,53
3082.927875,56,72,0.54,16,0.03375,53
3080.353991,53,75,0.75,22,0.034090909,53
3079.933886,55,73,0.61,18,0.033888889,53
3079.511173,57,73,0.52,16,0.0325,53
3078.95817,52,77,0.84,25,0.0336,53
3076.891276,51,80,0.83,29,0.02862069,53
3075.967915,51,78,0.91,27,0.033703704,53
3075.284621,38,55,0.65,17,0.038235294,53
3074.266882,53,80,0.73,27,0.027037037,53
3074.185939,60,75,0.47,15,0.031333333,53
3073.560573,52,78,0.87,26,0.033461538,53
3073.343139,57,69,0.41,12,0.034166667,53
3073.343139,56,70,0.48,14,0.034285714,53
3073.343139,55,71,0.55,16,0.034375,53
3071.03073,63,72,0.28,9,0.031111111,53
3069.113233,52,75,0.79,23,0.034347826,53
3069.113233,51,76,0.86,25,0.0344,53
3068.308122,54,72,0.62,18,0.034444444,53
3068.308122,53,73,0.69,20,0.0345,53
3067.382736,53,79,0.73,26,0.028076923,53
3065.456875,54,74,0.68,20,0.034,53
3062.95514,50,79,0.98,29,0.033793103,53
3060.864037,41,50,0.34,9,0.037777778,53
3060.009573,51,73,0.78,22,0.035454545,53
3057.535423,50,80,0.89,30,0.029666667,53
3056.652776,53,77,0.8,24,0.033333333,53
3056.052813,42,53,0.39,11,0.035454545,53
3055.656097,36,59,0.84,23,0.036521739,53
3051.964213,40,55,0.54,15,0.036,53
3051.524671,54,78,0.67,24,0.027916667,53
3051.369288,38,58,0.71,20,0.0355,53
3051.342106,39,58,0.66,19,0.034736842,53
3050.615246,63,66,0.1,3,0.033333333,53
3050.615246,60,69,0.3,9,0.033333333,53
3048.836399,64,70,0.19,6,0.031666667,53
3047.588474,35,58,0.88,23,0.03826087,53
3047.013217,41,53,0.43,12,0.035833333,53
3046.626667,36,61,0.87,25,0.0348,53
3046.413564,59,68,0.31,9,0.034444444,53
3046.051653,37,60,0.81,23,0.035217391,53
3043.930645,43,51,0.29,8,0.03625,53
3043.341803,52,80,0.79,28,0.028214286,53
3043.192718,41,49,0.31,8,0.03875,53
3040.636126,37,59,0.78,22,0.035454545,53
3040.08384,59,70,0.37,11,0.033636364,53
3040.067301,49,82,0.96,33,0.029090909,53
3037.777097,36,58,0.8,22,0.036363636,53
3036.438077,35,63,0.98,28,0.035,53
3035.982525,42,52,0.36,10,0.036,53
3035.002615,51,82,0.85,31,0.027419355,53
3033.079758,43,50,0.25,7,0.035714286,53
3032.021046,37,61,0.83,24,0.034583333,53
3031.922514,39,56,0.61,17,0.035882353,53
3031.756661,73,83,0.18,10,0.018,53
3031.655197,52,81,0.79,29,0.027241379,53
3030.244295,58,69,0.38,11,0.034545455,53
3028.937196,39,57,0.64,18,0.035555556,53
3028.195702,37,57,0.72,20,0.036,53
3026.327172,54,75,0.71,21,0.033809524,53
3024.811661,50,81,0.9,31,0.029032258,53
3024.16243,59,71,0.39,12,0.0325,53
3021.274555,35,62,0.96,27,0.035555556,53
3020.987842,36,58,0.84,22,0.038181818,53
3019.933607,49,81,0.97,32,0.0303125,53
3019.691722,51,79,0.94,28,0.033571429,53
3019.47202,38,59,0.74,21,0.035238095,53
3019.049468,58,70,0.41,12,0.034166667,53
3019.049468,57,71,0.48,14,0.034285714,53
3019.049468,53,76,0.78,23,0.033913043,53
3018.601889,52,78,0.88,26,0.033846154,53
3018.135318,40,53,0.47,13,0.036153846,53
3017.369464,38,55,0.62,17,0.036470588,53
3016.763049,37,59,0.8,22,0.036363636,53
3016.344419,61,73,0.38,12,0.031666667,53
3016.105215,35,60,0.93,25,0.0372,53
3015.354552,62,72,0.32,10,0.032,53
3014.930081,34,61,0.97,27,0.035925926,53
3014.041702,51,80,0.84,29,0.028965517,53
3013.446693,43,52,0.32,9,0.035555556,53
3013.003835,36,63,0.94,27,0.034814815,53
3012.660866,39,55,0.58,16,0.03625,53
3012.429464,51,79,0.95,28,0.033928571,53
3012.331203,57,72,0.51,15,0.034,53
3010.750682,39,56,0.62,17,0.036470588,53
3010.54495,36,60,0.85,24,0.035416667,53
3009.979209,36,56,0.79,20,0.0395,53
3009.979209,35,57,0.87,22,0.039545455,53
3009.773213,52,76,0.82,24,0.034166667,53
3009.773213,51,77,0.89,26,0.034230769,53
3007.886453,50,80,0.9,30,0.03,53
3004.804321,56,74,0.59,18,0.032777778,53
3004.487022,35,64,0.99,29,0.034137931,53
3003.89594,56,72,0.55,16,0.034375,53
3003.89594,52,77,0.85,25,0.034,53
3003.89594,51,78,0.92,27,0.034074074,53
3003.89594,50,79,0.99,29,0.034137931,53
3003.876467,50,79,0.89,29,0.030689655,53
3002.269093,50,77,0.93,27,0.034444444,53
3002.246646,42,51,0.32,9,0.035555556,53
3001.307675,43,50,0.26,7,0.037142857,53
3000.931213,40,56,0.57,16,0.035625,53
3000.816435,55,79,0.77,24,0.032083333,53
3000.648699,35,59,0.92,24,0.038333333,53
3000.202193,38,58,0.72,20,0.036,53
2999.712345,50,78,0.96,28,0.034285714,53
2998.919628,37,55,0.71,18,0.039444444,53
2998.41212,62,67,0.17,5,0.034,53
2998.41212,56,73,0.58,17,0.034117647,53
2998.134271,40,51,0.42,11,0.038181818,53
2997.878122,38,53,0.6,15,0.04,53
2997.509557,52,77,0.76,25,0.0304,53
2997.251086,56,77,0.69,21,0.032857143,53
2996.14306,69,84,0.28,15,0.018666667,53
2996.029983,51,75,0.83,24,0.034583333,53
2995.687145,64,69,0.16,5,0.032,53
2993.916851,37,60,0.8,23,0.034782609,53
2993.479458,36,61,0.88,25,0.0352,53
2992.980291,70,86,0.29,16,0.018125,53
2992.583593,58,75,0.55,17,0.032352941,53
2990.285154,37,59,0.79,22,0.035909091,53
2988.910172,55,75,0.66,20,0.033,53
2988.548832,53,80,0.89,27,0.032962963,53
2988.201648,38,60,0.76,22,0.034545455,53
2987.851946,37,56,0.73,19,0.038421053,53
2987.851946,36,57,0.81,21,0.038571429,53
2987.599069,53,76,0.7,23,0.030434783,53
2986.907643,59,76,0.53,17,0.031176471,53
2985.849232,70,84,0.26,14,0.018571429,53
2985.77129,44,49,0.18,5,0.036,53
2985.536434,36,57,0.79,21,0.037619048,53
2984.219168,58,75,0.46,17,0.027058824,53
2984.219168,56,77,0.57,21,0.027142857,53
2983.339343,51,79,0.83,28,0.029642857,53
2983.169096,52,80,0.94,28,0.033571429,53
2982.984273,55,78,0.63,23,0.027391304,53
2981.470415,61,71,0.33,10,0.033,53
2981.470415,58,74,0.53,16,0.033125,53
2980.988292,52,74,0.76,22,0.034545455,53
2980.464563,62,80,0.4,18,0.022222222,53
2980.233234,58,74,0.44,16,0.0275,53
2979.265408,54,79,0.69,25,0.0276,53
2978.154349,37,57,0.76,20,0.038,53
2977.796788,52,70,0.66,18,0.036666667,53
2977.576654,35,63,0.99,28,0.035357143,53
2976.938975,68,87,0.35,19,0.018421053,53
2976.174784,66,83,0.34,17,0.02,53
2974.338577,58,82,0.67,24,0.027916667,53
2974.321291,68,82,0.27,14,0.019285714,53
2974.102121,51,62,0.27,11,0.024545455,53
2973.939947,36,61,0.9,25,0.036,53
2973.902545,41,55,0.49,14,0.035,53
2973.818621,57,77,0.64,20,0.032,53
2973.757874,59,75,0.51,16,0.031875,53
2973.203857,59,74,0.49,15,0.032666667,53
2971.760447,67,83,0.31,16,0.019375,53
2970.37091,36,62,0.9,26,0.034615385,53
2969.644927,38,59,0.73,21,0.034761905,53
2969.008579,55,76,0.71,21,0.033809524,53
2968.637932,62,73,0.34,11,0.030909091,53
2968.359308,52,78,0.77,26,0.029615385,53
2968.341556,52,82,0.82,30,0.027333333,53
2968.341556,51,83,0.88,32,0.0275,53
2968.341556,50,85,0.95,35,0.027142857,53
2968.082652,61,85,0.51,24,0.02125,53
2967.93699,53,79,0.87,26,0.033461538,53
2967.896599,38,57,0.68,19,0.035789474,53
2967.876987,36,60,0.86,24,0.035833333,53
2967.548764,53,80,0.74,27,0.027407407,53
2966.474844,53,81,0.76,28,0.027142857,53
2965.970604,35,60,0.94,25,0.0376,53
2965.801667,63,67,0.13,4,0.0325,53
2965.801667,61,69,0.26,8,0.0325,53
2965.798268,56,78,0.7,22,0.031818182,53
2965.70106,55,75,0.58,20,0.029,53
2965.657459,60,73,0.42,13,0.032307692,53
2965.428564,50,88,0.99,38,0.026052632,53
2965.29569,51,78,0.83,27,0.030740741,53
2964.934997,61,68,0.24,7,0.034285714,53
2964.170093,58,71,0.44,13,0.033846154,53
2962.697705,36,61,0.89,25,0.0356,53
2962.207484,51,81,0.85,30,0.028333333,53
2962.203172,54,81,0.85,27,0.031481481,53
2962.120035,55,77,0.74,22,0.033636364,53
2961.807619,57,74,0.57,17,0.033529412,53
2961.311629,63,82,0.41,19,0.021578947,53
2960.891541,60,83,0.51,23,0.022173913,53
2960.779825,41,53,0.44,12,0.036666667,53
2959.956291,49,81,0.96,32,0.03,53
2959.544378,63,68,0.16,5,0.032,53
2959.458964,36,62,0.91,26,0.035,53
2958.883562,36,62,0.92,26,0.035384615,53
2958.210988,60,70,0.34,10,0.034,53
2958.15734,62,71,0.29,9,0.032222222,53
2957.784462,52,81,0.8,29,0.027586207,53
2957.784462,51,82,0.86,31,0.027741935,53
2956.754394,50,86,0.97,36,0.026944444,53
2956.429313,54,78,0.8,24,0.033333333,53
2955.205195,57,76,0.62,19,0.032631579,53
2955.008222,37,58,0.75,21,0.035714286,53
2954.963068,44,51,0.25,7,0.035714286,53
2954.894448,55,76,0.68,21,0.032380952,53
2954.783303,62,68,0.2,6,0.033333333,53
2954.538469,69,88,0.34,19,0.017894737,53
2954.422723,55,74,0.57,19,0.03,53
2954.329486,51,78,0.82,27,0.03037037,53
2954.202532,56,76,0.55,20,0.0275,53
2953.617311,41,54,0.47,13,0.036153846,53
2953.231976,54,81,0.72,27,0.026666667,53
2953.149283,65,84,0.38,19,0.02,53
2952.38331,40,50,0.39,10,0.039,53
2952.30275,54,79,0.82,25,0.0328,53
2952.202876,61,74,0.4,13,0.030769231,53
2951.002159,38,57,0.69,19,0.036315789,53
2950.664607,52,84,0.85,32,0.0265625,53
2950.11844,59,71,0.4,12,0.033333333,53
2949.683464,51,84,0.88,33,0.026666667,53
2949.663838,42,69,0.84,27,0.031111111,53
2949.546502,51,84,0.89,33,0.026969697,53
2949.06547,56,72,0.49,16,0.030625,53
2949.014766,59,77,0.55,18,0.030555556,53
2948.982173,56,75,0.64,19,0.033684211,53
2948.706869,57,64,0.26,7,0.037142857,53
2948.165868,55,80,0.78,25,0.0312,53
2947.616845,51,86,0.92,35,0.026285714,53
2947.40705,52,79,0.78,27,0.028888889,53
2947.137528,37,56,0.7,19,0.036842105,53
2945.270667,56,67,0.39,11,0.035454545,53
2944.932642,43,47,0.15,4,0.0375,53
2944.930356,50,86,0.96,36,0.026666667,53
2944.275198,54,80,0.83,26,0.031923077,53
2943.947399,55,68,0.47,13,0.036153846,53
2943.354033,51,85,0.9,34,0.026470588,53
2943.208388,55,67,0.44,12,0.036666667,53
2943.136688,55,77,0.73,22,0.033181818,53
2943.126324,63,70,0.22,7,0.031428571,53
2942.40676,51,77,0.82,26,0.031538462,53
2942.14971,63,83,0.42,20,0.021,53
2941.376794,36,63,0.93,27,0.034444444,53
2941.285258,34,60,0.97,26,0.037307692,53
2940.783983,58,72,0.46,14,0.032857143,53
2940.077835,51,84,0.9,33,0.027272727,53
2940.031399,59,74,0.48,15,0.032,53
2939.856224,64,78,0.31,14,0.022142857,53
2939.700374,56,76,0.67,20,0.0335,53
2939.68694,39,52,0.52,13,0.04,53
2939.54752,38,57,0.7,19,0.036842105,53
2939.446701,57,78,0.65,21,0.030952381,53
2939.162177,55,74,0.65,19,0.034210526,53
2938.48882,64,67,0.1,3,0.033333333,53
2938.48882,61,70,0.3,9,0.033333333,53
2938.386611,55,68,0.46,13,0.035384615,53
2938.386611,54,69,0.53,15,0.035333333,53
2938.039551,36,60,0.87,24,0.03625,53
2937.623008,71,86,0.27,15,0.018,53
2937.500142,59,73,0.46,14,0.032857143,53
2937.437503,35,60,0.95,25,0.038,53
2936.973498,58,77,0.59,19,0.031052632,53
2936.448509,56,76,0.66,20,0.033,53
2936.253658,37,60,0.82,23,0.035652174,53
2936.111123,62,84,0.47,22,0.021363636,53
2935.483715,55,78,0.75,23,0.032608696,53
2934.253801,54,80,0.7,26,0.026923077,53
2933.543677,40,51,0.44,11,0.04,53
2932.911964,59,75,0.5,16,0.03125,53
2932.762895,61,70,0.29,9,0.032222222,53
2932.762895,59,72,0.42,13,0.032307692,53
2932.762895,57,74,0.55,17,0.032352941,53
2932.424939,53,78,0.82,25,0.0328,53
2932.424939,52,79,0.89,27,0.032962963,53
2932.177406,39,58,0.67,19,0.035263158,53
2932.149133,55,86,0.85,31,0.027419355,53
2932.044622,36,60,0.88,24,0.036666667,53
2931.576003,35,58,0.89,23,0.038695652,53
2931.186867,36,63,0.92,27,0.034074074,53
2930.84036,35,59,0.89,24,0.037083333,53
2930.287593,61,72,0.36,11,0.032727273,53
2929.951669,58,73,0.5,15,0.033333333,53
2929.544135,51,80,0.96,29,0.033103448,53
2929.272145,60,73,0.41,13,0.031538462,53
2928.352564,38,56,0.67,18,0.037222222,53
2928.352564,37,58,0.77,21,0.036666667,53
2928.352564,36,59,0.85,23,0.036956522,53
2927.18736,54,79,0.68,25,0.0272,53
2926.797212,42,50,0.31,8,0.03875,53
2926.454602,54,77,0.75,23,0.032608696,53
2926.112475,63,69,0.19,6,0.031666667,53
2926.112475,60,72,0.38,12,0.031666667,53
2925.959034,53,81,0.9,28,0.032142857,53
2925.151492,61,72,0.35,11,0.031818182,53
2925.151492,58,75,0.54,17,0.031764706,53
2925.121924,56,73,0.51,17,0.03,53
2924.880652,50,84,0.93,34,0.027352941,53
2924.878433,57,75,0.6,18,0.033333333,53
2924.464813,63,68,0.14,5,0.028,53
2924.430009,57,77,0.63,20,0.0315,53
2924.430009,55,79,0.76,24,0.031666667,53
2924.279383,61,69,0.27,8,0.03375,53
2924.037183,56,76,0.64,20,0.032,53
2923.609376,59,74,0.47,15,0.031333333,53
2923.25329,51,85,0.91,34,0.026764706,53
2923.217165,65,76,0.25,11,0.022727273,53
2923.205424,46,48,0.07,2,0.035,53
2923.074746,52,83,0.83,31,0.026774194,53
2922.87182,61,80,0.43,19,0.022631579,53
2922.460911,60,72,0.39,12,0.0325,53
2922.460911,58,74,0.52,16,0.0325,53
2922.460911,56,76,0.65,20,0.0325,53
2922.323336,65,75,0.23,10,0.023,53
2922.236709,50,87,0.98,37,0.026486486,53
2921.909849,66,82,0.32,16,0.02,53
2921.049165,61,73,0.37,12,0.030833333,53
2920.80037,59,73,0.45,14,0.032142857,53
2920.654197,67,81,0.28,14,0.02,53
2920.102944,68,88,0.36,20,0.018,53
2920.078979,60,71,0.37,11,0.033636364,53
2920.078979,59,72,0.44,13,0.033846154,53
2920.075294,58,76,0.57,18,0.031666667,53
2919.71704,63,77,0.32,14,0.022857143,53
2919.209396,58,74,0.51,16,0.031875,53
2919.082098,37,55,0.69,18,0.038333333,53
2918.854014,54,75,0.63,21,0.03,53
2918.689222,57,76,0.61,19,0.032105263,53
2918.689222,55,78,0.74,23,0.032173913,53
2918.550586,61,78,0.49,17,0.028823529,53
2918.150276,60,75,0.46,15,0.030666667,53
2918.023255,63,69,0.2,6,0.033333333,53
2918.023255,60,72,0.4,12,0.033333333,53
2917.882592,37,61,0.84,24,0.035,53
2917.148245,55,73,0.55,18,0.030555556,53
2917.069892,49,74,0.91,25,0.0364,53
2915.829727,62,77,0.43,15,0.028666667,53
2914.965481,61,71,0.32,10,0.032,53
2914.946999,55,84,0.87,29,0.03,53
2914.919845,51,83,0.87,32,0.0271875,53
2914.047003,35,59,0.88,24,0.036666667,53
2913.391417,56,79,0.72,23,0.031304348,53
2913.379271,60,71,0.36,11,0.032727273,53
2913.379271,57,74,0.56,17,0.032941176,53
2913.219643,55,57,0.05,2,0.025,53
2913.219643,54,58,0.1,4,0.025,53
2913.219643,53,59,0.15,6,0.025,53
2912.823921,35,61,0.96,26,0.036923077,53
2912.262281,49,84,0.98,35,0.028,53
2912.031329,64,86,0.44,22,0.02,53
2912.028503,52,81,0.81,29,0.027931034,53
2910.876968,62,71,0.28,9,0.031111111,53
2910.393927,68,85,0.32,17,0.018823529,53
2909.819425,72,81,0.17,9,0.018888889,53
2909.027613,40,54,0.51,14,0.036428571,53
2908.673935,53,75,0.68,22,0.030909091,53
2908.617237,59,73,0.47,14,0.033571429,53
2907.963468,64,81,0.36,17,0.021176471,53
2907.174304,39,55,0.59,16,0.036875,53
2906.928628,64,68,0.13,4,0.0325,53
2906.928628,62,70,0.26,8,0.0325,53
2906.824998,58,92,0.72,34,0.021176471,53
2906.445955,63,71,0.25,8,0.03125,53
2906.231123,36,61,0.91,25,0.0364,53
2906.160147,62,72,0.31,10,0.031,53
2905.819293,52,71,0.68,19,0.035789474,53
2905.748017,40,57,0.59,17,0.034705882,53
2905.234733,60,71,0.31,11,0.028181818,53
2905.234733,57,74,0.48,17,0.028235294,53
2904.860157,68,77,0.19,9,0.021111111,53
2904.239549,65,80,0.32,15,0.021333333,53
2903.90794,66,82,0.33,16,0.020625,53
2903.693529,62,69,0.2,7,0.028571429,53
2903.595235,60,70,0.33,10,0.033,53
2903.295543,50,83,0.92,33,0.027878788,53
2903.256343,71,80,0.17,9,0.018888889,53
2902.887856,62,83,0.45,21,0.021428571,53
2902.818156,52,76,0.75,24,0.03125,53
2902.454454,67,89,0.4,22,0.018181818,53
2902.356352,60,74,0.44,14,0.031428571,53
2902.217724,57,83,0.73,26,0.028076923,53
2902.217724,56,84,0.79,28,0.028214286,53
2902.04309,39,52,0.5,13,0.038461538,53
2901.905938,53,88,0.98,35,0.028,53
2901.580159,67,74,0.16,7,0.022857143,53
2901.120435,37,61,0.85,24,0.035416667,53
2898.751588,36,60,0.89,24,0.037083333,53
2898.751588,35,62,0.99,27,0.036666667,53
2897.962473,36,59,0.83,23,0.036086957,53
2897.915582,53,76,0.69,23,0.03,53
2897.878144,52,79,0.91,27,0.033703704,53
2897.583755,59,84,0.56,25,0.0224,53
2897.507292,55,75,0.68,20,0.034,53
2896.165246,35,62,0.98,27,0.036296296,53
2896.152374,63,86,0.47,23,0.020434783,53
2896.142116,43,53,0.35,10,0.035,53
2896.114044,54,76,0.64,22,0.029090909,53
2896.114044,53,77,0.7,24,0.029166667,53
2895.59391,73,75,0.04,2,0.02,53
2895.53462,64,85,0.42,21,0.02,53
2895.447138,63,79,0.36,16,0.0225,53
2895.40935,62,69,0.23,7,0.032857143,53
2894.906848,48,79,0.97,31,0.031290323,53
2894.840657,62,85,0.48,23,0.020869565,53
2894.675583,51,80,0.97,29,0.033448276,53
2894.179806,52,82,0.81,30,0.027,53
2893.676751,56,77,0.68,21,0.032380952,53
2893.676751,54,79,0.81,25,0.0324,53
2893.02544,53,77,0.81,24,0.03375,53
2892.783678,71,85,0.25,14,0.017857143,53
2892.577549,41,70,0.92,29,0.031724138,53
2892.064683,50,74,0.87,24,0.03625,53
2891.153097,61,82,0.46,21,0.021904762,53
2891.064599,62,76,0.42,14,0.03,53
2890.547224,35,62,0.97,27,0.035925926,53
2890.084019,55,77,0.72,22,0.032727273,53
2889.467049,59,72,0.37,13,0.028461538,53
2888.974712,42,53,0.4,11,0.036363636,53
2888.635291,59,92,0.68,33,0.020606061,53
2888.509759,40,54,0.5,14,0.035714286,53
2888.295176,66,76,0.22,10,0.022,53
2888.220793,53,70,0.61,17,0.035882353,53
2887.883137,42,54,0.42,12,0.035,53
2887.879232,61,89,0.57,28,0.020357143,53
2887.844176,55,76,0.6,21,0.028571429,53
2887.464217,42,52,0.37,10,0.037,53
2887.37607,56,74,0.6,18,0.033333333,53
2887.37607,54,77,0.76,23,0.033043478,53
2885.328542,56,83,0.81,27,0.03,53
2885.099659,36,62,0.94,26,0.036153846,53
2884.64781,63,78,0.34,15,0.022666667,53
2884.509686,62,76,0.41,14,0.029285714,53
2884.044458,56,75,0.54,19,0.028421053,53
2883.184867,42,69,0.83,27,0.030740741,53
2883.146429,58,72,0.47,14,0.033571429,53
2883.146429,57,73,0.54,16,0.03375,53
2882.664868,65,77,0.27,12,0.0225,53
2882.270807,42,49,0.26,7,0.037142857,53
2882.205104,63,76,0.37,13,0.028461538,53
2882.042423,42,49,0.28,7,0.04,53
2881.050771,45,46,0.04,1,0.04,53
2881.050771,44,47,0.12,3,0.04,53
2881.050771,43,48,0.2,5,0.04,53
2880.782882,62,95,0.6,33,0.018181818,53
2880.595937,72,76,0.08,4,0.02,53
2880.595937,71,77,0.12,6,0.02,53
2880.595937,70,78,0.16,8,0.02,53
2880.595937,69,79,0.2,10,0.02,53
2880.178385,52,80,0.93,28,0.033214286,53
2880.076303,41,50,0.36,9,0.04,53
2879.379594,49,79,0.95,30,0.031666667,53
2879.37318,42,51,0.34,9,0.037777778,53
2879.204411,54,74,0.62,20,0.031,53
2878.1569,62,81,0.42,19,0.022105263,53
2877.549198,57,75,0.59,18,0.032777778,53
2877.448202,60,70,0.29,10,0.029,53
2877.448202,59,71,0.35,12,0.029166667,53
2877.243016,58,73,0.43,15,0.028666667,53
2877.243016,54,77,0.66,23,0.028695652,53
2876.678546,60,79,0.55,19,0.028947368,53
2876.18241,54,87,0.92,33,0.027878788,53
2875.74322,63,75,0.35,12,0.029166667,53
2875.624594,57,74,0.49,17,0.028823529,53
2875.345212,53,88,0.99,35,0.028285714,53
2875.189437,68,80,0.24,12,0.02,53
2874.914559,56,78,0.69,22,0.031363636,53
2874.720526,59,72,0.43,13,0.033076923,53
2874.631749,58,76,0.56,18,0.031111111,53
2874.556394,48,75,0.99,27,0.036666667,53
2873.698478,49,80,0.96,31,0.030967742,53
2873.553224,60,85,0.54,25,0.0216,53
2872.436661,67,81,0.29,14,0.020714286,53
2872.26098,75,80,0.09,5,0.018,53
2871.878997,53,78,0.84,25,0.0336,53
2871.344343,57,76,0.6,19,0.031578947,53
2871.111668,69,75,0.13,6,0.021666667,53
2870.773562,55,77,0.71,22,0.032272727,53
2870.535997,50,84,0.94,34,0.027647059,53
2870.062293,51,75,0.75,24,0.03125,53
2869.867031,38,53,0.58,15,0.038666667,53
2869.845666,67,90,0.41,23,0.017826087,53
2869.179319,59,80,0.62,21,0.02952381,53
2869.14859,35,61,0.95,26,0.036538462,53
2868.921221,50,85,0.96,35,0.027428571,53
2868.573506,61,77,0.48,16,0.03,53
2868.456039,57,73,0.53,16,0.033125,53
2868.397736,44,50,0.22,6,0.036666667,53
2867.91917,51,72,0.76,21,0.036190476,53
2867.91917,50,73,0.83,23,0.036086957,53
2867.266146,55,76,0.7,21,0.033333333,53
2867.266146,54,77,0.77,23,0.033478261,53
2866.78535,52,82,0.96,30,0.032,53
2866.594802,53,81,0.89,28,0.031785714,53
2866.276356,52,80,0.92,28,0.032857143,53
2865.741354,53,79,0.85,26,0.032692308,53
2865.433916,69,74,0.11,5,0.022,53
2865.09302,56,74,0.61,18,0.033888889,53
2864.231961,54,73,0.6,19,0.031578947,53
2864.100318,55,98,0.85,43,0.019767442,53
2863.902793,59,80,0.6,21,0.028571429,53
2863.034571,57,75,0.58,18,0.032222222,53
2863.034571,56,77,0.67,21,0.031904762,53
2863.034571,54,79,0.8,25,0.032,53
2862.648621,68,69,0.03,1,0.03,53
2862.648621,67,70,0.09,3,0.03,53
2862.648621,66,71,0.15,5,0.03,53
2862.648621,65,72,0.21,7,0.03,53
2862.648621,57,82,0.74,25,0.0296,53
2862.648621,56,83,0.8,27,0.02962963,53
2861.318614,37,58,0.78,21,0.037142857,53
2861.235434,38,57,0.71,19,0.037368421,53
2861.211761,38,56,0.68,18,0.037777778,53
2860.775937,44,52,0.28,8,0.035,53
2860.744622,54,78,0.78,24,0.0325,53
2860.727701,55,70,0.47,15,0.031333333,53
2860.607799,63,94,0.56,31,0.018064516,53
2860.529914,63,81,0.39,18,0.021666667,53
2860.253878,55,85,0.88,30,0.029333333,53
2860.04847,50,63,0.32,13,0.024615385,53
2860.04847,49,64,0.37,15,0.024666667,53
2860.027709,64,68,0.11,4,0.0275,53
2860.027709,62,70,0.22,8,0.0275,53
2859.289795,56,75,0.62,19,0.032631579,53
2858.556822,50,78,0.88,28,0.031428571,53
2858.506169,34,59,0.97,25,0.0388,53
2858.016276,56,75,0.63,19,0.033157895,53
2856.334382,63,87,0.48,24,0.02,53
2856.242124,54,85,0.93,31,0.03,53
2855.448421,64,79,0.33,15,0.022,53
2853.840309,71,84,0.24,13,0.018461538,53
2853.673209,54,85,0.89,31,0.028709677,53
2853.673209,53,87,0.96,34,0.028235294,53
2853.597244,61,84,0.5,23,0.02173913,53
2853.366465,55,85,0.84,30,0.028,53
2853.366465,54,86,0.9,32,0.028125,53
2853.193269,59,80,0.61,21,0.029047619,53
2853.193269,58,81,0.67,23,0.029130435,53
2853.193269,57,82,0.73,25,0.0292,53
2852.149296,52,81,0.95,29,0.032758621,53
2851.611046,53,79,0.86,26,0.033076923,53
2851.597749,52,81,0.94,29,0.032413793,53
2851.387199,53,69,0.59,16,0.036875,53
2851.024857,34,60,0.98,26,0.037692308,53
2850.898067,64,82,0.38,18,0.021111111,53
2850.775477,58,73,0.49,15,0.032666667,53
2850.33342,37,61,0.86,24,0.035833333,53
2848.963214,56,97,0.8,41,0.019512195,53
2848.266561,61,77,0.47,16,0.029375,53
2848.266561,60,78,0.53,18,0.029444444,53
2848.068797,54,78,0.79,24,0.032916667,53
2847.593103,35,61,0.94,26,0.036153846,53
2847.200758,41,53,0.45,12,0.0375,53
2847.046691,61,72,0.3,11,0.027272727,53
2846.970274,60,78,0.54,18,0.03,53
2846.970274,59,79,0.6,20,0.03,53
2846.970274,58,80,0.66,22,0.03,53
2846.259497,52,78,0.79,26,0.030384615,53
2845.688686,53,80,0.88,27,0.032592593,53
2845.588802,65,83,0.37,18,0.020555556,53
2845.588802,64,84,0.41,20,0.0205,53
2844.583275,61,81,0.45,20,0.0225,53
2844.169704,39,57,0.65,18,0.036111111,53
2844.072023,40,51,0.41,11,0.037272727,53
2843.47567,68,86,0.34,18,0.018888889,53
2842.976979,37,60,0.83,23,0.036086957,53
2842.890865,54,86,0.95,32,0.0296875,53
2842.712055,55,76,0.69,21,0.032857143,53
2842.69176,54,75,0.64,21,0.03047619,53
2842.69176,51,79,0.85,28,0.030357143,53
2842.597312,65,91,0.47,26,0.018076923,53
2842.568397,38,53,0.56,15,0.037333333,53
2842.488969,50,80,0.91,30,0.030333333,53
2842.486699,36,59,0.86,23,0.037391304,53
2841.660581,53,80,0.87,27,0.032222222,53
2840.749052,62,87,0.51,25,0.0204,53
2840.55068,51,80,0.98,29,0.033793103,53
2840.371416,52,74,0.68,22,0.030909091,53
2840.10114,40,57,0.6,17,0.035294118,53
2839.718492,63,76,0.3,13,0.023076923,53
2839.540981,50,82,0.92,32,0.02875,53
2839.540981,49,83,0.98,34,0.028823529,53
2836.356254,53,88,0.97,35,0.027714286,53
2835.679345,60,72,0.33,12,0.0275,53
2835.237621,64,85,0.43,21,0.02047619,53
2835.068312,61,97,0.65,36,0.018055556,53
2834.765363,58,85,0.61,27,0.022592593,53
2834.624606,54,87,0.91,33,0.027575758,53
2834.543795,54,76,0.74,22,0.033636364,53
2834.503923,57,76,0.52,19,0.027368421,53
2834.114553,60,81,0.48,21,0.022857143,53
2833.817951,61,69,0.23,8,0.02875,53
2833.543937,58,81,0.68,23,0.029565217,53
2832.959134,58,83,0.68,25,0.0272,53
2832.93365,68,73,0.11,5,0.022,53
2832.892399,63,70,0.19,7,0.027142857,53
2832.505819,57,72,0.45,15,0.03,53
2832.504668,51,82,0.87,31,0.028064516,53
2831.94618,58,71,0.39,13,0.03,53
2831.503005,52,79,0.9,27,0.033333333,53
2831.225297,65,84,0.39,19,0.020526316,53
2830.964164,57,75,0.5,18,0.027777778,53
2830.708851,52,61,0.22,9,0.024444444,53
2830.045824,58,75,0.47,17,0.027647059,53
2830.012028,62,86,0.5,24,0.020833333,53
2829.729545,44,50,0.21,6,0.035,53
2829.68501,69,85,0.3,16,0.01875,53
2828.882816,60,86,0.56,26,0.021538462,53
2828.564294,39,56,0.63,17,0.037058824,53
2828.474354,49,84,0.99,35,0.028285714,53
2828.339373,62,76,0.33,14,0.023571429,53
2828.263248,59,74,0.41,15,0.027333333,53
2826.933599,51,80,0.87,29,0.03,53
2826.931516,64,77,0.29,13,0.022307692,53
2826.914963,37,58,0.76,21,0.036190476,53
2826.777713,66,75,0.2,9,0.022222222,53
2826.737906,35,59,0.9,24,0.0375,53
2826.731895,50,81,0.93,31,0.03,53
2826.456894,73,81,0.15,8,0.01875,53
2825.721648,51,79,0.84,28,0.03,53
2825.120215,40,55,0.56,15,0.037333333,53
2825.074513,45,49,0.15,4,0.0375,53
2824.718506,56,83,0.79,27,0.029259259,53
2824.718506,55,85,0.87,30,0.029,53
2824.38311,53,78,0.83,25,0.0332,53
2823.509047,60,82,0.5,22,0.022727273,53
2823.367542,42,76,0.81,34,0.023823529,53
2823.076911,66,81,0.31,15,0.020666667,53
2823.035087,65,90,0.47,25,0.0188,53
2822.995511,39,74,0.96,35,0.027428571,53
2822.776842,39,55,0.6,16,0.0375,53
2822.709883,61,83,0.48,22,0.021818182,53
2821.632319,55,75,0.67,20,0.0335,53
2821.187813,36,55,0.71,19,0.037368421,53
2820.640471,56,84,0.81,28,0.028928571,53
2820.566418,56,77,0.58,21,0.027619048,53
2820.228051,53,88,0.96,35,0.027428571,53
2819.598948,54,76,0.66,22,0.03,53
2819.322045,65,79,0.3,14,0.021428571,53
2819.241166,35,60,0.9,25,0.036,53
2819.192065,73,74,0.02,1,0.02,53
2819.192065,72,75,0.06,3,0.02,53
2819.192065,71,76,0.1,5,0.02,53
2819.118053,55,85,0.85,30,0.028333333,53
2818.931581,69,80,0.22,11,0.02,53
2818.931581,68,81,0.26,13,0.02,53
2818.815669,58,76,0.49,18,0.027222222,53
2818.815669,56,78,0.6,22,0.027272727,53
2818.705236,57,96,0.76,39,0.019487179,53
2817.993651,36,59,0.82,23,0.035652174,53
2817.964079,57,65,0.29,8,0.03625,53
2817.964079,54,68,0.51,14,0.036428571,53
2817.229008,55,79,0.66,24,0.0275,53
2817.17906,49,65,0.39,16,0.024375,53
2816.598729,51,77,0.81,26,0.031153846,53
2816.569287,61,90,0.59,29,0.020344828,53
2816.249052,41,71,0.92,30,0.030666667,53
2814.550134,66,89,0.43,23,0.018695652,53
2814.006343,57,71,0.43,14,0.030714286,53
2813.743952,54,86,0.93,32,0.0290625,53
2813.706474,62,72,0.27,10,0.027,53
2813.706474,60,74,0.38,14,0.027142857,53
2812.823871,40,54,0.52,14,0.037142857,53
2812.792329,50,83,0.93,33,0.028181818,53
2812.61438,54,89,0.92,35,0.026285714,53
2812.534315,52,77,0.77,25,0.0308,53
2812.12259,58,77,0.51,19,0.026842105,53
2811.841639,37,63,0.88,26,0.033846154,53
2811.229196,41,54,0.48,13,0.036923077,53
2811.229196,40,55,0.55,15,0.036666667,53
2811.143625,60,87,0.57,27,0.021111111,53
2810.856171,42,76,0.82,34,0.024117647,53
2810.77108,38,59,0.75,21,0.035714286,53
2810.627464,45,51,0.21,6,0.035,53
2810.510235,45,67,0.56,22,0.025454545,53
2810.356561,55,80,0.68,25,0.0272,53
2810.312956,54,86,0.94,32,0.029375,53
2810.004842,65,81,0.33,16,0.020625,53
2809.911208,51,59,0.21,8,0.02625,53
2809.80115,57,78,0.57,21,0.027142857,53
2809.80115,55,81,0.7,26,0.026923077,53
2809.417271,36,58,0.81,22,0.036818182,53
2809.358743,44,73,0.7,29,0.024137931,53
2809.322504,64,89,0.48,25,0.0192,53
2809.287506,57,77,0.54,20,0.027,53
2808.864208,70,85,0.28,15,0.018666667,53
2808.609829,56,79,0.62,23,0.026956522,53
2808.405972,44,60,0.08,16,0.005,53
2808.257264,43,51,0.3,8,0.0375,53
2807.946491,68,78,0.21,10,0.021,53
2807.541912,49,81,0.98,32,0.030625,53
2807.297884,59,86,0.59,27,0.021851852,53
2807.172108,45,66,0.54,21,0.025714286,53
2806.787894,67,82,0.3,15,0.02,53
2806.52764,56,86,0.8,30,0.026666667,53
2806.357853,57,86,0.77,29,0.026551724,53
2806.220255,53,87,0.97,34,0.028529412,53
2805.27496,68,88,0.37,20,0.0185,53
2804.859824,49,81,0.99,32,0.0309375,53
2804.591733,61,71,0.28,10,0.028,53
2804.445974,59,73,0.39,14,0.027857143,53
2804.445974,56,76,0.56,20,0.028,53
2804.386034,53,78,0.72,25,0.0288,53
2804.386034,53,79,0.74,26,0.028461538,53
2804.241742,74,75,0.02,1,0.02,53
2804.241742,73,76,0.06,3,0.02,53
2804.146116,62,79,0.46,17,0.027058824,53
2804.146116,60,81,0.57,21,0.027142857,53
2803.929615,57,84,0.74,27,0.027407407,53
2803.764329,50,82,0.95,32,0.0296875,53
2803.764329,49,82,0.99,33,0.03,53
2803.144163,37,59,0.81,22,0.036818182,53
2803.081034,53,86,0.96,33,0.029090909,53
2802.807217,52,80,0.8,28,0.028571429,53
2802.760775,67,78,0.23,11,0.020909091,53
2801.513408,49,78,0.89,29,0.030689655,53
2801.21126,43,74,0.75,31,0.024193548,53
2800.526998,44,62,0.48,18,0.026666667,53
2800.450942,53,86,0.95,33,0.028787879,53
2800.446547,51,81,0.99,30,0.033,53
2800.246756,44,49,0.19,5,0.038,53
2799.936241,53,82,0.78,29,0.026896552,53
2799.631964,53,90,0.97,37,0.026216216,53
2799.457724,59,68,0.28,9,0.031111111,53
2798.874721,49,84,0.97,35,0.027714286,53
2798.383669,63,85,0.45,22,0.020454545,53
2798.31048,55,85,0.86,30,0.028666667,53
2798.31048,54,86,0.92,32,0.02875,53
2797.833248,45,50,0.18,5,0.036,53
2797.68468,66,77,0.24,11,0.021818182,53
2796.793043,68,71,0.07,3,0.023333333,53
2796.659272,57,77,0.55,20,0.0275,53
2796.531143,67,77,0.21,10,0.021,53
2796.272564,54,81,0.74,27,0.027407407,53
2796.124255,61,79,0.5,18,0.027777778,53
2795.431335,43,70,0.67,27,0.024814815,53
2794.824576,72,77,0.1,5,0.02,53
2794.23943,54,80,0.71,26,0.027307692,53
2794.23943,53,81,0.77,28,0.0275,53
2793.996934,66,84,0.36,18,0.02,53
2793.78977,65,74,0.21,9,0.023333333,53
2793.58083,64,80,0.35,16,0.021875,53
2793.09199,39,58,0.69,19,0.036315789,53
2793.023799,59,79,0.48,20,0.024,53
2792.696549,68,87,0.36,19,0.018947368,53
2792.696549,66,90,0.45,24,0.01875,53
2792.696549,65,91,0.49,26,0.018846154,53
2792.505761,69,87,0.33,18,0.018333333,53
2792.497472,65,88,0.44,23,0.019130435,53
2792.468383,62,91,0.57,29,0.019655172,53
2792.041825,74,81,0.13,7,0.018571429,53
2791.987637,53,77,0.72,24,0.03,53
2791.987637,52,78,0.78,26,0.03,53
2791.951472,40,48,0.31,8,0.03875,53
2791.693856,62,82,0.43,20,0.0215,53
2791.691403,51,88,0.96,37,0.025945946,53
2791.669144,36,62,0.93,26,0.035769231,53
2791.55727,44,68,0.61,24,0.025416667,53
2791.329542,60,98,0.68,38,0.017894737,53
2790.932105,54,81,0.73,27,0.027037037,53
2790.932105,53,82,0.79,29,0.027241379,53
2790.901089,69,86,0.32,17,0.018823529,53
2790.749983,73,82,0.17,9,0.018888889,53
2790.43251,61,81,0.53,20,0.0265,53
2790.131567,42,75,0.81,33,0.024545455,53
2790.07007,58,81,0.66,23,0.028695652,53
2789.937828,56,87,0.81,31,0.026129032,53
2789.554646,58,93,0.73,35,0.020857143,53
2789.194699,63,95,0.57,32,0.0178125,53
2788.872995,66,78,0.26,12,0.021666667,53
2788.527094,66,71,0.12,5,0.024,53
2788.487789,54,86,0.91,32,0.0284375,53
2788.434671,42,63,0.1,21,0.004761905,53
2788.079066,43,68,0.64,25,0.0256,53
2787.447271,50,80,0.92,30,0.030666667,53
2787.326952,69,83,0.27,14,0.019285714,53
2787.254056,68,84,0.31,16,0.019375,53
2787.132649,50,81,0.94,31,0.030322581,53
2786.493141,55,87,0.85,32,0.0265625,53
2786.452367,66,86,0.39,20,0.0195,53
2786.294418,64,92,0.51,28,0.018214286,53
2786.18016,44,50,0.2,6,0.033333333,53
2785.758828,64,93,0.52,29,0.017931034,53
2785.332289,59,99,0.72,40,0.018,53
2785.154298,60,83,0.52,23,0.022608696,53
2784.9436,35,61,0.97,26,0.037307692,53
2784.53337,68,74,0.13,6,0.021666667,53
2784.364696,45,49,0.14,4,0.035,53
2784.280755,53,85,0.84,32,0.02625,53
2784.121608,54,82,0.75,28,0.026785714,53
2784.121608,52,84,0.86,32,0.026875,53
2784.111103,58,74,0.45,16,0.028125,53
2784.053625,55,84,0.86,29,0.029655172,53
2784.001226,56,88,0.83,32,0.0259375,53
2784.001226,55,88,0.87,33,0.026363636,53
2784.001226,53,91,0.99,38,0.026052632,53
2783.924071,31,60,0.99,29,0.034137931,53
2783.898477,60,82,0.58,22,0.026363636,53
2783.898477,60,83,0.6,23,0.026086957,53
2783.841573,51,81,0.86,30,0.028666667,53
2783.627567,38,58,0.74,20,0.037,53
2783.582099,67,74,0.19,7,0.027142857,53
2783.405757,63,85,0.46,22,0.020909091,53
2783.146512,52,83,0.84,31,0.027096774,53
2782.942568,55,88,0.86,33,0.026060606,53
2782.942568,54,89,0.91,35,0.026,53
2782.937362,67,79,0.25,12,0.020833333,53
2782.099441,58,78,0.53,20,0.0265,53
2782.090882,58,72,0.41,14,0.029285714,53
2782.090882,57,73,0.47,16,0.029375,53
2782.090882,56,74,0.53,18,0.029444444,53
2782.090882,55,75,0.59,20,0.0295,53
2781.927916,55,79,0.65,24,0.027083333,53
2781.892268,54,76,0.65,22,0.029545455,53
2781.892268,54,77,0.67,23,0.029130435,53
2781.892268,53,77,0.71,24,0.029583333,53
2781.892268,53,78,0.73,25,0.0292,53
2781.845875,42,54,0.43,12,0.035833333,53
2780.937997,34,62,0.99,28,0.035357143,53
2780.6442,64,73,0.27,9,0.03,53
2780.6442,63,74,0.33,11,0.03,53
2780.6442,57,81,0.72,24,0.03,53
2780.578993,34,61,0.98,27,0.036296296,53
2780.463759,66,87,0.4,21,0.019047619,53
2780.223598,65,82,0.35,17,0.020588235,53
2780.123993,67,88,0.39,21,0.018571429,53
2779.395189,65,87,0.43,22,0.019545455,53
2779.395189,64,88,0.47,24,0.019583333,53
2779.395189,63,89,0.51,26,0.019615385,53
2779.05608,66,73,0.16,7,0.022857143,53
2778.264301,53,80,0.75,27,0.027777778,53
2778.136069,63,75,0.36,12,0.03,53
2778.035929,70,77,0.14,7,0.02,53
2778.035929,69,78,0.18,9,0.02,53
2777.974281,58,84,0.69,26,0.026538462,53
2777.974281,57,86,0.76,29,0.026206897,53
2777.657877,53,90,0.98,37,0.026486486,53
2777.565497,55,80,0.67,25,0.0268,53
2777.475998,68,89,0.38,21,0.018095238,53
2777.145621,66,72,0.14,6,0.023333333,53
2776.912697,57,83,0.74,26,0.028461538,53
2776.779477,38,58,0.73,20,0.0365,53
2776.400164,60,73,0.36,13,0.027692308,53
2775.528526,52,79,0.79,27,0.029259259,53
2775.528526,51,80,0.85,29,0.029310345,53
2775.528526,50,81,0.91,31,0.029354839,53
2775.401779,63,78,0.41,15,0.027333333,53
2775.401779,61,80,0.52,19,0.027368421,53
2775.401779,59,82,0.63,23,0.027391304,53
2775.31475,67,86,0.36,19,0.018947368,53
2774.838149,64,77,0.35,13,0.026923077,53
2774.838149,62,80,0.48,18,0.026666667,53
2774.838149,60,82,0.59,22,0.026818182,53
2774.838149,58,84,0.7,26,0.026923077,53
2774.838149,56,86,0.81,30,0.027,53
2774.780307,55,77,0.62,22,0.028181818,53
2774.733189,69,81,0.23,12,0.019166667,53
2774.609848,37,54,0.64,17,0.037647059,53
2774.371295,37,61,0.87,24,0.03625,53
2774.09494,67,89,0.41,22,0.018636364,53
2773.949251,65,78,0.28,13,0.021538462,53
2773.885969,62,80,0.41,18,0.022777778,53
2773.127995,51,87,0.94,36,0.026111111,53
2772.91223,66,86,0.51,20,0.0255,53
2772.91223,65,87,0.56,22,0.025454545,53
2772.616579,57,82,0.75,25,0.03,53
2772.213896,69,73,0.09,4,0.0225,53
2771.732154,54,85,0.9,31,0.029032258,53
2771.519082,37,58,0.79,21,0.037619048,53
2771.501793,60,67,0.22,7,0.031428571,53
2771.332272,43,51,0.28,8,0.035,53
2771.332272,42,52,0.35,10,0.035,53
2771.005544,57,82,0.72,25,0.0288,53
2770.923018,47,67,0.49,20,0.0245,53
2770.881637,49,82,0.98,33,0.02969697,53
2770.773882,67,87,0.38,20,0.019,53
2770.710338,52,82,0.83,30,0.027666667,53
2770.362212,41,53,0.42,12,0.035,53
2770.362212,40,54,0.49,14,0.035,53
2770.197654,50,83,0.91,33,0.027575758,53
2770.170379,59,83,0.65,24,0.027083333,53
2770.150905,56,85,0.8,29,0.027586207,53
2769.759595,67,85,0.35,18,0.019444444,53
2769.702767,68,79,0.23,11,0.020909091,53
2769.471441,54,90,0.94,36,0.026111111,53
2769.324286,63,77,0.39,14,0.027857143,53
2769.003301,45,60,0.06,15,0.004,53
2768.952595,52,86,0.89,34,0.026176471,53
2768.522688,55,78,0.64,23,0.027826087,53
2767.645544,60,84,0.53,24,0.022083333,53
2767.603568,68,72,0.09,4,0.0225,53
2767.603568,66,74,0.18,8,0.0225,53
2767.532936,54,78,0.68,24,0.028333333,53
2767.262212,63,80,0.37,17,0.021764706,53
2767.235039,71,80,0.23,9,0.025555556,53
2767.107243,57,76,0.53,19,0.027894737,53
2766.831002,44,51,0.26,7,0.037142857,53
2766.660227,59,79,0.59,20,0.0295,53
2766.375065,71,83,0.23,12,0.019166667,53
2766.259726,62,96,0.61,34,0.017941176,53
2765.981954,55,87,0.87,32,0.0271875,53
2765.918675,65,85,0.4,20,0.02,53
2765.821684,71,82,0.21,11,0.019090909,53
2765.534808,64,80,0.34,16,0.02125,53
2765.399821,53,86,0.99,33,0.03,53
2765.293719,55,76,0.61,21,0.029047619,53
2764.649415,62,97,0.62,35,0.017714286,53
2764.649415,62,98,0.63,36,0.0175,53
2764.398268,46,49,0.11,3,0.036666667,53
2764.201379,56,84,0.8,28,0.028571429,53
2764.034059,65,86,0.4,21,0.019047619,53
2763.768055,56,85,0.79,29,0.027241379,53
2763.474861,58,85,0.71,27,0.026296296,53
2763.474861,56,87,0.82,31,0.026451613,53
2763.474861,55,89,0.89,34,0.026176471,53
2763.474861,54,89,0.93,35,0.026571429,53
2763.353182,70,83,0.24,13,0.018461538,53
2763.342143,41,55,0.48,14,0.034285714,53
2763.238792,53,83,0.81,30,0.027,53
2763.180357,58,94,0.74,36,0.020555556,53
2762.867634,66,79,0.27,13,0.020769231,53
2762.812114,72,82,0.19,10,0.019,53
2762.605086,51,80,0.86,29,0.029655172,53
2762.605086,50,81,0.92,31,0.029677419,53
2762.094744,57,70,0.41,13,0.031538462,53
2761.889788,50,79,0.9,29,0.031034483,53
2761.794854,50,60,0.26,10,0.026,53
2761.60022,51,87,0.95,36,0.026388889,53
2761.412943,53,89,0.98,36,0.027222222,53
2761.317938,41,77,0.88,36,0.024444444,53
2760.959597,70,83,0.25,13,0.019230769,53
2760.521629,55,87,0.86,32,0.026875,53
2760.055569,66,79,0.28,13,0.021538462,53
2760.003441,55,82,0.71,27,0.026296296,53
2760.003441,53,83,0.8,30,0.026666667,53
2760.003441,52,85,0.87,33,0.026363636,53
2759.642199,43,62,0.08,19,0.004210526,53
2759.64037,43,73,0.74,30,0.024666667,53
2759.272211,57,68,0.34,11,0.030909091,53
2758.596109,53,92,0.97,39,0.024871795,53
2758.568072,61,91,0.57,30,0.019,53
2758.13464,38,62,0.81,24,0.03375,53
2757.904828,52,86,0.9,34,0.026470588,53
2757.551419,41,77,0.87,36,0.024166667,53
2757.31062,41,55,0.5,14,0.035714286,53
2756.981128,56,89,0.82,33,0.024848485,53
2756.981128,55,90,0.87,35,0.024857143,53
2756.583929,68,75,0.15,7,0.021428571,53
2756.459074,40,50,0.41,10,0.041,53
2756.33823,60,89,0.6,29,0.020689655,53
2756.280047,54,79,0.7,25,0.028,53
2756.119208,55,81,0.69,26,0.026538462,53
2756.037708,50,58,0.21,8,0.02625,53
2755.953733,60,78,0.43,18,0.023888889,53
2755.793977,61,77,0.38,16,0.02375,53
2755.580332,60,72,0.34,12,0.028333333,53
2755.383544,56,77,0.59,21,0.028095238,53
2755.343649,32,61,0.97,29,0.033448276,53
2755.188872,54,88,0.91,34,0.026764706,53
2755.152222,63,74,0.27,11,0.024545455,53
2755.152222,62,75,0.32,13,0.024615385,53
2755.075383,66,91,0.45,25,0.018,53
2754.567835,54,80,0.72,26,0.027692308,53
2754.222802,54,82,0.76,28,0.027142857,53
2754.02307,56,78,0.61,22,0.027727273,53
2753.739034,47,55,0.04,8,0.005,53
2753.567557,46,56,0.05,10,0.005,53
2753.41272,59,93,0.69,34,0.020294118,53
2753.30137,55,86,0.87,31,0.028064516,53
2752.947495,35,54,0.66,19,0.034736842,53
2752.674001,56,80,0.64,24,0.026666667,53
2752.674001,53,84,0.82,31,0.026451613,53
2752.674001,51,86,0.93,35,0.026571429,53
2752.669359,61,98,0.66,37,0.017837838,53
2752.662396,42,53,0.41,11,0.037272727,53
2752.129597,54,83,0.77,29,0.026551724,53
2752.129597,52,85,0.88,33,0.026666667,53
2751.507817,53,91,0.98,38,0.025789474,53
2751.259512,44,61,0.07,17,0.004117647,53
2751.105225,59,81,0.62,22,0.028181818,53
2750.838109,56,85,0.81,29,0.027931034,53
2750.77175,52,87,0.91,35,0.026,53
2750.460357,62,86,0.51,24,0.02125,53
2749.892689,52,71,0.69,19,0.036315789,53
2749.758401,65,72,0.17,7,0.024285714,53
2749.517908,58,69,0.39,11,0.035454545,53
2749.406143,52,80,0.81,28,0.028928571,53
2749.180648,58,86,0.63,28,0.0225,53
2748.792248,45,60,0.41,15,0.027333333,53
2748.756854,55,89,0.88,34,0.025882353,53
2748.700691,53,87,0.99,34,0.029117647,53
2748.655361,59,84,0.65,25,0.026,53
2748.278685,66,88,0.42,22,0.019090909,53
2748.278685,64,91,0.51,27,0.018888889,53
2747.892842,43,69,0.66,26,0.025384615,53
2747.789507,64,73,0.22,9,0.024444444,53
2747.648858,44,72,0.68,28,0.024285714,53
2747.609106,64,66,0.06,2,0.03,53
2747.609106,63,67,0.12,4,0.03,53
2747.472178,64,77,0.3,13,0.023076923,53
2747.472019,53,78,0.74,25,0.0296,53
2747.43036,36,56,0.8,20,0.04,53
2747.275791,52,79,0.8,27,0.02962963,53
2747.275791,51,81,0.88,30,0.029333333,53
2747.275791,50,82,0.94,32,0.029375,53
2747.065257,66,85,0.36,19,0.018947368,53
2746.998957,48,66,0.44,18,0.024444444,53
2746.986291,65,86,0.55,21,0.026190476,53
2746.736672,61,69,0.24,8,0.03,53
2746.736672,60,70,0.3,10,0.03,53
2746.736672,59,71,0.36,12,0.03,53
2746.318025,45,57,0.06,12,0.005,53
2746.145689,57,75,0.51,18,0.028333333,53
2746.145689,56,76,0.57,20,0.0285,53
2745.632202,50,73,0.84,23,0.036521739,53
2745.426183,55,94,0.86,39,0.022051282,53
2745.198194,61,88,0.56,27,0.020740741,53
2744.737118,46,58,0.33,12,0.0275,53
2744.611377,43,74,0.77,31,0.02483871,53
2744.494823,66,85,0.49,19,0.025789474,53
2744.181623,45,71,0.63,26,0.024230769,53
2743.667957,53,86,0.83,33,0.025151515,53
2743.514664,44,67,0.59,23,0.025652174,53
2743.114137,51,81,0.87,30,0.029,53
2743.114137,50,82,0.93,32,0.0290625,53
2743.114137,49,83,0.99,34,0.029117647,53
2743.037366,51,57,0.16,6,0.026666667,53
2742.840317,70,79,0.18,9,0.02,53
2742.561834,59,83,0.55,24,0.022916667,53
2742.416669,42,75,0.8,33,0.024242424,53
2742.401658,58,68,0.36,10,0.036,53
2742.37828,60,80,0.56,20,0.028,53
2742.031994,40,50,0.38,10,0.038,53
2741.973037,62,68,0.18,6,0.03,53
2741.762324,57,85,0.76,28,0.027142857,53
2741.588259,67,79,0.34,12,0.028333333,53
2741.335809,49,75,0.93,26,0.035769231,53
2741.294956,71,78,0.14,7,0.02,53
2741.205287,56,87,0.83,31,0.026774194,53
2741.121902,57,72,0.52,15,0.034666667,53
2739.831952,66,87,0.53,21,0.025238095,53
2739.831952,65,88,0.58,23,0.025217391,53
2739.701458,67,86,0.48,19,0.025263158,53
2739.640886,46,59,0.05,13,0.003846154,53
2739.030884,35,60,0.91,25,0.0364,53
2739.019818,55,84,0.85,29,0.029310345,53
2739.002106,68,86,0.33,18,0.018333333,53
2738.976169,62,88,0.53,26,0.020384615,53
2738.837625,59,83,0.64,24,0.026666667,53
2738.837625,55,88,0.88,33,0.026666667,53
2737.932198,68,76,0.17,8,0.02125,53
2737.623901,33,59,0.88,26,0.033846154,53
2737.478933,67,84,0.44,17,0.025882353,53
2736.57288,55,86,0.86,31,0.027741935,53
2736.57288,53,89,0.99,36,0.0275,53
2736.445918,62,90,0.73,28,0.026071429,53
2736.327984,40,54,0.53,14,0.037857143,53
2736.164621,48,66,0.55,18,0.030555556,53
2735.747524,63,79,0.42,16,0.02625,53
2735.580195,54,91,0.93,37,0.025135135,53
2735.538056,50,76,0.83,26,0.031923077,53
2735.534696,60,99,0.69,39,0.017692308,53
2735.504082,61,99,0.67,38,0.017631579,53
2734.867574,54,88,0.92,34,0.027058824,53
2734.834093,36,64,0.96,28,0.034285714,53
2734.519223,64,89,0.63,25,0.0252,53
2734.500004,42,54,0.44,12,0.036666667,53
2734.240625,69,76,0.15,7,0.021428571,53
2734.181448,66,92,0.46,26,0.017692308,53
2734.128221,63,65,0.07,2,0.035,53
2734.128221,62,66,0.14,4,0.035,53
2734.128221,61,67,0.21,6,0.035,53
2734.128221,60,68,0.28,8,0.035,53
2734.128221,59,69,0.35,10,0.035,53
2734.12406,60,81,0.58,21,0.027619048,53
2734.12406,58,83,0.69,25,0.0276,53
2734.12406,58,84,0.71,26,0.027307692,53
2734.12406,57,84,0.75,27,0.027777778,53
2734.12406,56,86,0.82,30,0.027333333,53
2734.12406,55,87,0.88,32,0.0275,53
2734.12406,54,89,0.95,35,0.027142857,53
2733.548587,67,80,0.27,13,0.020769231,53
2733.243273,67,75,0.18,8,0.0225,53
2732.955105,46,59,0.06,13,0.004615385,53
2732.590121,67,86,0.37,19,0.019473684,53
2732.590121,66,87,0.41,21,0.01952381,53
2732.452701,55,88,0.89,33,0.026969697,53
2732.435585,38,65,0.21,27,0.007777778,53
2732.420227,57,85,0.75,28,0.026785714,53
2732.18008,55,76,0.63,21,0.03,53
2732.116878,57,73,0.5,16,0.03125,53
2731.996043,42,69,0.85,27,0.031481481,53
2731.92003,60,92,0.84,32,0.02625,53
2731.89749,54,89,0.94,35,0.026857143,53
2731.273544,38,58,0.65,20,0.0325,53
2731.231205,52,87,0.88,35,0.025142857,53
2731.177535,53,77,0.73,24,0.030416667,53
2730.975239,56,83,0.78,27,0.028888889,53
2730.513624,54,91,0.92,37,0.024864865,53
2730.493179,60,94,0.86,34,0.025294118,53
2730.251595,49,61,0.31,12,0.025833333,53
2730.199227,58,97,0.98,39,0.025128205,53
2729.97494,54,90,0.95,36,0.026388889,53
2729.950014,63,82,0.4,19,0.021052632,53
2729.856041,37,54,0.69,17,0.040588235,53
2729.833575,43,52,0.33,9,0.036666667,53
2729.757157,58,80,0.65,22,0.029545455,53
2729.757157,57,81,0.71,24,0.029583333,53
2729.757157,56,82,0.77,26,0.029615385,53
2729.729682,55,95,0.87,40,0.02175,53
2729.39355,66,73,0.2,7,0.028571429,53
2729.370036,43,67,0.75,24,0.03125,53
2729.037237,67,88,0.4,21,0.019047619,53
2728.628682,50,74,0.86,24,0.035833333,53
2728.518833,58,70,0.42,12,0.035,53
2728.518833,57,71,0.49,14,0.035,53
2728.518833,56,72,0.56,16,0.035,53
2728.493858,53,84,0.83,31,0.026774194,53
2728.244275,55,89,0.86,34,0.025294118,53
2728.007611,63,82,0.42,19,0.022105263,53
2728.007611,61,84,0.51,23,0.022173913,53
2727.890416,54,88,0.93,34,0.027352941,53
2727.739551,58,82,0.69,24,0.02875,53
2727.713755,59,82,0.53,23,0.023043478,53
2727.627831,42,68,0.83,26,0.031923077,53
2727.344662,55,88,0.77,33,0.023333333,53
2727.288798,40,77,0.97,37,0.026216216,53
2726.908354,71,85,0.26,14,0.018571429,53
2726.889115,61,69,0.25,8,0.03125,53
2726.578587,51,88,0.94,37,0.025405405,53
2726.19033,53,90,0.99,37,0.026756757,53
2726.164698,39,52,0.49,13,0.037692308,53
2725.974011,56,73,0.59,17,0.034705882,53
2725.974011,55,74,0.66,19,0.034736842,53
2725.916168,65,92,0.5,27,0.018518519,53
2724.971109,43,53,0.36,10,0.036,53
2724.843064,61,76,0.36,15,0.024,53
2724.816474,57,88,0.69,31,0.022258065,53
2724.51668,58,71,0.45,13,0.034615385,53
2724.341747,39,61,0.74,22,0.033636364,53
2724.300958,69,78,0.19,9,0.021111111,53
2724.058541,51,89,0.98,38,0.025789474,53
2723.891672,58,86,0.71,28,0.025357143,53
2723.891672,57,87,0.76,30,0.025333333,53
2723.891672,56,88,0.81,32,0.0253125,53
2723.891672,55,90,0.88,35,0.025142857,53
2723.674828,59,85,0.58,26,0.022307692,53
2723.56735,59,69,0.31,10,0.031,53
2723.56735,57,72,0.46,15,0.030666667,53
2723.55015,44,72,0.7,28,0.025,53
2723.494966,58,85,0.7,27,0.025925926,53
2723.494966,57,86,0.75,29,0.025862069,53
2723.494966,57,87,0.77,30,0.025666667,53
2723.494966,54,90,0.93,36,0.025833333,53
2723.405289,69,84,0.29,15,0.019333333,53
2723.405289,68,85,0.33,17,0.019411765,53
2723.352302,52,72,0.7,20,0.035,53
2723.017293,54,77,0.69,23,0.03,53
2723.017293,53,78,0.75,25,0.03,53
2723.003819,58,87,0.64,29,0.022068966,53
2722.762928,42,70,0.71,28,0.025357143,53
2722.540871,70,80,0.19,10,0.019,53
2722.276773,65,74,0.26,9,0.028888889,53
2722.248787,52,88,0.9,36,0.025,53
2722.10029,62,78,0.37,16,0.023125,53
2722.10029,61,78,0.4,17,0.023529412,53
2721.843303,35,58,0.9,23,0.039130435,53
2721.514407,56,86,0.83,30,0.027666667,53
2721.37435,41,77,0.86,36,0.023888889,53
2721.254632,42,53,0.37,11,0.033636364,53
2721.254632,41,54,0.44,13,0.033846154,53
2721.155127,54,75,0.73,21,0.034761905,53
2721.058167,56,71,0.47,15,0.031333333,53
2720.961889,67,87,0.37,20,0.0185,53
2720.959087,42,48,0.23,6,0.038333333,53
2720.890547,36,59,0.87,23,0.037826087,53
2720.803058,40,62,0.17,22,0.007727273,53
2720.644614,57,81,0.6,24,0.025,53
2720.537611,62,87,0.52,25,0.0208,53
2720.418843,61,91,0.79,30,0.026333333,53
2720.406528,65,73,0.19,8,0.02375,53
2720.39997,55,86,0.74,31,0.023870968,53
2719.773543,40,66,0.1,26,0.003846154,53
2719.705729,49,80,0.97,31,0.031290323,53
2719.231513,48,60,0.32,12,0.026666667,53
2718.981055,38,56,0.64,18,0.035555556,53
2718.842486,58,71,0.4,13,0.030769231,53
2718.718069,63,89,0.68,26,0.026153846,53
2718.484235,75,77,0.05,2,0.025,53
2718.484235,74,78,0.1,4,0.025,53
2718.484235,73,79,0.15,6,0.025,53
2718.199951,57,92,0.77,35,0.022,53
2718.167236,50,54,0.11,4,0.0275,53
2718.167236,48,56,0.22,8,0.0275,53
2718.086902,55,84,0.84,29,0.028965517,53
2718.086902,53,87,0.98,34,0.028823529,53
2718.035822,50,75,0.88,25,0.0352,53
2718.035822,49,77,0.98,28,0.035,53
2717.962536,67,76,0.2,9,0.022222222,53
2717.694853,54,91,0.95,37,0.025675676,53
2717.377322,59,94,0.91,35,0.026,53
2717.145587,64,83,0.39,19,0.020526316,53
2717.010965,61,76,0.37,15,0.024666667,53
2716.952903,70,87,0.31,17,0.018235294,53
2716.952903,67,90,0.42,23,0.01826087,53
2716.909535,65,78,0.29,13,0.022307692,53
2716.512414,60,80,0.57,20,0.0285,53
2716.393111,59,81,0.63,22,0.028636364,53
2716.343906,42,54,0.41,12,0.034166667,53
2716.057612,54,71,0.54,17,0.031764706,53
2715.919422,57,71,0.44,14,0.031428571,53
2715.792757,41,72,0.87,31,0.028064516,53
2715.724014,65,75,0.28,10,0.028,53
2715.724014,62,78,0.45,16,0.028125,53
2715.724014,59,82,0.64,23,0.027826087,53
2715.678643,38,61,0.78,23,0.033913043,53
2715.320259,33,60,0.9,27,0.033333333,53
2715.319382,36,65,0.98,29,0.033793103,53
2715.084165,64,78,0.37,14,0.026428571,53
2714.056745,40,71,0.97,31,0.031290323,53
2713.959922,37,65,0.93,28,0.033214286,53
2713.920904,52,89,0.91,37,0.024594595,53
2713.566921,52,57,0.13,5,0.026,53
2713.454875,61,80,0.44,19,0.023157895,53
2713.271391,62,82,0.44,20,0.022,53
2713.195796,43,66,0.72,23,0.031304348,53
2713.051849,61,82,0.47,21,0.022380952,53
2712.499559,59,91,0.66,32,0.020625,53
2712.282104,55,90,0.89,35,0.025428571,53
2712.237894,54,92,0.94,38,0.024736842,53
2712.171267,48,62,0.36,14,0.025714286,53
2712.102905,67,69,0.05,2,0.025,53
2712.102905,66,70,0.1,4,0.025,53
2712.102905,65,71,0.15,6,0.025,53
2712.012156,38,64,0.86,26,0.033076923,53
2711.70666,61,99,0.73,38,0.019210526,53
2711.595928,46,49,0.1,3,0.033333333,53
2711.479413,50,87,0.99,37,0.026756757,53
2711.308776,61,95,0.69,34,0.020294118,53
2711.207294,60,90,0.58,30,0.019333333,53
2711.186783,68,83,0.39,15,0.026,53
2711.03011,61,87,0.66,26,0.025384615,53
2710.848133,64,88,0.62,24,0.025833333,53
2710.663883,54,89,0.82,35,0.023428571,53
2710.508044,54,87,0.93,33,0.028181818,53
2710.359794,50,84,0.91,34,0.026764706,53
2710.324192,43,62,0.52,19,0.027368421,53
2710.304074,53,76,0.8,23,0.034782609,53
2710.212497,68,80,0.25,12,0.020833333,53
2710.127535,59,96,0.93,37,0.025135135,53
2709.968134,47,61,0.37,14,0.026428571,53
2709.817629,61,91,0.6,30,0.02,53
2709.678154,56,71,0.45,15,0.03,53
2709.489343,57,83,0.75,26,0.028846154,53
2709.394089,38,59,0.77,21,0.036666667,53
2709.310952,53,92,0.98,39,0.025128205,53
2709.310952,53,93,0.99,40,0.02475,53
2709.309815,39,57,0.66,18,0.036666667,53
2709.033727,72,79,0.18,7,0.025714286,53
2708.943355,33,58,0.85,25,0.034,53
2708.5102,59,79,0.49,20,0.0245,53
2708.5102,58,80,0.54,22,0.024545455,53
2708.432751,55,75,0.61,20,0.0305,53
2708.301616,36,64,0.95,28,0.033928571,53
2708.193117,38,69,0.11,31,0.003548387,53
2708.141283,49,85,0.97,36,0.026944444,53
2708.012568,64,93,0.54,29,0.01862069,53
2707.877092,62,90,0.72,28,0.025714286,53
2707.817849,40,67,0.73,27,0.027037037,53
2707.557234,65,83,0.38,18,0.021111111,53
2707.556232,55,73,0.63,18,0.035,53
2707.556232,54,74,0.7,20,0.035,53
2706.997737,48,60,0.31,12,0.025833333,53
2706.970022,51,78,0.85,27,0.031481481,53
2706.955924,38,59,0.76,21,0.036190476,53
2706.953354,43,62,0.09,19,0.004736842,53
2706.897185,63,91,0.7,28,0.025,53
2706.897185,62,92,0.75,30,0.025,53
2706.886862,40,56,0.58,16,0.03625,53
2706.533048,50,80,0.94,30,0.031333333,53
2706.377887,56,73,0.52,17,0.030588235,53
2706.325877,59,89,0.77,30,0.025666667,53
2706.298501,39,54,0.54,15,0.036,53
2706.241011,43,59,0.08,16,0.005,53
2706.18386,40,78,0.93,38,0.024473684,53
2706.000917,68,82,0.37,14,0.026428571,53
2706.000917,65,85,0.53,20,0.0265,53
2705.933076,52,79,0.84,27,0.031111111,53
2705.885647,41,69,0.9,28,0.032142857,53
2705.837787,46,63,0.44,17,0.025882353,53
2705.273608,37,60,0.84,23,0.036521739,53
2705.268951,43,67,0.76,24,0.031666667,53
2704.697642,57,86,0.66,29,0.022758621,53
2704.670911,57,92,0.89,35,0.025428571,53
2704.462967,56,82,0.64,26,0.024615385,53
2704.441381,63,80,0.38,17,0.022352941,53
2704.344978,42,67,0.8,25,0.032,53
2704.260075,43,63,0.54,20,0.027,53
2704.224669,62,75,0.39,13,0.03,53
2704.224669,61,76,0.45,15,0.03,53
2704.224669,60,77,0.51,17,0.03,53
2704.224669,59,78,0.57,19,0.03,53
2704.224669,56,82,0.78,26,0.03,53
2704.224669,55,83,0.84,28,0.03,53
2704.224669,54,85,0.92,31,0.029677419,53
2704.224669,53,86,0.98,33,0.02969697,53
2704.172652,64,87,0.45,23,0.019565217,53
2704.161136,56,75,0.55,19,0.028947368,53
2703.986734,64,76,0.28,12,0.023333333,53
2703.560406,61,88,0.55,27,0.02037037,53
2703.487824,58,91,0.72,33,0.021818182,53
2703.281409,36,64,0.97,28,0.034642857,53
2703.2307,56,89,0.74,33,0.022424242,53
2703.108271,68,70,0.06,2,0.03,53
2703.108271,67,71,0.12,4,0.03,53
2703.108271,66,72,0.18,6,0.03,53
2703.108271,65,73,0.24,8,0.03,53
2703.108271,64,74,0.3,10,0.03,53
2703.08938,39,76,0.95,37,0.025675676,53
2702.985466,60,78,0.44,18,0.024444444,53
2702.90511,58,83,0.7,25,0.028,53
2702.505216,43,73,0.75,30,0.025,53
2702.487053,59,80,0.5,21,0.023809524,53
2702.438673,59,91,0.67,32,0.0209375,53
2702.405946,42,64,0.59,22,0.026818182,53
2702.31009,61,98,0.72,37,0.019459459,53
2702.114909,41,55,0.51,14,0.036428571,53
2701.921623,60,90,0.62,30,0.020666667,53
2701.859416,56,68,0.38,12,0.031666667,53
2701.176504,65,82,0.47,17,0.027647059,53
2701.105119,67,80,0.36,13,0.027692308,53
2701.085164,73,78,0.13,5,0.026,53
2701.085164,70,82,0.31,12,0.025833333,53
2701.085164,69,82,0.34,13,0.026153846,53
2701.085164,66,86,0.52,20,0.026,53
2701.085164,65,87,0.57,22,0.025909091,53
2700.899214,43,75,0.76,32,0.02375,53
2700.662057,75,81,0.11,6,0.018333333,53
2700.57665,66,91,0.46,25,0.0184,53
2700.462374,51,85,0.92,34,0.027058824,53
2700.441554,61,92,0.8,31,0.025806452,53
2700.125685,58,95,0.97,37,0.026216216,53
2700.109579,54,88,0.94,34,0.027647059,53
2700.066668,51,72,0.77,21,0.036666667,53
2699.924894,61,92,0.79,31,0.025483871,53
2699.499677,58,99,0.83,41,0.020243902,53
2699.4382,35,62,0.95,27,0.035185185,53
2699.408378,40,71,0.96,31,0.030967742,53
2699.302043,57,73,0.49,16,0.030625,53
2699.269801,41,52,0.42,11,0.038181818,53
2699.201525,60,89,0.61,29,0.021034483,53
2698.92515,58,87,0.72,29,0.024827586,53
2698.92515,57,88,0.77,31,0.02483871,53
2698.781598,52,83,0.85,31,0.027419355,53
2698.755368,54,76,0.67,22,0.030454545,53
2698.677613,38,54,0.63,16,0.039375,53
2698.657834,58,79,0.63,21,0.03,53
2698.657834,57,80,0.69,23,0.03,53
2698.657834,54,84,0.9,30,0.03,53
2698.619517,36,57,0.82,21,0.039047619,53
2698.382229,60,81,0.49,21,0.023333333,53
2698.138559,45,64,0.49,19,0.025789474,53
2698.029388,53,70,0.62,17,0.036470588,53
2697.869042,62,97,0.68,35,0.019428571,53
2697.845294,58,82,0.68,24,0.028333333,53
2697.82117,47,58,0.04,11,0.003636364,53
2697.662503,64,87,0.61,23,0.026521739,53
2697.428841,59,94,0.92,35,0.026285714,53
2697.353626,41,66,0.67,25,0.0268,53
2697.321788,57,81,0.59,24,0.024583333,53
2697.290545,44,65,0.66,21,0.031428571,53
2697.290545,43,66,0.73,23,0.03173913,53
2697.269235,59,94,0.9,35,0.025714286,53
2697.225353,43,67,0.62,24,0.025833333,53
2697.12784,63,75,0.29,12,0.024166667,53
2696.925032,73,76,0.08,3,0.026666667,53
2696.925032,70,79,0.24,9,0.026666667,53
2696.798339,56,69,0.46,13,0.035384615,53
2696.661019,41,64,0.09,23,0.003913043,53
2696.615267,69,88,0.35,19,0.018421053,53
2696.466989,46,63,0.45,17,0.026470588,53
2696.417142,55,74,0.58,19,0.030526316,53
2696.413975,40,56,0.55,16,0.034375,53
2696.383479,47,57,0.27,10,0.027,53
2696.148982,34,60,0.99,26,0.038076923,53
2696.025447,59,68,0.32,9,0.035555556,53
2696.017013,58,65,0.25,7,0.035714286,53
2696.017013,53,71,0.64,18,0.035555556,53
2696.017013,52,72,0.71,20,0.0355,53
2695.935124,59,98,0.78,39,0.02,53
2695.935124,58,99,0.82,41,0.02,53
2695.600111,61,79,0.51,18,0.028333333,53
2695.408642,41,49,0.32,8,0.04,53
2695.408642,40,50,0.4,10,0.04,53
2695.408642,39,51,0.48,12,0.04,53
2695.034676,62,79,0.39,17,0.022941176,53
2695.011522,55,74,0.59,19,0.031052632,53
2694.973653,67,75,0.21,8,0.02625,53
2694.876085,44,65,0.67,21,0.031904762,53
2694.732783,66,83,0.33,17,0.019411765,53
2694.724866,54,70,0.51,16,0.031875,53
2694.654442,64,84,0.42,20,0.021,53
2694.412113,60,93,0.86,33,0.026060606,53
2694.412113,59,95,0.93,36,0.025833333,53
2694.262455,58,66,0.25,8,0.03125,53
2694.051612,34,97,0.17,63,0.002698413,53
2694.03113,44,66,0.69,22,0.031363636,53
2693.996602,54,70,0.57,16,0.035625,53
2693.900826,58,80,0.53,22,0.024090909,53
2693.884034,65,81,0.34,16,0.02125,53
2693.833863,60,95,0.87,35,0.024857143,53
2693.789879,40,65,0.1,25,0.004,53
2693.667788,36,54,0.68,18,0.037777778,53
2693.518255,41,69,0.88,28,0.031428571,53
2693.469199,54,69,0.54,15,0.036,53
2693.447546,63,89,0.67,26,0.025769231,53
2693.363229,54,75,0.65,21,0.030952381,53
2693.319184,61,91,0.78,30,0.026,53
2693.319184,58,95,0.96,37,0.025945946,53
2693.030854,57,73,0.48,16,0.03,53
2693.030854,56,74,0.54,18,0.03,53
2692.975221,44,66,0.57,22,0.025909091,53
2692.962479,39,69,0.1,30,0.003333333,53
2692.948765,55,75,0.62,20,0.031,53
2692.821514,50,64,0.34,14,0.024285714,53
2692.818175,60,97,0.74,37,0.02,53
2692.443896,35,61,0.98,26,0.037692308,53
2692.190975,38,52,0.47,14,0.033571429,53
2692.07733,58,96,0.99,38,0.026052632,53
2691.964022,56,81,0.66,25,0.0264,53
2691.958719,66,85,0.5,19,0.026315789,53
2691.931174,62,87,0.61,25,0.0244,53
2691.931174,61,88,0.66,27,0.024444444,53
2691.835469,35,59,0.93,24,0.03875,53
2691.777907,54,77,0.7,23,0.030434783,53
2691.763871,56,93,0.95,37,0.025675676,53
2691.667531,46,59,0.35,13,0.026923077,53
2691.65533,52,84,0.87,32,0.0271875,53
2691.65533,51,86,0.94,35,0.026857143,53
2691.519042,53,72,0.67,19,0.035263158,53
2691.504796,39,84,0.42,45,0.009333333,53
2691.461163,64,83,0.49,19,0.025789474,53
2691.335557,70,80,0.26,10,0.026,53
2691.232633,49,60,0.29,11,0.026363636,53
2690.869491,51,84,0.91,33,0.027575758,53
2690.869491,50,86,0.98,36,0.027222222,53
2690.852272,39,58,0.68,19,0.035789474,53
2690.760884,47,63,0.42,16,0.02625,53
2690.68997,54,84,0.79,30,0.026333333,53
2690.635367,58,83,0.59,25,0.0236,53
2690.635367,56,86,0.7,30,0.023333333,53
2690.628895,62,91,0.74,29,0.025517241,53
2690.628895,60,93,0.85,33,0.025757576,53
2690.628895,59,95,0.92,36,0.025555556,53
2690.381419,53,85,0.85,32,0.0265625,53
2690.381419,52,86,0.91,34,0.026764706,53
2690.301687,63,86,0.48,23,0.020869565,53
2690.245625,56,74,0.55,18,0.030555556,53
2690.155541,37,62,0.86,25,0.0344,53
2690.005339,62,77,0.36,15,0.024,53
2689.711987,57,82,0.6,25,0.024,53
2689.703906,58,64,0.22,6,0.036666667,53
2689.605121,60,92,0.85,32,0.0265625,53
2689.374089,38,53,0.57,15,0.038,53
2689.366918,50,83,0.97,33,0.029393939,53
2689.31407,49,75,0.94,26,0.036153846,53
2689.307054,62,93,0.72,31,0.023225806,53
2689.307054,61,94,0.77,33,0.023333333,53
2689.307054,60,95,0.82,35,0.023428571,53
2689.269741,71,81,0.26,10,0.026,53
2689.269741,67,85,0.47,18,0.026111111,53
2689.142987,63,88,0.67,25,0.0268,53
2688.969605,58,83,0.58,25,0.0232,53
2688.9207,62,77,0.35,15,0.023333333,53
2688.808511,37,60,0.79,23,0.034347826,53
2688.741385,53,84,0.94,31,0.030322581,53
2688.740203,61,93,0.81,32,0.0253125,53
2688.668515,47,62,0.39,15,0.026,53
2688.599853,41,70,0.89,29,0.030689655,53
2688.599853,40,71,0.95,31,0.030645161,53
2688.548692,59,90,0.77,31,0.02483871,53
2688.548692,56,94,0.94,38,0.024736842,53
2688.542226,42,65,0.61,23,0.026521739,53
2688.52715,55,84,0.72,29,0.024827586,53
2688.517916,45,65,0.51,20,0.0255,53
2688.319671,60,69,0.28,9,0.031111111,53
2688.277936,72,83,0.21,11,0.019090909,53
2687.901114,64,83,0.53,19,0.027894737,53
2687.901114,61,87,0.72,26,0.027692308,53
2687.901114,57,92,0.97,35,0.027714286,53
2687.858263,61,98,0.73,37,0.01972973,53
2687.858263,60,99,0.77,39,0.01974359,53
2687.722856,36,59,0.81,23,0.035217391,53
2687.596287,61,86,0.71,25,0.0284,53
2687.554993,69,77,0.17,8,0.02125,53
2687.536705,59,70,0.34,11,0.030909091,53
2687.453246,42,74,0.8,32,0.025,53
2687.395945,53,78,0.76,25,0.0304,53
2687.352214,56,73,0.53,17,0.031176471,53
2687.352214,53,76,0.72,23,0.031304348,53
2687.176599,58,81,0.69,23,0.03,53
2687.12715,52,77,0.87,25,0.0348,53
2687.065048,61,96,0.7,35,0.02,53
2686.935962,60,68,0.25,8,0.03125,53
2686.835651,60,79,0.45,19,0.023684211,53
2686.691915,45,67,0.55,22,0.025,53
2686.620264,67,82,0.29,15,0.019333333,53
2686.194789,60,89,0.63,29,0.021724138,53
2686.178743,67,73,0.14,6,0.023333333,53
2686.082678,40,57,0.58,17,0.034117647,53
2685.939454,66,80,0.29,14,0.020714286,53
2685.640014,60,96,0.73,36,0.020277778,53
2685.584747,50,81,0.96,31,0.030967742,53
2685.56254,50,87,0.97,37,0.026216216,53
2685.539571,65,74,0.25,9,0.027777778,53
2685.408215,58,96,0.97,38,0.025526316,53
2685.16216,37,64,0.92,27,0.034074074,53
2685.110055,57,84,0.76,27,0.028148148,53
2685.072267,49,75,0.95,26,0.036538462,53
2684.977035,55,78,0.65,23,0.02826087,53
2684.970041,42,63,0.09,21,0.004285714,53
2684.932866,51,79,0.86,28,0.030714286,53
2684.911444,59,87,0.77,28,0.0275,53
2684.761009,67,82,0.4,15,0.026666667,53
2684.588665,53,91,0.97,38,0.025526316,53
2684.579898,44,64,0.53,20,0.0265,53
2684.302701,62,89,0.54,27,0.02,53
2683.9129,52,78,0.81,26,0.031153846,53
2683.848941,59,82,0.54,23,0.023478261,53
2683.807327,59,93,0.91,34,0.026764706,53
2683.778187,65,85,0.38,20,0.019,53
2683.731216,60,87,0.77,27,0.028518519,53
2683.731216,59,88,0.83,29,0.02862069,53
2683.711689,58,72,0.43,14,0.030714286,53
2683.709749,58,70,0.37,12,0.030833333,53
2683.492187,60,77,0.42,17,0.024705882,53
2683.318972,54,75,0.66,21,0.031428571,53
2683.239353,57,99,0.97,42,0.023095238,53
2683.210458,61,89,0.58,28,0.020714286,53
2683.108932,63,92,0.59,29,0.020344828,53
2683.106331,53,78,0.77,25,0.0308,53
2683.047061,37,59,0.83,22,0.037727273,53
2683.031632,41,67,0.69,26,0.026538462,53
2682.831779,64,65,0.03,1,0.03,53
2682.831779,63,66,0.09,3,0.03,53
2682.831779,62,67,0.15,5,0.03,53
2682.831779,61,68,0.21,7,0.03,53
2682.831779,60,69,0.27,9,0.03,53
2682.831779,59,70,0.33,11,0.03,53
2682.686443,42,67,0.79,25,0.0316,53
2682.073,64,80,0.36,16,0.0225,53
2681.960384,63,87,0.46,24,0.019166667,53
2681.948953,67,85,0.46,18,0.025555556,53
2681.847073,44,72,0.69,28,0.024642857,53
2681.757941,71,79,0.21,8,0.02625,53
2681.757941,67,83,0.42,16,0.02625,53
2681.757941,64,86,0.58,22,0.026363636,53
2681.757941,64,87,0.6,23,0.026086957,53
2681.743762,53,73,0.61,20,0.0305,53
2681.630116,62,89,0.71,27,0.026296296,53
2681.615788,50,82,0.96,32,0.03,53
2681.551676,52,77,0.78,25,0.0312,53
2681.46884,72,78,0.16,6,0.026666667,53
2681.4554,41,76,0.88,35,0.025142857,53
2681.357471,47,58,0.3,11,0.027272727,53
2681.290148,49,56,0.19,7,0.027142857,53
2681.149245,42,75,0.82,33,0.024848485,53
2681.044299,52,73,0.74,21,0.035238095,53
2681.044299,51,74,0.81,23,0.035217391,53
2680.931114,66,87,0.54,21,0.025714286,53
2680.871988,39,68,0.1,29,0.003448276,53
2680.825514,53,87,0.84,34,0.024705882,53
2680.704236,41,70,0.91,29,0.03137931,53
2680.638225,56,89,0.83,33,0.025151515,53
2680.638225,55,91,0.89,36,0.024722222,53
2680.558773,58,98,0.92,40,0.023,53
2680.486346,66,81,0.42,15,0.028,53
2680.486346,63,84,0.59,21,0.028095238,53
2680.486346,59,89,0.84,30,0.028,53
2680.430091,34,98,0.17,64,0.00265625,53
2680.422499,64,90,0.61,26,0.023461538,53
2680.422499,63,91,0.66,28,0.023571429,53
2680.422499,62,92,0.71,30,0.023666667,53
2680.287407,69,83,0.36,14,0.025714286,53
2680.287407,65,88,0.59,23,0.025652174,53
2680.243017,36,55,0.72,19,0.037894737,53
2680.169275,59,97,0.88,38,0.023157895,53
2679.820331,39,56,0.64,17,0.037647059,53
2679.767735,70,76,0.17,6,0.028333333,53
2679.767483,38,57,0.72,19,0.037894737,53
2679.755339,68,82,0.28,14,0.02,53
2679.755339,67,83,0.32,16,0.02,53
2679.697178,42,52,0.38,10,0.038,53
2679.654198,43,73,0.73,30,0.024333333,53
2679.554906,51,88,0.97,37,0.026216216,53
2679.290228,46,65,0.49,19,0.025789474,53
2679.277463,41,72,0.86,31,0.027741935,53
2679.142813,41,71,0.85,30,0.028333333,53
2679.029008,42,70,0.79,28,0.028214286,53
2679.017645,55,87,0.75,32,0.0234375,53
2678.97199,66,89,0.45,23,0.019565217,53
2678.945222,42,64,0.6,22,0.027272727,53
2678.842808,38,86,0.44,48,0.009166667,53
2678.821801,64,94,0.59,30,0.019666667,53
2678.807815,43,52,0.3,9,0.033333333,53
2678.627722,54,74,0.63,20,0.0315,53
2678.623652,36,62,0.96,26,0.036923077,53
2678.540842,56,85,0.69,29,0.023793103,53
2678.482494,68,84,0.41,16,0.025625,53
2678.415473,62,92,0.76,30,0.025333333,53
2678.378384,53,99,0.94,46,0.020434783,53
2678.194642,62,90,0.56,28,0.02,53
2678.167758,50,54,0.02,4,0.005,53
2678.167758,49,55,0.03,6,0.005,53
2678.147059,39,60,0.71,21,0.033809524,53
2678.13249,52,86,0.87,34,0.025588235,53
2678.102191,65,89,0.46,24,0.019166667,53
2678.074131,58,72,0.42,14,0.03,53
2678.074131,52,79,0.81,27,0.03,53
2678.032053,64,90,0.5,26,0.019230769,53
2677.99933,47,62,0.47,15,0.031333333,53
2677.638284,59,64,0.18,5,0.036,53
2677.579492,60,88,0.78,28,0.027857143,53
2677.369822,40,53,0.5,13,0.038461538,53
2677.268507,40,72,0.91,32,0.0284375,53
2677.246452,40,56,0.59,16,0.036875,53
2677.15478,40,73,0.93,33,0.028181818,53
2677.097112,51,80,0.9,29,0.031034483,53
2677.07144,41,65,0.65,24,0.027083333,53
2677.068079,56,72,0.5,16,0.03125,53
2677.008087,65,86,0.56,21,0.026666667,53
2676.929593,36,65,0.97,29,0.033448276,53
2676.813115,61,88,0.57,27,0.021111111,53
2676.656416,68,79,0.28,11,0.025454545,53
2676.648792,59,84,0.66,25,0.0264,53
2676.601339,35,63,0.97,28,0.034642857,53
2676.496828,53,80,0.76,27,0.028148148,53
2676.496828,52,81,0.82,29,0.028275862,53
2676.16685,66,89,0.44,23,0.019130435,53
2676.158876,53,89,0.97,36,0.026944444,53
2676.152914,52,79,0.82,27,0.03037037,53
2676.121421,63,96,0.63,33,0.019090909,53
2676.106968,53,75,0.69,22,0.031363636,53
