% profit,ema1,ema2,threshold,diff,thresh / diff,ID
3979.887999,44,50,0.22,6,0.036666667,24
3887.872666,42,53,0.4,11,0.036363636,24
3863.317665,45,50,0.18,5,0.036,24
3851.925638,37,64,0.91,27,0.033703704,24
3849.894767,38,62,0.82,24,0.034166667,24
3843.096496,39,57,0.65,18,0.036111111,24
3827.316827,41,55,0.5,14,0.035714286,24
3823.36598,37,63,0.9,26,0.034615385,24
3821.597947,45,67,0.61,22,0.027727273,24
3817.978163,42,54,0.43,12,0.035833333,24
3799.494827,40,59,0.66,19,0.034736842,24
3790.734292,45,53,0.28,8,0.035,24
3773.213812,41,58,0.59,17,0.034705882,24
3768.96979,38,61,0.8,23,0.034782609,24
3765.815056,43,53,0.35,10,0.035,24
3764.492121,40,59,0.65,19,0.034210526,24
3761.588286,39,61,0.75,22,0.034090909,24
3750.829151,41,56,0.53,15,0.035333333,24
3750.829151,40,57,0.6,17,0.035294118,24
3744.712942,38,62,0.83,24,0.034583333,24
3742.839573,42,56,0.49,14,0.035,24
3742.839573,41,57,0.56,16,0.035,24
3742.768392,44,52,0.28,8,0.035,24
3735.700665,37,64,0.92,27,0.034074074,24
3735.514599,39,58,0.68,19,0.035789474,24
3735.023165,39,59,0.7,20,0.035,24
3731.509071,39,60,0.73,21,0.034761905,24
3728.102699,39,60,0.72,21,0.034285714,24
3727.556795,43,54,0.39,11,0.035454545,24
3724.670814,44,54,0.35,10,0.035,24
3722.929681,42,55,0.46,13,0.035384615,24
3721.795479,43,55,0.42,12,0.035,24
3718.850235,43,70,0.74,27,0.027407407,24
3715.457139,38,60,0.78,22,0.035454545,24
3704.485912,40,56,0.58,16,0.03625,24
3693.600563,44,53,0.32,9,0.035555556,24
3692.455351,47,65,0.5,18,0.027777778,24
3692.258973,46,67,0.67,21,0.031904762,24
3689.24907,43,53,0.36,10,0.036,24
3682.472522,40,58,0.63,18,0.035,24
3677.216407,44,49,0.19,5,0.038,24
3675.771912,46,49,0.11,3,0.036666667,24
3665.975039,58,70,0.39,12,0.0325,24
3663.836147,43,69,0.72,26,0.027692308,24
3663.056059,41,57,0.55,16,0.034375,24
3662.696694,40,58,0.62,18,0.034444444,24
3661.887805,47,49,0.07,2,0.035,24
3661.887805,46,50,0.14,4,0.035,24
3661.887805,45,51,0.21,6,0.035,24
3661.843706,42,71,0.8,29,0.027586207,24
3660.541084,37,62,0.88,25,0.0352,24
3660.341676,41,56,0.52,15,0.034666667,24
3658.579319,40,55,0.55,15,0.036666667,24
3658.268533,41,54,0.47,13,0.036153846,24
3652.511432,41,73,0.87,32,0.0271875,24
3648.538177,38,59,0.76,21,0.036190476,24
3648.166836,43,52,0.33,9,0.036666667,24
3640.410141,42,72,0.82,30,0.027333333,24
3634.27925,56,72,0.52,16,0.0325,24
3631.402464,40,57,0.61,17,0.035882353,24
3628.893436,44,51,0.25,7,0.035714286,24
3627.093092,61,70,0.28,9,0.031111111,24
3619.524831,62,66,0.13,4,0.0325,24
3619.524831,60,68,0.26,8,0.0325,24
3615.183268,49,77,0.98,28,0.035,24
3608.91934,40,50,0.34,10,0.034,24
3607.566374,41,55,0.51,14,0.036428571,24
3605.905474,45,68,0.63,23,0.027391304,24
3592.756104,55,73,0.59,18,0.032777778,24
3591.269995,52,73,0.74,21,0.035238095,24
3589.603179,47,66,0.52,19,0.027368421,24
3586.463145,51,61,0.27,10,0.027,24
3586.200284,36,64,0.98,28,0.035,24
3574.451514,43,71,0.76,28,0.027142857,24
3573.667168,38,57,0.68,19,0.035789474,24
3564.412517,40,74,0.93,34,0.027352941,24
3563.191669,59,68,0.31,9,0.034444444,24
3563.092073,46,66,0.54,20,0.027,24
3562.597053,58,70,0.4,12,0.033333333,24
3559.119675,39,59,0.71,20,0.0355,24
3555.520871,57,71,0.47,14,0.033571429,24
3554.664327,58,69,0.38,11,0.034545455,24
3554.664327,57,70,0.45,13,0.034615385,24
3554.123173,50,77,0.93,27,0.034444444,24
3553.34708,50,76,0.9,26,0.034615385,24
3551.006042,56,71,0.52,15,0.034666667,24
3549.564068,38,62,0.84,24,0.035,24
3547.919298,60,66,0.21,6,0.035,24
3547.620855,42,48,0.2,6,0.033333333,24
3546.846715,42,51,0.34,9,0.037777778,24
3545.451585,44,69,0.69,25,0.0276,24
3543.630909,62,64,0.07,2,0.035,24
3543.630909,61,65,0.14,4,0.035,24
3541.482083,59,71,0.38,12,0.031666667,24
3541.062864,56,70,0.48,14,0.034285714,24
3539.825113,53,73,0.7,20,0.035,24
3539.825113,52,74,0.77,22,0.035,24
3539.520963,53,58,0.14,5,0.028,24
3538.403391,62,67,0.16,5,0.032,24
3538.050637,59,67,0.28,8,0.035,24
3538.050637,58,68,0.35,10,0.035,24
3537.676957,56,72,0.54,16,0.03375,24
3534.342084,55,73,0.61,18,0.033888889,24
3534.287854,55,70,0.53,15,0.035333333,24
3534.287854,54,71,0.6,17,0.035294118,24
3534.287854,53,72,0.67,19,0.035263158,24
3532.453512,42,52,0.37,10,0.037,24
3524.48595,49,78,0.99,29,0.034137931,24
3524.124436,39,60,0.74,21,0.035238095,24
3522.680556,55,72,0.59,17,0.034705882,24
3522.144138,51,75,0.84,24,0.035,24
3522.144138,50,76,0.91,26,0.035,24
3521.157113,41,72,0.85,31,0.027419355,24
3520.721057,53,80,0.85,27,0.031481481,24
3520.440824,50,79,0.97,29,0.033448276,24
3518.37585,54,74,0.68,20,0.034,24
3516.697052,55,71,0.55,16,0.034375,24
3516.697052,54,72,0.62,18,0.034444444,24
3515.763047,54,74,0.67,20,0.0335,24
3513.808985,51,76,0.86,25,0.0344,24
3513.75019,60,77,0.5,17,0.029411765,24
3513.713851,61,76,0.44,15,0.029333333,24
3512.880174,54,73,0.66,19,0.034736842,24
3512.706099,58,69,0.37,11,0.033636364,24
3512.706099,55,73,0.6,18,0.033333333,24
3512.485676,39,75,0.98,36,0.027222222,24
3512.198638,60,67,0.24,7,0.034285714,24
3512.106423,51,77,0.89,26,0.034230769,24
3512.106423,50,78,0.96,28,0.034285714,24
3511.956286,52,76,0.82,24,0.034166667,24
3510.974647,51,81,0.99,30,0.033,24
3510.404279,60,72,0.37,12,0.030833333,24
3509.825663,57,69,0.42,12,0.035,24
3509.459758,38,61,0.81,23,0.035217391,24
3508.834872,41,47,0.23,6,0.038333333,24
3508.777348,53,75,0.74,22,0.033636364,24
3508.052927,52,80,0.91,28,0.0325,24
3507.806589,50,77,0.92,27,0.034074074,24
3506.254271,50,61,0.31,11,0.028181818,24
3505.213352,41,52,0.42,11,0.038181818,24
3504.952808,37,58,0.77,21,0.036666667,24
3503.058065,51,81,0.98,30,0.032666667,24
3502.779269,52,75,0.78,23,0.033913043,24
3502.716048,60,70,0.32,10,0.032,24
3501.830319,56,76,0.63,20,0.0315,24
3501.399691,44,52,0.29,8,0.03625,24
3501.232132,54,77,0.76,23,0.033043478,24
3500.859277,54,74,0.69,20,0.0345,24
3500.859277,53,75,0.76,22,0.034545455,24
3500.025305,55,76,0.69,21,0.032857143,24
3499.868208,57,74,0.54,17,0.031764706,24
3499.476389,51,76,0.85,25,0.034,24
3497.264599,62,69,0.22,7,0.031428571,24
3497.264599,59,72,0.41,13,0.031538462,24
3496.844071,54,78,0.76,24,0.031666667,24
3496.728437,54,73,0.64,19,0.033684211,24
3496.728437,50,78,0.94,28,0.033571429,24
3496.653045,52,79,0.9,27,0.033333333,24
3494.930861,54,72,0.63,18,0.035,24
3494.763038,63,74,0.32,11,0.029090909,24
3494.763038,62,75,0.38,13,0.029230769,24
3494.758056,37,63,0.91,26,0.035,24
3494.56032,61,66,0.17,5,0.034,24
3494.003598,63,66,0.1,3,0.033333333,24
3494.003598,57,73,0.53,16,0.033125,24
3493.856003,55,76,0.67,21,0.031904762,24
3493.856003,53,78,0.8,25,0.032,24
3492.598067,56,69,0.46,13,0.035384615,24
3491.572826,54,79,0.78,25,0.0312,24
3491.359081,53,74,0.71,21,0.033809524,24
3491.161606,52,76,0.81,24,0.03375,24
3491.13961,60,71,0.35,11,0.031818182,24
3490.836917,52,80,0.89,28,0.031785714,24
3490.385005,40,49,0.31,9,0.034444444,24
3489.620989,58,73,0.47,15,0.031333333,24
3489.599047,36,65,0.98,29,0.033793103,24
3489.335216,39,50,0.39,11,0.035454545,24
3489.171093,37,63,0.89,26,0.034230769,24
3488.937887,52,80,0.92,28,0.032857143,24
3488.682916,36,60,0.85,24,0.035416667,24
3488.41796,55,77,0.69,22,0.031363636,24
3488.262657,48,63,0.42,15,0.028,24
3487.869376,51,77,0.88,26,0.033846154,24
3485.861355,49,63,0.39,14,0.027857143,24
3484.836011,56,71,0.51,15,0.034,24
3484.72344,57,72,0.51,15,0.034,24
3483.947501,37,61,0.86,24,0.035833333,24
3483.625898,62,68,0.19,6,0.031666667,24
3481.336265,57,68,0.39,11,0.035454545,24
3480.932498,63,71,0.24,8,0.03,24
3480.852386,51,80,0.97,29,0.033448276,24
3480.495097,50,77,0.94,27,0.034814815,24
3480.460616,52,81,0.92,29,0.031724138,24
3480.126563,53,74,0.73,21,0.034761905,24
3480.126563,52,75,0.8,23,0.034782609,24
3480.126563,51,76,0.87,25,0.0348,24
3479.823676,42,73,0.98,31,0.031612903,24
3479.789293,58,68,0.34,10,0.034,24
3479.76285,52,76,0.8,24,0.033333333,24
3479.3407,46,66,0.56,20,0.028,24
3478.983778,57,77,0.61,20,0.0305,24
3478.273345,53,78,0.82,25,0.0328,24
3478.273345,52,78,0.86,26,0.033076923,24
3478.273345,51,80,0.95,29,0.032758621,24
3477.099744,56,70,0.49,14,0.035,24
3477.099744,55,71,0.56,16,0.035,24
3476.459972,56,74,0.6,18,0.033333333,24
3476.313047,62,65,0.1,3,0.033333333,24
3476.313047,59,68,0.3,9,0.033333333,24
3476.313047,56,71,0.5,15,0.033333333,24
3476.313047,54,74,0.66,20,0.033,24
3476.313047,53,75,0.73,22,0.033181818,24
3476.015961,39,58,0.67,19,0.035263158,24
3475.731153,51,77,0.87,26,0.033461538,24
3474.115316,38,63,0.84,25,0.0336,24
3473.234077,46,67,0.58,21,0.027619048,24
3473.18122,59,70,0.37,11,0.033636364,24
3472.93154,51,79,0.93,28,0.033214286,24
3472.738591,40,56,0.57,16,0.035625,24
3472.487175,55,72,0.57,17,0.033529412,24
3472.107305,53,75,0.75,22,0.034090909,24
3472.107305,50,78,0.95,28,0.033928571,24
3471.845625,59,69,0.33,10,0.033,24
3470.553161,52,76,0.83,24,0.034583333,24
3470.378822,59,78,0.56,19,0.029473684,24
3470.2012,60,69,0.3,9,0.033333333,24
3470.2012,57,72,0.5,15,0.033333333,24
3469.703546,37,58,0.76,21,0.036190476,24
3469.16205,45,69,0.6,24,0.025,24
3469.16205,44,70,0.65,26,0.025,24
3469.087265,55,72,0.58,17,0.034117647,24
3469.087265,54,73,0.65,19,0.034210526,24
3469.087265,53,74,0.72,21,0.034285714,24
3469.087265,52,75,0.79,23,0.034347826,24
3467.31013,54,76,0.74,22,0.033636364,24
3467.195435,42,54,0.42,12,0.035,24
3466.745714,55,75,0.66,20,0.033,24
3466.737037,36,65,0.99,29,0.034137931,24
3465.061893,40,73,0.91,33,0.027575758,24
3464.55834,53,76,0.78,23,0.033913043,24
3464.55834,51,79,0.94,28,0.033571429,24
3464.41586,44,49,0.18,5,0.036,24
3462.655813,58,72,0.45,14,0.032142857,24
3462.655813,56,74,0.58,18,0.032222222,24
3462.315053,57,69,0.41,12,0.034166667,24
3462.284871,57,70,0.44,13,0.033846154,24
3462.182765,57,71,0.46,14,0.032857143,24
3462.182765,56,72,0.53,16,0.033125,24
3462.169658,53,77,0.81,24,0.03375,24
3461.794327,38,59,0.75,21,0.035714286,24
3461.779932,55,77,0.7,22,0.031818182,24
3461.421118,54,76,0.73,22,0.033181818,24
3461.421118,52,79,0.89,27,0.032962963,24
3460.467994,56,73,0.58,17,0.034117647,24
3460.239167,52,78,0.85,26,0.032692308,24
3459.59089,43,68,0.7,25,0.028,24
3459.024968,45,48,0.11,3,0.036666667,24
3458.270103,58,71,0.43,13,0.033076923,24
3458.270103,55,74,0.63,19,0.033157895,24
3458.16551,53,79,0.84,26,0.032307692,24
3458.16551,51,82,0.99,31,0.031935484,24
3456.972898,53,78,0.83,25,0.0332,24
3456.84913,53,79,0.83,26,0.031923077,24
3456.808179,59,70,0.36,11,0.032727273,24
3456.808179,57,72,0.49,15,0.032666667,24
3456.808179,55,75,0.65,20,0.0325,24
3456.808179,53,77,0.78,24,0.0325,24
3456.437865,51,75,0.83,24,0.034583333,24
3456.290042,53,73,0.69,20,0.0345,24
3456.290042,52,74,0.76,22,0.034545455,24
3456.058776,40,74,0.92,34,0.027058824,24
3455.744407,55,58,0.07,3,0.023333333,24
3455.457983,55,75,0.67,20,0.0335,24
3454.436423,52,80,0.9,28,0.032142857,24
3454.420697,37,62,0.89,25,0.0356,24
3453.894287,52,79,0.87,27,0.032222222,24
3453.820216,57,73,0.52,16,0.0325,24
3453.44803,41,73,0.88,32,0.0275,24
3453.241982,54,76,0.72,22,0.032727273,24
3452.300278,51,80,0.94,29,0.032413793,24
3451.011027,58,73,0.48,15,0.032,24
3451.011027,56,75,0.61,19,0.032105263,24
3450.908771,51,81,0.96,30,0.032,24
3450.316391,52,61,0.21,9,0.023333333,24
3450.018406,61,68,0.23,7,0.032857143,24
3449.519363,54,77,0.75,23,0.032608696,24
3449.519363,53,77,0.79,24,0.032916667,24
3449.001614,56,73,0.56,17,0.032941176,24
3448.500094,53,78,0.81,25,0.0324,24
3448.28287,43,72,0.72,29,0.024827586,24
3448.078761,45,52,0.25,7,0.035714286,24
3447.212222,63,67,0.13,4,0.0325,24
3447.212222,61,69,0.26,8,0.0325,24
3445.296152,59,74,0.46,15,0.030666667,24
3445.080419,59,71,0.39,12,0.0325,24
3445.080419,54,77,0.74,23,0.032173913,24
3444.036539,56,73,0.57,17,0.033529412,24
3444.036539,53,77,0.8,24,0.033333333,24
3444.036539,51,80,0.96,29,0.033103448,24
3443.62945,51,79,0.92,28,0.032857143,24
3443.270161,43,50,0.26,7,0.037142857,24
3443.038926,45,66,0.59,21,0.028095238,24
3442.390711,51,78,0.89,27,0.032962963,24
3441.359925,55,75,0.64,20,0.032,24
3440.787512,55,74,0.64,19,0.033684211,24
3440.787512,52,78,0.87,26,0.033461538,24
3440.160728,40,54,0.51,14,0.036428571,24
3440.028994,60,73,0.4,13,0.030769231,24
3439.838299,58,71,0.44,13,0.033846154,24
3439.457107,41,52,0.4,11,0.036363636,24
3438.840466,51,79,0.95,28,0.033928571,24
3438.693374,52,78,0.88,26,0.033846154,24
3438.601128,50,79,0.96,29,0.033103448,24
3438.365881,60,69,0.29,9,0.032222222,24
3438.084364,58,72,0.46,14,0.032857143,24
3437.31068,51,77,0.9,26,0.034615385,24
3437.163425,58,67,0.32,9,0.035555556,24
3436.389948,54,78,0.77,24,0.032083333,24
3435.835357,36,59,0.84,23,0.036521739,24
3431.841722,35,60,0.92,25,0.0368,24
3431.274643,57,73,0.51,16,0.031875,24
3431.274643,56,75,0.6,19,0.031578947,24
3431.27186,50,78,0.97,28,0.034642857,24
3430.709085,38,51,0.47,13,0.036153846,24
3429.766173,32,55,0.93,23,0.040434783,24
3428.797681,56,74,0.59,18,0.032777778,24
3428.797681,52,79,0.88,27,0.032592593,24
3428.797681,51,81,0.97,30,0.032333333,24
3428.483275,57,75,0.56,18,0.031111111,24
3427.51696,57,74,0.55,17,0.032352941,24
3427.51696,55,76,0.68,21,0.032380952,24
3427.127911,40,75,0.94,35,0.026857143,24
3426.345598,35,60,0.9,25,0.036,24
3426.345598,34,61,0.98,27,0.036296296,24
3425.232278,54,75,0.71,21,0.033809524,24
3424.585604,45,68,0.74,23,0.032173913,24
3422.737998,40,53,0.47,13,0.036153846,24
3422.611327,44,69,0.67,25,0.0268,24
3421.557723,43,71,0.89,28,0.031785714,24
3421.093491,61,71,0.31,10,0.031,24
3420.767124,36,63,0.96,27,0.035555556,24
3417.802304,36,64,0.97,28,0.034642857,24
3414.850365,42,73,0.97,31,0.031290323,24
3414.793837,49,62,0.37,13,0.028461538,24
3414.283954,41,70,0.81,29,0.027931034,24
3413.317492,40,59,0.67,19,0.035263158,24
3412.989335,38,60,0.77,22,0.035,24
3411.826652,49,63,0.38,14,0.027142857,24
3411.642745,35,61,0.93,26,0.035769231,24
3409.332082,40,58,0.64,18,0.035555556,24
3408.894135,38,56,0.66,18,0.036666667,24
3408.854157,41,53,0.43,12,0.035833333,24
3407.58777,55,74,0.65,19,0.034210526,24
3407.368631,43,70,0.75,27,0.027777778,24
3407.049593,44,68,0.67,24,0.027916667,24
3405.718053,48,66,0.45,18,0.025,24
3404.834244,55,79,0.74,24,0.030833333,24
3403.731753,37,57,0.74,20,0.037,24
3403.151414,54,76,0.71,22,0.032272727,24
3400.089,52,79,0.91,27,0.033703704,24
3399.957415,54,75,0.72,21,0.034285714,24
3399.957415,53,76,0.79,23,0.034347826,24
3399.957415,52,77,0.86,25,0.0344,24
3399.135303,60,71,0.36,11,0.032727273,24
3398.648149,40,53,0.48,13,0.036923077,24
3397.637958,43,71,0.88,28,0.031428571,24
3397.452564,44,70,0.71,26,0.027307692,24
3396.741196,42,73,0.96,31,0.030967742,24
3396.732335,50,63,0.31,13,0.023846154,24
3396.418584,41,48,0.25,7,0.035714286,24
3396.418584,40,49,0.32,9,0.035555556,24
3396.043223,58,75,0.53,17,0.031176471,24
3396.043223,55,78,0.72,23,0.031304348,24
3396.043223,52,82,0.94,30,0.031333333,24
3395.847691,48,64,0.52,16,0.0325,24
3395.369279,47,64,0.48,17,0.028235294,24
3395.2436,51,80,0.98,29,0.033793103,24
3394.197512,36,64,0.99,28,0.035357143,24
3394.093071,53,79,0.85,26,0.032692308,24
3393.395708,54,75,0.68,21,0.032380952,24
3392.86154,40,75,0.95,35,0.027142857,24
3392.517029,64,74,0.29,10,0.029,24
3392.372036,43,52,0.32,9,0.035555556,24
3391.220838,53,77,0.82,24,0.034166667,24
3390.498628,56,77,0.66,21,0.031428571,24
3387.640099,52,78,0.89,26,0.034230769,24
3387.378402,57,74,0.56,17,0.032941176,24
3387.357346,42,51,0.33,9,0.036666667,24
3387.357346,39,55,0.58,16,0.03625,24
3386.692336,39,50,0.38,11,0.034545455,24
3386.548133,61,72,0.34,11,0.030909091,24
3386.086997,53,81,0.87,28,0.031071429,24
3386.074143,58,73,0.49,15,0.032666667,24
3385.884541,44,70,0.82,26,0.031538462,24
3383.811314,54,78,0.78,24,0.0325,24
3383.738774,39,55,0.59,16,0.036875,24
3383.436024,55,76,0.7,21,0.033333333,24
3383.197694,36,64,0.96,28,0.034285714,24
3383.143705,42,70,0.78,28,0.027857143,24
3382.443,37,62,0.87,25,0.0348,24
3381.618755,51,61,0.28,10,0.028,24
3379.110713,57,90,0.82,33,0.024848485,24
3379.110713,56,91,0.87,35,0.024857143,24
3377.995719,43,71,0.9,28,0.032142857,24
3377.802978,59,73,0.44,14,0.031428571,24
3376.457262,49,65,0.4,16,0.025,24
3376.221981,36,58,0.8,22,0.036363636,24
3376.06012,60,70,0.33,10,0.033,24
3374.63851,41,54,0.48,13,0.036923077,24
3373.961706,40,55,0.54,15,0.036,24
3372.287312,57,75,0.57,18,0.031666667,24
3371.760477,51,79,0.96,28,0.034285714,24
3370.8636,35,59,0.89,24,0.037083333,24
3369.655738,58,74,0.5,16,0.03125,24
3369.655738,56,77,0.65,21,0.030952381,24
3369.629441,35,51,0.65,16,0.040625,24
3369.2527,45,69,0.65,24,0.027083333,24
3368.593501,37,61,0.85,24,0.035416667,24
3367.898697,62,70,0.25,8,0.03125,24
3367.898697,57,76,0.59,19,0.031052632,24
3367.532271,57,71,0.48,14,0.034285714,24
3367.388143,58,70,0.41,12,0.034166667,24
3367.253963,41,54,0.46,13,0.035384615,24
3367.073505,57,75,0.58,18,0.032222222,24
3366.439253,65,73,0.23,8,0.02875,24
3366.422191,43,51,0.29,8,0.03625,24
3366.154243,48,64,0.45,16,0.028125,24
3365.106077,41,71,0.83,30,0.027666667,24
3364.316568,38,55,0.63,17,0.037058824,24
3363.081031,45,67,0.62,22,0.028181818,24
3363.075771,56,72,0.55,16,0.034375,24
3362.379959,42,73,0.83,31,0.026774194,24
3359.744319,42,72,0.96,30,0.032,24
3358.630112,42,72,0.97,30,0.032333333,24
3358.452162,40,72,0.89,32,0.0278125,24
3357.310612,37,60,0.83,23,0.036086957,24
3357.169132,54,79,0.79,25,0.0316,24
3356.988131,38,56,0.65,18,0.036111111,24
3356.659472,47,65,0.49,18,0.027222222,24
3356.641331,36,59,0.83,23,0.036086957,24
3356.372349,56,91,0.88,35,0.025142857,24
3356.31496,46,68,0.55,22,0.025,24
3354.81858,40,54,0.5,14,0.035714286,24
3353.750632,58,88,0.75,30,0.025,24
3353.13656,39,54,0.55,15,0.036666667,24
3352.482909,52,77,0.87,25,0.0348,24
3351.672442,37,58,0.75,21,0.035714286,24
3351.040984,37,57,0.72,20,0.036,24
3350.849244,59,87,0.7,28,0.025,24
3346.217596,56,75,0.63,19,0.033157895,24
3345.529962,38,61,0.79,23,0.034347826,24
3345.272254,42,53,0.39,11,0.035454545,24
3344.699671,42,73,0.99,31,0.031935484,24
3344.692098,41,74,0.89,33,0.026969697,24
3344.520912,51,62,0.26,11,0.023636364,24
3344.315937,39,59,0.69,20,0.0345,24
3343.850013,36,58,0.81,22,0.036818182,24
3343.065596,41,53,0.44,12,0.036666667,24
3343.006089,35,60,0.91,25,0.0364,24
3342.771078,60,85,0.63,25,0.0252,24
3341.942732,54,77,0.77,23,0.033478261,24
3341.926022,59,71,0.4,12,0.033333333,24
3339.117301,34,61,0.99,27,0.036666667,24
3338.034003,61,84,0.58,23,0.025217391,24
3337.832523,39,56,0.61,17,0.035882353,24
3337.039087,61,67,0.2,6,0.033333333,24
3335.641747,55,77,0.71,22,0.032272727,24
3335.641747,53,80,0.86,27,0.031851852,24
3335.641747,52,81,0.93,29,0.032068966,24
3335.145818,63,82,0.48,19,0.025263158,24
3335.145818,62,83,0.53,21,0.025238095,24
3335.145818,61,85,0.6,24,0.025,24
3335.145818,60,86,0.65,26,0.025,24
3335.145818,58,88,0.76,30,0.025333333,24
3334.486675,41,73,0.85,32,0.0265625,24
3333.793955,37,57,0.73,20,0.0365,24
3333.486823,63,68,0.16,5,0.032,24
3333.486823,63,69,0.19,6,0.031666667,24
3333.486823,60,72,0.38,12,0.031666667,24
3333.282879,54,75,0.7,21,0.033333333,24
3333.026886,56,75,0.62,19,0.032631579,24
3332.52486,56,76,0.64,20,0.032,24
3332.52486,55,78,0.73,23,0.03173913,24
3332.334674,42,73,0.84,31,0.027096774,24
3332.280635,36,59,0.82,23,0.035652174,24
3331.948475,47,65,0.59,18,0.032777778,24
3331.024495,39,61,0.73,22,0.033181818,24
3330.622877,52,77,0.83,25,0.0332,24
3329.77964,43,71,0.71,28,0.025357143,24
3329.487104,59,69,0.34,10,0.034,24
3327.789412,36,55,0.64,19,0.033684211,24
3327.789412,35,56,0.71,21,0.033809524,24
3327.239018,40,53,0.5,13,0.038461538,24
3327.151722,38,57,0.67,19,0.035263158,24
3327.104412,63,81,0.46,18,0.025555556,24
3327.055766,48,62,0.4,14,0.028571429,24
3325.145008,37,50,0.49,13,0.037692308,24
3324.941844,47,51,0.14,4,0.035,24
3324.864192,34,52,0.74,18,0.041111111,24
3324.755444,36,62,0.93,26,0.035769231,24
3324.362408,55,93,0.94,38,0.024736842,24
3324.225409,64,80,0.41,16,0.025625,24
3323.531521,40,55,0.53,15,0.035333333,24
3323.459652,52,59,0.2,7,0.028571429,24
3321.603667,45,68,0.64,23,0.027826087,24
3321.137694,48,74,0.67,26,0.025769231,24
3320.576085,51,78,0.9,27,0.033333333,24
3319.427923,56,92,0.89,36,0.024722222,24
3318.680997,68,75,0.18,7,0.025714286,24
3318.680997,62,82,0.51,20,0.0255,24
3318.4886,39,55,0.57,16,0.035625,24
3318.27282,58,74,0.51,16,0.031875,24
3317.492513,34,55,0.76,21,0.036190476,24
3317.492513,33,56,0.84,23,0.036521739,24
3317.321554,46,53,0.24,7,0.034285714,24
3316.870717,46,52,0.21,6,0.035,24
3316.870075,44,69,0.81,25,0.0324,24
3316.796341,36,63,0.95,27,0.035185185,24
3316.523789,60,68,0.27,8,0.03375,24
3316.523789,53,76,0.77,23,0.033478261,24
3316.245286,44,71,0.66,27,0.024444444,24
3316.216044,40,71,0.87,31,0.028064516,24
3315.010374,51,78,0.92,27,0.034074074,24
3314.616016,61,70,0.29,9,0.032222222,24
3313.919797,43,50,0.27,7,0.038571429,24
3313.39166,52,77,0.84,25,0.0336,24
3313.364057,56,92,0.88,36,0.024444444,24
3311.575477,42,72,0.95,30,0.031666667,24
3310.854008,52,77,0.85,25,0.034,24
3310.770316,59,72,0.42,13,0.032307692,24
3310.595298,53,76,0.76,23,0.033043478,24
3310.191042,47,67,0.5,20,0.025,24
3310.060396,36,60,0.84,24,0.035,24
3309.453083,53,78,0.84,25,0.0336,24
3309.247061,35,60,0.89,25,0.0356,24
3308.299695,67,76,0.23,9,0.025555556,24
3308.188844,36,51,0.57,15,0.038,24
3308.111658,35,51,0.64,16,0.04,24
3307.730164,50,80,0.99,30,0.033,24
3307.720319,39,58,0.69,19,0.036315789,24
3306.891171,58,89,0.77,31,0.02483871,24
3306.29688,55,73,0.62,18,0.034444444,24
3306.01533,39,51,0.41,12,0.034166667,24
3306.01533,38,52,0.48,14,0.034285714,24
3306.01533,37,53,0.55,16,0.034375,24
3304.661251,55,93,0.95,38,0.025,24
3304.404331,45,68,0.62,23,0.026956522,24
3304.262284,32,55,0.92,23,0.04,24
3304.157463,51,78,0.91,27,0.033703704,24
3303.349631,44,68,0.68,24,0.028333333,24
3302.668454,58,71,0.42,13,0.032307692,24
3301.907957,52,62,0.23,10,0.023,24
3301.570967,48,64,0.44,16,0.0275,24
3301.200196,39,61,0.74,22,0.033636364,24
3300.357684,43,70,0.88,27,0.032592593,24
3299.39578,41,57,0.57,16,0.035625,24
3297.273708,34,62,0.99,28,0.035357143,24
3297.20887,48,63,0.43,15,0.028666667,24
3296.70097,38,62,0.81,24,0.03375,24
3296.64097,54,76,0.75,22,0.034090909,24
3296.503632,54,92,0.97,38,0.025526316,24
3296.468875,55,94,0.96,39,0.024615385,24
3295.511055,38,58,0.73,20,0.0365,24
3295.339377,55,93,0.93,38,0.024473684,24
3295.051868,42,57,0.52,15,0.034666667,24
3294.851,54,94,0.99,40,0.02475,24
3293.463267,56,73,0.55,17,0.032352941,24
3292.692943,44,70,0.8,26,0.030769231,24
3292.589175,50,65,0.34,15,0.022666667,24
3292.544034,49,62,0.41,13,0.031538462,24
3291.76286,51,59,0.23,8,0.02875,24
3291.439506,38,56,0.68,18,0.037777778,24
3291.031431,47,65,0.51,18,0.028333333,24
3290.291635,42,71,0.78,29,0.026896552,24
3289.503486,50,63,0.35,13,0.026923077,24
3289.297087,34,52,0.73,18,0.040555556,24
3288.295012,51,63,0.28,12,0.023333333,24
3288.145611,43,73,0.74,30,0.024666667,24
3287.257042,58,78,0.53,20,0.0265,24
3286.994037,57,90,0.81,33,0.024545455,24
3285.243251,41,56,0.54,15,0.036,24
3284.931557,58,90,0.78,32,0.024375,24
3284.931557,57,91,0.83,34,0.024411765,24
3283.742671,38,58,0.72,20,0.036,24
3283.713399,51,63,0.27,12,0.0225,24
3283.448547,44,55,0.38,11,0.034545455,24
3282.933619,52,59,0.17,7,0.024285714,24
3281.682576,40,77,0.97,37,0.026216216,24
3281.305499,35,61,0.95,26,0.036538462,24
3281.089358,62,84,0.55,22,0.025,24
3281.089358,59,88,0.72,29,0.024827586,24
3280.620233,35,61,0.94,26,0.036153846,24
3280.053891,55,94,0.95,39,0.024358974,24
3279.684075,40,60,0.68,20,0.034,24
3279.509678,38,51,0.45,13,0.034615385,24
3279.433174,39,61,0.76,22,0.034545455,24
3278.954227,45,68,0.75,23,0.032608696,24
3278.954227,43,71,0.91,28,0.0325,24
3277.783841,46,52,0.2,6,0.033333333,24
3277.644867,40,54,0.52,14,0.037142857,24
3277.530332,57,89,0.81,32,0.0253125,24
3277.530332,55,92,0.93,37,0.025135135,24
3276.690697,47,75,0.73,28,0.026071429,24
3276.480648,57,91,0.84,34,0.024705882,24
3276.355078,39,46,0.29,7,0.041428571,24
3275.475202,45,54,0.31,9,0.034444444,24
3275.319629,54,93,0.99,39,0.025384615,24
3274.645701,50,72,0.56,22,0.025454545,24
3274.50925,58,72,0.47,14,0.033571429,24
3274.491616,43,71,0.77,28,0.0275,24
3273.61761,36,62,0.92,26,0.035384615,24
3272.113709,41,49,0.27,8,0.03375,24
3270.47653,42,47,0.18,5,0.036,24
3269.877709,41,58,0.57,17,0.033529412,24
3269.623799,57,88,0.79,31,0.025483871,24
3269.623799,55,91,0.91,36,0.025277778,24
3269.230011,51,80,0.99,29,0.034137931,24
3269.198324,40,48,0.28,8,0.035,24
3269.058189,43,72,0.78,29,0.026896552,24
3267.463341,55,74,0.66,19,0.034736842,24
3267.463341,54,75,0.73,21,0.034761905,24
3267.463341,53,76,0.8,23,0.034782609,24
3267.421883,37,63,0.92,26,0.035384615,24
3266.793084,56,90,0.86,34,0.025294118,24
3266.793084,54,93,0.98,39,0.025128205,24
3266.572988,40,47,0.26,7,0.037142857,24
3265.90114,57,95,0.76,38,0.02,24
3265.732965,51,78,0.93,27,0.034444444,24
3265.097043,36,61,0.91,25,0.0364,24
3263.770841,35,53,0.67,18,0.037222222,24
3263.673994,54,65,0.4,11,0.036363636,24
3263.418714,46,51,0.18,5,0.036,24
3263.36064,55,82,0.71,27,0.026296296,24
3263.36064,55,83,0.73,28,0.026071429,24
3262.785765,38,61,0.82,23,0.035652174,24
3262.66371,62,67,0.17,5,0.034,24
3261.873047,38,57,0.69,19,0.036315789,24
3261.705479,39,76,0.99,37,0.026756757,24
3261.452979,48,50,0.07,2,0.035,24
3260.90674,42,71,0.95,29,0.032758621,24
3260.67773,50,79,0.98,29,0.033793103,24
3259.302114,52,86,0.94,34,0.027647059,24
3258.911112,33,53,0.83,20,0.0415,24
3258.727312,42,55,0.47,13,0.036153846,24
3258.704521,54,83,0.76,29,0.026206897,24
3258.704521,51,87,0.94,36,0.026111111,24
3258.534826,51,63,0.3,12,0.025,24
3258.421198,42,57,0.5,15,0.033333333,24
3257.936314,51,60,0.22,9,0.024444444,24
3257.80429,40,76,0.96,36,0.026666667,24
3257.685316,39,57,0.64,18,0.035555556,24
3257.285983,46,66,0.55,20,0.0275,24
3257.027082,38,63,0.85,25,0.034,24
3256.926981,42,69,0.76,27,0.028148148,24
3256.435211,57,73,0.54,16,0.03375,24
3255.99715,38,60,0.79,22,0.035909091,24
3255.744754,60,87,0.67,27,0.024814815,24
3254.828951,37,52,0.53,15,0.035333333,24
3254.574917,45,67,0.73,22,0.033181818,24
3254.50623,41,46,0.18,5,0.036,24
3254.403215,66,68,0.06,2,0.03,24
3254.403215,65,69,0.12,4,0.03,24
3254.176404,55,74,0.62,19,0.032631579,24
3254.176404,54,75,0.69,21,0.032857143,24
3253.842082,56,89,0.85,33,0.025757576,24
3253.632576,42,71,0.81,29,0.027931034,24
3253.394447,42,56,0.5,14,0.035714286,24
3252.598707,59,75,0.46,16,0.02875,24
3252.069881,44,69,0.82,25,0.0328,24
3251.654821,42,47,0.17,5,0.034,24
3251.134481,61,83,0.56,22,0.025454545,24
3250.909146,58,90,0.79,32,0.0246875,24
3250.9071,50,79,0.99,29,0.034137931,24
3250.808982,46,51,0.17,5,0.034,24
3250.644696,35,61,0.92,26,0.035384615,24
3250.350458,39,49,0.36,10,0.036,24
3250.000979,53,76,0.75,23,0.032608696,24
3249.889831,56,62,0.16,6,0.026666667,24
3249.867222,53,60,0.16,7,0.022857143,24
3248.112037,37,49,0.48,12,0.04,24
3247.92631,47,64,0.49,17,0.028823529,24
3247.510792,43,56,0.45,13,0.034615385,24
3247.390831,43,69,0.73,26,0.028076923,24
3247.355338,53,84,0.86,31,0.027741935,24
3247.355338,52,85,0.92,33,0.027878788,24
3246.054626,51,62,0.27,11,0.024545455,24
3245.899703,40,76,0.97,36,0.026944444,24
3245.620977,33,52,0.8,19,0.042105263,24
3245.321273,50,64,0.35,14,0.025,24
3245.019419,51,85,0.97,34,0.028529412,24
3244.843961,57,78,0.59,21,0.028095238,24
3244.82647,48,66,0.49,18,0.027222222,24
3244.378396,52,85,0.87,33,0.026363636,24
3244.340066,44,67,0.65,23,0.02826087,24
3243.46413,47,66,0.51,19,0.026842105,24
3242.963716,36,54,0.62,18,0.034444444,24
3242.667078,50,64,0.32,14,0.022857143,24
3242.522714,61,69,0.27,8,0.03375,24
3242.119005,53,83,0.84,30,0.028,24
3242.119005,52,84,0.9,32,0.028125,24
3242.099945,46,67,0.54,21,0.025714286,24
3242.065421,62,68,0.2,6,0.033333333,24
3241.775302,51,86,0.98,35,0.028,24
3241.29495,59,86,0.69,27,0.025555556,24
3241.29495,58,87,0.74,29,0.025517241,24
3241.195813,56,79,0.66,23,0.028695652,24
3241.036435,41,51,0.39,10,0.039,24
3239.951815,54,92,0.96,38,0.025263158,24
3239.615564,46,67,0.57,21,0.027142857,24
3238.362672,43,47,0.15,4,0.0375,24
3238.145751,45,53,0.27,8,0.03375,24
3238.044539,38,58,0.7,20,0.035,24
3237.975674,57,78,0.6,21,0.028571429,24
3236.847156,44,69,0.68,25,0.0272,24
3236.622732,58,77,0.53,19,0.027894737,24
3236.011623,49,72,0.6,23,0.026086957,24
3235.205339,39,55,0.61,16,0.038125,24
3234.771661,44,70,0.66,26,0.025384615,24
3234.538335,49,65,0.37,16,0.023125,24
3233.635781,60,68,0.28,8,0.035,24
3233.635781,59,69,0.35,10,0.035,24
3233.635781,58,70,0.42,12,0.035,24
3233.101705,43,71,0.92,28,0.032857143,24
3232.952758,39,60,0.75,21,0.035714286,24
3232.816988,54,65,0.29,11,0.026363636,24
3232.276609,42,72,0.8,30,0.026666667,24
3232.225765,34,54,0.75,20,0.0375,24
3231.389324,44,71,0.67,27,0.024814815,24
3231.38628,62,71,0.26,9,0.028888889,24
3231.203007,51,60,0.3,9,0.033333333,24
3231.183031,65,80,0.38,15,0.025333333,24
3231.183031,64,81,0.43,17,0.025294118,24
3231.183031,59,87,0.71,28,0.025357143,24
3231.052616,53,84,0.87,31,0.028064516,24
3231.052616,52,85,0.93,33,0.028181818,24
3231.052616,51,86,0.99,35,0.028285714,24
3230.803581,41,58,0.58,17,0.034117647,24
3228.618895,59,85,0.67,26,0.025769231,24
3228.442032,58,86,0.73,28,0.026071429,24
3228.39912,35,54,0.68,19,0.035789474,24
3228.391176,48,65,0.46,17,0.027058824,24
3227.983412,45,71,0.64,26,0.024615385,24
3227.815428,44,70,0.69,26,0.026538462,24
3227.177869,41,53,0.45,12,0.0375,24
3227.123079,55,91,0.92,36,0.025555556,24
3227.015292,37,62,0.9,25,0.036,24
3225.822626,64,79,0.39,15,0.026,24
3225.48148,44,72,0.69,28,0.024642857,24
3225.210417,57,71,0.49,14,0.035,24
3225.210417,56,72,0.56,16,0.035,24
3225.027328,56,93,0.9,37,0.024324324,24
3224.915124,43,55,0.41,12,0.034166667,24
3224.85656,35,57,0.74,22,0.033636364,24
3224.388104,52,85,0.94,33,0.028484848,24
3224.107136,55,90,0.91,35,0.026,24
3223.975002,60,75,0.42,15,0.028,24
3223.97038,56,80,0.67,24,0.027916667,24
3223.97038,55,81,0.73,26,0.028076923,24
3223.97038,54,82,0.78,28,0.027857143,24
3223.97038,54,82,0.79,28,0.028214286,24
3223.895537,44,69,0.83,25,0.0332,24
3223.535977,55,59,0.09,4,0.0225,24
3223.49984,37,59,0.8,22,0.036363636,24
3223.108755,55,65,0.36,10,0.036,24
3222.723264,50,62,0.34,12,0.028333333,24
3222.40942,39,55,0.6,16,0.0375,24
3222.25338,32,55,0.94,23,0.040869565,24
3220.268475,52,77,0.82,25,0.0328,24
3220.233055,37,61,0.84,24,0.035,24
3220.221948,57,89,0.8,32,0.025,24
3220.221948,56,90,0.85,34,0.025,24
3220.221948,55,92,0.92,37,0.024864865,24
3220.096524,51,83,0.92,32,0.02875,24
3220.096524,50,84,0.98,34,0.028823529,24
3218.606244,52,68,0.58,16,0.03625,24
3218.252902,42,72,0.99,30,0.033,24
3217.592616,36,61,0.8,25,0.032,24
3217.503413,41,71,0.95,30,0.031666667,24
3217.471131,53,61,0.18,8,0.0225,24
3217.446069,32,54,0.91,22,0.041363636,24
3217.065227,41,47,0.22,6,0.036666667,24
3216.903518,49,61,0.39,12,0.0325,24
3216.71765,53,83,0.85,30,0.028333333,24
3216.691997,50,59,0.3,9,0.033333333,24
3215.800456,57,79,0.61,22,0.027727273,24
3215.548025,45,68,0.76,23,0.033043478,24
3215.431547,39,56,0.63,17,0.037058824,24
3215.375266,63,89,0.51,26,0.019615385,24
3215.320512,32,57,0.92,25,0.0368,24
3215.302154,49,63,0.45,14,0.032142857,24
3214.701783,54,60,0.14,6,0.023333333,24
3214.512244,54,82,0.77,28,0.0275,24
3214.512244,53,83,0.83,30,0.027666667,24
3213.65931,53,85,0.87,32,0.0271875,24
3213.65931,52,85,0.91,33,0.027575758,24
3213.65931,52,86,0.93,34,0.027352941,24
3213.65931,51,87,0.98,36,0.027222222,24
3213.65931,51,87,0.99,36,0.0275,24
3212.761062,52,87,0.94,35,0.026857143,24
3212.514811,45,67,0.63,22,0.028636364,24
3212.486128,39,49,0.39,10,0.039,24
3212.410215,45,55,0.34,10,0.034,24
3211.916117,53,83,0.86,30,0.028666667,24
3211.823597,54,82,0.8,28,0.028571429,24
3211.541278,52,85,0.9,33,0.027272727,24
3211.529244,52,84,0.91,32,0.0284375,24
3211.404125,44,54,0.34,10,0.034,24
3211.375639,55,79,0.69,24,0.02875,24
3210.497916,42,72,0.77,30,0.025666667,24
3210.111729,39,75,0.99,36,0.0275,24
3209.791201,46,66,0.66,20,0.033,24
3209.691952,42,52,0.36,10,0.036,24
3209.667602,53,82,0.83,29,0.02862069,24
3209.667602,52,83,0.89,31,0.028709677,24
3208.86542,58,77,0.54,19,0.028421053,24
3208.773411,44,68,0.69,24,0.02875,24
3208.707902,45,66,0.6,21,0.028571429,24
3208.576036,58,75,0.49,17,0.028823529,24
3208.497042,46,66,0.57,20,0.0285,24
3208.40348,52,83,0.87,31,0.028064516,24
3208.40348,51,84,0.93,33,0.028181818,24
3208.40348,50,85,0.99,35,0.028285714,24
3208.013705,59,93,0.68,34,0.02,24
3208.013705,58,94,0.72,36,0.02,24
3207.637833,40,58,0.65,18,0.036111111,24
3207.412852,39,56,0.62,17,0.036470588,24
3206.735222,55,80,0.72,25,0.0288,24
3206.693152,54,69,0.52,15,0.034666667,24
3206.374928,40,51,0.41,11,0.037272727,24
3205.51473,53,84,0.85,31,0.027419355,24
3205.093121,42,56,0.48,14,0.034285714,24
3205.041491,51,88,0.99,37,0.026756757,24
3204.976684,49,66,0.39,17,0.022941176,24
3204.378488,50,72,0.79,22,0.035909091,24
3204.085377,44,68,0.8,24,0.033333333,24
3203.834097,42,55,0.45,13,0.034615385,24
3203.659904,51,71,0.71,20,0.0355,24
3202.672042,45,67,0.6,22,0.027272727,24
3202.616623,33,61,0.92,28,0.032857143,24
3201.925383,57,88,0.8,31,0.025806452,24
3201.285413,52,83,0.88,31,0.028387097,24
3201.285413,52,84,0.89,32,0.0278125,24
3201.285413,51,85,0.95,34,0.027941176,24
3201.274622,44,71,0.73,27,0.027037037,24
3201.049188,51,60,0.26,9,0.028888889,24
3200.97309,37,51,0.51,14,0.036428571,24
3200.691001,40,59,0.64,19,0.033684211,24
3200.674649,53,70,0.59,17,0.034705882,24
3200.583409,43,81,0.95,38,0.025,24
3200.223134,48,65,0.42,17,0.024705882,24
3200.223134,47,66,0.47,19,0.024736842,24
3200.162787,46,65,0.54,19,0.028421053,24
3200.150216,38,51,0.46,13,0.035384615,24
3199.442041,43,70,0.73,27,0.027037037,24
3199.326845,60,84,0.62,24,0.025833333,24
3199.17529,53,82,0.81,29,0.027931034,24
3198.619024,44,53,0.31,9,0.034444444,24
3198.619024,43,54,0.38,11,0.034545455,24
3197.795968,58,76,0.52,18,0.028888889,24
3197.750358,50,83,0.97,33,0.029393939,24
3196.792459,36,54,0.63,18,0.035,24
3196.773977,32,54,0.89,22,0.040454545,24
3196.771269,48,62,0.46,14,0.032857143,24
3196.608405,47,63,0.46,16,0.02875,24
3196.575359,43,82,0.94,39,0.024102564,24
3196.220536,36,50,0.56,14,0.04,24
3195.934652,51,86,0.97,35,0.027714286,24
3195.712039,50,73,0.81,23,0.035217391,24
3195.691785,43,45,0.07,2,0.035,24
3195.574296,49,63,0.33,14,0.023571429,24
3195.477073,56,81,0.68,25,0.0272,24
3195.477073,54,83,0.79,29,0.027241379,24
3195.477073,54,84,0.81,30,0.027,24
3195.477073,52,86,0.92,34,0.027058824,24
3195.162966,59,86,0.68,27,0.025185185,24
3195.162966,58,87,0.73,29,0.025172414,24
3194.577703,48,65,0.43,17,0.025294118,24
3194.234968,49,73,0.86,24,0.035833333,24
3194.200782,52,84,0.92,32,0.02875,24
3193.954178,39,59,0.72,20,0.036,24
3193.827949,51,86,0.96,35,0.027428571,24
3193.230615,61,72,0.32,11,0.029090909,24
3193.166667,51,85,0.96,34,0.028235294,24
3193.004618,59,76,0.47,17,0.027647059,24
3192.856014,45,69,0.61,24,0.025416667,24
3192.574715,33,58,0.94,25,0.0376,24
3192.354496,52,82,0.86,30,0.028666667,24
3192.354496,51,84,0.94,33,0.028484848,24
3192.327925,56,74,0.61,18,0.033888889,24
3192.308655,64,70,0.17,6,0.028333333,24
3191.9411,57,77,0.56,20,0.028,24
3191.816101,37,59,0.77,22,0.035,24
3191.624466,40,60,0.69,20,0.0345,24
3191.15132,37,52,0.54,15,0.036,24
3191.049697,43,73,0.8,30,0.026666667,24
3190.514332,55,81,0.72,26,0.027692308,24
3190.509756,54,83,0.8,29,0.027586207,24
3190.241808,43,51,0.3,8,0.0375,24
3189.676857,40,74,0.94,34,0.027647059,24
3189.541832,54,95,0.99,41,0.024146341,24
3189.341936,67,77,0.26,10,0.026,24
3189.341936,66,78,0.31,12,0.025833333,24
3189.341936,65,79,0.36,14,0.025714286,24
3189.341936,62,83,0.54,21,0.025714286,24
3189.341936,61,84,0.59,23,0.025652174,24
3189.341936,60,85,0.64,25,0.0256,24
3189.096503,37,60,0.82,23,0.035652174,24
3188.906108,44,72,0.68,28,0.024285714,24
3188.695125,44,68,0.66,24,0.0275,24
3188.666978,34,58,0.81,24,0.03375,24
3188.333501,48,67,0.47,19,0.024736842,24
3187.763461,45,61,0.47,16,0.029375,24
3187.645263,63,81,0.47,18,0.026111111,24
3187.548091,44,68,0.65,24,0.027083333,24
3187.2733,56,77,0.62,21,0.02952381,24
3187.2733,55,78,0.68,23,0.029565217,24
3187.188955,57,89,0.82,32,0.025625,24
3186.892178,37,63,0.93,26,0.035769231,24
3186.829349,55,75,0.68,20,0.034,24
3186.728276,54,57,0.07,3,0.023333333,24
3186.622774,50,61,0.27,11,0.024545455,24
3186.15479,42,72,0.98,30,0.032666667,24
3185.348728,46,65,0.62,19,0.032631579,24
3185.21488,45,52,0.24,7,0.034285714,24
3185.20952,51,85,0.98,34,0.028823529,24
3184.506273,54,81,0.75,27,0.027777778,24
3184.494074,63,68,0.15,5,0.03,24
3184.494074,62,69,0.21,7,0.03,24
3184.336579,47,68,0.52,21,0.024761905,24
3184.029047,50,63,0.32,13,0.024615385,24
3183.827381,57,77,0.58,20,0.029,24
3183.573659,57,79,0.63,22,0.028636364,24
3183.573659,56,80,0.69,24,0.02875,24
3183.539742,48,75,0.96,27,0.035555556,24
3183.531175,47,67,0.49,20,0.0245,24
3183.531175,46,68,0.54,22,0.024545455,24
3183.356552,54,74,0.7,20,0.035,24
3183.327402,56,78,0.62,22,0.028181818,24
3182.907787,60,85,0.65,25,0.026,24
3182.907787,59,86,0.7,27,0.025925926,24
3182.907787,58,88,0.77,30,0.025666667,24
3182.766851,56,79,0.65,23,0.02826087,24
3182.766851,55,80,0.71,25,0.0284,24
3182.766851,54,81,0.77,27,0.028518519,24
3182.422075,55,82,0.74,27,0.027407407,24
3181.831656,55,67,0.42,12,0.035,24
3181.831656,54,68,0.49,14,0.035,24
3181.530764,52,70,0.45,18,0.025,24
3180.626049,46,69,0.57,23,0.024782609,24
3180.522225,61,74,0.36,13,0.027692308,24
3180.522225,56,80,0.66,24,0.0275,24
3180.313039,32,62,0.99,30,0.033,24
3180.262658,55,91,0.9,36,0.025,24
3180.259061,42,44,0.08,2,0.04,24
3179.593274,54,93,0.96,39,0.024615385,24
3179.348572,51,84,0.95,33,0.028787879,24
3179.281366,60,73,0.38,13,0.029230769,24
3179.281366,59,74,0.44,15,0.029333333,24
3179.008581,61,70,0.27,9,0.03,24
3179.008581,60,71,0.33,11,0.03,24
3178.921189,50,61,0.32,11,0.029090909,24
3178.885041,69,74,0.13,5,0.026,24
3178.885041,65,78,0.34,13,0.026153846,24
3178.885041,62,82,0.52,20,0.026,24
3178.805594,46,67,0.52,21,0.024761905,24
3178.762559,67,78,0.28,11,0.025454545,24
3178.762559,66,79,0.33,13,0.025384615,24
3178.527787,36,53,0.61,17,0.035882353,24
3178.222304,57,77,0.57,20,0.0285,24
3178.222304,56,78,0.63,22,0.028636364,24
3178.222304,55,79,0.68,24,0.028333333,24
3178.222304,54,80,0.74,26,0.028461538,24
3178.222304,54,81,0.76,27,0.028148148,24
3178.222304,53,82,0.82,29,0.028275862,24
3177.963719,42,45,0.11,3,0.036666667,24
3177.555093,60,74,0.4,14,0.028571429,24
3177.141414,60,62,0.07,2,0.035,24
3176.475454,52,71,0.67,19,0.035263158,24
3176.323637,56,78,0.64,22,0.029090909,24
3176.109099,44,62,0.53,18,0.029444444,24
3175.9651,63,86,0.57,23,0.024782609,24
3175.918785,48,67,0.46,19,0.024210526,24
3175.831944,56,77,0.61,21,0.029047619,24
3175.45073,59,74,0.43,15,0.028666667,24
3174.698201,61,73,0.34,12,0.028333333,24
3174.14224,54,79,0.73,25,0.0292,24
3174.14224,53,81,0.81,28,0.028928571,24
3174.14224,52,82,0.87,30,0.029,24
3174.037883,61,85,0.61,24,0.025416667,24
3174.037883,60,86,0.66,26,0.025384615,24
3174.037883,58,89,0.78,31,0.02516129,24
3174.037883,57,90,0.83,33,0.025151515,24
3173.798452,44,80,0.9,36,0.025,24
3173.765347,53,68,0.54,15,0.036,24
3173.732255,49,64,0.36,15,0.024,24
3173.440951,36,56,0.74,20,0.037,24
3173.307844,36,61,0.89,25,0.0356,24
3173.106398,47,66,0.49,19,0.025789474,24
3173.062391,59,73,0.41,14,0.029285714,24
3173.062391,57,76,0.55,19,0.028947368,24
3172.945262,39,47,0.32,8,0.04,24
3172.945262,38,48,0.4,10,0.04,24
3172.525079,36,62,0.91,26,0.035,24
3172.454541,58,78,0.55,20,0.0275,24
3172.027791,53,59,0.17,6,0.028333333,24
3171.913803,51,69,0.47,18,0.026111111,24
3171.78801,55,79,0.7,24,0.029166667,24
3171.78801,54,80,0.76,26,0.029230769,24
3171.78801,53,81,0.82,28,0.029285714,24
3171.78801,52,82,0.88,30,0.029333333,24
3171.763841,43,69,0.75,26,0.028846154,24
3171.698549,68,80,0.3,12,0.025,24
3171.681821,38,49,0.4,11,0.036363636,24
3171.565567,55,78,0.67,23,0.029130435,24
3171.565567,54,80,0.75,26,0.028846154,24
3171.507608,53,59,0.14,6,0.023333333,24
3171.358305,46,69,0.56,23,0.024347826,24
3171.358305,45,70,0.61,25,0.0244,24
3171.176699,59,63,0.14,4,0.035,24
3171.176699,58,64,0.21,6,0.035,24
3171.176699,57,65,0.28,8,0.035,24
3171.176699,56,66,0.35,10,0.035,24
3171.116718,39,48,0.33,9,0.036666667,24
3170.537965,39,49,0.37,10,0.037,24
3170.164824,59,75,0.45,16,0.028125,24
3170.164824,58,76,0.51,18,0.028333333,24
3170.164824,55,80,0.7,25,0.028,24
3169.534202,41,72,0.86,31,0.027741935,24
3169.415871,66,77,0.29,11,0.026363636,24
3169.35378,53,81,0.8,28,0.028571429,24
3169.327889,56,85,0.79,29,0.027241379,24
3168.799621,58,74,0.47,16,0.029375,24
3168.799621,57,75,0.53,18,0.029444444,24
3168.657381,39,57,0.66,18,0.036666667,24
3168.575269,42,46,0.14,4,0.035,24
3168.575269,41,47,0.21,6,0.035,24
3168.421913,56,94,0.92,38,0.024210526,24
3168.421913,55,95,0.97,40,0.02425,24
3168.307986,58,63,0.18,5,0.036,24
3168.307986,54,67,0.47,13,0.036153846,24
3168.192949,39,50,0.4,11,0.036363636,24
3168.136098,43,68,0.79,25,0.0316,24
3167.953538,36,53,0.62,17,0.036470588,24
3167.898966,50,60,0.29,10,0.029,24
3167.783792,61,92,0.61,31,0.019677419,24
3167.783792,60,93,0.65,33,0.01969697,24
3167.709986,53,58,0.12,5,0.024,24
3167.492159,42,58,0.55,16,0.034375,24
3167.481589,45,70,0.62,25,0.0248,24
3167.400062,63,70,0.2,7,0.028571429,24
3167.400062,60,73,0.37,13,0.028461538,24
3167.195924,44,66,0.7,22,0.031818182,24
3166.446305,50,61,0.3,11,0.027272727,24
3166.221533,36,63,0.94,27,0.034814815,24
3165.910534,56,76,0.59,20,0.0295,24
3165.814514,52,84,0.88,32,0.0275,24
3165.786839,46,60,0.4,14,0.028571429,24
3165.337189,49,74,0.89,25,0.0356,24
3165.284753,51,83,0.93,32,0.0290625,24
3165.014917,50,84,0.99,34,0.029117647,24
3164.873044,63,72,0.27,9,0.03,24
3164.524534,36,56,0.75,20,0.0375,24
3164.499286,43,71,0.75,28,0.026785714,24
3164.258973,36,61,0.9,25,0.036,24
3164.185564,64,70,0.18,6,0.03,24
3164.015395,53,91,0.99,38,0.026052632,24
3163.925095,33,60,0.9,27,0.033333333,24
3163.783112,62,73,0.33,11,0.03,24
3163.767995,38,59,0.74,21,0.035238095,24
3163.449792,61,84,0.47,23,0.020434783,24
3163.433887,58,75,0.5,17,0.029411765,24
3163.433887,57,76,0.56,19,0.029473684,24
3163.302423,61,74,0.39,13,0.03,24
3163.302423,60,75,0.45,15,0.03,24
3163.302423,59,76,0.51,17,0.03,24
3163.219077,42,75,0.87,33,0.026363636,24
3163.162268,42,68,0.92,26,0.035384615,24
3163.08726,60,69,0.31,9,0.034444444,24
3163.08726,59,70,0.38,11,0.034545455,24
3162.818084,54,81,0.78,27,0.028888889,24
3162.818084,53,82,0.84,29,0.028965517,24
3162.818084,52,83,0.9,31,0.029032258,24
3162.660415,53,69,0.57,16,0.035625,24
3162.660415,52,70,0.64,18,0.035555556,24
3162.472357,58,78,0.54,20,0.027,24
3162.252568,41,72,0.89,31,0.028709677,24
3162.198731,55,81,0.75,26,0.028846154,24
3161.800992,33,56,0.85,23,0.036956522,24
3161.378201,37,49,0.49,12,0.040833333,24
3161.192318,54,94,0.98,40,0.0245,24
3161.17313,37,62,0.86,25,0.0344,24
3161.065389,44,70,0.64,26,0.024615385,24
3160.829755,41,74,0.9,33,0.027272727,24
3160.761084,53,90,0.98,37,0.026486486,24
3160.674816,65,66,0.03,1,0.03,24
3160.674816,64,67,0.09,3,0.03,24
3160.658197,42,65,0.67,23,0.029130435,24
3160.234512,62,72,0.28,10,0.028,24
3160.08815,41,74,0.83,33,0.025151515,24
3159.516759,58,91,0.8,33,0.024242424,24
3159.516759,57,92,0.85,35,0.024285714,24
3159.516759,55,95,0.96,40,0.024,24
3159.115337,38,47,0.37,9,0.041111111,24
3159.073596,37,61,0.83,24,0.034583333,24
3159.008856,64,80,0.42,16,0.02625,24
3159.008856,62,82,0.53,20,0.0265,24
3159.008856,61,83,0.58,22,0.026363636,24
3158.496893,55,96,0.98,41,0.023902439,24
3158.447153,39,58,0.66,19,0.034736842,24
3158.194942,54,89,0.92,35,0.026285714,24
3158.177199,35,54,0.69,19,0.036315789,24
3158.10577,51,81,0.9,30,0.03,24
3157.905383,35,60,0.93,25,0.0372,24
3157.6919,64,81,0.44,17,0.025882353,24
3157.075317,55,77,0.65,22,0.029545455,24
3157.075317,53,80,0.79,27,0.029259259,24
3157.075317,52,81,0.85,29,0.029310345,24
3157.075317,51,82,0.91,31,0.029354839,24
3157.008121,37,64,0.93,27,0.034444444,24
3156.885283,39,48,0.34,9,0.037777778,24
3156.773134,51,72,0.74,21,0.035238095,24
3156.754674,53,83,0.87,30,0.029,24
3156.521978,41,55,0.49,14,0.035,24
3156.379994,34,53,0.73,19,0.038421053,24
3156.270203,62,83,0.43,21,0.02047619,24
3156.119241,51,61,0.24,10,0.024,24
3155.976744,54,79,0.74,25,0.0296,24
3155.976744,53,80,0.8,27,0.02962963,24
3155.794519,56,80,0.65,24,0.027083333,24
3155.753902,38,50,0.45,12,0.0375,24
3155.096609,55,80,0.73,25,0.0292,24
3154.751367,41,59,0.62,18,0.034444444,24
3154.292419,44,80,0.88,36,0.024444444,24
3154.184996,65,81,0.4,16,0.025,24
3154.184996,64,82,0.45,18,0.025,24
3154.184996,63,83,0.5,20,0.025,24
3154.184996,61,86,0.62,25,0.0248,24
3154.129839,54,93,0.97,39,0.024871795,24
3154.013955,61,74,0.37,13,0.028461538,24
3153.441568,34,59,0.83,25,0.0332,24
3153.336428,64,79,0.4,15,0.026666667,24
3153.274024,36,52,0.59,16,0.036875,24
3153.203478,33,55,0.83,22,0.037727273,24
3153.176696,56,91,0.86,35,0.024571429,24
3153.167893,38,50,0.44,12,0.036666667,24
3153.13927,61,68,0.24,7,0.034285714,24
3152.983607,60,74,0.39,14,0.027857143,24
3152.93057,35,50,0.62,15,0.041333333,24
3152.93057,33,53,0.82,20,0.041,24
3152.708513,53,57,0.13,4,0.0325,24
3152.706132,35,58,0.77,23,0.033478261,24
3152.422041,44,79,0.92,35,0.026285714,24
3152.345739,49,64,0.35,15,0.023333333,24
3152.324746,42,71,0.79,29,0.027241379,24
3152.079721,50,55,0.15,5,0.03,24
3152.055027,57,91,0.85,34,0.025,24
3152.055027,56,92,0.9,36,0.025,24
3151.612562,40,48,0.29,8,0.03625,24
3151.542884,39,62,0.78,23,0.033913043,24
3151.403303,42,83,0.99,41,0.024146341,24
3151.092177,50,60,0.33,10,0.033,24
3150.454456,50,62,0.33,12,0.0275,24
3150.386393,59,78,0.5,19,0.026315789,24
3150.228196,53,56,0.1,3,0.033333333,24
3150.197502,32,56,0.92,24,0.038333333,24
3150.083991,52,63,0.24,11,0.021818182,24
3150.004598,54,81,0.79,27,0.029259259,24
3149.684515,37,50,0.48,13,0.036923077,24
3149.495735,60,87,0.68,27,0.025185185,24
3149.495735,59,88,0.73,29,0.025172414,24
3149.166734,54,68,0.5,14,0.035714286,24
3148.728076,49,74,0.63,25,0.0252,24
3148.589519,64,71,0.2,7,0.028571429,24
3148.390887,50,88,0.99,38,0.026052632,24
3148.378381,55,92,0.94,37,0.025405405,24
3148.06736,46,67,0.66,21,0.031428571,24
3148.045696,55,86,0.85,31,0.027419355,24
3147.872251,49,64,0.37,15,0.024666667,24
3147.212686,46,70,0.58,24,0.024166667,24
3146.985101,42,47,0.19,5,0.038,24
3146.960988,43,57,0.48,14,0.034285714,24
3146.825151,43,69,0.7,26,0.026923077,24
3146.692478,40,48,0.31,8,0.03875,24
3146.665992,43,64,0.61,21,0.029047619,24
3145.695228,56,65,0.23,9,0.025555556,24
3145.542483,44,69,0.71,25,0.0284,24
3145.506657,61,80,0.43,19,0.022631579,24
3145.497786,49,62,0.32,13,0.024615385,24
3145.486891,36,59,0.85,23,0.036956522,24
3145.178546,56,79,0.67,23,0.029130435,24
3145.164924,39,50,0.42,11,0.038181818,24
3144.983506,58,78,0.57,20,0.0285,24
3144.926696,37,54,0.58,17,0.034117647,24
3144.830923,64,80,0.33,16,0.020625,24
3144.806602,60,75,0.43,15,0.028666667,24
3144.701591,37,53,0.56,16,0.035,24
3144.42524,41,76,0.93,35,0.026571429,24
3143.90537,54,90,0.92,36,0.025555556,24
3143.90537,53,92,0.99,39,0.025384615,24
3143.398205,43,66,0.74,23,0.032173913,24
3143.340875,66,76,0.27,10,0.027,24
3143.206036,56,81,0.67,25,0.0268,24
3143.147913,57,78,0.58,21,0.027619048,24
3143.066343,37,63,0.88,26,0.033846154,24
3142.960154,37,55,0.67,18,0.037222222,24
3142.834771,55,92,0.91,37,0.024594595,24
3142.392821,56,82,0.68,26,0.026153846,24
3142.344231,67,68,0.03,1,0.03,24
3142.344231,66,69,0.09,3,0.03,24
3142.344231,65,70,0.15,5,0.03,24
3142.344231,64,71,0.21,7,0.03,24
3142.14329,50,62,0.28,12,0.023333333,24
3141.373257,33,55,0.84,22,0.038181818,24
3141.21897,44,80,0.89,36,0.024722222,24
3140.67111,53,91,0.97,38,0.025526316,24
3140.667652,54,80,0.83,26,0.031923077,24
3140.426968,41,72,0.87,31,0.028064516,24
3139.949785,41,71,0.94,30,0.031333333,24
3139.92815,50,85,0.98,35,0.028,24
3139.385063,46,68,0.6,22,0.027272727,24
3139.068971,36,56,0.67,20,0.0335,24
3138.890539,64,78,0.38,14,0.027142857,24
3138.862772,45,79,0.84,34,0.024705882,24
3138.602965,44,70,0.81,26,0.031153846,24
3138.592944,51,85,0.94,34,0.027647059,24
3138.042139,41,46,0.19,5,0.038,24
3137.603175,35,55,0.76,20,0.038,24
3137.364287,49,72,0.83,23,0.036086957,24
3137.223992,56,81,0.66,25,0.0264,24
3137.09282,37,52,0.55,15,0.036666667,24
3137.090741,51,84,0.96,33,0.029090909,24
3136.401339,41,60,0.64,19,0.033684211,24
3136.208243,53,86,0.86,33,0.026060606,24
3136.186082,50,72,0.78,22,0.035454545,24
3136.076736,58,79,0.56,21,0.026666667,24
3135.932236,53,92,0.98,39,0.025128205,24
3135.725659,58,71,0.45,13,0.034615385,24
3135.725659,57,72,0.52,15,0.034666667,24
3135.725659,56,73,0.59,17,0.034705882,24
3135.460787,56,91,0.89,35,0.025428571,24
3135.296622,48,65,0.44,17,0.025882353,24
3135.230123,54,84,0.8,30,0.026666667,24
3134.781462,51,83,0.94,32,0.029375,24
3134.776262,36,51,0.55,15,0.036666667,24
3134.645787,52,61,0.23,9,0.025555556,24
3134.236519,60,83,0.61,23,0.026521739,24
3133.506349,47,66,0.48,19,0.025263158,24
3133.5016,54,82,0.76,28,0.027142857,24
3133.448221,56,76,0.6,20,0.03,24
3133.21847,57,77,0.59,20,0.0295,24
3133.218363,53,85,0.89,32,0.0278125,24
3133.218363,52,86,0.95,34,0.027941176,24
3133.012413,45,70,0.67,25,0.0268,24
3132.914556,63,82,0.49,19,0.025789474,24
3132.710398,34,54,0.74,20,0.037,24
3132.410711,51,62,0.25,11,0.022727273,24
3132.325514,40,61,0.71,21,0.033809524,24
3132.223961,51,62,0.28,11,0.025454545,24
3132.126825,56,95,0.93,39,0.023846154,24
3132.083626,43,69,0.76,26,0.029230769,24
3131.927041,46,67,0.53,21,0.025238095,24
3131.836566,39,52,0.49,13,0.037692308,24
3131.706987,33,55,0.82,22,0.037272727,24
3131.402067,64,72,0.24,8,0.03,24
3131.273005,35,57,0.81,22,0.036818182,24
3131.246989,59,87,0.72,28,0.025714286,24
3131.246989,57,90,0.84,33,0.025454545,24
3131.224396,38,60,0.76,22,0.034545455,24
3130.946702,53,84,0.88,31,0.028387097,24
3130.768874,34,52,0.75,18,0.041666667,24
3130.710002,49,62,0.38,13,0.029230769,24
3130.548993,43,74,0.76,31,0.024516129,24
3130.246083,37,48,0.45,11,0.040909091,24
3130.101234,52,83,0.86,31,0.027741935,24
3130.101234,51,84,0.92,33,0.027878788,24
3129.809157,54,82,0.81,28,0.028928571,24
3129.729941,65,79,0.29,14,0.020714286,24
3129.604413,56,64,0.29,8,0.03625,24
3129.584412,37,50,0.51,13,0.039230769,24
3129.282168,52,88,0.94,36,0.026111111,24
3128.793058,60,75,0.41,15,0.027333333,24
3128.505749,42,73,0.77,31,0.02483871,24
3128.296278,45,71,0.63,26,0.024230769,24
3128.047981,55,77,0.66,22,0.03,24
3127.94842,54,88,0.91,34,0.026764706,24
3127.94842,53,89,0.97,36,0.026944444,24
3127.929928,62,74,0.32,12,0.026666667,24
3127.849823,68,78,0.25,10,0.025,24
3127.849823,67,79,0.3,12,0.025,24
3127.849823,66,80,0.35,14,0.025,24
3127.776824,39,47,0.31,8,0.03875,24
3127.415482,56,79,0.64,23,0.027826087,24
3127.022225,49,62,0.36,13,0.027692308,24
3127.001458,63,81,0.37,18,0.020555556,24
3126.874522,45,61,0.46,16,0.02875,24
3126.85337,63,82,0.39,19,0.020526316,24
3126.666455,49,65,0.39,16,0.024375,24
3126.659067,57,79,0.6,22,0.027272727,24
3126.659067,55,81,0.71,26,0.027307692,24
3126.659067,53,84,0.84,31,0.027096774,24
3126.56058,68,74,0.16,6,0.026666667,24
3126.489132,50,86,0.99,36,0.0275,24
3126.160042,59,77,0.51,18,0.028333333,24
3126.124724,41,72,0.83,31,0.026774194,24
3126.091416,48,65,0.41,17,0.024117647,24
3125.612604,47,67,0.53,20,0.0265,24
3125.215101,40,59,0.68,19,0.035789474,24
3125.168445,62,81,0.5,19,0.026315789,24
3124.949617,61,88,0.55,27,0.02037037,24
3124.873229,50,63,0.3,13,0.023076923,24
3124.858035,42,69,0.85,27,0.031481481,24
3124.749312,54,83,0.78,29,0.026896552,24
3124.736472,37,59,0.79,22,0.035909091,24
3124.657784,63,71,0.23,8,0.02875,24
3123.896486,41,45,0.16,4,0.04,24
3123.896486,40,46,0.24,6,0.04,24
3123.766366,49,61,0.35,12,0.029166667,24
3123.766366,48,62,0.41,14,0.029285714,24
3123.496605,39,56,0.6,17,0.035294118,24
3123.228844,52,53,0.03,1,0.03,24
3123.228844,51,54,0.09,3,0.03,24
3123.226275,36,63,0.97,27,0.035925926,24
3123.151418,64,71,0.19,7,0.027142857,24
3123.151418,62,73,0.3,11,0.027272727,24
3122.948564,39,74,0.97,35,0.027714286,24
3122.754386,45,65,0.58,20,0.029,24
3122.638258,33,54,0.84,21,0.04,24
3122.573942,37,47,0.43,10,0.043,24
3122.536073,56,96,0.95,40,0.02375,24
3122.150292,43,55,0.43,12,0.035833333,24
3122.043343,48,60,0.44,12,0.036666667,24
3121.983556,35,52,0.65,17,0.038235294,24
3121.921796,38,49,0.41,11,0.037272727,24
3121.199175,45,69,0.59,24,0.024583333,24
3120.988526,56,93,0.91,37,0.024594595,24
3120.702448,34,55,0.77,21,0.036666667,24
3120.642605,52,81,0.86,29,0.029655172,24
3120.642605,51,82,0.92,31,0.029677419,24
3120.642605,50,83,0.98,33,0.02969697,24
3120.450232,40,73,0.92,33,0.027878788,24
3120.320862,34,58,0.89,24,0.037083333,24
3120.258796,63,73,0.28,10,0.028,24
3120.258796,60,76,0.45,16,0.028125,24
3120.195471,55,81,0.74,26,0.028461538,24
3119.950515,43,71,0.72,28,0.025714286,24
3119.859936,44,56,0.41,12,0.034166667,24
3119.701085,51,57,0.22,6,0.036666667,24
3119.338561,53,83,0.92,30,0.030666667,24
3119.289551,43,71,0.7,28,0.025,24
3118.843594,63,65,0.07,2,0.035,24
3118.843594,62,66,0.14,4,0.035,24
3118.843594,61,67,0.21,6,0.035,24
3118.841108,54,66,0.31,12,0.025833333,24
3118.723847,55,82,0.73,27,0.027037037,24
3118.723847,53,85,0.86,32,0.026875,24
3118.433473,51,60,0.25,9,0.027777778,24
3118.356249,53,82,0.9,29,0.031034483,24
3118.229654,57,86,0.76,29,0.026206897,24
3118.229654,56,88,0.83,32,0.0259375,24
3118.100408,33,59,0.97,26,0.037307692,24
3118.058657,55,89,0.89,34,0.026176471,24
3117.967794,40,78,0.99,38,0.026052632,24
3117.919712,52,80,0.84,28,0.03,24
3117.88225,61,73,0.37,12,0.030833333,24
3117.88225,57,77,0.62,20,0.031,24
3117.871883,40,74,0.96,34,0.028235294,24
3117.503266,39,52,0.48,13,0.036923077,24
3117.494778,47,64,0.55,17,0.032352941,24
3117.409397,42,71,0.96,29,0.033103448,24
3117.205874,35,62,0.97,27,0.035925926,24
3117.004143,53,83,0.82,30,0.027333333,24
3116.976697,48,66,0.43,18,0.023888889,24
3116.788215,54,82,0.86,28,0.030714286,24
3116.734319,56,66,0.36,10,0.036,24
3116.593421,54,78,0.72,24,0.03,24
3116.229785,41,65,0.8,24,0.033333333,24
3116.170611,45,68,0.6,23,0.026086957,24
3116.000925,44,73,0.7,29,0.024137931,24
3115.677213,35,58,0.84,23,0.036521739,24
3115.650501,54,59,0.12,5,0.024,24
3115.445109,36,53,0.65,17,0.038235294,24
3115.257031,59,76,0.49,17,0.028823529,24
3115.121211,49,75,0.64,26,0.024615385,24
3114.802861,55,81,0.79,26,0.030384615,24
3114.734582,55,82,0.76,27,0.028148148,24
3114.454924,57,64,0.25,7,0.035714286,24
3114.386042,53,85,0.84,32,0.02625,24
3114.386042,52,86,0.89,34,0.026176471,24
3114.341847,48,64,0.38,16,0.02375,24
3114.276861,37,48,0.46,11,0.041818182,24
3114.239721,47,65,0.58,18,0.032222222,24
3114.219122,43,72,0.71,29,0.024482759,24
3114.205475,53,81,0.9,28,0.032142857,24
3114.157502,42,72,0.81,30,0.027,24
3113.831078,51,59,0.26,8,0.0325,24
3113.743415,40,70,0.85,30,0.028333333,24
3113.54966,60,76,0.43,16,0.026875,24
3113.362656,54,89,0.93,35,0.026571429,24
3113.252055,55,79,0.75,24,0.03125,24
3113.160101,46,79,0.82,33,0.024848485,24
3113.049868,45,66,0.68,21,0.032380952,24
3112.994068,58,78,0.61,20,0.0305,24
3112.824856,61,84,0.6,23,0.026086957,24
3112.824856,60,86,0.67,26,0.025769231,24
3112.52982,42,66,0.69,24,0.02875,24
3112.486596,57,76,0.57,19,0.03,24
3112.486596,56,77,0.63,21,0.03,24
3112.406239,52,87,0.93,35,0.026571429,24
3112.267931,46,77,0.78,31,0.02516129,24
3112.258944,51,87,0.96,36,0.026666667,24
3112.254071,51,64,0.29,13,0.022307692,24
3112.217107,52,87,0.91,35,0.026,24
3112.217107,51,88,0.96,37,0.025945946,24
3112.217107,51,89,0.98,38,0.025789474,24
3112.206117,56,90,0.87,34,0.025588235,24
3112.147895,54,97,0.9,43,0.020930233,24
3112.071896,37,55,0.66,18,0.036666667,24
3112.044824,42,71,0.82,29,0.028275862,24
3111.427442,57,80,0.64,23,0.027826087,24
3111.427442,54,84,0.83,30,0.027666667,24
3111.171812,42,73,0.76,31,0.024516129,24
3111.162218,53,60,0.18,7,0.025714286,24
3111.015414,44,48,0.15,4,0.0375,24
3110.974278,54,84,0.82,30,0.027333333,24
3110.974278,53,85,0.88,32,0.0275,24
3110.974278,52,87,0.95,35,0.027142857,24
3110.94784,32,56,0.91,24,0.037916667,24
3110.691905,59,84,0.67,25,0.0268,24
3110.68991,51,86,0.95,35,0.027142857,24
3110.520754,35,58,0.86,23,0.037391304,24
3110.370504,38,58,0.71,20,0.0355,24
3110.357513,70,77,0.18,7,0.025714286,24
3110.296449,55,78,0.69,23,0.03,24
3110.194571,47,67,0.51,20,0.0255,24
3109.957992,35,63,0.99,28,0.035357143,24
3109.936159,53,84,0.82,31,0.026451613,24
3109.920688,47,69,0.51,22,0.023181818,24
3109.914357,52,86,0.96,34,0.028235294,24
3109.560139,59,77,0.48,18,0.026666667,24
3109.511017,59,76,0.48,17,0.028235294,24
3109.511017,59,77,0.5,18,0.027777778,24
3109.355164,33,59,0.98,26,0.037692308,24
3109.349452,35,52,0.66,17,0.038823529,24
3109.331128,39,52,0.43,13,0.033076923,24
3109.315635,45,47,0.08,2,0.04,24
3109.315635,44,48,0.16,4,0.04,24
3109.315635,43,49,0.24,6,0.04,24
3109.315635,42,50,0.32,8,0.04,24
3109.255649,42,46,0.15,4,0.0375,24
3109.190835,56,79,0.7,23,0.030434783,24
3109.190835,54,81,0.83,27,0.030740741,24
3109.028696,58,75,0.51,17,0.03,24
3108.994757,56,86,0.68,30,0.022666667,24
3108.858023,34,59,0.93,25,0.0372,24
3108.718186,60,74,0.43,14,0.030714286,24
3108.718186,59,75,0.49,16,0.030625,24
3108.718186,58,76,0.55,18,0.030555556,24
3108.718186,56,78,0.68,22,0.030909091,24
3108.680668,62,84,0.56,22,0.025454545,24
3108.531545,37,60,0.81,23,0.035217391,24
3108.512354,34,51,0.71,17,0.041764706,24
3108.480366,42,71,0.83,29,0.02862069,24
3108.475697,55,82,0.81,27,0.03,24
3108.025905,52,69,0.61,17,0.035882353,24
3108.025905,51,70,0.68,19,0.035789474,24
3107.86453,40,52,0.44,12,0.036666667,24
3107.551122,55,90,0.9,35,0.025714286,24
3107.324887,57,87,0.79,30,0.026333333,24
3107.244943,56,81,0.7,25,0.028,24
3107.200102,64,80,0.34,16,0.02125,24
3107.13925,55,88,0.86,33,0.026060606,24
3107.13925,53,90,0.97,37,0.026216216,24
3107.106349,64,82,0.46,18,0.025555556,24
3107.025601,58,89,0.79,31,0.025483871,24
3106.840907,55,79,0.71,24,0.029583333,24
3106.840907,54,80,0.77,26,0.029615385,24
3106.836574,58,79,0.63,21,0.03,24
3106.836574,57,80,0.69,23,0.03,24
3106.810587,42,69,0.86,27,0.031851852,24
3106.598772,43,70,0.7,27,0.025925926,24
3106.435663,49,63,0.34,14,0.024285714,24
3106.396682,55,66,0.39,11,0.035454545,24
3106.283509,46,65,0.55,19,0.028947368,24
3105.790738,51,87,0.95,36,0.026388889,24
3105.71744,46,68,0.56,22,0.025454545,24
3105.594564,58,74,0.48,16,0.03,24
3105.594564,57,75,0.54,18,0.03,24
3105.533399,43,69,0.81,26,0.031153846,24
3105.285506,32,56,0.9,24,0.0375,24
3105.276055,41,75,0.91,34,0.026764706,24
3105.175611,54,84,0.79,30,0.026333333,24
3104.932374,59,74,0.45,15,0.03,24
3104.8278,59,88,0.74,29,0.025517241,24
3104.73075,57,87,0.77,30,0.025666667,24
3104.373302,51,71,0.72,20,0.036,24
3104.341078,60,75,0.46,15,0.030666667,24
3104.341078,59,76,0.52,17,0.030588235,24
3104.341078,55,80,0.77,25,0.0308,24
3104.32895,35,50,0.63,15,0.042,24
3104.310382,54,92,0.98,38,0.025789474,24
3104.283943,56,80,0.64,24,0.026666667,24
3104.261413,41,71,0.81,30,0.027,24
3104.160767,55,82,0.75,27,0.027777778,24
3104.160767,54,83,0.81,29,0.027931034,24
3103.991321,52,84,0.99,32,0.0309375,24
3103.803878,62,87,0.51,25,0.0204,24
3103.410144,44,68,0.7,24,0.029166667,24
3102.953595,52,85,0.89,33,0.026969697,24
3102.826445,38,59,0.73,21,0.034761905,24
3102.715731,65,84,0.37,19,0.019473684,24
3102.703151,58,86,0.74,28,0.026428571,24
3102.205065,62,81,0.51,19,0.026842105,24
3101.994438,58,87,0.75,29,0.025862069,24
3101.930483,47,61,0.45,14,0.032142857,24
3101.580558,51,59,0.22,8,0.0275,24
3101.465208,46,65,0.53,19,0.027894737,24
3101.339221,44,67,0.66,23,0.028695652,24
3101.207552,62,85,0.57,23,0.024782609,24
3100.926423,36,51,0.59,15,0.039333333,24
3100.903648,55,81,0.8,26,0.030769231,24
3100.600479,46,70,0.56,24,0.023333333,24
3100.465203,46,67,0.65,21,0.030952381,24
3100.250843,54,79,0.75,25,0.03,24
3100.038384,61,82,0.56,21,0.026666667,24
3099.990336,57,78,0.65,21,0.030952381,24
3099.957818,33,54,0.79,21,0.037619048,24
3099.775023,40,77,0.98,37,0.026486486,24
3099.671422,56,81,0.75,25,0.03,24
3099.506351,45,79,0.83,34,0.024411765,24
3099.496934,41,73,0.89,32,0.0278125,24
3099.474544,61,83,0.57,22,0.025909091,24
3099.357201,32,56,0.93,24,0.03875,24
3099.265388,53,69,0.4,16,0.025,24
3099.112258,58,90,0.8,32,0.025,24
3099.013927,58,76,0.56,18,0.031111111,24
3098.94624,52,67,0.4,15,0.026666667,24
3098.931886,36,49,0.54,13,0.041538462,24
3098.862945,50,62,0.29,12,0.024166667,24
3098.687686,53,86,0.88,33,0.026666667,24
3098.598617,54,83,0.82,29,0.028275862,24
3098.464664,35,52,0.67,17,0.039411765,24
3098.222106,68,76,0.17,8,0.02125,24
3098.221638,47,68,0.51,21,0.024285714,24
3098.131676,62,83,0.44,21,0.020952381,24
3098.130458,57,94,0.89,37,0.024054054,24
3098.057191,41,68,0.88,27,0.032592593,24
3097.834423,42,74,0.86,32,0.026875,24
3097.824225,60,84,0.63,24,0.02625,24
3097.824225,59,85,0.68,26,0.026153846,24
3097.824225,56,89,0.86,33,0.026060606,24
3097.687568,55,73,0.63,18,0.035,24
3097.377974,48,66,0.42,18,0.023333333,24
3097.187486,47,67,0.47,20,0.0235,24
3096.853903,61,82,0.54,21,0.025714286,24
3096.661906,43,70,0.76,27,0.028148148,24
3096.594631,59,89,0.74,30,0.024666667,24
3096.421449,39,71,0.93,32,0.0290625,24
3096.305926,53,84,0.83,31,0.026774194,24
3096.201022,48,63,0.44,15,0.029333333,24
3096.130566,40,75,0.93,35,0.026571429,24
3095.789309,49,64,0.41,15,0.027333333,24
3095.733941,52,88,0.93,36,0.025833333,24
3095.613604,59,92,0.79,33,0.023939394,24
3095.613604,58,93,0.84,35,0.024,24
3095.311645,45,68,0.58,23,0.025217391,24
3095.261707,57,79,0.59,22,0.026818182,24
3095.261707,57,80,0.61,23,0.026521739,24
3095.261707,55,82,0.72,27,0.026666667,24
3095.215577,58,77,0.58,19,0.030526316,24
3095.215577,57,78,0.64,21,0.03047619,24
3095.211771,43,64,0.6,21,0.028571429,24
3095.203752,40,70,0.87,30,0.029,24
3094.943053,61,83,0.47,22,0.021363636,24
3094.942203,48,67,0.45,19,0.023684211,24
3094.67215,57,79,0.62,22,0.028181818,24
3094.558354,43,70,0.77,27,0.028518519,24
3094.375058,42,67,0.81,25,0.0324,24
3094.124793,53,85,0.85,32,0.0265625,24
3094.124793,53,86,0.87,33,0.026363636,24
3094.124793,52,86,0.91,34,0.026764706,24
3094.124793,51,87,0.97,36,0.026944444,24
3094.124793,51,88,0.98,37,0.026486486,24
3094.105287,38,54,0.54,16,0.03375,24
3094.097009,56,89,0.84,33,0.025454545,24
3094.059796,37,52,0.72,15,0.048,24
3093.953502,41,49,0.3,8,0.0375,24
3093.904708,44,65,0.67,21,0.031904762,24
3093.86859,42,50,0.31,8,0.03875,24
3093.867405,45,68,0.65,23,0.02826087,24
3093.862716,47,77,0.75,30,0.025,24
3093.856654,67,75,0.21,8,0.02625,24
3093.856654,63,79,0.42,16,0.02625,24
3093.856654,61,81,0.53,20,0.0265,24
3093.856654,60,82,0.58,22,0.026363636,24
3093.856654,60,83,0.6,23,0.026086957,24
3093.856654,58,84,0.69,26,0.026538462,24
3093.856654,58,85,0.71,27,0.026296296,24
3093.775286,43,67,0.85,24,0.035416667,24
3093.727973,48,63,0.49,15,0.032666667,24
3093.668962,45,66,0.61,21,0.029047619,24
3093.604282,48,65,0.4,17,0.023529412,24
3093.572958,54,81,0.85,27,0.031481481,24
3093.337537,54,89,0.91,35,0.026,24
3093.337537,53,91,0.98,38,0.025789474,24
3093.060613,48,66,0.44,18,0.024444444,24
3092.761452,33,58,0.95,25,0.038,24
3092.747323,63,80,0.45,17,0.026470588,24
3092.704085,41,74,0.82,33,0.024848485,24
3092.643313,37,66,0.96,29,0.033103448,24
3092.61955,63,73,0.3,10,0.03,24
3092.61955,62,74,0.36,12,0.03,24
3092.61955,61,75,0.42,14,0.03,24
3092.61955,60,76,0.48,16,0.03,24
3092.61955,56,80,0.73,24,0.030416667,24
3092.478974,47,76,0.74,29,0.025517241,24
3092.446592,55,80,0.69,25,0.0276,24
3092.414816,60,85,0.53,25,0.0212,24
3092.380661,71,77,0.12,6,0.02,24
3092.380661,70,78,0.16,8,0.02,24
3092.380661,69,79,0.2,10,0.02,24
3092.380567,53,81,0.83,28,0.029642857,24
3092.379486,41,71,0.84,30,0.028,24
3092.209233,59,83,0.64,24,0.026666667,24
3092.209233,56,87,0.82,31,0.026451613,24
3092.163053,38,52,0.53,14,0.037857143,24
3092.108734,54,59,0.13,5,0.026,24
3092.024558,48,63,0.41,15,0.027333333,24
3091.929673,50,75,0.89,25,0.0356,24
3091.690878,55,83,0.76,28,0.027142857,24
3091.618653,44,63,0.54,19,0.028421053,24
3091.361158,51,88,0.97,37,0.026216216,24
3091.28591,43,63,0.66,20,0.033,24
3091.220993,41,77,0.94,36,0.026111111,24
3090.906544,58,77,0.55,19,0.028947368,24
3090.906544,57,78,0.61,21,0.029047619,24
3090.761444,61,74,0.35,13,0.026923077,24
3090.697865,32,55,0.95,23,0.041304348,24
3090.590138,46,65,0.61,19,0.032105263,24
3090.321267,42,75,0.88,33,0.026666667,24
3090.256689,52,83,0.98,31,0.031612903,24
3090.142435,56,79,0.71,23,0.030869565,24
3089.790241,53,59,0.16,6,0.026666667,24
3089.583548,44,66,0.77,22,0.035,24
3089.574988,46,63,0.61,17,0.035882353,24
3089.527558,56,88,0.84,32,0.02625,24
3089.527558,54,90,0.95,36,0.026388889,24
3089.227312,63,72,0.26,9,0.028888889,24
3089.184831,56,65,0.32,9,0.035555556,24
3089.180508,37,51,0.52,14,0.037142857,24
3089.156436,38,49,0.43,11,0.039090909,24
3089.037603,51,86,0.94,35,0.026857143,24
3089.026515,57,85,0.75,28,0.026785714,24
3089.026515,55,87,0.86,32,0.026875,24
3088.947526,59,91,0.65,32,0.0203125,24
3088.817386,53,86,0.89,33,0.026969697,24
3088.812214,48,63,0.48,15,0.032,24
3088.768597,42,50,0.3,8,0.0375,24
3088.741561,61,85,0.62,24,0.025833333,24
3088.655785,35,55,0.71,20,0.0355,24
3088.574211,59,77,0.49,18,0.027222222,24
3088.495498,36,54,0.68,18,0.037777778,24
3088.495498,34,57,0.86,23,0.037391304,24
3088.490948,55,93,0.96,38,0.025263158,24
3088.268639,41,73,0.86,32,0.026875,24
3087.955027,56,80,0.68,24,0.028333333,24
3087.861814,44,52,0.26,8,0.0325,24
3087.848828,44,80,0.93,36,0.025833333,24
3087.50957,53,57,0.11,4,0.0275,24
3087.306637,68,77,0.23,9,0.025555556,24
3087.226612,62,71,0.28,9,0.031111111,24
3086.745794,58,77,0.52,19,0.027368421,24
3086.745794,56,79,0.63,23,0.027391304,24
3086.608465,46,67,0.59,21,0.028095238,24
3086.498009,35,62,0.98,27,0.036296296,24
3086.492812,46,65,0.56,19,0.029473684,24
3086.36694,45,64,0.61,19,0.032105263,24
3086.247653,51,89,0.99,38,0.026052632,24
3086.235538,62,73,0.31,11,0.028181818,24
3086.235538,61,75,0.39,14,0.027857143,24
3086.235538,58,78,0.56,20,0.028,24
3085.975899,45,69,0.64,24,0.026666667,24
3085.970489,72,76,0.08,4,0.02,24
3085.969773,53,79,0.78,26,0.03,24
3085.822804,51,58,0.25,7,0.035714286,24
3085.73436,42,69,0.77,27,0.028518519,24
3085.58535,47,63,0.52,16,0.0325,24
3085.082987,62,72,0.31,10,0.031,24
3084.712452,36,52,0.58,16,0.03625,24
3084.708655,34,59,0.91,25,0.0364,24
3084.423923,40,57,0.59,17,0.034705882,24
3084.333575,34,57,0.87,23,0.037826087,24
3084.290417,65,80,0.3,15,0.02,24
3084.290417,64,81,0.34,17,0.02,24
3084.12186,55,66,0.28,11,0.025454545,24
3084.075781,32,54,0.92,22,0.041818182,24
3083.755902,46,64,0.52,18,0.028888889,24
3083.360346,39,74,0.98,35,0.028,24
3082.957289,57,79,0.67,22,0.030454545,24
3082.779346,52,83,0.97,31,0.031290323,24
3082.713748,63,83,0.51,20,0.0255,24
3082.554158,56,78,0.65,22,0.029545455,24
3082.553808,35,53,0.65,18,0.036111111,24
3082.452108,42,56,0.47,14,0.033571429,24
3082.372705,32,54,0.9,22,0.040909091,24
3082.171789,59,74,0.47,15,0.031333333,24
3082.111047,52,84,0.94,32,0.029375,24
3081.898772,59,77,0.54,18,0.03,24
3081.898772,58,78,0.6,20,0.03,24
3081.840377,39,74,0.96,35,0.027428571,24
3081.813466,59,91,0.78,32,0.024375,24
3081.791337,35,55,0.7,20,0.035,24
3081.611462,59,73,0.42,14,0.03,24
3081.501508,45,62,0.48,17,0.028235294,24
3081.266868,62,80,0.49,18,0.027222222,24
3081.130741,36,60,0.88,24,0.036666667,24
3081.004021,47,63,0.47,16,0.029375,24
3080.924089,58,79,0.58,21,0.027619048,24
3080.698536,47,64,0.5,17,0.029411765,24
3080.653026,36,60,0.87,24,0.03625,24
3080.439925,59,91,0.79,32,0.0246875,24
3080.259906,41,49,0.33,8,0.04125,24
3080.185003,50,59,0.32,9,0.035555556,24
3079.836379,56,90,0.84,34,0.024705882,24
3079.525879,38,53,0.5,15,0.033333333,24
3079.512951,44,67,0.67,23,0.029130435,24
3079.309453,64,85,0.51,21,0.024285714,24
3078.739398,34,60,0.85,26,0.032692308,24
3078.45262,53,90,0.99,37,0.026756757,24
3078.40415,65,70,0.14,5,0.028,24
3078.305665,59,75,0.5,16,0.03125,24
3077.823945,36,49,0.55,13,0.042307692,24
3077.202594,56,81,0.69,25,0.0276,24
3077.188224,57,88,0.81,31,0.026129032,24
3077.033809,45,70,0.6,25,0.024,24
3076.570816,66,77,0.28,11,0.025454545,24
3076.570816,60,84,0.61,24,0.025416667,24
3076.388088,55,79,0.76,24,0.031666667,24
3076.310108,53,82,0.85,29,0.029310345,24
3076.022647,37,60,0.8,23,0.034782609,24
3075.865679,40,53,0.49,13,0.037692308,24
3075.7874,36,51,0.56,15,0.037333333,24
3075.399428,43,69,0.74,26,0.028461538,24
3075.378927,60,77,0.47,17,0.027647059,24
3075.30854,34,58,0.9,24,0.0375,24
3075.301109,72,74,0.05,2,0.025,24
3075.301109,71,75,0.1,4,0.025,24
3075.301109,70,76,0.15,6,0.025,24
3075.301109,69,77,0.2,8,0.025,24
3075.301109,65,82,0.42,17,0.024705882,24
3075.301109,64,83,0.47,19,0.024736842,24
3075.301109,63,84,0.52,21,0.024761905,24
3075.249906,42,64,0.73,22,0.033181818,24
3075.079651,55,83,0.74,28,0.026428571,24
3074.93085,52,87,0.96,35,0.027428571,24
3074.926567,54,58,0.11,4,0.0275,24
3074.661123,62,72,0.29,10,0.029,24
3074.630233,38,57,0.71,19,0.037368421,24
3074.485878,38,53,0.56,15,0.037333333,24
3074.428119,48,77,0.71,29,0.024482759,24
3074.173816,52,60,0.22,8,0.0275,24
3074.004835,48,64,0.51,16,0.031875,24
3073.678159,44,81,0.89,37,0.024054054,24
3073.518116,55,88,0.88,33,0.026666667,24
3073.456662,35,52,0.69,17,0.040588235,24
3073.392486,36,52,0.6,16,0.0375,24
3073.376254,39,62,0.79,23,0.034347826,24
3073.19325,43,70,0.89,27,0.032962963,24
3073.173691,55,78,0.74,23,0.032173913,24
3073.074253,41,57,0.54,16,0.03375,24
3072.906737,65,67,0.06,2,0.03,24
3072.906737,64,68,0.12,4,0.03,24
3072.906737,63,69,0.18,6,0.03,24
3072.834413,49,60,0.39,11,0.035454545,24
3072.816557,49,57,0.23,8,0.02875,24
3072.611191,52,58,0.17,6,0.028333333,24
3072.229907,63,84,0.53,21,0.025238095,24
3072.229907,62,85,0.58,23,0.025217391,24
3072.229907,59,89,0.75,30,0.025,24
3072.21181,35,58,0.76,23,0.033043478,24
3071.904245,41,52,0.41,11,0.037272727,24
3071.730542,43,82,0.97,39,0.024871795,24
3071.400033,45,67,0.64,22,0.029090909,24
3071.398488,59,75,0.47,16,0.029375,24
3071.173356,50,74,0.59,24,0.024583333,24
3071.066415,47,66,0.46,19,0.024210526,24
3071.00235,34,64,0.96,30,0.032,24
3070.775271,49,73,0.62,24,0.025833333,24
3070.751481,54,85,0.81,31,0.026129032,24
3070.72552,61,86,0.63,25,0.0252,24
3070.71979,70,73,0.08,3,0.026666667,24
3070.71979,67,76,0.24,9,0.026666667,24
3070.549898,36,51,0.6,15,0.04,24
3070.452368,37,51,0.53,14,0.037857143,24
3070.318246,43,70,0.78,27,0.028888889,24
3070.318246,42,71,0.84,29,0.028965517,24
3070.195112,47,65,0.52,18,0.028888889,24
3070.178238,54,80,0.81,26,0.031153846,24
3070.074068,46,66,0.58,20,0.029,24
3069.864051,51,72,0.52,21,0.024761905,24
3069.668367,53,88,0.96,35,0.027428571,24
3069.507638,55,57,0.05,2,0.025,24
3069.507638,54,58,0.1,4,0.025,24
3069.507638,53,59,0.15,6,0.025,24
3069.507638,52,60,0.2,8,0.025,24
3069.393408,57,80,0.63,23,0.027391304,24
3069.360451,34,59,0.92,25,0.0368,24
3068.83823,43,67,0.76,24,0.031666667,24
3068.762739,35,57,0.82,22,0.037272727,24
3068.635295,61,89,0.68,28,0.024285714,24
3068.635295,60,90,0.73,30,0.024333333,24
3068.417152,51,74,0.83,23,0.036086957,24
3068.243786,34,60,0.86,26,0.033076923,24
3068.130407,52,58,0.18,6,0.03,24
3068.023921,33,58,0.87,25,0.0348,24
3067.748904,47,64,0.47,17,0.027647059,24
3067.745562,34,53,0.71,19,0.037368421,24
3067.579092,45,66,0.62,21,0.02952381,24
3067.558979,63,72,0.25,9,0.027777778,24
3067.507238,57,87,0.76,30,0.025333333,24
3067.507238,56,88,0.81,32,0.0253125,24
3067.507238,54,91,0.93,37,0.025135135,24
3067.28586,48,64,0.43,16,0.026875,24
3066.970281,54,90,0.94,36,0.026111111,24
3066.822077,33,54,0.85,21,0.04047619,24
3066.513566,50,73,0.82,23,0.035652174,24
3066.393471,55,87,0.73,32,0.0228125,24
3065.935536,33,56,0.83,23,0.036086957,24
3065.658856,42,70,0.82,28,0.029285714,24
3065.523356,33,53,0.84,20,0.042,24
3065.289728,52,88,0.96,36,0.026666667,24
3064.993342,41,68,0.77,27,0.028518519,24
3064.992307,54,91,0.92,37,0.024864865,24
3064.842223,41,77,0.95,36,0.026388889,24
3064.775651,54,92,0.95,38,0.025,24
3064.667569,37,56,0.69,19,0.036315789,24
3064.659682,54,82,0.75,28,0.026785714,24
3064.47795,59,84,0.65,25,0.026,24
3064.47795,58,85,0.7,27,0.025925926,24
3064.47795,56,87,0.81,31,0.026129032,24
3064.47795,55,89,0.88,34,0.025882353,24
3064.368849,42,68,0.83,26,0.031923077,24
3064.346134,46,66,0.64,20,0.032,24
3063.812727,56,86,0.8,30,0.026666667,24
3063.812727,55,88,0.87,33,0.026363636,24
3063.685441,52,78,0.9,26,0.034615385,24
3063.602173,57,79,0.66,22,0.03,24
3063.485098,36,57,0.7,21,0.033333333,24
3063.151158,69,73,0.09,4,0.0225,24
3063.111679,43,68,0.71,25,0.0284,24
3062.948412,35,56,0.79,21,0.037619048,24
3062.782176,54,85,0.83,31,0.026774194,24
3062.672362,44,69,0.7,25,0.028,24
3062.485275,56,76,0.65,20,0.0325,24
3062.22902,55,81,0.7,26,0.026923077,24
3062.088493,73,75,0.04,2,0.02,24
3061.814166,38,62,0.85,24,0.035416667,24
3061.744348,51,86,0.93,35,0.026571429,24
3061.693861,41,69,0.89,28,0.031785714,24
3061.414981,39,54,0.56,15,0.037333333,24
3061.410176,41,73,0.9,32,0.028125,24
3061.345421,51,61,0.25,10,0.025,24
3060.916215,46,66,0.5,20,0.025,24
3060.574928,65,83,0.37,18,0.020555556,24
3060.507894,61,73,0.35,12,0.029166667,24
3060.468562,56,92,0.91,36,0.025277778,24
3060.114108,46,64,0.59,18,0.032777778,24
3060.041912,56,82,0.7,26,0.026923077,24
3059.883082,56,78,0.69,22,0.031363636,24
3059.871902,54,83,0.77,29,0.026551724,24
3059.769102,62,74,0.33,12,0.0275,24
3059.769102,60,76,0.44,16,0.0275,24
3059.769102,58,79,0.57,21,0.027142857,24
3059.21144,53,79,0.86,26,0.033076923,24
3059.111206,55,89,0.87,34,0.025588235,24
3058.801133,35,55,0.69,20,0.0345,24
3058.770851,67,74,0.16,7,0.022857143,24
3058.574168,41,69,0.79,28,0.028214286,24
3058.033366,53,89,0.98,36,0.027222222,24
3057.515786,62,70,0.24,8,0.03,24
3057.515786,61,71,0.3,10,0.03,24
3057.515786,60,72,0.36,12,0.03,24
3057.509823,53,87,0.9,34,0.026470588,24
3056.997009,56,89,0.83,33,0.025151515,24
3056.518107,50,63,0.36,13,0.027692308,24
3056.197347,52,85,0.88,33,0.026666667,24
3056.127954,57,77,0.63,20,0.0315,24
3055.615603,45,80,0.78,35,0.022285714,24
3055.475064,32,53,0.89,21,0.042380952,24
3055.088465,53,92,0.97,39,0.024871795,24
3054.795099,57,96,0.92,39,0.023589744,24
3054.51816,47,75,0.74,28,0.026428571,24
3054.512839,56,88,0.82,32,0.025625,24
3054.391694,58,75,0.54,17,0.031764706,24
3054.380867,54,88,0.92,34,0.027058824,24
3054.252827,41,70,0.83,29,0.02862069,24
3054.252827,40,71,0.89,31,0.028709677,24
3054.209482,34,55,0.75,21,0.035714286,24
3054.196501,42,68,0.75,26,0.028846154,24
3054.196501,41,69,0.81,28,0.028928571,24
3054.145139,52,68,0.42,16,0.02625,24
3053.959203,40,54,0.53,14,0.037857143,24
3053.952242,36,57,0.8,21,0.038095238,24
3053.641281,47,65,0.57,18,0.031666667,24
3053.540503,40,74,0.97,34,0.028529412,24
3053.5104,42,74,0.85,32,0.0265625,24
3053.471022,43,81,0.96,38,0.025263158,24
3053.359158,60,84,0.5,24,0.020833333,24
3053.306073,38,48,0.37,10,0.037,24
3053.229618,62,73,0.32,11,0.029090909,24
3053.095928,53,82,0.91,29,0.03137931,24
3052.800255,44,71,0.71,27,0.026296296,24
3052.750466,56,82,0.71,26,0.027307692,24
3052.628527,52,84,0.93,32,0.0290625,24
3052.191743,69,74,0.11,5,0.022,24
3052.181233,37,60,0.84,23,0.036521739,24
3052.114124,38,80,0.92,42,0.021904762,24
3051.990594,43,66,0.84,23,0.036521739,24
3051.270778,67,75,0.18,8,0.0225,24
3051.270778,65,77,0.27,12,0.0225,24
3051.250066,46,50,0.13,4,0.0325,24
3050.908628,46,61,0.49,15,0.032666667,24
3050.899417,39,51,0.51,12,0.0425,24
3050.712428,59,86,0.71,27,0.026296296,24
3050.69344,42,53,0.41,11,0.037272727,24
3050.389711,51,58,0.23,7,0.032857143,24
3050.26796,49,61,0.34,12,0.028333333,24
3050.252847,57,81,0.65,24,0.027083333,24
3050.140581,37,57,0.76,20,0.038,24
3049.981013,41,58,0.56,17,0.032941176,24
3049.948591,41,76,0.92,35,0.026285714,24
3049.940102,35,53,0.66,18,0.036666667,24
3049.817459,45,64,0.69,19,0.036315789,24
3049.759133,44,66,0.64,22,0.029090909,24
3049.334778,59,85,0.69,26,0.026538462,24
3048.990098,54,89,0.79,35,0.022571429,24
3048.809558,41,69,0.9,28,0.032142857,24
3048.031672,44,47,0.12,3,0.04,24
3047.859166,58,94,0.86,36,0.023888889,24
3047.859166,57,95,0.91,38,0.023947368,24
3047.859166,56,96,0.96,40,0.024,24
3047.859166,56,97,0.97,41,0.023658537,24
3047.568049,60,81,0.48,21,0.022857143,24
3047.563614,38,64,0.87,26,0.033461538,24
3047.559289,63,80,0.47,17,0.027647059,24
3047.523439,59,78,0.52,19,0.027368421,24
3047.330125,43,82,0.96,39,0.024615385,24
3047.326712,64,82,0.49,18,0.027222222,24
3047.294068,35,56,0.9,21,0.042857143,24
3047.104253,58,92,0.85,34,0.025,24
3046.995083,63,80,0.38,17,0.022352941,24
3046.995083,61,82,0.47,21,0.022380952,24
3046.772125,42,73,0.79,31,0.025483871,24
3046.768935,34,57,0.79,23,0.034347826,24
3046.75399,54,81,0.84,27,0.031111111,24
3046.727255,62,80,0.41,18,0.022777778,24
3046.68743,55,80,0.78,25,0.0312,24
3046.653605,49,56,0.21,7,0.03,24
3046.435257,49,63,0.44,14,0.031428571,24
3046.227009,52,87,0.92,35,0.026285714,24
3046.194732,65,78,0.35,13,0.026923077,24
3046.031885,41,72,0.88,31,0.028387097,24
3045.949141,41,51,0.4,10,0.04,24
3045.949141,40,52,0.48,12,0.04,24
3045.8671,37,51,0.5,14,0.035714286,24
3045.730594,42,68,0.93,26,0.035769231,24
3045.524586,61,90,0.59,29,0.020344828,24
3045.445056,37,57,0.75,20,0.0375,24
3045.367121,47,67,0.55,20,0.0275,24
3045.234011,55,89,0.86,34,0.025294118,24
3045.138671,42,72,0.83,30,0.027666667,24
3044.994462,40,70,0.95,30,0.031666667,24
3044.762753,33,62,0.94,29,0.032413793,24
3044.532291,50,61,0.28,11,0.025454545,24
3044.406366,53,80,0.87,27,0.032222222,24
3044.406366,52,81,0.94,29,0.032413793,24
3044.406366,52,82,0.96,30,0.032,24
3044.373341,49,62,0.42,13,0.032307692,24
3044.276252,52,58,0.2,6,0.033333333,24
3044.214719,47,62,0.48,15,0.032,24
3044.107997,44,65,0.76,21,0.036190476,24
3044.03524,40,62,0.74,22,0.033636364,24
3043.908778,59,73,0.45,14,0.032142857,24
3043.908778,56,77,0.67,21,0.031904762,24
3043.855051,57,93,0.87,36,0.024166667,24
3043.632512,63,87,0.5,24,0.020833333,24
3043.594513,39,57,0.63,18,0.035,24
3043.053665,58,86,0.72,28,0.025714286,24
3042.886662,54,91,0.96,37,0.025945946,24
3042.855412,42,70,0.79,28,0.028214286,24
3042.662784,42,57,0.49,15,0.032666667,24
3042.645923,50,61,0.26,11,0.023636364,24
3042.635785,66,78,0.25,12,0.020833333,24
3042.614941,68,82,0.27,14,0.019285714,24
3042.604132,36,62,0.94,26,0.036153846,24
3042.572353,54,79,0.81,25,0.0324,24
3042.564274,53,80,0.88,27,0.032592593,24
3042.456203,54,90,0.93,36,0.025833333,24
3042.375414,46,65,0.52,19,0.027368421,24
3042.138566,39,53,0.47,14,0.033571429,24
3042.101438,55,77,0.72,22,0.032727273,24
3041.967625,40,56,0.56,16,0.035,24
3041.913907,38,55,0.64,17,0.037647059,24
3041.913907,37,56,0.72,19,0.037894737,24
3041.812594,45,68,0.61,23,0.026521739,24
3041.732462,55,84,0.76,29,0.026206897,24
3041.697795,36,60,0.86,24,0.035833333,24
3041.67585,36,61,0.88,25,0.0352,24
3041.472313,35,59,0.88,24,0.036666667,24
3041.228504,39,67,0.93,28,0.033214286,24
3040.763602,40,72,0.87,32,0.0271875,24
3040.632735,52,86,0.9,34,0.026470588,24
3040.616667,38,49,0.44,11,0.04,24
3040.48417,48,57,0.27,9,0.03,24
3040.48417,47,58,0.33,11,0.03,24
3040.188086,40,74,0.95,34,0.027941176,24
3040.136087,33,60,0.91,27,0.033703704,24
3039.909801,67,82,0.29,15,0.019333333,24
3039.909801,66,83,0.33,17,0.019411765,24
3039.566443,53,82,0.8,29,0.027586207,24
3039.32727,50,63,0.34,13,0.026153846,24
3039.3203,65,72,0.19,7,0.027142857,24
3039.227528,40,70,0.97,30,0.032333333,24
3039.186256,41,72,0.84,31,0.027096774,24
3039.166822,57,85,0.63,28,0.0225,24
3039.020747,34,51,0.72,17,0.042352941,24
3039.002957,53,72,0.65,19,0.034210526,24
3038.814038,33,54,0.86,21,0.040952381,24
3038.699206,56,97,0.98,41,0.023902439,24
3038.672767,58,76,0.53,18,0.029444444,24
3038.204337,43,65,0.62,22,0.028181818,24
3037.965544,60,77,0.46,17,0.027058824,24
3037.924745,43,49,0.22,6,0.036666667,24
3037.924101,34,60,0.96,26,0.036923077,24
3037.717737,44,54,0.33,10,0.033,24
3037.518952,61,71,0.32,10,0.032,24
3037.479893,54,70,0.58,16,0.03625,24
3037.422851,36,64,0.95,28,0.033928571,24
3037.309139,65,86,0.4,21,0.019047619,24
3037.203847,60,83,0.59,23,0.025652174,24
3037.123473,39,51,0.45,12,0.0375,24
3037.108333,41,48,0.24,7,0.034285714,24
3037.019439,54,56,0.06,2,0.03,24
3037.019439,53,57,0.12,4,0.03,24
3036.965995,33,59,0.88,26,0.033846154,24
3036.92827,53,80,0.81,27,0.03,24
3036.854354,66,70,0.11,4,0.0275,24
3036.854354,64,72,0.22,8,0.0275,24
3036.804685,59,82,0.53,23,0.023043478,24
3036.533576,40,60,0.67,20,0.0335,24
3036.280126,40,73,0.93,33,0.028181818,24
3036.055582,52,84,0.87,32,0.0271875,24
3036.055582,51,85,0.93,34,0.027352941,24
3035.952827,51,74,0.79,23,0.034347826,24
3035.893472,41,51,0.38,10,0.038,24
3035.765217,51,85,0.99,34,0.029117647,24
3035.325853,40,67,0.88,27,0.032592593,24
3035.290454,37,65,0.94,28,0.033571429,24
3035.139826,44,62,0.55,18,0.030555556,24
3035.083841,43,63,0.61,20,0.0305,24
3034.900893,48,65,0.54,17,0.031764706,24
3034.705975,39,79,0.87,40,0.02175,24
3034.699423,64,85,0.42,21,0.02,24
3034.618198,43,66,0.75,23,0.032608696,24
3034.542071,52,81,0.95,29,0.032758621,24
3034.477035,46,67,0.56,21,0.026666667,24
3034.472394,41,66,0.73,25,0.0292,24
3034.273717,38,55,0.67,17,0.039411765,24
3034.22803,41,59,0.59,18,0.032777778,24
3034.01176,40,48,0.3,8,0.0375,24
3034.007347,43,48,0.2,5,0.04,24
3034.007347,42,49,0.28,7,0.04,24
3033.914938,61,74,0.38,13,0.029230769,24
3033.885038,44,69,0.65,25,0.026,24
3033.843894,56,95,0.94,39,0.024102564,24
3033.732114,46,64,0.51,18,0.028333333,24
3033.212026,38,81,0.92,43,0.021395349,24
3033.159362,52,73,0.72,21,0.034285714,24
3032.944288,54,90,0.99,36,0.0275,24
3032.857467,38,56,0.67,18,0.037222222,24
3032.696495,41,70,0.82,29,0.028275862,24
3032.684211,33,53,0.81,20,0.0405,24
3032.634005,57,92,0.86,35,0.024571429,24
3032.585765,36,55,0.65,19,0.034210526,24
3032.305654,47,66,0.53,19,0.027894737,24
3032.171564,37,64,0.9,27,0.033333333,24
3032.118373,43,68,0.8,25,0.032,24
3031.906073,36,50,0.57,14,0.040714286,24
3031.862647,46,78,0.81,32,0.0253125,24
3031.798661,59,92,0.8,33,0.024242424,24
3031.798661,58,93,0.85,35,0.024285714,24
3031.762584,37,53,0.6,16,0.0375,24
3031.724535,60,83,0.52,23,0.022608696,24
3031.618567,40,66,0.86,26,0.033076923,24
3031.377632,59,91,0.77,32,0.0240625,24
3031.214642,69,78,0.18,9,0.02,24
3031.214642,68,79,0.22,11,0.02,24
3031.214642,67,80,0.26,13,0.02,24
3031.169533,60,91,0.75,31,0.024193548,24
3031.057172,66,80,0.38,14,0.027142857,24
3030.810924,39,71,0.94,32,0.029375,24
3030.679094,39,69,0.96,30,0.032,24
3030.644343,41,72,0.9,31,0.029032258,24
3030.451891,68,78,0.27,10,0.027,24
3030.451891,63,84,0.56,21,0.026666667,24
3030.451891,61,86,0.67,25,0.0268,24
3030.330271,48,64,0.4,16,0.025,24
3030.091444,34,60,0.95,26,0.036538462,24
3029.937647,42,57,0.51,15,0.034,24
3029.886617,55,83,0.77,28,0.0275,24
3029.543163,40,76,0.9,36,0.025,24
3029.326339,36,63,0.93,27,0.034444444,24
3029.313238,46,62,0.59,16,0.036875,24
3029.304053,57,88,0.78,31,0.02516129,24
3029.203166,55,85,0.78,30,0.026,24
3029.196647,35,56,0.72,21,0.034285714,24
3029.17764,65,81,0.43,16,0.026875,24
3028.835484,40,70,0.96,30,0.032,24
3028.705376,62,88,0.63,26,0.024230769,24
3028.660351,55,96,0.86,41,0.02097561,24
3028.61325,36,55,0.8,19,0.042105263,24
3028.611916,63,88,0.48,25,0.0192,24
3028.154198,47,63,0.53,16,0.033125,24
3028.134538,39,70,0.99,31,0.031935484,24
3028.041589,42,76,0.82,34,0.024117647,24
3027.80221,39,72,0.93,33,0.028181818,24
3027.660279,64,87,0.44,23,0.019130435,24
3027.224286,54,78,0.79,24,0.032916667,24
3027.216537,41,69,0.91,28,0.0325,24
3026.857879,45,49,0.15,4,0.0375,24
3026.833355,56,87,0.86,31,0.027741935,24
3026.821742,42,67,0.82,25,0.0328,24
3026.643986,43,55,0.4,12,0.033333333,24
3026.468348,50,61,0.36,11,0.032727273,24
3026.40873,63,86,0.47,23,0.020434783,24
3026.008069,41,70,0.92,29,0.031724138,24
3025.820187,65,86,0.41,21,0.01952381,24
3025.820187,64,87,0.45,23,0.019565217,24
3025.691732,56,68,0.41,12,0.034166667,24
3025.691732,55,69,0.48,14,0.034285714,24
3025.691732,54,70,0.55,16,0.034375,24
3025.681138,57,87,0.64,30,0.021333333,24
3025.588049,52,82,0.97,30,0.032333333,24
3025.568269,64,76,0.28,12,0.023333333,24
3025.41075,44,69,0.79,25,0.0316,24
3025.153882,60,67,0.23,7,0.032857143,24
3025.153882,55,72,0.56,17,0.032941176,24
3025.007357,36,55,0.66,19,0.034736842,24
3024.851802,66,76,0.28,10,0.028,24
3024.760136,52,65,0.29,13,0.022307692,24
3024.754679,44,60,0.48,16,0.03,24
3024.60596,61,74,0.4,13,0.030769231,24
3024.454958,50,75,0.9,25,0.036,24
3024.422059,33,59,0.89,26,0.034230769,24
3024.417133,44,70,0.67,26,0.025769231,24
3024.300456,58,80,0.59,22,0.026818182,24
3024.197755,56,68,0.43,12,0.035833333,24
3024.189869,37,54,0.64,17,0.037647059,24
3023.832698,35,62,0.92,27,0.034074074,24
3023.826489,56,82,0.69,26,0.026538462,24
3023.825584,65,84,0.38,19,0.02,24
3023.785756,51,59,0.24,8,0.03,24
3023.785756,50,60,0.3,10,0.03,24
3023.735577,62,84,0.44,22,0.02,24
3023.678226,67,82,0.3,15,0.02,24
3023.678226,66,83,0.34,17,0.02,24
3023.533039,37,58,0.78,21,0.037142857,24
3023.525782,38,63,0.86,25,0.0344,24
3023.384799,76,94,0.3,18,0.016666667,24
3023.325398,46,64,0.6,18,0.033333333,24
3023.325398,45,65,0.67,20,0.0335,24
3023.048051,63,70,0.23,7,0.032857143,24
3023.005069,67,69,0.06,2,0.03,24
3023.005069,66,70,0.12,4,0.03,24
3023.005069,65,71,0.18,6,0.03,24
3022.875663,47,60,0.34,13,0.026153846,24
3022.498417,36,59,0.89,23,0.038695652,24
3022.496179,45,68,0.73,23,0.03173913,24
3022.474282,40,61,0.68,21,0.032380952,24
3022.227214,46,62,0.52,16,0.0325,24
3022.150312,39,73,0.94,34,0.027647059,24
3022.009162,41,74,0.87,33,0.026363636,24
3021.970259,35,51,0.66,16,0.04125,24
3021.913757,64,85,0.52,21,0.024761905,24
3021.833633,69,76,0.18,7,0.025714286,24
3021.797678,59,88,0.79,29,0.027241379,24
3021.702892,60,74,0.41,14,0.029285714,24
3021.610587,36,55,0.71,19,0.037368421,24
3021.580181,52,80,0.93,28,0.033214286,24
3021.496252,53,81,0.88,28,0.031428571,24
3021.325534,40,69,0.83,29,0.02862069,24
3021.284382,49,65,0.38,16,0.02375,24
3020.993934,59,77,0.55,18,0.030555556,24
3020.885182,41,71,0.85,30,0.028333333,24
3020.861813,47,68,0.53,21,0.025238095,24
3020.824415,68,76,0.21,8,0.02625,24
3020.824415,65,79,0.37,14,0.026428571,24
3020.824415,62,83,0.55,21,0.026190476,24
3020.819478,56,78,0.7,22,0.031818182,24
3020.795668,63,70,0.22,7,0.031428571,24
3020.795668,60,73,0.41,13,0.031538462,24
3020.747513,54,80,0.82,26,0.031538462,24
3020.67456,62,85,0.61,23,0.026521739,24
3020.67456,59,89,0.79,30,0.026333333,24
3020.622573,44,65,0.68,21,0.032380952,24
3020.454943,43,67,0.77,24,0.032083333,24
3020.331709,40,71,0.99,31,0.031935484,24
3020.253758,50,63,0.41,13,0.031538462,24
3020.103859,45,46,0.04,1,0.04,24
3020.056797,54,55,0.03,1,0.03,24
3020.04532,58,92,0.82,34,0.024117647,24
3020.041558,44,64,0.65,20,0.0325,24
3020.005352,44,68,0.77,24,0.032083333,24
3019.622184,38,52,0.49,14,0.035,24
3019.264079,61,72,0.36,11,0.032727273,24
3019.250004,63,80,0.44,17,0.025882353,24
3019.250004,62,81,0.49,19,0.025789474,24
3018.824775,44,66,0.78,22,0.035454545,24
3018.704044,39,62,0.76,23,0.033043478,24
3018.661051,43,48,0.17,5,0.034,24
3018.581119,53,82,0.86,29,0.029655172,24
3018.581119,52,83,0.92,31,0.029677419,24
3018.489334,33,52,0.81,19,0.042631579,24
3018.480851,39,53,0.54,14,0.038571429,24
3018.398854,43,61,0.54,18,0.03,24
3018.398854,42,62,0.6,20,0.03,24
3018.345014,43,82,0.95,39,0.024358974,24
3018.224263,68,75,0.15,7,0.021428571,24
3018.222559,40,47,0.28,7,0.04,24
3018.222559,39,48,0.36,9,0.04,24
3017.954947,39,64,0.83,25,0.0332,24
3017.849777,36,52,0.61,16,0.038125,24
3017.593086,59,76,0.46,17,0.027058824,24
3017.44088,33,55,0.85,22,0.038636364,24
3017.243492,55,91,0.93,36,0.025833333,24
3016.938158,57,81,0.63,24,0.02625,24
3016.919421,38,49,0.42,11,0.038181818,24
3016.919421,37,50,0.5,13,0.038461538,24
3016.919421,36,51,0.58,15,0.038666667,24
3016.673484,39,63,0.81,24,0.03375,24
3016.629619,61,82,0.55,21,0.026190476,24
3016.629619,57,87,0.78,30,0.026,24
3016.607393,42,49,0.26,7,0.037142857,24
3016.375519,60,83,0.62,23,0.026956522,24
3016.271949,51,83,0.96,32,0.03,24
3016.089313,50,62,0.35,12,0.029166667,24
3015.913746,57,76,0.6,19,0.031578947,24
3015.865666,52,82,0.95,30,0.031666667,24
3015.583345,62,90,0.56,28,0.02,24
3015.570324,33,60,0.99,27,0.036666667,24
3015.406763,54,79,0.8,25,0.032,24
3015.401216,63,86,0.56,23,0.024347826,24
3015.401216,62,87,0.61,25,0.0244,24
3015.398139,35,64,0.91,29,0.03137931,24
3015.374702,58,69,0.36,11,0.032727273,24
3015.328764,41,70,0.91,29,0.03137931,24
3015.296943,35,50,0.64,15,0.042666667,24
3015.263699,53,61,0.19,8,0.02375,24
3015.25519,46,68,0.57,22,0.025909091,24
3014.919079,41,68,0.89,27,0.032962963,24
3014.890797,57,86,0.75,29,0.025862069,24
3014.781068,40,71,0.98,31,0.031612903,24
3014.724926,39,53,0.52,14,0.037142857,24
3014.700606,36,51,0.61,15,0.040666667,24
3014.662522,40,73,0.9,33,0.027272727,24
3014.655655,66,85,0.36,19,0.018947368,24
3014.618586,41,66,0.81,25,0.0324,24
3014.541332,44,87,0.99,43,0.023023256,24
3014.537389,55,67,0.43,12,0.035833333,24
3014.428851,42,68,0.74,26,0.028461538,24
3014.335213,55,70,0.51,15,0.034,24
3014.335213,54,71,0.58,17,0.034117647,24
3014.261288,50,62,0.3,12,0.025,24
3014.047514,44,58,0.43,14,0.030714286,24
3013.926553,46,70,0.57,24,0.02375,24
3013.817986,53,98,0.98,45,0.021777778,24
3013.805648,46,53,0.23,7,0.032857143,24
3013.609364,33,62,0.95,29,0.032758621,24
3013.43691,39,47,0.33,8,0.04125,24
3013.344365,55,71,0.54,16,0.03375,24
3013.071202,55,94,0.97,39,0.024871795,24
3012.984168,34,57,0.81,23,0.035217391,24
3012.892025,51,60,0.29,9,0.032222222,24
3012.755717,40,73,0.89,33,0.026969697,24
3012.696312,59,85,0.66,26,0.025384615,24
3012.670163,69,75,0.17,6,0.028333333,24
3012.606464,39,54,0.58,15,0.038666667,24
3012.594329,42,65,0.68,23,0.029565217,24
3012.462582,51,84,0.98,33,0.02969697,24
3012.305019,60,66,0.2,6,0.033333333,24
3012.305019,56,70,0.47,14,0.033571429,24
3012.299872,44,51,0.26,7,0.037142857,24
3011.901436,52,60,0.19,8,0.02375,24
3011.794439,43,44,0.04,1,0.04,24
3011.794439,42,45,0.12,3,0.04,24
3011.794439,41,46,0.2,5,0.04,24
3011.660021,42,70,0.83,28,0.029642857,24
3011.626577,46,66,0.63,20,0.0315,24
3011.411735,56,96,0.97,40,0.02425,24
3011.180318,49,62,0.33,13,0.025384615,24
3011.090187,63,74,0.3,11,0.027272727,24
3011.090187,61,76,0.41,15,0.027333333,24
3011.071458,53,71,0.65,18,0.036111111,24
3011.003463,68,77,0.25,9,0.027777778,24
3010.986754,54,90,0.98,36,0.027222222,24
3010.855129,51,74,0.82,23,0.035652174,24
3010.855129,49,77,0.99,28,0.035357143,24
3010.83428,42,68,0.94,26,0.036153846,24
3010.73659,63,80,0.36,17,0.021176471,24
3010.735332,34,56,0.78,22,0.035454545,24
3010.735332,33,57,0.86,24,0.035833333,24
3010.584047,54,91,0.94,37,0.025405405,24
3010.391153,42,70,0.77,28,0.0275,24
3010.368787,35,63,0.98,28,0.035,24
3010.289555,49,62,0.31,13,0.023846154,24
3010.282597,38,58,0.65,20,0.0325,24
3010.246598,57,78,0.66,21,0.031428571,24
3010.050287,35,63,0.97,28,0.034642857,24
3009.935015,38,53,0.51,15,0.034,24
3009.907229,71,74,0.06,3,0.02,24
3009.907229,70,75,0.1,5,0.02,24
3009.907229,69,76,0.14,7,0.02,24
3009.907229,68,77,0.18,9,0.02,24
3009.907229,67,78,0.22,11,0.02,24
3009.907229,66,79,0.26,13,0.02,24
3009.788644,40,55,0.56,15,0.037333333,24
3009.729793,61,87,0.65,26,0.025,24
3009.729793,60,88,0.7,28,0.025,24
3009.692332,67,73,0.14,6,0.023333333,24
3009.674767,47,65,0.45,18,0.025,24
3009.555204,33,60,0.93,27,0.034444444,24
3009.551759,42,71,0.85,29,0.029310345,24
3009.374366,34,54,0.73,20,0.0365,24
3009.281846,63,74,0.29,11,0.026363636,24
3009.280978,53,68,0.39,15,0.026,24
3009.262316,45,67,0.7,22,0.031818182,24
3009.257614,37,56,0.63,19,0.033157895,24
3009.257614,35,59,0.79,24,0.032916667,24
3008.990449,34,64,0.97,30,0.032333333,24
3008.748531,53,84,0.89,31,0.028709677,24
3008.748531,52,85,0.95,33,0.028787879,24
3008.660404,43,69,0.71,26,0.027307692,24
3008.560275,58,83,0.58,25,0.0232,24
3008.533077,63,83,0.55,20,0.0275,24
3008.533077,58,89,0.85,31,0.027419355,24
3008.533077,57,90,0.91,33,0.027575758,24
3008.503049,40,69,0.94,29,0.032413793,24
3008.255047,60,88,0.69,28,0.024642857,24
3008.153756,57,68,0.37,11,0.033636364,24
3007.905013,53,83,0.81,30,0.027,24
3007.796385,67,76,0.19,9,0.021111111,24
3007.673676,34,53,0.76,19,0.04,24
3007.590754,37,50,0.52,13,0.04,24
3007.575267,61,88,0.68,27,0.025185185,24
3007.453172,45,78,0.86,33,0.026060606,24
3007.338915,55,95,0.89,40,0.02225,24
3007.127281,52,89,0.96,37,0.025945946,24
3007.084482,42,68,0.84,26,0.032307692,24
3007.074631,44,69,0.63,25,0.0252,24
3007.063077,52,81,0.87,29,0.03,24
3007.063077,51,83,0.95,32,0.0296875,24
3006.879757,37,55,0.6,18,0.033333333,24
3006.845743,45,84,0.92,39,0.023589744,24
3006.57152,58,92,0.83,34,0.024411765,24
3006.57152,57,93,0.88,36,0.024444444,24
3006.489573,34,66,0.99,32,0.0309375,24
3006.44262,32,58,0.93,26,0.035769231,24
3006.439842,39,68,0.94,29,0.032413793,24
3006.420825,42,70,0.88,28,0.031428571,24
3006.378126,41,72,0.91,31,0.029354839,24
3006.344546,60,75,0.44,15,0.029333333,24
3006.344546,59,76,0.5,17,0.029411765,24
3006.344546,58,77,0.56,19,0.029473684,24
3006.063117,58,88,0.78,30,0.026,24
3006.063117,57,90,0.85,33,0.025757576,24
3006.063117,55,92,0.96,37,0.025945946,24
3006.044001,48,63,0.38,15,0.025333333,24
3005.96576,57,64,0.18,7,0.025714286,24
3005.891195,75,94,0.32,19,0.016842105,24
3005.706628,45,66,0.69,21,0.032857143,24
3005.695384,63,89,0.52,26,0.02,24
3005.617014,46,69,0.54,23,0.023478261,24
3005.53181,42,64,0.65,22,0.029545455,24
3005.338032,56,93,0.83,37,0.022432432,24
3005.057989,39,56,0.57,17,0.033529412,24
3004.923916,36,48,0.52,12,0.043333333,24
3004.861086,35,64,0.99,29,0.034137931,24
3004.803761,52,56,0.13,4,0.0325,24
3004.690715,58,87,0.77,29,0.026551724,24
3004.589887,56,69,0.44,13,0.033846154,24
3004.532456,35,56,0.74,21,0.035238095,24
3004.464171,42,66,0.79,24,0.032916667,24
3004.308192,61,91,0.6,30,0.02,24
3004.275392,55,88,0.92,33,0.027878788,24
3004.1898,41,75,0.84,34,0.024705882,24
3004.126721,64,84,0.49,20,0.0245,24
3004.126721,63,85,0.54,22,0.024545455,24
3004.126721,62,86,0.59,24,0.024583333,24
3004.126721,61,87,0.64,26,0.024615385,24
3004.126721,61,88,0.66,27,0.024444444,24
3004.126721,60,89,0.71,29,0.024482759,24
3004.126721,59,90,0.76,31,0.024516129,24
3004.126721,58,91,0.81,33,0.024545455,24
3004.114226,60,84,0.66,24,0.0275,24
3003.979231,36,58,0.82,22,0.037272727,24
3003.812158,57,76,0.61,19,0.032105263,24
3003.718654,51,84,0.97,33,0.029393939,24
3003.310923,41,68,0.87,27,0.032222222,24
3003.159913,42,67,0.8,25,0.032,24
3003.133297,58,76,0.58,18,0.032222222,24
3003.069294,40,60,0.66,20,0.033,24
3002.697208,45,70,0.63,25,0.0252,24
3002.657994,42,72,0.92,30,0.030666667,24
3002.641644,64,84,0.51,20,0.0255,24
3002.582031,61,83,0.46,22,0.020909091,24
3002.406919,48,75,0.69,27,0.025555556,24
3002.402134,50,64,0.33,14,0.023571429,24
3002.317285,62,72,0.32,10,0.032,24
3002.220079,67,78,0.31,11,0.028181818,24
3001.900538,48,71,0.6,23,0.026086957,24
3001.852457,34,60,0.99,26,0.038076923,24
3001.837671,34,58,0.82,24,0.034166667,24
3001.827494,41,71,0.87,30,0.029,24
3001.817998,41,56,0.48,15,0.032,24
3001.705043,67,74,0.19,7,0.027142857,24
3001.705043,65,76,0.3,11,0.027272727,24
3001.705043,63,78,0.41,15,0.027333333,24
3001.705043,61,80,0.52,19,0.027368421,24
3001.705043,61,81,0.54,20,0.027,24
3001.705043,59,83,0.65,24,0.027083333,24
3001.680604,66,77,0.24,11,0.021818182,24
3001.596871,56,90,0.88,34,0.025882353,24
3001.491581,39,52,0.44,13,0.033846154,24
3001.317533,72,73,0.02,1,0.02,24
3001.274732,45,68,0.57,23,0.024782609,24
3001.152344,38,54,0.6,16,0.0375,24
3001.035749,57,89,0.83,32,0.0259375,24
3000.965619,66,81,0.37,15,0.024666667,24
3000.914222,41,72,0.96,31,0.030967742,24
3000.835444,42,70,0.81,28,0.028928571,24
3000.79014,41,59,0.6,18,0.033333333,24
3000.737521,60,81,0.57,21,0.027142857,24
3000.737521,58,83,0.68,25,0.0272,24
3000.612577,43,67,0.86,24,0.035833333,24
3000.575958,34,53,0.77,19,0.040526316,24
3000.504562,40,71,0.88,31,0.028387097,24
3000.457352,45,61,0.49,16,0.030625,24
3000.260391,45,63,0.58,18,0.032222222,24
3000.216116,44,71,0.68,27,0.025185185,24
3000.11256,63,82,0.54,19,0.028421053,24
