% profit,ema1,ema2,threshold,diff,thresh / diff,ID
3680.963378,41,46,0.19,5,0.038,33
3660.362665,38,50,0.44,12,0.036666667,33
3578.223457,37,51,0.53,14,0.037857143,33
3567.767661,36,52,0.62,16,0.03875,33
3562.535361,37,51,0.52,14,0.037142857,33
3544.70817,40,47,0.27,7,0.038571429,33
3543.996194,53,82,0.87,29,0.03,33
3519.491366,36,52,0.61,16,0.038125,33
3514.925627,51,85,0.94,34,0.027647059,33
3513.896994,39,48,0.35,9,0.038888889,33
3510.144923,53,74,0.72,21,0.034285714,33
3510.144923,52,75,0.79,23,0.034347826,33
3505.439099,35,54,0.69,19,0.036315789,33
3495.394828,52,83,0.93,31,0.03,33
3495.297375,54,81,0.8,27,0.02962963,33
3495.297375,53,82,0.86,29,0.029655172,33
3492.615249,56,70,0.48,14,0.034285714,33
3492.451816,55,71,0.55,16,0.034375,33
3492.451816,54,72,0.62,18,0.034444444,33
3492.451816,53,73,0.69,20,0.0345,33
3492.289425,57,69,0.41,12,0.034166667,33
3487.161562,56,71,0.51,15,0.034,33
3486.998376,55,72,0.58,17,0.034117647,33
3486.998376,54,73,0.65,19,0.034210526,33
3481.162363,47,67,0.49,20,0.0245,33
3472.51626,51,84,0.99,33,0.03,33
3469.169875,52,83,0.92,31,0.029677419,33
3464.643035,35,54,0.71,19,0.037368421,33
3462.40603,51,86,0.95,35,0.027142857,33
3462.275406,57,70,0.44,13,0.033846154,33
3462.015537,35,54,0.7,19,0.036842105,33
3460.490914,50,86,0.99,36,0.0275,33
3459.458306,36,53,0.65,17,0.038235294,33
3455.986462,52,84,0.88,32,0.0275,33
3455.695873,57,68,0.38,11,0.034545455,33
3452.751858,53,83,0.82,30,0.027333333,33
3451.577643,36,53,0.62,17,0.036470588,33
3450.252752,37,51,0.54,14,0.038571429,33
3449.063394,51,84,0.98,33,0.02969697,33
3442.262425,38,50,0.45,12,0.0375,33
3436.530046,56,69,0.45,13,0.034615385,33
3436.530046,55,70,0.52,15,0.034666667,33
3434.233486,53,85,0.92,32,0.02875,33
3432.629137,39,49,0.37,10,0.037,33
3429.17613,51,85,0.93,34,0.027352941,33
3424.473116,52,86,0.98,34,0.028823529,33
3424.253309,40,48,0.3,8,0.0375,33
3421.774961,37,51,0.55,14,0.039285714,33
3419.333328,52,82,0.85,30,0.028333333,33
3415.185969,35,53,0.68,18,0.037777778,33
3415.10139,52,84,0.95,32,0.0296875,33
3414.362034,53,81,0.79,28,0.028214286,33
3408.941297,38,50,0.47,12,0.039166667,33
3400.810089,38,50,0.46,12,0.038333333,33
3400.689775,36,52,0.63,16,0.039375,33
3390.729608,51,84,0.93,33,0.028181818,33
3390.430556,62,75,0.37,13,0.028461538,33
3390.430556,57,81,0.68,24,0.028333333,33
3388.998171,64,72,0.23,8,0.02875,33
3386.131979,51,83,0.91,32,0.0284375,33
3384.43218,53,83,0.89,30,0.029666667,33
3383.392235,36,52,0.6,16,0.0375,33
3382.489433,56,82,0.74,26,0.028461538,33
3382.489433,55,83,0.8,28,0.028571429,33
3382.489433,54,84,0.86,30,0.028666667,33
3380.7446,57,80,0.66,23,0.028695652,33
3380.7446,56,81,0.72,25,0.0288,33
3380.280286,51,62,0.27,11,0.024545455,33
3377.696797,34,54,0.77,20,0.0385,33
3376.786328,54,80,0.73,26,0.028076923,33
3372.694537,60,76,0.47,16,0.029375,33
3372.306454,53,83,0.88,30,0.029333333,33
3372.306454,53,84,0.9,31,0.029032258,33
3372.306454,52,84,0.94,32,0.029375,33
3372.306454,52,85,0.96,33,0.029090909,33
3371.71514,42,47,0.19,5,0.038,33
3371.131948,55,82,0.78,27,0.028888889,33
3371.022482,34,54,0.76,20,0.038,33
3369.313958,49,64,0.37,15,0.024666667,33
3368.733118,52,86,0.99,34,0.029117647,33
3367.141949,50,63,0.32,13,0.024615385,33
3366.986263,34,54,0.78,20,0.039,33
3366.425375,53,84,0.91,31,0.029354839,33
3366.425375,52,85,0.97,33,0.029393939,33
3365.878614,39,49,0.38,10,0.038,33
3361.712091,35,53,0.7,18,0.038888889,33
3358.233392,54,82,0.83,28,0.029642857,33
3357.953919,38,49,0.43,11,0.039090909,33
3357.787246,48,65,0.42,17,0.024705882,33
3357.570992,58,78,0.59,20,0.0295,33
3354.155192,58,88,0.66,30,0.022,33
3353.717476,36,53,0.63,17,0.037058824,33
3352.136334,34,55,0.8,21,0.038095238,33
3351.171741,33,57,0.88,24,0.036666667,33
3350.815616,57,80,0.67,23,0.029130435,33
3350.815616,55,83,0.81,28,0.028928571,33
3345.161452,55,82,0.79,27,0.029259259,33
3345.161452,54,83,0.85,29,0.029310345,33
3342.652369,56,81,0.73,25,0.0292,33
3342.652369,54,84,0.87,30,0.029,33
3342.652369,53,85,0.93,32,0.0290625,33
3341.508837,34,56,0.8,22,0.036363636,33
3340.109052,32,57,0.95,25,0.038,33
3339.598284,39,48,0.34,9,0.037777778,33
3338.60534,33,55,0.86,22,0.039090909,33
3338.15841,34,55,0.77,21,0.036666667,33
3337.203707,33,56,0.87,23,0.037826087,33
3336.681819,51,84,0.92,33,0.027878788,33
3336.475627,50,85,0.99,35,0.028285714,33
3335.73052,59,78,0.54,19,0.028421053,33
3335.374307,55,80,0.75,25,0.03,33
3335.374307,54,81,0.81,27,0.03,33
3334.749188,55,82,0.8,27,0.02962963,33
3334.509652,63,74,0.31,11,0.028181818,33
3334.320583,60,76,0.46,16,0.02875,33
3334.320583,59,77,0.52,18,0.028888889,33
3334.320583,58,79,0.6,21,0.028571429,33
3334.320583,55,82,0.77,27,0.028518519,33
3334.320583,53,85,0.91,32,0.0284375,33
3334.320583,52,86,0.97,34,0.028529412,33
3334.010806,66,71,0.14,5,0.028,33
3333.961688,65,72,0.2,7,0.028571429,33
3333.961688,61,76,0.43,15,0.028666667,33
3332.630623,33,56,0.85,23,0.036956522,33
3332.11275,59,77,0.53,18,0.029444444,33
3332.11275,57,79,0.65,22,0.029545455,33
3332.11275,56,80,0.71,24,0.029583333,33
3331.31786,53,86,0.89,33,0.026969697,33
3331.249374,51,87,0.97,36,0.026944444,33
3329.53621,56,80,0.69,24,0.02875,33
3329.53621,55,81,0.75,26,0.028846154,33
3329.53621,54,82,0.81,28,0.028928571,33
3329.53621,54,83,0.83,29,0.02862069,33
3329.53621,53,84,0.89,31,0.028709677,33
3329.53621,52,85,0.95,33,0.028787879,33
3327.904956,63,67,0.13,4,0.0325,33
3327.904956,61,69,0.26,8,0.0325,33
3327.796418,55,79,0.67,24,0.027916667,33
3327.36774,39,51,0.44,12,0.036666667,33
3327.331453,55,81,0.77,26,0.029615385,33
3326.470894,54,85,0.83,31,0.026774194,33
3326.470894,52,87,0.94,35,0.026857143,33
3326.384979,60,77,0.48,17,0.028235294,33
3326.005193,34,55,0.79,21,0.037619048,33
3325.887313,58,80,0.61,22,0.027727273,33
3325.887313,57,81,0.67,24,0.027916667,33
3324.978877,57,80,0.65,23,0.02826087,33
3324.862864,41,49,0.29,8,0.03625,33
3324.836138,58,78,0.58,20,0.029,33
3324.836138,54,83,0.84,29,0.028965517,33
3324.481415,61,76,0.42,15,0.028,33
3324.478234,63,73,0.29,10,0.029,33
3324.478234,62,74,0.35,12,0.029166667,33
3324.478234,60,77,0.49,17,0.028823529,33
3324.478234,59,78,0.55,19,0.028947368,33
3323.962707,58,77,0.56,19,0.029473684,33
3323.962707,57,78,0.62,21,0.02952381,33
3323.962707,56,79,0.68,23,0.029565217,33
3323.962707,55,80,0.74,25,0.0296,33
3323.821199,37,50,0.5,13,0.038461538,33
3322.940665,56,78,0.61,22,0.027727273,33
3320.465601,56,82,0.73,26,0.028076923,33
3320.465601,55,83,0.79,28,0.028214286,33
3320.465601,53,86,0.92,33,0.027878788,33
3320.465601,52,87,0.99,35,0.028285714,33
3320.064978,59,76,0.5,17,0.029411765,33
3320.064978,57,79,0.64,22,0.029090909,33
3320.064978,56,80,0.7,24,0.029166667,33
3320.064978,55,81,0.76,26,0.029230769,33
3320.064978,54,82,0.82,28,0.029285714,33
3319.061928,56,81,0.71,25,0.0284,33
3319.061928,54,84,0.85,30,0.028333333,33
3319.061928,52,87,0.98,35,0.028,33
3318.795156,46,68,0.55,22,0.025,33
3318.737634,61,70,0.29,9,0.032222222,33
3317.685272,63,68,0.16,5,0.032,33
3317.529392,42,46,0.15,4,0.0375,33
3317.347004,41,47,0.23,6,0.038333333,33
3316.553495,61,75,0.41,14,0.029285714,33
3316.553495,58,79,0.61,21,0.029047619,33
3316.439197,51,85,0.99,34,0.029117647,33
3313.023307,50,85,0.98,35,0.028,33
3312.35978,53,82,0.8,29,0.027586207,33
3312.35978,52,83,0.86,31,0.027741935,33
3311.030038,55,84,0.78,29,0.026896552,33
3311.030038,54,85,0.84,31,0.027096774,33
3309.285112,60,86,0.57,26,0.021923077,33
3307.085676,40,49,0.35,9,0.038888889,33
3307.085676,39,50,0.43,11,0.039090909,33
3304.787045,51,84,0.91,33,0.027575758,33
3303.101992,34,55,0.78,21,0.037142857,33
3302.393909,33,57,0.87,24,0.03625,33
3299.868305,33,57,0.89,24,0.037083333,33
3297.656038,50,85,0.97,35,0.027714286,33
3297.225252,34,56,0.81,22,0.036818182,33
3290.725037,50,83,0.96,33,0.029090909,33
3289.262837,51,61,0.25,10,0.025,33
3287.339226,37,52,0.55,15,0.036666667,33
3286.820054,39,49,0.39,10,0.039,33
3286.290362,32,57,0.94,25,0.0376,33
3286.208579,35,54,0.74,19,0.038947368,33
3284.525978,36,51,0.59,15,0.039333333,33
3282.880844,38,49,0.42,11,0.038181818,33
3281.475547,53,59,0.15,6,0.025,33
3279.871296,33,55,0.87,22,0.039545455,33
3279.317349,35,53,0.69,18,0.038333333,33
3279.317349,33,56,0.88,23,0.03826087,33
3276.688692,41,47,0.22,6,0.036666667,33
3275.338359,58,72,0.46,14,0.032857143,33
3274.539545,35,54,0.73,19,0.038421053,33
3273.306522,55,57,0.05,2,0.025,33
3273.306522,54,58,0.1,4,0.025,33
3272.937052,67,71,0.11,4,0.0275,33
3272.937052,65,73,0.22,8,0.0275,33
3272.937052,63,75,0.33,12,0.0275,33
3271.178467,53,86,0.94,33,0.028484848,33
3269.719911,41,48,0.27,7,0.038571429,33
3267.466369,51,82,0.9,31,0.029032258,33
3266.234433,61,78,0.46,17,0.027058824,33
3265.682026,63,66,0.1,3,0.033333333,33
3264.514649,35,51,0.64,16,0.04,33
3263.386896,38,52,0.51,14,0.036428571,33
3263.264935,50,84,0.98,34,0.028823529,33
3262.018776,32,57,0.97,25,0.0388,33
3261.868029,32,56,0.93,24,0.03875,33
3260.642314,50,78,0.96,28,0.034285714,33
3260.073468,58,80,0.62,22,0.028181818,33
3259.604108,50,84,0.97,34,0.028529412,33
3259.520434,34,55,0.81,21,0.038571429,33
3258.676906,61,77,0.44,16,0.0275,33
3253.586386,52,60,0.2,8,0.025,33
3252.667345,57,89,0.71,32,0.0221875,33
3246.405432,50,62,0.3,12,0.025,33
3245.300762,64,84,0.41,20,0.0205,33
3244.711791,35,54,0.72,19,0.037894737,33
3243.583139,38,48,0.4,10,0.04,33
3243.324517,51,77,0.89,26,0.034230769,33
3242.111617,36,53,0.64,17,0.037647059,33
3241.06882,54,83,0.86,29,0.029655172,33
3240.599358,40,46,0.24,6,0.04,33
3239.915456,33,56,0.89,23,0.038695652,33
3239.697729,53,84,0.92,31,0.029677419,33
3239.368984,56,90,0.76,34,0.022352941,33
3238.762455,52,87,0.95,35,0.027142857,33
3237.966349,58,70,0.4,12,0.033333333,33
3237.506684,39,47,0.32,8,0.04,33
3236.826726,32,58,0.96,26,0.036923077,33
3235.045176,52,85,0.98,33,0.02969697,33
3232.697121,33,54,0.83,21,0.03952381,33
3232.646045,57,71,0.47,14,0.033571429,33
3230.760344,60,67,0.24,7,0.034285714,33
3228.955893,32,58,0.95,26,0.036538462,33
3227.224936,34,53,0.75,19,0.039473684,33
3224.531747,64,83,0.4,19,0.021052632,33
3223.46333,61,66,0.17,5,0.034,33
3223.239196,60,82,0.58,22,0.026363636,33
3220.996197,56,83,0.75,27,0.027777778,33
3220.513838,62,76,0.39,14,0.027857143,33
3220.513838,60,78,0.5,18,0.027777778,33
3220.27477,56,74,0.59,18,0.032777778,33
3220.129996,52,76,0.82,24,0.034166667,33
3219.4717,54,74,0.68,20,0.034,33
3219.4717,53,75,0.75,22,0.034090909,33
3215.973193,65,83,0.37,18,0.020555556,33
3215.778198,63,78,0.4,15,0.026666667,33
3215.423638,56,72,0.54,16,0.03375,33
3215.272815,55,73,0.61,18,0.033888889,33
3215.258888,59,79,0.56,20,0.028,33
3215.069578,61,67,0.2,6,0.033333333,33
3213.241733,61,86,0.53,25,0.0212,33
3213.140052,54,85,0.86,31,0.027741935,33
3212.475155,53,83,0.87,30,0.029,33
3212.049396,60,68,0.27,8,0.03375,33
3211.674335,52,88,0.96,36,0.026666667,33
3211.344121,40,49,0.34,9,0.037777778,33
3209.697996,33,56,0.86,23,0.037391304,33
3208.776319,59,68,0.31,9,0.034444444,33
3208.347904,55,80,0.7,25,0.028,33
3208.073378,53,85,0.9,32,0.028125,33
3207.956709,36,51,0.58,15,0.038666667,33
3207.710189,65,82,0.36,17,0.021176471,33
3207.592896,58,79,0.59,21,0.028095238,33
3207.416314,55,84,0.81,29,0.027931034,33
3207.416314,54,85,0.87,31,0.028064516,33
3207.416314,53,86,0.93,33,0.028181818,33
3207.416314,53,87,0.94,34,0.027647059,33
3206.847446,37,52,0.57,15,0.038,33
3206.34424,58,82,0.64,24,0.026666667,33
3206.008496,52,84,0.89,32,0.0278125,33
3203.327207,52,84,0.93,32,0.0290625,33
3202.607223,66,83,0.34,17,0.02,33
3202.539533,67,81,0.29,14,0.020714286,33
3202.004099,58,81,0.63,23,0.027391304,33
3202.004099,57,82,0.69,25,0.0276,33
3202.004099,55,85,0.82,30,0.027333333,33
3201.990204,62,86,0.5,24,0.020833333,33
3201.807051,63,86,0.47,23,0.020434783,33
3201.338538,53,83,0.83,30,0.027666667,33
3200.130414,55,86,0.82,31,0.026451613,33
3199.646697,57,82,0.67,25,0.0268,33
3199.646697,56,83,0.73,27,0.027037037,33
3199.646697,56,84,0.75,28,0.026785714,33
3199.646697,55,85,0.8,30,0.026666667,33
3199.646697,53,88,0.93,35,0.026571429,33
3199.119497,53,87,0.91,34,0.026764706,33
3197.757859,52,86,0.96,34,0.028235294,33
3196.88601,61,68,0.23,7,0.032857143,33
3196.203325,33,55,0.84,22,0.038181818,33
3194.671417,54,86,0.88,32,0.0275,33
3194.400976,40,49,0.33,9,0.036666667,33
3194.141827,62,85,0.49,23,0.021304348,33
3194.141827,61,87,0.55,26,0.021153846,33
3194.087465,54,84,0.84,30,0.028,33
3193.609014,55,83,0.78,28,0.027857143,33
3193.609014,53,85,0.89,32,0.0278125,33
3193.45029,63,85,0.46,22,0.020909091,33
3193.390652,61,88,0.56,27,0.020740741,33
3193.062577,34,55,0.82,21,0.039047619,33
3192.919249,52,89,0.98,37,0.026486486,33
3192.560841,38,51,0.48,13,0.036923077,33
3189.498451,54,83,0.82,29,0.028275862,33
3189.498451,53,84,0.88,31,0.028387097,33
3189.450063,32,57,0.99,25,0.0396,33
3189.207719,54,82,0.77,28,0.0275,33
3189.05194,68,79,0.23,11,0.020909091,33
3189.05194,66,82,0.33,16,0.020625,33
3189.020667,55,82,0.76,27,0.028148148,33
3189.020667,52,85,0.93,33,0.028181818,33
3189.020667,52,86,0.95,34,0.027941176,33
3189.020667,51,86,0.99,35,0.028285714,33
3188.42388,36,54,0.66,18,0.036666667,33
3188.043845,56,84,0.76,28,0.027142857,33
3187.502531,36,54,0.65,18,0.036111111,33
3187.285462,35,55,0.73,20,0.0365,33
3186.84808,66,75,0.24,9,0.026666667,33
3186.825358,54,81,0.76,27,0.028148148,33
3183.815557,52,85,0.94,33,0.028484848,33
3183.38863,32,57,0.96,25,0.0384,33
3183.280463,54,81,0.75,27,0.027777778,33
3182.124087,51,85,0.95,34,0.027941176,33
3181.348374,37,52,0.56,15,0.037333333,33
3181.348374,35,55,0.74,20,0.037,33
3181.316077,55,91,0.82,36,0.022777778,33
3180.293919,57,78,0.58,21,0.027619048,33
3180.293919,56,79,0.64,23,0.027826087,33
3178.381394,60,79,0.51,19,0.026842105,33
3178.046017,53,85,0.88,32,0.0275,33
3177.875148,7,9,0.12,2,0.06,33
3177.516458,58,81,0.62,23,0.026956522,33
3176.593884,59,79,0.55,20,0.0275,33
3176.013061,54,92,0.97,38,0.025526316,33
3175.249252,57,81,0.66,24,0.0275,33
3175.249252,56,82,0.72,26,0.027692308,33
3175.249252,55,83,0.77,28,0.0275,33
3175.249252,54,84,0.83,30,0.027666667,33
3175.249252,54,85,0.85,31,0.027419355,33
3175.249252,53,86,0.9,33,0.027272727,33
3175.249252,53,86,0.91,33,0.027575758,33
3175.249252,52,87,0.96,35,0.027428571,33
3175.249252,52,87,0.97,35,0.027714286,33
3174.847219,32,58,0.97,26,0.037307692,33
3174.748481,56,89,0.76,33,0.023030303,33
3174.748481,55,90,0.81,35,0.023142857,33
3174.548524,37,50,0.51,13,0.039230769,33
3174.506591,51,86,0.96,35,0.027428571,33
3173.351364,58,87,0.66,29,0.022758621,33
3173.351364,56,90,0.77,34,0.022647059,33
3171.806339,66,81,0.32,15,0.021333333,33
3171.089639,53,82,0.82,29,0.028275862,33
3170.686483,52,86,0.94,34,0.027647059,33
3170.167684,69,78,0.19,9,0.021111111,33
3170.108467,62,87,0.52,25,0.0208,33
3167.23906,63,81,0.39,18,0.021666667,33
3167.213303,52,94,0.99,42,0.023571429,33
3166.889718,60,86,0.56,26,0.021538462,33
3166.829757,35,52,0.67,17,0.039411765,33
3165.053246,62,79,0.45,17,0.026470588,33
3164.780326,67,77,0.22,10,0.022,33
3163.765132,32,57,0.98,25,0.0392,33
3163.378145,56,73,0.57,17,0.033529412,33
3162.42867,34,54,0.79,20,0.0395,33
3162.346073,62,76,0.41,14,0.029285714,33
3161.60803,55,80,0.69,25,0.0276,33
3161.501682,56,85,0.82,29,0.028275862,33
3161.328146,43,46,0.11,3,0.036666667,33
3160.634194,61,72,0.34,11,0.030909091,33
3159.496671,61,79,0.51,18,0.028333333,33
3158.790782,35,52,0.64,17,0.037647059,33
3158.057287,59,86,0.61,27,0.022592593,33
3157.106795,55,74,0.64,19,0.033684211,33
3157.001892,35,53,0.71,18,0.039444444,33
3156.753323,64,84,0.42,20,0.021,33
3156.668786,58,76,0.54,18,0.03,33
3156.393778,63,76,0.35,13,0.026923077,33
3154.626946,33,56,0.9,23,0.039130435,33
3153.84926,64,82,0.39,18,0.021666667,33
3153.84926,62,84,0.48,22,0.021818182,33
3152.966667,40,48,0.31,8,0.03875,33
3152.494506,60,80,0.57,20,0.0285,33
3152.494506,59,81,0.63,22,0.028636364,33
3151.543987,67,79,0.26,12,0.021666667,33
3151.543987,61,86,0.54,25,0.0216,33
3149.926951,58,79,0.62,21,0.02952381,33
3149.926951,57,80,0.68,23,0.029565217,33
3149.155004,38,51,0.49,13,0.037692308,33
3148.6496,58,71,0.43,13,0.033076923,33
3147.185622,35,56,0.78,21,0.037142857,33
3146.341717,61,80,0.51,19,0.026842105,33
3146.341717,59,82,0.62,23,0.026956522,33
3146.341717,58,84,0.69,26,0.026538462,33
3146.212469,40,47,0.26,7,0.037142857,33
3146.047298,65,75,0.27,10,0.027,33
3146.047298,56,86,0.8,30,0.026666667,33
3145.895545,52,93,0.98,41,0.023902439,33
3145.466304,55,88,0.86,33,0.026060606,33
3144.781306,63,82,0.41,19,0.021578947,33
3144.170201,64,85,0.43,21,0.02047619,33
3144.034507,59,80,0.57,21,0.027142857,33
3143.793122,35,52,0.66,17,0.038823529,33
3143.78393,62,71,0.28,9,0.031111111,33
3143.749582,59,82,0.61,23,0.026521739,33
3142.962079,54,90,0.94,36,0.026111111,33
3142.928022,37,53,0.6,16,0.0375,33
3142.718986,60,87,0.58,27,0.021481481,33
3142.318263,61,76,0.44,15,0.029333333,33
3142.318263,60,77,0.5,17,0.029411765,33
3142.318263,59,78,0.56,19,0.029473684,33
3141.867653,56,92,0.76,36,0.021111111,33
3141.749284,54,87,0.92,33,0.027878788,33
3141.636412,59,69,0.34,10,0.034,33
3141.240576,56,85,0.81,29,0.027931034,33
3140.485123,35,53,0.72,18,0.04,33
3140.421598,63,84,0.45,21,0.021428571,33
3140.288675,57,84,0.76,27,0.028148148,33
3139.884633,39,50,0.42,11,0.038181818,33
3138.637148,57,72,0.5,15,0.033333333,33
3138.573717,55,90,0.82,35,0.023428571,33
3137.99301,58,83,0.7,25,0.028,33
3137.945026,57,86,0.76,29,0.026206897,33
3137.576076,57,77,0.6,20,0.03,33
3136.320073,56,81,0.74,25,0.0296,33
3136.211229,54,89,0.96,35,0.027428571,33
3135.504188,55,90,0.8,35,0.022857143,33
3134.955354,60,79,0.55,19,0.028947368,33
3134.839077,41,48,0.25,7,0.035714286,33
3134.330131,37,49,0.48,12,0.04,33
3134.330131,36,50,0.56,14,0.04,33
3134.111962,45,54,0.31,9,0.034444444,33
3133.739233,39,48,0.36,9,0.04,33
3133.739233,38,49,0.44,11,0.04,33
3133.615494,57,91,0.71,34,0.020882353,33
3132.966662,63,75,0.35,12,0.029166667,33
3131.607548,59,87,0.61,28,0.021785714,33
3131.083833,56,86,0.83,30,0.027666667,33
3131.04895,37,49,0.46,12,0.038333333,33
3130.91255,54,91,0.87,37,0.023513514,33
3130.501178,54,91,0.85,37,0.022972973,33
3130.307474,62,86,0.51,24,0.02125,33
3130.03446,53,90,0.99,37,0.026756757,33
3129.648194,54,95,0.91,41,0.022195122,33
3129.565313,57,85,0.75,28,0.026785714,33
3129.565313,56,87,0.82,31,0.026451613,33
3129.565313,55,88,0.87,33,0.026363636,33
3129.565313,55,88,0.88,33,0.026666667,33
3129.565313,54,89,0.93,35,0.026571429,33
3129.286356,62,77,0.43,15,0.028666667,33
3129.286356,61,78,0.49,17,0.028823529,33
3128.743241,55,83,0.82,28,0.029285714,33
3128.653441,56,78,0.66,22,0.03,33
3128.653441,55,79,0.72,24,0.03,33
3127.283159,41,45,0.15,4,0.0375,33
3127.277245,58,85,0.71,27,0.026296296,33
3127.277245,54,90,0.95,36,0.026388889,33
3126.826426,32,56,0.94,24,0.039166667,33
3125.160141,63,77,0.38,14,0.027142857,33
3125.160141,61,79,0.49,18,0.027222222,33
3125.160141,57,84,0.73,27,0.027037037,33
3123.606637,55,87,0.89,32,0.0278125,33
3121.382671,59,80,0.61,21,0.029047619,33
3120.107175,56,89,0.75,33,0.022727273,33
3119.146594,58,82,0.68,24,0.028333333,33
3119.146594,55,86,0.87,31,0.028064516,33
3119.146594,54,87,0.93,33,0.028181818,33
3117.375184,54,88,0.94,34,0.027647059,33
3116.023237,57,77,0.61,20,0.0305,33
3115.914862,32,59,0.98,27,0.036296296,33
3115.879143,34,56,0.78,22,0.035454545,33
3115.445901,61,81,0.53,20,0.0265,33
3113.442444,63,77,0.39,14,0.027857143,33
3112.828008,35,53,0.66,18,0.036666667,33
3112.307742,33,55,0.85,22,0.038636364,33
3112.18494,55,90,0.91,35,0.026,33
3111.979004,41,48,0.26,7,0.037142857,33
3111.979004,39,50,0.41,11,0.037272727,33
3111.923808,56,87,0.81,31,0.026129032,33
3111.22355,32,57,0.93,25,0.0372,33
3110.915979,36,51,0.56,15,0.037333333,33
3110.256388,57,83,0.74,26,0.028461538,33
3110.256388,56,84,0.8,28,0.028571429,33
3109.831645,53,92,0.92,39,0.023589744,33
3109.648238,55,89,0.88,34,0.025882353,33
3109.562922,60,80,0.55,20,0.0275,33
3108.959285,56,85,0.79,29,0.027241379,33
3108.493199,55,87,0.86,32,0.026875,33
3108.108558,54,80,0.78,26,0.03,33
3107.406175,39,47,0.3,8,0.0375,33
3106.766321,57,88,0.71,31,0.022903226,33
3106.722967,64,75,0.31,11,0.028181818,33
3105.90176,46,68,0.54,22,0.024545455,33
3105.692231,32,55,0.92,23,0.04,33
3105.298217,65,79,0.3,14,0.021428571,33
3104.817182,61,84,0.51,23,0.022173913,33
3104.712724,54,89,0.92,35,0.026285714,33
3104.478662,7,9,0.11,2,0.055,33
3103.415529,54,88,0.92,34,0.027058824,33
3103.415529,53,89,0.98,36,0.027222222,33
3102.753528,60,81,0.56,21,0.026666667,33
3102.507304,65,81,0.34,16,0.02125,33
3102.429459,56,78,0.67,22,0.030454545,33
3101.753393,52,83,0.87,31,0.028064516,33
3101.562071,60,81,0.57,21,0.027142857,33
3101.562071,58,84,0.7,26,0.026923077,33
3101.097059,59,83,0.64,24,0.026666667,33
3099.926327,62,83,0.46,21,0.021904762,33
3099.475119,38,52,0.52,14,0.037142857,33
3099.020411,56,88,0.83,32,0.0259375,33
3098.82916,60,82,0.59,22,0.026818182,33
3098.82916,57,86,0.77,29,0.026551724,33
3098.107109,55,79,0.68,24,0.028333333,33
3098.107109,54,80,0.74,26,0.028461538,33
3097.928075,33,58,0.9,25,0.036,33
3097.230702,53,82,0.81,29,0.027931034,33
3096.869758,54,86,0.86,32,0.026875,33
3096.869758,52,89,0.99,37,0.026756757,33
3096.356867,36,52,0.59,16,0.036875,33
3096.216026,61,79,0.48,18,0.026666667,33
3096.031094,57,85,0.76,28,0.027142857,33
3096.031094,56,86,0.81,30,0.027,33
3096.031094,55,87,0.87,32,0.0271875,33
3096.031094,54,89,0.94,35,0.026857143,33
3095.780824,54,87,0.88,33,0.026666667,33
3095.619646,52,83,0.89,31,0.028709677,33
3095.557843,52,88,0.97,36,0.026944444,33
3094.423525,53,93,0.92,40,0.023,33
3093.766784,56,87,0.83,31,0.026774194,33
3093.766784,55,88,0.89,33,0.026969697,33
3093.766784,54,89,0.95,35,0.027142857,33
3093.73016,43,56,0.44,13,0.033846154,33
3093.53211,64,77,0.35,13,0.026923077,33
3093.387305,66,67,0.03,1,0.03,33
3093.387305,65,68,0.09,3,0.03,33
3093.387305,64,69,0.15,5,0.03,33
3093.387305,63,70,0.21,7,0.03,33
3092.976583,57,84,0.74,27,0.027407407,33
3092.976583,56,85,0.8,29,0.027586207,33
3092.976583,54,88,0.93,34,0.027352941,33
3092.976583,53,89,0.99,36,0.0275,33
3092.475527,60,80,0.56,20,0.028,33
3092.318106,36,98,0.14,62,0.002258065,33
3092.178702,54,92,0.87,38,0.022894737,33
3091.838297,54,91,0.96,37,0.025945946,33
3091.537949,62,78,0.45,16,0.028125,33
3090.9668,56,86,0.79,30,0.026333333,33
3090.754145,38,49,0.45,11,0.040909091,33
3090.460903,61,81,0.58,20,0.029,33
3090.205451,66,77,0.24,11,0.021818182,33
3089.781731,68,72,0.11,4,0.0275,33
3089.781731,66,74,0.22,8,0.0275,33
3089.781731,64,76,0.33,12,0.0275,33
3089.781731,61,80,0.52,19,0.027368421,33
3089.781731,59,82,0.63,23,0.027391304,33
3089.781731,58,83,0.69,25,0.0276,33
3089.781731,57,84,0.75,27,0.027777778,33
3089.781731,56,86,0.82,30,0.027333333,33
3089.781731,55,87,0.88,32,0.0275,33
3089.212886,57,85,0.74,28,0.026428571,33
3089.188269,56,67,0.39,11,0.035454545,33
3088.683709,83,89,0.1,6,0.016666667,33
3088.576502,48,65,0.43,17,0.025294118,33
3088.550796,54,93,0.89,39,0.022820513,33
3088.356589,68,76,0.17,8,0.02125,33
3088.15145,53,91,0.99,38,0.026052632,33
3087.521848,60,81,0.58,21,0.027619048,33
3087.521848,58,84,0.71,26,0.027307692,33
3087.521848,57,85,0.77,28,0.0275,33
3087.521848,55,88,0.9,33,0.027272727,33
3086.464015,55,78,0.66,23,0.028695652,33
3085.430824,65,74,0.25,9,0.027777778,33
3084.310251,33,57,0.91,24,0.037916667,33
3083.504656,53,95,0.95,42,0.022619048,33
3083.301164,37,53,0.59,16,0.036875,33
3083.11173,57,83,0.73,26,0.028076923,33
3082.471595,59,82,0.64,23,0.027826087,33
3082.281219,52,90,0.95,38,0.025,33
3082.199383,52,92,0.97,40,0.02425,33
3081.856354,58,83,0.67,25,0.0268,33
3081.662317,63,70,0.2,7,0.028571429,33
3081.662317,59,74,0.43,15,0.028666667,33
3081.159427,54,90,0.85,36,0.023611111,33
3081.159427,53,91,0.9,38,0.023684211,33
3080.961221,59,75,0.47,16,0.029375,33
3080.961221,58,76,0.53,18,0.029444444,33
3080.67267,58,83,0.68,25,0.0272,33
3080.271708,60,84,0.54,24,0.0225,33
3080.177515,53,94,0.94,41,0.022926829,33
3079.082837,56,88,0.75,32,0.0234375,33
3079.082837,54,91,0.86,37,0.023243243,33
3079.013656,55,93,0.85,38,0.022368421,33
3079.013656,54,94,0.9,40,0.0225,33
3078.954811,62,72,0.28,10,0.028,33
3078.849835,55,79,0.73,24,0.030416667,33
3078.803049,51,83,0.97,32,0.0303125,33
3078.768206,58,76,0.51,18,0.028333333,33
3078.623777,58,76,0.5,18,0.027777778,33
3078.604599,61,83,0.49,22,0.022272727,33
3078.561536,54,80,0.79,26,0.030384615,33
3077.501132,36,51,0.57,15,0.038,33
3077.491411,54,89,0.85,35,0.024285714,33
3077.491411,53,90,0.9,37,0.024324324,33
3077.491411,53,91,0.91,38,0.023947368,33
3077.028615,62,79,0.46,17,0.027058824,33
3076.848795,57,87,0.7,30,0.023333333,33
3076.4219,53,87,0.96,34,0.028235294,33
3075.978712,69,72,0.08,3,0.026666667,33
3075.39979,52,92,0.95,40,0.02375,33
3075.068237,68,80,0.25,12,0.020833333,33
3075.065877,60,73,0.37,13,0.028461538,33
3074.730617,57,83,0.7,26,0.026923077,33
3074.603303,57,77,0.56,20,0.028,33
3074.202341,52,91,0.96,39,0.024615385,33
3074.023338,64,79,0.34,15,0.022666667,33
3072.141212,60,72,0.35,12,0.029166667,33
3072.011712,67,79,0.25,12,0.020833333,33
3071.715613,60,74,0.39,14,0.027857143,33
3071.211746,55,90,0.9,35,0.025714286,33
3070.713953,63,76,0.37,13,0.028461538,33
3070.713953,59,81,0.62,22,0.028181818,33
3070.674256,68,77,0.19,9,0.021111111,33
3070.431112,55,89,0.89,34,0.026176471,33
3070.298846,56,86,0.84,30,0.028,33
3070.108883,53,93,0.93,40,0.02325,33
3069.753455,59,83,0.65,24,0.027083333,33
3069.753455,57,86,0.78,29,0.026896552,33
3069.753455,56,87,0.84,31,0.027096774,33
3069.64574,55,91,0.83,36,0.023055556,33
3069.619049,55,91,0.81,36,0.0225,33
3069.58668,58,75,0.49,17,0.028823529,33
3069.569282,54,80,0.81,26,0.031153846,33
3069.562789,34,54,0.74,20,0.037,33
3069.480856,66,73,0.19,7,0.027142857,33
3069.480856,62,78,0.43,16,0.026875,33
3069.461255,56,88,0.87,32,0.0271875,33
3069.443699,62,82,0.45,20,0.0225,33
3068.969195,67,72,0.14,5,0.028,33
3068.969195,62,78,0.44,16,0.0275,33
3068.969195,61,79,0.5,18,0.027777778,33
3068.969195,59,81,0.61,22,0.027727273,33
3068.969195,58,82,0.67,24,0.027916667,33
3068.969195,55,86,0.86,31,0.027741935,33
3068.843221,55,89,0.8,34,0.023529412,33
3068.404062,55,87,0.85,32,0.0265625,33
3068.299679,57,82,0.68,25,0.0272,33
3068.299679,56,83,0.74,27,0.027407407,33
3068.299679,55,84,0.79,29,0.027241379,33
3068.299679,55,84,0.8,29,0.027586207,33
3068.299679,55,85,0.81,30,0.027,33
3068.299679,54,86,0.87,32,0.0271875,33
3068.299679,53,87,0.92,34,0.027058824,33
3068.299679,53,87,0.93,34,0.027352941,33
3068.299679,53,88,0.94,35,0.026857143,33
3068.299679,52,88,0.98,36,0.027222222,33
3068.299679,52,88,0.99,36,0.0275,33
3068.123898,38,48,0.38,10,0.038,33
3067.966649,51,73,0.79,22,0.035909091,33
3067.753447,56,89,0.85,33,0.025757576,33
3067.753447,55,91,0.92,36,0.025555556,33
3067.753447,54,93,0.99,39,0.025384615,33
3067.342691,60,69,0.3,9,0.033333333,33
3066.857614,76,97,0.35,21,0.016666667,33
3066.728533,32,59,0.99,27,0.036666667,33
3066.391902,60,78,0.53,18,0.029444444,33
3066.373587,59,70,0.37,11,0.033636364,33
3066.189197,67,81,0.27,14,0.019285714,33
3065.872464,60,83,0.63,23,0.027391304,33
3065.872464,58,86,0.76,28,0.027142857,33
3065.872464,57,87,0.82,30,0.027333333,33
3065.324041,61,77,0.47,16,0.029375,33
3065.117958,50,76,0.91,26,0.035,33
3064.525078,54,90,0.86,36,0.023888889,33
3063.914359,41,57,0.58,16,0.03625,33
3063.820195,47,66,0.48,19,0.025263158,33
3063.306942,68,81,0.26,13,0.02,33
3063.306942,67,82,0.3,15,0.02,33
3063.182541,59,81,0.59,22,0.026818182,33
3063.045777,61,72,0.31,11,0.028181818,33
3062.857318,61,78,0.47,17,0.027647059,33
3062.678258,35,99,0.15,64,0.00234375,33
3061.860754,44,53,0.33,9,0.036666667,33
3061.231926,53,88,0.98,35,0.028,33
3061.00918,34,56,0.82,22,0.037272727,33
3060.801057,66,76,0.22,10,0.022,33
3060.569533,55,85,0.88,30,0.029333333,33
3060.291802,62,82,0.44,20,0.022,33
3059.443575,57,76,0.54,19,0.028421053,33
3058.761842,57,77,0.57,20,0.0285,33
3058.755537,57,82,0.7,25,0.028,33
3058.755537,55,85,0.83,30,0.027666667,33
3058.46906,58,81,0.64,23,0.027826087,33
3058.462419,66,82,0.31,16,0.019375,33
3058.438825,56,77,0.6,21,0.028571429,33
3057.844757,57,77,0.59,20,0.0295,33
3057.679585,58,82,0.66,24,0.0275,33
3057.657928,38,51,0.5,13,0.038461538,33
3057.025357,55,87,0.9,32,0.028125,33
3056.187485,67,76,0.2,9,0.022222222,33
3055.312005,58,75,0.53,17,0.031176471,33
3055.312005,55,79,0.74,24,0.030833333,33
3055.312005,53,81,0.87,28,0.031071429,33
3054.899896,59,75,0.45,16,0.028125,33
3053.410395,64,78,0.31,14,0.022142857,33
3053.081573,77,95,0.31,18,0.017222222,33
3052.706629,57,76,0.59,19,0.031052632,33
3052.620597,50,88,0.99,38,0.026052632,33
3052.308912,56,78,0.62,22,0.028181818,33
3052.030423,53,90,0.98,37,0.026486486,33
3051.912081,54,88,0.95,34,0.027941176,33
3051.664099,33,58,0.91,25,0.0364,33
3051.487279,64,76,0.34,12,0.028333333,33
3051.487279,60,81,0.59,21,0.028095238,33
3051.487279,57,85,0.78,28,0.027857143,33
3051.46515,56,84,0.79,28,0.028214286,33
3051.320796,52,94,0.98,42,0.023333333,33
3050.766411,65,76,0.31,11,0.028181818,33
3049.856274,62,78,0.37,16,0.023125,33
3049.701731,60,85,0.55,25,0.022,33
3049.078547,64,74,0.29,10,0.029,33
3048.878189,62,81,0.42,19,0.022105263,33
3048.858469,55,89,0.9,34,0.026470588,33
3048.401112,56,88,0.84,32,0.02625,33
3048.327834,64,75,0.32,11,0.029090909,33
3048.306709,54,88,0.96,34,0.028235294,33
3048.042592,33,57,0.9,24,0.0375,33
3047.918841,67,73,0.17,6,0.028333333,33
3047.918841,63,78,0.42,15,0.028,33
3047.918841,59,83,0.67,24,0.027916667,33
3047.29046,74,99,0.42,25,0.0168,33
3046.489016,43,55,0.43,12,0.035833333,33
3046.451331,54,79,0.72,25,0.0288,33
3046.275066,49,64,0.38,15,0.025333333,33
3045.893063,37,52,0.58,15,0.038666667,33
3045.893063,36,53,0.66,17,0.038823529,33
3045.795264,51,85,0.97,34,0.028529412,33
3045.471402,54,91,0.99,37,0.026756757,33
3045.447892,34,56,0.83,22,0.037727273,33
3045.243551,56,83,0.77,27,0.028518519,33
3045.226413,56,84,0.77,28,0.0275,33
3044.769584,59,81,0.6,22,0.027272727,33
3044.203333,68,78,0.21,10,0.021,33
3044.203333,64,82,0.38,18,0.021111111,33
3044.191586,52,83,0.91,31,0.029354839,33
3044.191586,51,84,0.97,33,0.029393939,33
3044.105444,52,83,0.9,31,0.029032258,33
3043.418542,55,89,0.91,34,0.026764706,33
3043.418542,54,90,0.96,36,0.026666667,33
3043.144863,59,88,0.63,29,0.021724138,33
3043.142092,55,86,0.88,31,0.028387097,33
3043.009384,54,91,0.95,37,0.025675676,33
3042.870971,57,87,0.78,30,0.026,33
3042.783926,59,82,0.65,23,0.02826087,33
3042.666218,51,85,0.96,34,0.028235294,33
3042.431759,54,86,0.89,32,0.0278125,33
3042.431759,53,87,0.95,34,0.027941176,33
3041.582069,39,69,0.98,30,0.032666667,33
3041.393189,54,88,0.97,34,0.028529412,33
3041.361369,55,86,0.85,31,0.027419355,33
3041.360941,52,85,0.91,33,0.027575758,33
3041.245497,53,82,0.84,29,0.028965517,33
3040.68154,54,84,0.88,30,0.029333333,33
3040.487773,55,90,0.94,35,0.026857143,33
3040.408655,43,44,0.04,1,0.04,33
3040.408655,42,45,0.12,3,0.04,33
3040.408655,41,46,0.2,5,0.04,33
3040.408655,40,47,0.28,7,0.04,33
3040.208308,55,85,0.87,30,0.029,33
3040.208308,54,86,0.93,32,0.0290625,33
3040.120367,69,74,0.11,5,0.022,33
3040.120367,64,79,0.33,15,0.022,33
3039.855295,60,84,0.53,24,0.022083333,33
3039.830057,56,90,0.87,34,0.025588235,33
3039.830057,54,92,0.98,38,0.025789474,33
3039.791469,77,93,0.28,16,0.0175,33
3039.791469,75,95,0.35,20,0.0175,33
3039.642226,61,84,0.5,23,0.02173913,33
3039.63363,36,52,0.64,16,0.04,33
3039.598875,56,89,0.89,33,0.026969697,33
3039.252785,78,91,0.23,13,0.017692308,33
3039.190632,55,85,0.85,30,0.028333333,33
3039.190632,54,86,0.91,32,0.0284375,33
3038.056852,51,85,0.98,34,0.028823529,33
3037.848322,75,98,0.39,23,0.016956522,33
3037.613885,54,89,0.97,35,0.027714286,33
3037.493941,60,73,0.41,13,0.031538462,33
3037.493941,58,75,0.54,17,0.031764706,33
3037.493941,57,76,0.6,19,0.031578947,33
3037.493941,53,81,0.88,28,0.031428571,33
3037.485251,60,82,0.61,22,0.027727273,33
3037.485251,58,84,0.72,26,0.027692308,33
3036.828429,51,87,0.98,36,0.027222222,33
3036.817101,34,57,0.86,23,0.037391304,33
3036.557441,56,82,0.75,26,0.028846154,33
3036.557441,55,84,0.83,29,0.02862069,33
3036.388237,60,74,0.43,14,0.030714286,33
3036.388237,59,75,0.49,16,0.030625,33
3036.358381,38,49,0.41,11,0.037272727,33
3036.260755,57,90,0.73,33,0.022121212,33
3036.104172,33,59,0.95,26,0.036538462,33
3036.0137,59,85,0.58,26,0.022307692,33
3035.913697,65,79,0.31,14,0.022142857,33
3035.913697,63,81,0.4,18,0.022222222,33
3035.758575,53,92,0.91,39,0.023333333,33
3035.530541,51,86,0.92,35,0.026285714,33
3035.156897,62,75,0.38,13,0.029230769,33
3035.156897,58,80,0.64,22,0.029090909,33
3035.156897,57,81,0.7,24,0.029166667,33
3035.156897,56,82,0.76,26,0.029230769,33
3035.020197,65,74,0.26,9,0.028888889,33
3034.983924,53,81,0.86,28,0.030714286,33
3034.884227,33,58,0.97,25,0.0388,33
3034.704083,56,85,0.83,29,0.02862069,33
3034.347666,44,71,0.67,27,0.024814815,33
3034.293572,59,89,0.64,30,0.021333333,33
3033.842505,52,82,0.94,30,0.031333333,33
3033.717807,64,70,0.18,6,0.03,33
3033.717807,63,71,0.24,8,0.03,33
3033.717807,62,72,0.3,10,0.03,33
3033.521724,57,83,0.75,26,0.028846154,33
3033.433602,61,73,0.36,12,0.03,33
3033.433602,60,74,0.42,14,0.03,33
3033.351022,68,73,0.14,5,0.028,33
3033.251947,53,85,0.94,32,0.029375,33
3032.528113,37,54,0.62,17,0.036470588,33
3031.587935,60,78,0.52,18,0.028888889,33
3031.587935,59,79,0.58,20,0.029,33
3031.587935,56,83,0.78,27,0.028888889,33
3031.587935,55,84,0.84,29,0.028965517,33
3031.587935,53,87,0.97,34,0.028529412,33
3031.346635,53,88,0.99,35,0.028285714,33
3031.286526,37,53,0.58,16,0.03625,33
3030.911462,61,77,0.45,16,0.028125,33
3030.911462,56,83,0.76,27,0.028148148,33
3030.752629,65,83,0.35,18,0.019444444,33
3030.752629,64,84,0.39,20,0.0195,33
3030.752629,63,85,0.43,22,0.019545455,33
3030.521238,59,80,0.6,21,0.028571429,33
3030.521238,58,81,0.66,23,0.028695652,33
3030.521238,57,82,0.72,25,0.0288,33
3030.502248,56,91,0.78,35,0.022285714,33
3030.376588,59,74,0.47,15,0.031333333,33
3030.272155,61,71,0.29,10,0.029,33
3030.212671,54,87,0.95,33,0.028787879,33
3030.174045,60,88,0.6,28,0.021428571,33
3030.174045,58,90,0.69,32,0.0215625,33
3029.982304,58,82,0.69,24,0.02875,33
3029.982304,54,87,0.94,33,0.028484848,33
3029.973777,37,50,0.54,13,0.041538462,33
3029.33334,69,75,0.13,6,0.021666667,33
3029.33334,66,78,0.26,12,0.021666667,33
3029.232834,63,77,0.4,14,0.028571429,33
3029.232834,62,79,0.48,17,0.028235294,33
3029.232834,61,80,0.54,19,0.028421053,33
3029.205161,62,78,0.46,16,0.02875,33
3029.017139,61,82,0.57,21,0.027142857,33
3028.63206,55,84,0.82,29,0.028275862,33
3028.63206,54,85,0.88,31,0.028387097,33
3026.695961,52,84,0.91,32,0.0284375,33
3026.404759,61,73,0.37,12,0.030833333,33
3026.318742,70,93,0.53,23,0.023043478,33
3026.230811,56,87,0.85,31,0.027419355,33
3026.077599,36,55,0.69,19,0.036315789,33
3026.024922,78,94,0.27,16,0.016875,33
3025.922661,37,54,0.61,17,0.035882353,33
3025.807734,60,89,0.61,29,0.021034483,33
3025.660367,33,54,0.84,21,0.04,33
3025.124277,35,55,0.78,20,0.039,33
3025.097935,57,88,0.81,31,0.026129032,33
3024.64403,59,85,0.68,26,0.026153846,33
3024.111665,59,87,0.62,28,0.022142857,33
3024.101136,64,73,0.25,9,0.027777778,33
3023.85029,53,88,0.96,35,0.027428571,33
3023.663834,63,78,0.34,15,0.022666667,33
3023.547371,58,81,0.67,23,0.029130435,33
3023.547371,56,84,0.81,28,0.028928571,33
3023.536821,57,82,0.73,25,0.0292,33
3023.394286,45,70,0.61,25,0.0244,33
3023.106277,53,82,0.83,29,0.02862069,33
3022.698903,55,85,0.86,30,0.028666667,33
3022.57088,66,73,0.2,7,0.028571429,33
3021.622491,52,82,0.93,30,0.031,33
3021.609279,34,57,0.88,23,0.03826087,33
3021.485855,54,91,0.97,37,0.026216216,33
3021.283008,59,80,0.58,21,0.027619048,33
3021.238363,66,72,0.17,6,0.028333333,33
3021.238363,63,75,0.34,12,0.028333333,33
3021.238363,60,78,0.51,18,0.028333333,33
3021.238363,59,79,0.57,20,0.0285,33
3021.128218,56,89,0.88,33,0.026666667,33
3021.089772,59,75,0.48,16,0.03,33
3021.040641,66,78,0.27,12,0.0225,33
3021.040641,64,80,0.36,16,0.0225,33
3020.780962,70,75,0.1,5,0.02,33
3020.780962,69,76,0.14,7,0.02,33
3020.674005,57,78,0.59,21,0.028095238,33
3020.398017,47,50,0.11,3,0.036666667,33
3020.26543,54,81,0.77,27,0.028518519,33
3020.1754,54,82,0.78,28,0.027857143,33
3019.783772,54,90,0.97,36,0.026944444,33
3019.76689,52,84,0.9,32,0.028125,33
3019.699057,55,90,0.92,35,0.026285714,33
3019.699057,54,92,0.99,38,0.026052632,33
3019.639274,64,75,0.26,11,0.023636364,33
3019.209501,58,86,0.75,28,0.026785714,33
3019.044933,56,77,0.65,21,0.030952381,33
3018.99626,55,88,0.91,33,0.027575758,33
3018.782994,54,80,0.8,26,0.030769231,33
3018.782994,52,83,0.95,31,0.030645161,33
3018.771685,57,88,0.8,31,0.025806452,33
3018.771685,56,89,0.86,33,0.026060606,33
3018.771685,55,91,0.93,36,0.025833333,33
3018.698051,71,74,0.06,3,0.02,33
3018.670644,81,89,0.14,8,0.0175,33
3018.670644,79,91,0.21,12,0.0175,33
3018.221148,67,68,0.03,1,0.03,33
3018.221148,66,69,0.09,3,0.03,33
3018.221148,65,70,0.15,5,0.03,33
3018.221148,64,71,0.21,7,0.03,33
3018.129281,46,67,0.53,21,0.025238095,33
3017.846854,64,80,0.35,16,0.021875,33
3016.81024,59,76,0.47,17,0.027647059,33
3016.448323,55,86,0.89,31,0.028709677,33
3016.368124,37,50,0.49,13,0.037692308,33
3016.122781,39,51,0.45,12,0.0375,33
3016.07597,37,52,0.54,15,0.036,33
3015.694892,52,93,0.97,41,0.023658537,33
3015.551974,83,87,0.07,4,0.0175,33
3015.447066,55,93,0.84,38,0.022105263,33
3015.199582,51,83,0.95,32,0.0296875,33
3015.024824,55,92,0.84,37,0.022702703,33
3014.952281,80,89,0.16,9,0.017777778,33
3014.731577,54,86,0.9,32,0.028125,33
3014.576856,44,54,0.36,10,0.036,33
3014.243517,65,78,0.29,13,0.022307692,33
3014.001974,39,49,0.36,10,0.036,33
3013.756634,42,57,0.51,15,0.034,33
3013.670622,57,83,0.72,26,0.027692308,33
3013.670622,56,84,0.78,28,0.027857143,33
3013.670622,55,85,0.84,30,0.028,33
3013.670622,54,87,0.91,33,0.027575758,33
3013.670622,53,88,0.97,35,0.027714286,33
3013.072481,64,70,0.17,6,0.028333333,33
3013.072481,61,73,0.34,12,0.028333333,33
3012.887951,52,92,0.96,40,0.024,33
3012.860139,34,57,0.85,23,0.036956522,33
3012.618547,64,73,0.26,9,0.028888889,33
3012.009496,52,82,0.96,30,0.032,33
3010.665158,32,59,0.97,27,0.035925926,33
3010.640083,52,80,0.89,28,0.031785714,33
3010.105315,33,55,0.82,22,0.037272727,33
3009.931893,35,55,0.71,20,0.0355,33
3009.923638,72,98,0.46,26,0.017692308,33
3009.363824,52,73,0.74,21,0.035238095,33
3009.356999,53,83,0.84,30,0.028,33
3009.187798,64,78,0.37,14,0.026428571,33
3008.608572,56,92,0.79,36,0.021944444,33
3008.52992,54,85,0.89,31,0.028709677,33
3008.52992,53,86,0.95,33,0.028787879,33
3008.502979,51,82,0.94,31,0.030322581,33
3008.291649,37,49,0.45,12,0.0375,33
3008.251404,40,68,0.91,28,0.0325,33
3007.685784,7,10,0.15,3,0.05,33
3007.088914,64,74,0.28,10,0.028,33
3007.028682,35,56,0.76,21,0.036190476,33
3006.846854,63,86,0.48,23,0.020869565,33
3006.413033,58,78,0.6,20,0.03,33
3006.413033,57,79,0.66,22,0.03,33
3006.312282,63,76,0.36,13,0.027692308,33
3006.312282,60,79,0.53,19,0.027894737,33
3006.133522,56,77,0.61,21,0.029047619,33
3006.133522,55,78,0.67,23,0.029130435,33
3006.133522,54,79,0.73,25,0.0292,33
3006.010367,36,54,0.7,18,0.038888889,33
3005.998914,36,54,0.69,18,0.038333333,33
3005.624021,51,74,0.81,23,0.035217391,33
3005.520283,34,53,0.72,19,0.037894737,33
3005.431001,59,73,0.41,14,0.029285714,33
3005.108467,62,76,0.4,14,0.028571429,33
3005.108467,58,80,0.63,22,0.028636364,33
3005.108467,58,81,0.65,23,0.02826087,33
3005.108467,57,82,0.71,25,0.0284,33
3005.049137,62,79,0.47,17,0.027647059,33
3004.568322,72,99,0.47,27,0.017407407,33
3004.050789,61,78,0.48,17,0.028235294,33
3003.883853,60,79,0.52,19,0.027368421,33
3003.621306,65,80,0.32,15,0.021333333,33
3003.515862,35,61,0.9,26,0.034615385,33
3003.277329,54,87,0.9,33,0.027272727,33
3003.095416,62,81,0.43,19,0.022631579,33
3002.826593,64,75,0.3,11,0.027272727,33
3002.826593,62,77,0.41,15,0.027333333,33
3002.826593,60,80,0.54,20,0.027,33
3002.826593,58,82,0.65,24,0.027083333,33
3002.826593,57,83,0.71,26,0.027307692,33
3002.826593,56,85,0.78,29,0.026896552,33
3002.826593,55,86,0.84,31,0.027096774,33
3002.826593,54,88,0.91,34,0.026764706,33
3002.819087,37,53,0.61,16,0.038125,33
3002.453302,68,96,0.63,28,0.0225,33
3002.209682,79,93,0.23,14,0.016428571,33
3002.164354,61,80,0.53,19,0.027894737,33
3002.147537,66,77,0.25,11,0.022727273,33
3002.122589,55,87,0.84,32,0.02625,33
3002.069219,71,92,0.48,21,0.022857143,33
3002.069219,66,98,0.73,32,0.0228125,33
3002.015695,52,83,0.94,31,0.030322581,33
3001.926105,59,85,0.61,26,0.023461538,33
3001.638637,52,93,0.96,41,0.023414634,33
3001.468763,63,80,0.38,17,0.022352941,33
3001.463753,74,97,0.4,23,0.017391304,33
3001.257169,60,74,0.4,14,0.028571429,33
3001.000925,51,87,0.93,36,0.025833333,33
3000.860064,32,56,0.95,24,0.039583333,33
3000.781045,58,77,0.53,19,0.027894737,33
3000.444304,61,88,0.57,27,0.021111111,33
3000.439287,57,79,0.63,22,0.028636364,33
3000.258858,33,59,0.93,26,0.035769231,33
2999.661287,35,53,0.67,18,0.037222222,33
2999.335862,65,77,0.27,12,0.0225,33
2999.335862,63,79,0.36,16,0.0225,33
2999.335862,61,81,0.45,20,0.0225,33
2998.843585,53,80,0.81,27,0.03,33
2998.843585,52,81,0.87,29,0.03,33
2998.761061,56,79,0.65,23,0.02826087,33
2997.97923,51,82,0.97,31,0.031290323,33
2997.698266,52,81,0.9,29,0.031034483,33
2997.449166,66,75,0.25,9,0.027777778,33
2997.449166,61,81,0.55,20,0.0275,33
2997.294869,68,95,0.62,27,0.022962963,33
2997.098479,52,91,0.95,39,0.024358974,33
2996.990443,40,58,0.66,18,0.036666667,33
2996.660731,57,84,0.72,27,0.026666667,33
2996.64788,51,81,0.95,30,0.031666667,33
2996.402936,59,76,0.51,17,0.03,33
2996.402936,58,77,0.57,19,0.03,33
2996.402936,57,78,0.63,21,0.03,33
2996.402936,56,79,0.69,23,0.03,33
2996.369266,59,90,0.66,31,0.021290323,33
2996.242629,59,85,0.69,26,0.026538462,33
2996.242629,58,86,0.74,28,0.026428571,33
2996.242629,57,88,0.82,31,0.026451613,33
2996.242629,56,89,0.87,33,0.026363636,33
2996.242629,55,90,0.93,35,0.026571429,33
2996.206443,61,75,0.4,14,0.028571429,33
2996.177907,55,77,0.66,22,0.03,33
2996.177907,54,78,0.72,24,0.03,33
2996.170676,36,55,0.7,19,0.036842105,33
2996.054372,35,56,0.77,21,0.036666667,33
2995.545006,64,77,0.36,13,0.027692308,33
2995.486549,53,88,0.95,35,0.027142857,33
2995.222597,53,80,0.79,27,0.029259259,33
2995.222597,53,81,0.81,28,0.028928571,33
2995.222597,52,82,0.87,30,0.029,33
2994.873718,67,97,0.68,30,0.022666667,33
2994.847,74,75,0.02,1,0.02,33
2994.847,73,76,0.06,3,0.02,33
2994.847,72,77,0.1,5,0.02,33
2994.825268,58,74,0.47,16,0.029375,33
2994.825268,57,75,0.53,18,0.029444444,33
2994.728059,51,83,0.93,32,0.0290625,33
2994.657426,53,81,0.84,28,0.03,33
2994.250345,52,85,0.9,33,0.027272727,33
2993.808662,55,91,0.94,36,0.026111111,33
2993.555027,58,86,0.63,28,0.0225,33
2993.491307,55,78,0.74,23,0.032173913,33
2993.477173,58,76,0.55,18,0.030555556,33
2993.238569,57,87,0.81,30,0.027,33
2993.120177,62,80,0.48,18,0.026666667,33
2993.05431,76,96,0.34,20,0.017,33
2992.653317,54,79,0.74,25,0.0296,33
2992.653317,53,80,0.8,27,0.02962963,33
2992.332999,57,76,0.55,19,0.028947368,33
2992.332999,56,78,0.63,22,0.028636364,33
2992.332999,55,79,0.69,24,0.02875,33
2992.01316,63,72,0.27,9,0.03,33
2992.01316,62,73,0.33,11,0.03,33
2991.960944,60,79,0.54,19,0.028421053,33
2991.819709,66,98,0.72,32,0.0225,33
2991.647357,54,84,0.82,30,0.027333333,33
2991.536491,53,81,0.8,28,0.028571429,33
2991.036613,65,75,0.28,10,0.028,33
2990.689224,69,94,0.57,25,0.0228,33
2990.505661,53,81,0.85,28,0.030357143,33
2990.505661,52,82,0.91,30,0.030333333,33
2990.301796,54,79,0.75,25,0.03,33
2990.259521,62,77,0.42,15,0.028,33
2990.259521,59,80,0.59,21,0.028095238,33
2990.164134,51,83,0.94,32,0.029375,33
2989.988537,57,76,0.61,19,0.032105263,33
2989.844074,51,84,0.95,33,0.028787879,33
2989.785168,55,78,0.71,23,0.030869565,33
2989.708424,54,87,0.89,33,0.026969697,33
2989.550756,63,72,0.26,9,0.028888889,33
2989.425139,50,74,0.86,24,0.035833333,33
2989.367369,57,81,0.69,24,0.02875,33
2989.350395,52,83,0.88,31,0.028387097,33
2989.350395,51,84,0.94,33,0.028484848,33
2989.282776,58,69,0.38,11,0.034545455,33
2989.282776,57,70,0.45,13,0.034615385,33
2989.159334,54,78,0.73,24,0.030416667,33
2988.867874,39,51,0.41,12,0.034166667,33
2988.519584,60,83,0.6,23,0.026086957,33
2988.467278,32,57,0.92,25,0.0368,33
2988.422459,55,89,0.92,34,0.027058824,33
2988.383182,53,81,0.89,28,0.031785714,33
2987.685624,62,71,0.27,9,0.03,33
2987.303902,65,76,0.25,11,0.022727273,33
2987.047925,40,48,0.29,8,0.03625,33
2986.791845,53,89,0.97,36,0.026944444,33
2986.694858,82,87,0.09,5,0.018,33
2986.694858,77,92,0.27,15,0.018,33
2986.613656,59,79,0.59,20,0.0295,33
2986.613656,58,80,0.65,22,0.029545455,33
2986.577718,75,87,0.28,12,0.023333333,33
2986.570458,66,68,0.06,2,0.03,33
2986.570458,65,69,0.12,4,0.03,33
2986.566585,80,99,0.07,19,0.003684211,33
2986.484595,56,77,0.67,21,0.031904762,33
2986.484595,54,80,0.82,26,0.031538462,33
2986.484595,52,82,0.95,30,0.031666667,33
2986.321449,38,65,0.9,27,0.033333333,33
2986.278396,56,76,0.59,20,0.0295,33
2986.278396,55,77,0.65,22,0.029545455,33
2986.127065,36,97,0.16,61,0.002622951,33
2985.489796,54,84,0.81,30,0.027,33
2985.168535,55,81,0.69,26,0.026538462,33
2984.698696,61,74,0.39,13,0.03,33
2984.698696,60,75,0.45,15,0.03,33
2984.508565,54,83,0.8,29,0.027586207,33
2984.47263,63,74,0.32,11,0.029090909,33
2984.47263,61,77,0.46,16,0.02875,33
2984.06821,36,55,0.64,19,0.033684211,33
2984.012105,65,99,0.77,34,0.022647059,33
2983.955207,62,80,0.5,18,0.027777778,33
2983.771543,38,52,0.53,14,0.037857143,33
2983.421982,65,73,0.23,8,0.02875,33
2983.362695,76,86,0.23,10,0.023,33
2983.354325,60,75,0.44,15,0.029333333,33
2982.922846,52,82,0.9,30,0.03,33
2982.922846,51,83,0.96,32,0.03,33
2982.819245,36,59,0.8,23,0.034782609,33
2982.229545,53,81,0.82,28,0.029285714,33
2982.229545,52,82,0.88,30,0.029333333,33
2982.186528,63,78,0.41,15,0.027333333,33
2982.186528,60,82,0.6,22,0.027272727,33
2982.049739,37,54,0.57,17,0.033529412,33
2982.048884,53,90,0.97,37,0.026216216,33
2981.927033,59,73,0.42,14,0.03,33
2981.927033,58,74,0.48,16,0.03,33
2981.927033,57,75,0.54,18,0.03,33
2981.927033,56,76,0.6,20,0.03,33
2981.687047,77,88,0.21,11,0.019090909,33
2981.470552,54,80,0.75,26,0.028846154,33
2980.978211,52,82,0.86,30,0.028666667,33
2980.317906,55,89,0.94,34,0.027647059,33
2980.28138,53,80,0.78,27,0.028888889,33
2980.12123,41,58,0.58,17,0.034117647,33
2979.966347,40,50,0.37,10,0.037,33
2979.52552,56,88,0.88,32,0.0275,33
2979.493544,35,53,0.73,18,0.040555556,33
2979.1295,55,82,0.74,27,0.027407407,33
2979.1295,53,84,0.85,31,0.027419355,33
2978.976119,55,83,0.76,28,0.027142857,33
2978.792925,82,90,0.13,8,0.01625,33
2978.381344,65,75,0.23,10,0.023,33
2978.218339,65,66,0.03,1,0.03,33
2978.218339,64,67,0.09,3,0.03,33
2978.218339,59,72,0.39,13,0.03,33
2978.218339,58,73,0.45,15,0.03,33
2978.073543,46,54,0.27,8,0.03375,33
2977.959103,51,82,0.91,31,0.029354839,33
2977.959103,50,83,0.97,33,0.029393939,33
2977.912163,67,97,0.67,30,0.022333333,33
2977.80125,66,96,0.7,30,0.023333333,33
2977.425522,69,73,0.09,4,0.0225,33
2977.425522,67,75,0.18,8,0.0225,33
2977.318012,48,64,0.41,16,0.025625,33
2977.303167,59,83,0.66,24,0.0275,33
2976.947243,54,90,0.98,36,0.027222222,33
2976.431849,55,80,0.73,25,0.0292,33
2976.431849,54,81,0.79,27,0.029259259,33
2976.345026,55,93,0.8,38,0.021052632,33
2975.91027,36,54,0.68,18,0.037777778,33
2975.842206,56,85,0.77,29,0.026551724,33
2975.738979,72,91,0.43,19,0.022631579,33
2975.574978,60,83,0.52,23,0.022608696,33
2975.491083,67,97,0.69,30,0.023,33
2975.491083,66,98,0.74,32,0.023125,33
2975.491083,65,99,0.79,34,0.023235294,33
2975.173724,65,71,0.17,6,0.028333333,33
2975.173724,62,74,0.34,12,0.028333333,33
2975.141271,77,90,0.24,13,0.018461538,33
2974.971424,37,53,0.57,16,0.035625,33
2974.913664,73,75,0.04,2,0.02,33
2974.913664,72,76,0.08,4,0.02,33
2974.686779,53,85,0.87,32,0.0271875,33
2974.140862,33,58,0.96,25,0.0384,33
2974.138629,61,81,0.56,20,0.028,33
2973.876659,56,77,0.62,21,0.02952381,33
2973.876659,55,78,0.68,23,0.029565217,33
2973.736093,33,57,0.86,24,0.035833333,33
2973.73362,58,85,0.74,27,0.027407407,33
2973.73362,57,86,0.8,29,0.027586207,33
2972.984526,56,79,0.71,23,0.030869565,33
2972.984526,53,83,0.92,30,0.030666667,33
2972.90045,63,68,0.15,5,0.03,33
2972.90045,62,69,0.21,7,0.03,33
2972.90045,61,70,0.27,9,0.03,33
2972.90045,60,71,0.33,11,0.03,33
2972.863872,79,89,0.18,10,0.018,33
2972.435682,55,91,0.95,36,0.026388889,33
2972.384827,60,74,0.41,14,0.029285714,33
2971.980191,73,88,0.35,15,0.023333333,33
2971.980191,70,91,0.49,21,0.023333333,33
2971.980191,67,95,0.65,28,0.023214286,33
2971.954068,60,75,0.46,15,0.030666667,33
2971.932352,39,61,0.78,22,0.035454545,33
2971.857346,50,83,0.99,33,0.03,33
2971.756435,56,80,0.72,24,0.03,33
2971.224268,72,90,0.42,18,0.023333333,33
2971.207778,62,73,0.32,11,0.029090909,33
2971.207778,61,74,0.38,13,0.029230769,33
2971.021136,62,71,0.26,9,0.028888889,33
2970.894354,75,94,0.34,19,0.017894737,33
2970.739447,32,58,0.98,26,0.037692308,33
2970.693415,59,76,0.52,17,0.030588235,33
2970.6733,39,62,0.79,23,0.034347826,33
2970.444894,55,84,0.85,29,0.029310345,33
2970.444894,54,85,0.91,31,0.029354839,33
2970.387022,45,69,0.6,24,0.025,33
2970.253222,59,84,0.69,25,0.0276,33
2970.1772,70,93,0.52,23,0.022608696,33
2969.820594,60,87,0.59,27,0.021851852,33
2969.759639,54,87,0.96,33,0.029090909,33
2969.208049,36,97,0.17,61,0.002786885,33
2968.853466,37,64,0.95,27,0.035185185,33
2968.82006,55,86,0.9,31,0.029032258,33
2968.557335,53,86,0.97,33,0.029393939,33
2968.088371,25,86,0.61,61,0.01,33
2968.037179,55,93,0.81,38,0.021315789,33
2967.533973,56,79,0.66,23,0.028695652,33
2967.477153,55,81,0.78,26,0.03,33
2967.274082,43,70,0.86,27,0.031851852,33
2967.182531,51,81,0.96,30,0.032,33
2966.93799,52,85,0.88,33,0.026666667,33
2966.924693,51,86,0.94,35,0.026857143,33
2966.526262,62,72,0.29,10,0.029,33
2965.753698,60,81,0.48,21,0.022857143,33
2965.40369,57,76,0.56,19,0.029473684,33
2965.090896,50,83,0.98,33,0.02969697,33
2965.036599,52,80,0.85,28,0.030357143,33
2965.005312,67,74,0.19,7,0.027142857,33
2965.005312,65,76,0.3,11,0.027272727,33
2965.005312,63,79,0.43,16,0.026875,33
2965.005312,61,81,0.54,20,0.027,33
2964.854484,68,94,0.6,26,0.023076923,33
2964.639538,66,96,0.69,30,0.023,33
2964.639538,65,98,0.75,33,0.022727273,33
2964.630699,52,83,0.96,31,0.030967742,33
2964.629186,64,99,0.8,35,0.022857143,33
2964.316261,55,82,0.71,27,0.026296296,33
2964.310825,56,81,0.69,25,0.0276,33
2964.284489,60,78,0.49,18,0.027222222,33
2964.248196,38,51,0.47,13,0.036153846,33
2964.077673,58,89,0.68,31,0.021935484,33
2963.571276,42,59,0.57,17,0.033529412,33
2963.532568,53,79,0.78,26,0.03,33
2963.532568,52,80,0.84,28,0.03,33
2963.429386,55,81,0.79,26,0.030384615,33
2963.171355,64,78,0.32,14,0.022857143,33
2963.131032,74,96,0.39,22,0.017727273,33
2963.047141,54,92,0.88,38,0.023157895,33
2963.026983,58,80,0.6,22,0.027272727,33
2962.600542,33,59,0.94,26,0.036153846,33
2962.57385,57,89,0.72,32,0.0225,33
2962.212986,56,83,0.79,27,0.029259259,33
2962.212986,53,87,0.99,34,0.029117647,33
2962.061568,58,84,0.73,26,0.028076923,33
2961.56563,61,82,0.47,21,0.022380952,33
2961.561943,53,84,0.81,31,0.026129032,33
2961.519579,23,91,0.66,68,0.009705882,33
2961.118154,52,84,0.92,32,0.02875,33
2961.076185,66,76,0.23,10,0.023,33
2961.076185,63,79,0.37,16,0.023125,33
2960.771534,57,81,0.65,24,0.027083333,33
2960.641319,49,62,0.33,13,0.025384615,33
2960.608201,76,84,0.19,8,0.02375,33
2960.608201,72,89,0.4,17,0.023529412,33
2960.608201,71,90,0.45,19,0.023684211,33
2960.608201,65,97,0.75,32,0.0234375,33
2960.215749,67,74,0.16,7,0.022857143,33
2959.409372,54,93,0.88,39,0.022564103,33
2959.276507,55,80,0.72,25,0.0288,33
2959.276507,54,81,0.78,27,0.028888889,33
2959.161704,55,80,0.77,25,0.0308,33
2959.076369,52,81,0.84,29,0.028965517,33
2958.970099,53,87,0.83,34,0.024411765,33
2958.771831,70,79,0.18,9,0.02,33
2958.771831,69,80,0.22,11,0.02,33
2958.117925,57,83,0.76,26,0.029230769,33
2958.117925,56,84,0.82,28,0.029285714,33
2958.111238,56,83,0.66,27,0.024444444,33
2958.038733,64,81,0.37,17,0.021764706,33
2957.585871,52,81,0.85,29,0.029310345,33
2957.585871,50,84,0.99,34,0.029117647,33
2956.913602,66,74,0.23,8,0.02875,33
2956.89782,58,76,0.56,18,0.031111111,33
2956.794483,57,80,0.63,23,0.027391304,33
2956.758637,53,83,0.85,30,0.028333333,33
2956.611779,53,83,0.81,30,0.027,33
2956.099488,62,80,0.49,18,0.027222222,33
2956.099488,57,86,0.79,29,0.027241379,33
2955.944272,62,80,0.41,18,0.022777778,33
2955.944272,60,82,0.5,22,0.022727273,33
2955.678788,64,77,0.3,13,0.023076923,33
2955.587077,42,47,0.18,5,0.036,33
2955.53603,52,81,0.86,29,0.029655172,33
2955.432327,54,82,0.86,28,0.030714286,33
2955.337017,34,57,0.83,23,0.036086957,33
2955.117263,52,86,0.92,34,0.027058824,33
2955.004367,39,48,0.37,9,0.041111111,33
2954.875634,52,84,0.98,32,0.030625,33
2954.81966,69,92,0.54,23,0.023478261,33
2954.690189,59,83,0.55,24,0.022916667,33
2954.687485,24,89,0.64,65,0.009846154,33
2954.56558,61,82,0.6,21,0.028571429,33
2954.089217,70,74,0.11,4,0.0275,33
2954.075014,53,82,0.85,29,0.029310345,33
2953.968525,55,90,0.95,35,0.027142857,33
2953.850965,55,84,0.71,29,0.024482759,33
2953.737436,53,79,0.77,26,0.029615385,33
2953.665459,51,86,0.98,35,0.028,33
2953.648289,55,78,0.72,23,0.031304348,33
2953.642938,76,94,0.32,18,0.017777778,33
2953.605179,58,83,0.71,25,0.0284,33
2953.603937,68,95,0.63,27,0.023333333,33
2953.590312,42,57,0.52,15,0.034666667,33
2953.31422,34,62,0.97,28,0.034642857,33
2953.019231,56,81,0.68,25,0.0272,33
2952.949444,51,86,0.97,35,0.027714286,33
2952.774483,61,73,0.35,12,0.029166667,33
2952.640105,56,77,0.66,21,0.031428571,33
2952.31914,59,78,0.52,19,0.027368421,33
2952.267479,56,82,0.71,26,0.027307692,33
2952.08398,56,75,0.58,19,0.030526316,33
2952.08398,53,79,0.79,26,0.030384615,33
2951.89725,62,72,0.31,10,0.031,33
2951.793043,57,90,0.91,33,0.027575758,33
2951.642726,51,83,0.98,32,0.030625,33
2951.615739,51,82,0.96,31,0.030967742,33
2951.557813,34,55,0.83,21,0.03952381,33
2951.507901,39,69,0.99,30,0.033,33
2951.302808,33,56,0.84,23,0.036521739,33
2951.155145,83,97,0.05,14,0.003571429,33
2950.860951,71,78,0.14,7,0.02,33
2950.845454,58,77,0.58,19,0.030526316,33
2950.845454,57,78,0.64,21,0.03047619,33
2950.845454,56,78,0.68,22,0.030909091,33
2950.845454,54,81,0.83,27,0.030740741,33
2950.469998,76,92,0.29,16,0.018125,33
2950.284616,43,57,0.48,14,0.034285714,33
2950.057402,56,78,0.65,22,0.029545455,33
2950.057402,55,79,0.71,24,0.029583333,33
2950.038622,54,89,0.99,35,0.028285714,33
2949.861686,38,55,0.61,17,0.035882353,33
2949.750491,72,97,0.45,25,0.018,33
2949.73823,62,84,0.47,22,0.021363636,33
2949.696967,52,86,0.93,34,0.027352941,33
2949.24125,55,88,0.92,33,0.027878788,33
2949.24125,54,89,0.98,35,0.028,33
2949.237619,54,78,0.71,24,0.029583333,33
2949.136706,56,77,0.68,21,0.032380952,33
2948.880249,24,89,0.63,65,0.009692308,33
2948.750134,42,45,0.11,3,0.036666667,33
2948.707913,51,82,0.93,31,0.03,33
2948.360623,55,92,0.83,37,0.022432432,33
2948.098426,33,57,0.92,24,0.038333333,33
2948.048716,53,82,0.9,29,0.031034483,33
2947.95459,57,78,0.6,21,0.028571429,33
2947.884347,59,86,0.6,27,0.022222222,33
2947.534717,84,95,0.04,11,0.003636364,33
2947.449972,62,79,0.39,17,0.022941176,33
2947.449972,59,82,0.53,23,0.023043478,33
2947.402089,73,89,0.37,16,0.023125,33
2947.402089,70,92,0.51,22,0.023181818,33
2947.402089,69,93,0.56,24,0.023333333,33
2947.402089,67,96,0.67,29,0.023103448,33
2947.266246,63,76,0.31,13,0.023846154,33
2947.204329,54,78,0.76,24,0.031666667,33
2947.204329,54,79,0.78,25,0.0312,33
2947.185227,67,73,0.14,6,0.023333333,33
2947.185227,64,76,0.28,12,0.023333333,33
2947.185227,61,80,0.44,19,0.023157895,33
2947.058881,61,85,0.52,24,0.021666667,33
2946.939079,65,99,0.78,34,0.022941176,33
2946.925834,63,71,0.25,8,0.03125,33
2946.866932,61,74,0.36,13,0.027692308,33
2946.831414,65,98,0.76,33,0.023030303,33
2946.831414,64,99,0.81,35,0.023142857,33
2946.564323,73,98,0.44,25,0.0176,33
2946.298591,42,71,0.94,29,0.032413793,33
2946.141983,33,55,0.83,22,0.037727273,33
2945.958859,34,57,0.87,23,0.037826087,33
2945.793056,55,79,0.75,24,0.03125,33
2945.793056,54,81,0.84,27,0.031111111,33
2945.68222,61,72,0.33,11,0.03,33
2945.68222,60,73,0.39,13,0.03,33
2945.654682,57,85,0.81,28,0.028928571,33
2945.154663,53,80,0.85,27,0.031481481,33
2944.912415,65,79,0.4,14,0.028571429,33
2944.802839,51,82,0.92,31,0.029677419,33
2944.800825,58,85,0.72,27,0.026666667,33
2944.677685,63,70,0.22,7,0.031428571,33
2944.511064,53,81,0.83,28,0.029642857,33
2944.511064,52,82,0.89,30,0.029666667,33
2944.358582,59,84,0.66,25,0.0264,33
2944.287716,59,75,0.46,16,0.02875,33
2944.080686,61,83,0.51,22,0.023181818,33
2944.001045,51,83,0.92,32,0.02875,33
2943.998581,35,99,0.13,64,0.00203125,33
2943.988837,55,91,0.96,36,0.026666667,33
2943.98192,57,78,0.57,21,0.027142857,33
2943.81631,61,79,0.42,18,0.023333333,33
2942.922236,47,65,0.46,18,0.025555556,33
2942.751422,59,77,0.5,18,0.027777778,33
2942.681143,57,78,0.65,21,0.030952381,33
2942.526688,57,79,0.58,22,0.026363636,33
2942.389239,77,91,0.23,14,0.016428571,33
2941.18209,56,89,0.9,33,0.027272727,33
2941.134269,57,77,0.62,20,0.031,33
2940.825609,67,75,0.23,8,0.02875,33
2940.825609,62,81,0.54,19,0.028421053,33
2940.623909,40,50,0.34,10,0.034,33
2940.186388,64,77,0.37,13,0.028461538,33
2940.089088,33,57,0.93,24,0.03875,33
2940.053737,58,75,0.51,17,0.03,33
2940.053737,57,76,0.57,19,0.03,33
2939.813912,39,63,0.81,24,0.03375,33
2939.783078,66,78,0.34,12,0.028333333,33
2939.783078,61,84,0.65,23,0.02826087,33
2939.665669,51,88,0.99,37,0.026756757,33
2939.553074,63,71,0.23,8,0.02875,33
2939.442281,57,79,0.61,22,0.027727273,33
2939.308321,58,76,0.52,18,0.028888889,33
2939.308321,57,77,0.58,20,0.029,33
2939.235906,60,74,0.44,14,0.031428571,33
2939.214648,63,73,0.28,10,0.028,33
2939.045317,63,74,0.3,11,0.027272727,33
2939.045317,61,76,0.41,15,0.027333333,33
2938.773815,59,77,0.47,18,0.026111111,33
2938.501512,51,90,0.96,39,0.024615385,33
2937.790749,79,93,0.24,14,0.017142857,33
2937.722726,35,57,0.79,22,0.035909091,33
2937.533535,69,75,0.17,6,0.028333333,33
2937.500793,40,69,0.93,29,0.032068966,33
2937.288437,59,74,0.45,15,0.03,33
2937.24249,55,81,0.72,26,0.027692308,33
2936.889157,62,80,0.52,18,0.028888889,33
2936.879354,54,85,0.9,31,0.029032258,33
2936.879354,53,86,0.96,33,0.029090909,33
2936.846035,58,78,0.53,20,0.0265,33
2936.609495,50,88,0.98,38,0.025789474,33
2936.43731,52,84,0.87,32,0.0271875,33
2936.235269,41,51,0.36,10,0.036,33
2936.133164,37,64,0.96,27,0.035555556,33
2935.976756,75,85,0.24,10,0.024,33
2935.951297,58,88,0.67,30,0.022333333,33
2935.756983,33,58,0.92,25,0.0368,33
2935.48338,61,72,0.35,11,0.031818182,33
2935.48338,57,77,0.63,20,0.0315,33
2935.48338,55,80,0.78,25,0.0312,33
2935.25217,42,71,0.78,29,0.026896552,33
2934.656011,63,72,0.25,9,0.027777778,33
2934.511043,63,79,0.44,16,0.0275,33
2934.511043,59,84,0.68,25,0.0272,33
2934.385298,70,91,0.5,21,0.023809524,33
2934.372395,39,53,0.51,14,0.036428571,33
2934.370373,67,96,0.66,29,0.022758621,33
2934.33329,66,97,0.71,31,0.022903226,33
2934.102878,74,87,0.3,13,0.023076923,33
2934.017252,60,76,0.44,16,0.0275,33
2933.694341,79,82,0.07,3,0.023333333,33
2933.694341,76,85,0.21,9,0.023333333,33
2933.675664,51,88,0.95,37,0.025675676,33
2933.64234,61,71,0.32,10,0.032,33
2933.64234,55,78,0.73,23,0.03173913,33
2933.617313,59,75,0.5,16,0.03125,33
2933.617313,56,78,0.69,22,0.031363636,33
2933.594037,55,80,0.71,25,0.0284,33
2933.583735,67,80,0.27,13,0.020769231,33
2933.534693,77,84,0.16,7,0.022857143,33
2933.534693,72,89,0.39,17,0.022941176,33
2933.534693,71,90,0.44,19,0.023157895,33
2933.534693,68,94,0.59,26,0.022692308,33
2933.534693,67,95,0.64,28,0.022857143,33
2933.532493,58,78,0.55,20,0.0275,33
2933.532493,56,80,0.66,24,0.0275,33
2933.532493,54,83,0.79,29,0.027241379,33
2932.795053,66,70,0.11,4,0.0275,33
2932.795053,64,72,0.22,8,0.0275,33
2932.389009,54,86,0.92,32,0.02875,33
2932.389009,53,87,0.98,34,0.028823529,33
2931.985304,60,86,0.53,26,0.020384615,33
2931.501665,55,90,0.96,35,0.027428571,33
2931.476781,40,61,0.72,21,0.034285714,33
2931.457025,52,81,0.91,29,0.03137931,33
2931.270244,37,64,0.97,27,0.035925926,33
2931.140992,57,84,0.77,27,0.028518519,33
2931.140992,57,85,0.79,28,0.028214286,33
2931.114186,56,86,0.85,30,0.028333333,33
2931.103948,55,87,0.91,32,0.0284375,33
2931.064305,69,76,0.15,7,0.021428571,33
2931.064305,66,79,0.28,13,0.021538462,33
2931.057539,39,61,0.8,22,0.036363636,33
2930.95515,24,88,0.64,64,0.01,33
2930.842875,76,97,0.34,21,0.016190476,33
2930.788781,65,97,0.74,32,0.023125,33
2930.603918,39,61,0.79,22,0.035909091,33
2930.316803,52,87,0.89,35,0.025428571,33
2930.291203,42,58,0.56,16,0.035,33
2930.273741,55,81,0.7,26,0.026923077,33
2930.21826,40,53,0.46,13,0.035384615,33
2929.887551,51,87,0.92,36,0.025555556,33
2929.858462,38,53,0.5,15,0.033333333,33
2929.833423,33,60,0.97,27,0.035925926,33
2929.82343,65,80,0.42,15,0.028,33
2929.688006,58,78,0.56,20,0.028,33
2929.356261,51,84,0.96,33,0.029090909,33
2928.758951,44,70,0.67,26,0.025769231,33
2928.742401,37,53,0.62,16,0.03875,33
2928.738796,59,76,0.48,17,0.028235294,33
2928.511027,62,74,0.33,12,0.0275,33
2928.331608,68,95,0.61,27,0.022592593,33
2928.331608,66,97,0.7,31,0.022580645,33
2928.213687,56,80,0.64,24,0.026666667,33
2928.213687,54,82,0.75,28,0.026785714,33
2928.213687,53,84,0.82,31,0.026451613,33
2928.154314,72,94,0.37,22,0.016818182,33
2927.844738,65,99,0.76,34,0.022352941,33
2927.680649,55,80,0.68,25,0.0272,33
2927.351992,56,80,0.67,24,0.027916667,33
2927.342934,51,89,0.95,38,0.025,33
2927.029193,56,91,0.97,35,0.027714286,33
2926.838964,68,93,0.59,25,0.0236,33
2926.802533,26,84,0.57,58,0.009827586,33
2926.760573,63,69,0.19,6,0.031666667,33
2926.760573,60,72,0.38,12,0.031666667,33
2926.522101,38,63,0.88,25,0.0352,33
2926.148409,56,87,0.86,31,0.027741935,33
2925.858572,55,79,0.7,24,0.029166667,33
2925.572186,34,54,0.81,20,0.0405,33
2925.515696,45,53,0.29,8,0.03625,33
2925.474397,54,91,0.98,37,0.026486486,33
2924.999626,64,78,0.38,14,0.027142857,33
2924.522049,81,98,0.06,17,0.003529412,33
2923.879068,54,82,0.76,28,0.027142857,33
2923.791147,61,75,0.39,14,0.027857143,33
2923.611922,37,51,0.51,14,0.036428571,33
2923.539372,43,68,0.85,25,0.034,33
2923.330221,65,70,0.14,5,0.028,33
2923.330221,60,75,0.42,15,0.028,33
2923.005606,57,71,0.48,14,0.034285714,33
2922.794681,45,55,0.34,10,0.034,33
2922.472766,42,50,0.29,8,0.03625,33
2922.078439,65,85,0.4,20,0.02,33
2921.798443,63,82,0.42,19,0.022105263,33
2921.748763,58,92,0.72,34,0.021176471,33
2921.585042,23,91,0.67,68,0.009852941,33
2921.535861,74,88,0.32,14,0.022857143,33
2921.498934,71,91,0.46,20,0.023,33
2921.339031,40,60,0.71,20,0.0355,33
2921.336101,34,61,0.95,27,0.035185185,33
2921.061542,23,91,0.65,68,0.009558824,33
2921.024976,78,87,0.17,9,0.018888889,33
2921.021273,62,86,0.48,24,0.02,33
2920.97239,53,84,0.93,31,0.03,33
2920.887779,38,63,0.87,25,0.0348,33
2920.772685,35,51,0.61,16,0.038125,33
2920.721245,72,90,0.41,18,0.022777778,33
2920.721245,69,93,0.55,24,0.022916667,33
2920.631139,54,80,0.76,26,0.029230769,33
2920.44468,51,82,0.98,31,0.031612903,33
2920.272048,37,67,0.18,30,0.006,33
2920.178245,55,78,0.69,23,0.03,33
2919.893243,75,86,0.26,11,0.023636364,33
2919.777438,26,84,0.56,58,0.009655172,33
2919.69736,33,57,0.94,24,0.039166667,33
2919.434413,67,96,0.68,29,0.023448276,33
2919.428271,60,77,0.47,17,0.027647059,33
2919.428271,58,79,0.58,21,0.027619048,33
2919.418914,71,77,0.12,6,0.02,33
2919.418914,70,78,0.16,8,0.02,33
2919.418914,69,79,0.2,10,0.02,33
2919.404152,37,65,0.97,28,0.034642857,33
2919.374957,59,82,0.67,23,0.029130435,33
2919.138791,54,85,0.78,31,0.02516129,33
2919.138791,53,86,0.83,33,0.025151515,33
2918.510993,58,74,0.51,16,0.031875,33
2918.510993,54,79,0.79,25,0.0316,33
2918.49759,53,87,0.84,34,0.024705882,33
2917.894372,62,81,0.5,19,0.026315789,33
2917.894372,57,87,0.79,30,0.026333333,33
2917.733796,58,70,0.41,12,0.034166667,33
2917.300412,26,85,0.56,59,0.009491525,33
2917.18911,58,77,0.51,19,0.026842105,33
2917.128324,58,87,0.83,29,0.02862069,33
2917.118148,56,90,0.97,34,0.028529412,33
2917.104177,57,75,0.57,18,0.031666667,33
2917.018051,69,74,0.14,5,0.028,33
2916.769591,66,77,0.31,11,0.028181818,33
2916.686935,58,85,0.73,27,0.027037037,33
2916.612941,25,85,0.59,60,0.009833333,33
2916.459035,37,50,0.52,13,0.04,33
2916.204532,43,55,0.41,12,0.034166667,33
2916.11842,54,90,0.99,36,0.0275,33
2916.088226,63,84,0.44,21,0.020952381,33
2915.900636,37,51,0.56,14,0.04,33
2915.525851,56,79,0.7,23,0.030434783,33
2915.525851,55,80,0.76,25,0.0304,33
2915.525851,54,82,0.85,28,0.030357143,33
2915.525851,53,82,0.89,29,0.030689655,33
2915.525851,53,83,0.91,30,0.030333333,33
2915.525851,52,84,0.97,32,0.0303125,33
2915.405111,51,89,0.97,38,0.025526316,33
2915.140244,38,62,0.87,24,0.03625,33
2915.115752,50,87,0.99,37,0.026756757,33
2915.10268,51,85,0.92,34,0.027058824,33
2914.668973,65,80,0.33,15,0.022,33
2914.584016,42,44,0.08,2,0.04,33
2914.584016,41,45,0.16,4,0.04,33
2914.572218,38,63,0.9,25,0.036,33
2914.388371,34,58,0.87,24,0.03625,33
2914.303161,41,58,0.6,17,0.035294118,33
2914.102323,52,85,0.86,33,0.026060606,33
2914.100111,55,85,0.72,30,0.024,33
2913.668207,55,78,0.75,23,0.032608696,33
2913.379659,56,72,0.55,16,0.034375,33
2913.291678,34,58,0.88,24,0.036666667,33
2913.252464,41,52,0.39,11,0.035454545,33
2913.118339,56,88,0.85,32,0.0265625,33
2912.678416,58,89,0.85,31,0.027419355,33
2912.666216,52,87,0.9,35,0.025714286,33
2912.649358,62,75,0.36,13,0.027692308,33
2912.564571,67,78,0.24,11,0.021818182,33
2912.364151,51,87,0.94,36,0.026111111,33
2912.307854,36,54,0.64,18,0.035555556,33
2912.226981,33,55,0.9,22,0.040909091,33
2912.222649,61,82,0.55,21,0.026190476,33
2912.222649,58,86,0.73,28,0.026071429,33
2912.04579,57,89,0.9,32,0.028125,33
2912.04579,56,90,0.96,34,0.028235294,33
2911.992183,56,86,0.87,30,0.029,33
2911.926879,53,80,0.84,27,0.031111111,33
2911.91461,37,66,0.98,29,0.033793103,33
2911.740981,53,80,0.87,27,0.032222222,33
2911.633795,54,84,0.78,30,0.026,33
2911.565717,52,85,0.89,33,0.026969697,33
2911.530609,61,72,0.32,11,0.029090909,33
2911.530609,60,73,0.38,13,0.029230769,33
2911.270179,61,87,0.52,26,0.02,33
2911.254193,62,81,0.52,19,0.027368421,33
2911.179491,44,55,0.39,11,0.035454545,33
2911.157166,54,88,0.9,34,0.026470588,33
2910.848863,66,96,0.71,30,0.023666667,33
2910.848863,65,97,0.76,32,0.02375,33
2910.848863,64,98,0.81,34,0.023823529,33
2910.555667,35,60,0.87,25,0.0348,33
2910.395054,44,56,0.41,12,0.034166667,33
2910.116395,38,56,0.64,18,0.035555556,33
2909.88951,57,75,0.58,18,0.032222222,33
2909.887803,54,76,0.73,22,0.033181818,33
2909.8355,25,86,0.59,61,0.009672131,33
2909.689311,51,80,0.94,29,0.032413793,33
2909.451783,66,75,0.21,9,0.023333333,33
2909.398439,60,83,0.66,23,0.028695652,33
2909.334762,66,83,0.35,17,0.020588235,33
2909.334762,65,84,0.39,19,0.020526316,33
2908.915876,36,52,0.65,16,0.040625,33
2908.877653,24,90,0.63,66,0.009545455,33
2908.602146,52,81,0.92,29,0.031724138,33
2908.196402,33,59,0.96,26,0.036923077,33
2908.158919,49,57,0.23,8,0.02875,33
2908.155489,40,60,0.72,20,0.036,33
2907.592802,48,50,0.07,2,0.035,33
2907.592802,47,51,0.14,4,0.035,33
2907.592802,46,52,0.21,6,0.035,33
2907.211978,41,58,0.62,17,0.036470588,33
2907.026981,24,89,0.62,65,0.009538462,33
2907.022651,42,57,0.53,15,0.035333333,33
2906.989049,62,77,0.36,15,0.024,33
2906.874516,36,51,0.61,15,0.040666667,33
2906.615184,33,56,0.91,23,0.039565217,33
2906.487642,41,59,0.64,18,0.035555556,33
2906.436304,64,81,0.48,17,0.028235294,33
2906.143972,55,77,0.7,22,0.031818182,33
2906.143972,53,79,0.83,26,0.031923077,33
2905.793281,60,81,0.61,21,0.029047619,33
2905.782003,34,59,0.82,25,0.0328,33
2905.583472,54,83,0.75,29,0.025862069,33
2905.452601,52,79,0.89,27,0.032962963,33
2905.363913,24,90,0.64,66,0.00969697,33
2905.361127,61,85,0.49,24,0.020416667,33
2904.841949,35,55,0.72,20,0.036,33
2904.764135,52,88,0.89,36,0.024722222,33
2904.103673,72,74,0.04,2,0.02,33
2904.103673,71,75,0.08,4,0.02,33
2904.103673,70,76,0.12,6,0.02,33
2903.572749,70,92,0.5,22,0.022727273,33
2903.514219,36,53,0.61,17,0.035882353,33
2903.296265,38,63,0.89,25,0.0356,33
2903.258268,36,57,0.76,21,0.036190476,33
2903.25429,61,82,0.5,21,0.023809524,33
2903.25429,58,86,0.66,28,0.023571429,33
2903.25429,57,87,0.71,30,0.023666667,33
2903.15821,38,66,0.92,28,0.032857143,33
2902.761356,39,62,0.81,23,0.035217391,33
2902.726426,61,82,0.56,21,0.026666667,33
2902.726426,60,83,0.62,23,0.026956522,33
2902.726426,57,87,0.8,30,0.026666667,33
2902.726426,56,88,0.86,32,0.026875,33
2902.400994,63,83,0.43,20,0.0215,33
2902.152907,54,95,0.92,41,0.022439024,33
2902.100812,62,73,0.31,11,0.028181818,33
2902.089155,56,91,0.8,35,0.022857143,33
2902.089155,55,93,0.86,38,0.022631579,33
2901.986618,38,62,0.85,24,0.035416667,33
