% profit,ema1,ema2,threshold,diff,thresh / diff,ID
3872.16297,38,48,0.39,10,0.039,22
3799.628536,34,53,0.74,19,0.038947368,22
3748.702899,44,51,0.25,7,0.035714286,22
3711.638097,45,50,0.18,5,0.036,22
3708.638356,41,55,0.5,14,0.035714286,22
3708.638356,40,56,0.57,16,0.035625,22
3705.572841,40,53,0.48,13,0.036923077,22
3698.231503,33,55,0.85,22,0.038636364,22
3686.455197,35,52,0.66,17,0.038823529,22
3681.235935,62,66,0.13,4,0.0325,22
3681.235935,60,68,0.26,8,0.0325,22
3678.503333,57,70,0.43,13,0.033076923,22
3656.898916,59,67,0.27,8,0.03375,22
3655.028137,41,54,0.47,13,0.036153846,22
3651.926077,42,53,0.4,11,0.036363636,22
3637.603726,40,47,0.27,7,0.038571429,22
3626.184204,36,59,0.83,23,0.036086957,22
3621.399412,35,60,0.91,25,0.0364,22
3615.997571,43,52,0.32,9,0.035555556,22
3609.268554,56,72,0.53,16,0.033125,22
3604.85821,57,71,0.46,14,0.032857143,22
3598.141818,39,57,0.65,18,0.036111111,22
3597.943545,44,50,0.22,6,0.036666667,22
3592.366971,43,51,0.29,8,0.03625,22
3592.071523,50,76,0.9,26,0.034615385,22
3591.42528,62,65,0.1,3,0.033333333,22
3591.42528,59,68,0.3,9,0.033333333,22
3591.42528,56,71,0.5,15,0.033333333,22
3591.42528,54,74,0.66,20,0.033,22
3585.427377,44,69,0.68,25,0.0272,22
3583.966136,37,51,0.53,14,0.037857143,22
3578.50701,43,49,0.23,6,0.038333333,22
3567.512631,37,50,0.5,13,0.038461538,22
3566.352233,42,54,0.43,12,0.035833333,22
3565.894304,40,57,0.6,17,0.035294118,22
3563.9711,49,78,0.99,29,0.034137931,22
3563.416924,59,72,0.41,13,0.031538462,22
3558.507721,37,57,0.73,20,0.0365,22
3556.879045,51,75,0.83,24,0.034583333,22
3554.928047,41,53,0.44,12,0.036666667,22
3554.69585,39,58,0.67,19,0.035263158,22
3551.190412,36,64,0.99,28,0.035357143,22
3550.845306,62,68,0.19,6,0.031666667,22
3550.350158,38,56,0.65,18,0.036111111,22
3546.20723,56,74,0.58,18,0.032222222,22
3541.165997,36,51,0.58,15,0.038666667,22
3533.387966,39,49,0.38,10,0.038,22
3533.346638,38,50,0.46,12,0.038333333,22
3525.367281,57,72,0.49,15,0.032666667,22
3524.798805,54,74,0.67,20,0.0335,22
3522.579566,55,75,0.65,20,0.0325,22
3522.579566,54,77,0.74,23,0.032173913,22
3522.579566,53,77,0.78,24,0.0325,22
3520.034823,38,58,0.73,20,0.0365,22
3519.593647,53,75,0.73,22,0.033181818,22
3516.67361,40,73,0.9,33,0.027272727,22
3516.145485,55,76,0.67,21,0.031904762,22
3515.474464,39,56,0.62,17,0.036470588,22
3507.554258,38,56,0.66,18,0.036666667,22
3503.437566,37,63,0.9,26,0.034615385,22
3499.415849,38,50,0.45,12,0.0375,22
3497.679907,60,70,0.32,10,0.032,22
3497.679907,58,72,0.45,14,0.032142857,22
3496.210106,41,56,0.53,15,0.035333333,22
3495.373836,55,73,0.6,18,0.033333333,22
3495.275422,57,74,0.54,17,0.031764706,22
3492.800719,58,69,0.37,11,0.033636364,22
3488.455075,40,54,0.51,14,0.036428571,22
3487.170347,53,75,0.74,22,0.033636364,22
3486.535143,57,69,0.41,12,0.034166667,22
3482.937643,60,69,0.29,9,0.032222222,22
3482.937643,58,71,0.42,13,0.032307692,22
3482.33787,51,77,0.87,26,0.033461538,22
3482.288007,56,70,0.48,14,0.034285714,22
3482.288007,55,71,0.55,16,0.034375,22
3482.288007,54,72,0.62,18,0.034444444,22
3482.09787,51,77,0.89,26,0.034230769,22
3482.09787,50,78,0.96,28,0.034285714,22
3478.078448,55,72,0.57,17,0.033529412,22
3478.078448,54,73,0.64,19,0.033684211,22
3477.543109,42,52,0.36,10,0.036,22
3476.835251,53,73,0.69,20,0.0345,22
3476.835251,52,74,0.76,22,0.034545455,22
3476.682879,36,64,0.97,28,0.034642857,22
3476.461755,42,46,0.15,4,0.0375,22
3476.090541,57,70,0.44,13,0.033846154,22
3476.090541,56,71,0.51,15,0.034,22
3476.090541,52,76,0.81,24,0.03375,22
3475.414227,36,52,0.61,16,0.038125,22
3474.890914,40,48,0.3,8,0.0375,22
3474.377863,43,50,0.26,7,0.037142857,22
3471.855773,55,72,0.58,17,0.034117647,22
3471.855773,54,73,0.65,19,0.034210526,22
3471.855773,53,74,0.72,21,0.034285714,22
3471.855773,51,77,0.88,26,0.033846154,22
3471.855773,50,78,0.95,28,0.033928571,22
3468.442748,53,74,0.71,21,0.033809524,22
3468.442748,52,75,0.78,23,0.033913043,22
3467.658474,52,76,0.8,24,0.033333333,22
3466.418897,52,75,0.79,23,0.034347826,22
3466.418897,51,76,0.86,25,0.0344,22
3466.418897,50,77,0.93,27,0.034444444,22
3466.311536,37,49,0.47,12,0.039166667,22
3465.322648,56,73,0.56,17,0.032941176,22
3464.885691,37,57,0.74,20,0.037,22
3464.368528,36,64,0.98,28,0.035,22
3464.217036,51,76,0.85,25,0.034,22
3464.217036,50,77,0.92,27,0.034074074,22
3463.220257,41,47,0.23,6,0.038333333,22
3462.400142,41,72,0.85,31,0.027419355,22
3457.163909,46,67,0.57,21,0.027142857,22
3453.820289,58,68,0.34,10,0.034,22
3452.841,40,56,0.58,16,0.03625,22
3452.138506,36,50,0.56,14,0.04,22
3451.488463,41,73,0.86,32,0.026875,22
3451.354852,38,60,0.77,22,0.035,22
3445.853203,38,59,0.75,21,0.035714286,22
3445.769671,39,60,0.73,21,0.034761905,22
3445.344072,37,63,0.89,26,0.034230769,22
3442.872554,42,71,0.79,29,0.027241379,22
3441.001569,34,54,0.77,20,0.0385,22
3440.269129,35,55,0.74,20,0.037,22
3438.182052,39,55,0.58,16,0.03625,22
3436.996452,35,53,0.69,18,0.038333333,22
3436.479655,42,51,0.34,9,0.037777778,22
3435.080871,39,59,0.7,20,0.035,22
3434.67803,59,84,0.64,25,0.0256,22
3434.060314,41,51,0.39,10,0.039,22
3434.060314,40,52,0.47,12,0.039166667,22
3433.698296,51,79,0.92,28,0.032857143,22
3427.509322,33,54,0.83,21,0.03952381,22
3427.361253,52,78,0.85,26,0.032692308,22
3427.0974,45,46,0.04,1,0.04,22
3427.0974,44,47,0.12,3,0.04,22
3427.0974,43,48,0.2,5,0.04,22
3427.0974,42,49,0.28,7,0.04,22
3425.663286,41,53,0.43,12,0.035833333,22
3425.000859,46,66,0.56,20,0.028,22
3424.612045,35,60,0.92,25,0.0368,22
3423.78154,33,58,0.92,25,0.0368,22
3420.151623,37,60,0.83,23,0.036086957,22
3420.05228,33,54,0.84,21,0.04,22
3418.318734,61,82,0.54,21,0.025714286,22
3416.083383,51,79,0.93,28,0.033214286,22
3415.851277,39,75,0.97,36,0.026944444,22
3411.815067,38,61,0.82,23,0.035652174,22
3411.383534,50,80,0.99,30,0.033,22
3410.445831,39,75,0.98,36,0.027222222,22
3409.801611,65,77,0.31,12,0.025833333,22
3409.801611,60,83,0.59,23,0.025652174,22
3403.023946,40,74,0.92,34,0.027058824,22
3401.459389,43,53,0.36,10,0.036,22
3400.104712,53,92,0.99,39,0.025384615,22
3395.423996,59,69,0.33,10,0.033,22
3394.899289,39,74,0.96,35,0.027428571,22
3392.164834,38,61,0.81,23,0.035217391,22
3390.888475,32,55,0.92,23,0.04,22
3386.662625,53,79,0.83,26,0.031923077,22
3386.330493,43,70,0.74,27,0.027407407,22
3385.868794,42,72,0.81,30,0.027,22
3384.008718,34,62,0.99,28,0.035357143,22
3380.566967,42,50,0.31,8,0.03875,22
3378.506064,57,89,0.8,32,0.025,22
3378.506064,55,92,0.92,37,0.024864865,22
3378.176487,53,90,0.96,37,0.025945946,22
3377.981748,40,58,0.63,18,0.035,22
3377.981748,38,61,0.8,23,0.034782609,22
3377.567014,36,50,0.57,14,0.040714286,22
3377.342048,41,57,0.56,16,0.035,22
3376.973299,39,53,0.55,14,0.039285714,22
3374.42732,45,68,0.63,23,0.027391304,22
3373.890095,58,85,0.69,27,0.025555556,22
3373.111191,61,83,0.56,22,0.025454545,22
3372.733874,37,62,0.89,25,0.0356,22
3371.416794,36,53,0.64,17,0.037647059,22
3368.367406,36,59,0.82,23,0.035652174,22
3368.118642,56,75,0.61,19,0.032105263,22
3367.304844,38,54,0.64,16,0.04,22
3367.085649,55,74,0.62,19,0.032631579,22
3366.080271,39,76,0.99,37,0.026756757,22
3365.863905,47,50,0.1,3,0.033333333,22
3365.863905,44,53,0.3,9,0.033333333,22
3364.735661,53,60,0.17,7,0.024285714,22
3363.913859,42,51,0.33,9,0.036666667,22
3363.330211,37,52,0.56,15,0.037333333,22
3358.917831,40,53,0.49,13,0.037692308,22
3358.718192,39,54,0.56,15,0.037333333,22
3357.81657,39,58,0.68,19,0.035789474,22
3357.683608,54,92,0.95,38,0.025,22
3356.715298,45,48,0.11,3,0.036666667,22
3356.263954,41,48,0.26,7,0.037142857,22
3354.698559,35,51,0.65,16,0.040625,22
3354.384154,59,76,0.46,17,0.027058824,22
3354.354086,43,69,0.73,26,0.028076923,22
3353.95995,61,69,0.26,8,0.0325,22
3353.95995,59,71,0.39,12,0.0325,22
3353.950013,36,63,0.97,27,0.035925926,22
3353.612237,57,73,0.52,16,0.0325,22
3353.123793,59,85,0.66,26,0.025384615,22
3353.047176,57,70,0.45,13,0.034615385,22
3352.924157,39,57,0.64,18,0.035555556,22
3349.44149,60,82,0.57,22,0.025909091,22
3348.849527,36,63,0.95,27,0.035185185,22
3347.756428,56,91,0.87,35,0.024857143,22
3347.107187,32,58,0.98,26,0.037692308,22
3346.987383,38,47,0.37,9,0.041111111,22
3345.202878,54,91,0.94,37,0.025405405,22
3345.190645,36,50,0.55,14,0.039285714,22
3344.739867,53,91,0.97,38,0.025526316,22
3343.675512,58,69,0.38,11,0.034545455,22
3343.643013,61,81,0.52,20,0.026,22
3343.643013,56,87,0.8,31,0.025806452,22
3343.643013,55,89,0.87,34,0.025588235,22
3341.30537,54,89,0.9,35,0.025714286,22
3340.99371,49,63,0.39,14,0.027857143,22
3340.848199,56,90,0.85,34,0.025,22
3340.848199,55,91,0.9,36,0.025,22
3340.527252,56,71,0.52,15,0.034666667,22
3340.209609,57,85,0.73,28,0.026071429,22
3339.911354,54,90,0.92,36,0.025555556,22
3339.706782,37,62,0.87,25,0.0348,22
3337.8514,34,55,0.8,21,0.038095238,22
3337.667554,34,53,0.75,19,0.039473684,22
3336.499958,32,56,0.93,24,0.03875,22
3336.19973,38,60,0.78,22,0.035454545,22
3335.060193,42,55,0.46,13,0.035384615,22
3333.953753,33,54,0.82,21,0.039047619,22
3332.645615,37,61,0.85,24,0.035416667,22
3332.630421,42,83,0.98,41,0.023902439,22
3330.828469,34,56,0.83,22,0.037727273,22
3330.49761,37,60,0.81,23,0.035217391,22
3330.480796,61,68,0.23,7,0.032857143,22
3329.747392,59,68,0.31,9,0.034444444,22
3329.620243,44,72,0.69,28,0.024642857,22
3329.24918,42,74,0.79,32,0.0246875,22
3328.45247,40,75,0.93,35,0.026571429,22
3328.21302,59,70,0.36,11,0.032727273,22
3327.212308,47,57,0.3,10,0.03,22
3327.104448,39,46,0.28,7,0.04,22
3326.998116,41,50,0.36,9,0.04,22
3326.806392,36,63,0.96,27,0.035555556,22
3326.575706,37,62,0.88,25,0.0352,22
3326.013891,60,84,0.61,24,0.025416667,22
3325.661919,35,51,0.63,16,0.039375,22
3325.368441,39,45,0.25,6,0.041666667,22
3324.000915,34,55,0.79,21,0.037619048,22
3323.814168,35,54,0.72,19,0.037894737,22
3322.787155,32,55,0.94,23,0.040869565,22
3321.889185,53,92,0.98,39,0.025128205,22
3321.661928,61,66,0.17,5,0.034,22
3321.550255,39,59,0.71,20,0.0355,22
3319.338023,33,57,0.9,24,0.0375,22
3319.186071,43,70,0.75,27,0.027777778,22
3319.166419,44,61,0.5,17,0.029411765,22
3318.906618,47,58,0.33,11,0.03,22
3318.751335,60,67,0.24,7,0.034285714,22
3318.703429,36,61,0.89,25,0.0356,22
3317.610033,54,74,0.68,20,0.034,22
3315.439162,44,52,0.29,8,0.03625,22
3314.83503,33,58,0.93,25,0.0372,22
3314.05526,44,53,0.32,9,0.035555556,22
3314.05526,43,54,0.39,11,0.035454545,22
3312.386256,48,64,0.45,16,0.028125,22
3311.709716,41,46,0.19,5,0.038,22
3311.391639,41,73,0.87,32,0.0271875,22
3309.548639,54,75,0.69,21,0.032857143,22
3308.913163,44,69,0.69,25,0.0276,22
3308.53683,55,81,0.7,26,0.026923077,22
3308.525548,33,57,0.91,24,0.037916667,22
3308.525548,32,58,0.99,26,0.038076923,22
3308.21935,35,51,0.64,16,0.04,22
3308.187045,42,43,0.04,1,0.04,22
3308.187045,41,44,0.12,3,0.04,22
3308.187045,40,45,0.2,5,0.04,22
3307.860755,38,47,0.36,9,0.04,22
3306.02128,37,58,0.75,21,0.035714286,22
3305.984408,64,71,0.19,7,0.027142857,22
3305.760851,55,88,0.85,33,0.025757576,22
3305.189277,44,70,0.7,26,0.026923077,22
3305.112998,45,60,0.45,15,0.03,22
3304.672563,45,71,0.63,26,0.024230769,22
3302.270911,54,58,0.1,4,0.025,22
3302.270911,53,59,0.15,6,0.025,22
3302.035322,55,57,0.05,2,0.025,22
3302.008775,36,53,0.65,17,0.038235294,22
3301.442472,48,57,0.27,9,0.03,22
3301.138505,34,52,0.72,18,0.04,22
3301.002953,54,93,0.97,39,0.024871795,22
3300.816849,49,56,0.21,7,0.03,22
3299.023026,39,47,0.31,8,0.03875,22
3298.954672,40,55,0.55,15,0.036666667,22
3297.644212,37,61,0.86,24,0.035833333,22
3297.370476,40,58,0.64,18,0.035555556,22
3297.156136,37,53,0.59,16,0.036875,22
3295.019745,42,71,0.8,29,0.027586207,22
3294.765497,51,53,0.06,2,0.03,22
3294.765497,50,54,0.12,4,0.03,22
3294.765497,49,55,0.18,6,0.03,22
3294.765497,48,56,0.24,8,0.03,22
3294.240386,34,56,0.82,22,0.037272727,22
3293.858975,38,58,0.72,20,0.036,22
3293.461045,38,59,0.76,21,0.036190476,22
3291.034594,53,75,0.75,22,0.034090909,22
3290.820877,44,80,0.87,36,0.024166667,22
3290.625598,37,49,0.48,12,0.04,22
3290.057651,40,75,0.94,35,0.026857143,22
3289.234321,36,62,0.94,26,0.036153846,22
3288.733105,34,61,0.99,27,0.036666667,22
3288.131039,52,77,0.83,25,0.0332,22
3288.131039,51,78,0.9,27,0.033333333,22
3287.265199,36,62,0.93,26,0.035769231,22
3287.055872,61,73,0.33,12,0.0275,22
3286.583651,53,90,0.95,37,0.025675676,22
3286.49992,46,59,0.39,13,0.03,22
3286.177238,52,61,0.22,9,0.024444444,22
3284.938547,39,54,0.57,15,0.038,22
3284.801814,38,49,0.42,11,0.038181818,22
3283.059203,43,73,0.74,30,0.024666667,22
3282.459228,34,52,0.75,18,0.041666667,22
3282.0061,39,59,0.72,20,0.036,22
3281.983973,53,76,0.76,23,0.033043478,22
3281.741049,42,64,0.64,22,0.029090909,22
3281.641497,54,77,0.75,23,0.032608696,22
3281.606299,51,63,0.29,12,0.024166667,22
3281.393719,60,76,0.43,16,0.026875,22
3281.393719,57,79,0.59,22,0.026818182,22
3281.092964,58,78,0.54,20,0.027,22
3280.435683,58,77,0.52,19,0.027368421,22
3279.569243,54,90,0.94,36,0.026111111,22
3279.513799,45,69,0.58,24,0.024166667,22
3279.034493,52,60,0.2,8,0.025,22
3278.793607,55,82,0.72,27,0.026666667,22
3278.552605,51,62,0.27,11,0.024545455,22
3277.712747,47,66,0.52,19,0.027368421,22
3277.28917,45,52,0.25,7,0.035714286,22
3277.192188,65,69,0.11,4,0.0275,22
3277.192188,63,71,0.22,8,0.0275,22
3277.061802,38,55,0.65,17,0.038235294,22
3276.99778,40,73,0.91,33,0.027575758,22
3275.749832,40,57,0.61,17,0.035882353,22
3275.612577,52,80,0.9,28,0.032142857,22
3275.612577,51,81,0.97,30,0.032333333,22
3275.521951,37,59,0.79,22,0.035909091,22
3275.484764,57,72,0.51,15,0.034,22
3275.214363,51,87,0.95,36,0.026388889,22
3274.62212,33,57,0.92,24,0.038333333,22
3274.339236,39,75,0.99,36,0.0275,22
3273.596587,52,76,0.82,24,0.034166667,22
3273.126188,40,49,0.32,9,0.035555556,22
3272.450904,38,58,0.71,20,0.0355,22
3271.356965,35,50,0.62,15,0.041333333,22
3270.957169,54,76,0.72,22,0.032727273,22
3269.204315,59,76,0.47,17,0.027647059,22
3268.841274,56,74,0.59,18,0.032777778,22
3268.841274,52,79,0.88,27,0.032592593,22
3268.382621,38,60,0.79,22,0.035909091,22
3268.29563,55,77,0.7,22,0.031818182,22
3266.895026,51,78,0.91,27,0.033703704,22
3266.806151,42,64,0.65,22,0.029545455,22
3265.52172,44,61,0.51,17,0.03,22
3265.003462,37,48,0.44,11,0.04,22
3264.35919,46,60,0.41,14,0.029285714,22
3264.131363,51,81,0.98,30,0.032666667,22
3263.741656,42,55,0.47,13,0.036153846,22
3263.409906,51,89,0.99,38,0.026052632,22
3263.277094,42,45,0.12,3,0.04,22
3263.277094,41,46,0.2,5,0.04,22
3263.277094,40,47,0.28,7,0.04,22
3263.173748,55,76,0.68,21,0.032380952,22
3262.934452,46,66,0.55,20,0.0275,22
3262.835174,53,78,0.81,25,0.0324,22
3261.825822,44,70,0.63,26,0.024230769,22
3261.637637,45,61,0.47,16,0.029375,22
3261.53292,56,73,0.58,17,0.034117647,22
3261.523841,53,70,0.6,17,0.035294118,22
3260.710561,54,82,0.76,28,0.027142857,22
3259.948668,53,78,0.82,25,0.0328,22
3259.948668,51,80,0.95,29,0.032758621,22
3258.379599,42,75,0.81,33,0.024545455,22
3257.770797,53,84,0.85,31,0.027419355,22
3257.770797,51,87,0.98,36,0.027222222,22
3257.770645,39,48,0.35,9,0.038888889,22
3257.464078,52,80,0.91,28,0.0325,22
3257.151096,56,80,0.65,24,0.027083333,22
3257.07196,53,83,0.82,30,0.027333333,22
3256.910094,58,85,0.7,27,0.025925926,22
3256.910094,56,88,0.82,32,0.025625,22
3256.910094,56,88,0.83,32,0.0259375,22
3256.910094,55,89,0.88,34,0.025882353,22
3256.842183,62,73,0.3,11,0.027272727,22
3256.741917,57,78,0.57,21,0.027142857,22
3256.69542,38,46,0.33,8,0.04125,22
3255.422182,53,85,0.86,32,0.026875,22
3254.86802,55,83,0.74,28,0.026428571,22
3254.569625,56,81,0.67,25,0.0268,22
3254.569625,54,83,0.78,29,0.026896552,22
3254.569625,54,84,0.8,30,0.026666667,22
3253.516349,55,81,0.71,26,0.027307692,22
3253.398911,38,62,0.83,24,0.034583333,22
3253.346383,56,80,0.66,24,0.0275,22
3253.346383,54,83,0.79,29,0.027241379,22
3253.346383,52,86,0.92,34,0.027058824,22
3252.959391,50,79,0.97,29,0.033448276,22
3252.176674,53,90,0.97,37,0.026216216,22
3251.495264,57,86,0.76,29,0.026206897,22
3251.314122,51,88,0.97,37,0.026216216,22
3251.265603,39,46,0.29,7,0.041428571,22
3250.937673,57,79,0.6,22,0.027272727,22
3250.937673,55,82,0.73,27,0.027037037,22
3250.937673,53,84,0.84,31,0.027096774,22
3250.762007,33,54,0.85,21,0.04047619,22
3250.381187,63,68,0.16,5,0.032,22
3250.143641,55,74,0.63,19,0.033157895,22
3249.964772,53,89,0.97,36,0.026944444,22
3249.511271,40,54,0.5,14,0.035714286,22
3249.190786,51,80,0.97,29,0.033448276,22
3248.945124,48,64,0.44,16,0.0275,22
3247.904595,58,72,0.46,14,0.032857143,22
3247.599692,37,64,0.94,27,0.034814815,22
3247.567558,58,71,0.43,13,0.033076923,22
3247.567558,55,75,0.66,20,0.033,22
3247.567558,53,77,0.79,24,0.032916667,22
3247.567558,52,78,0.86,26,0.033076923,22
3246.91399,41,76,0.91,35,0.026,22
3246.756819,52,79,0.89,27,0.032962963,22
3246.613393,53,77,0.81,24,0.03375,22
3246.611845,52,84,0.88,32,0.0275,22
3246.589251,62,69,0.22,7,0.031428571,22
3246.589251,58,74,0.5,16,0.03125,22
3246.221051,52,87,0.93,35,0.026571429,22
3245.039889,41,65,0.71,24,0.029583333,22
3244.431851,43,73,0.73,30,0.024333333,22
3243.980564,36,65,0.99,29,0.034137931,22
3243.894314,41,56,0.54,15,0.036,22
3242.919963,55,81,0.72,26,0.027692308,22
3242.894477,52,85,0.88,33,0.026666667,22
3242.882992,36,49,0.53,13,0.040769231,22
3242.570092,51,61,0.25,10,0.025,22
3242.498796,37,63,0.92,26,0.035384615,22
3241.482279,43,62,0.57,19,0.03,22
3241.011603,62,70,0.25,8,0.03125,22
3241.011603,61,71,0.31,10,0.031,22
3240.863582,51,61,0.28,10,0.028,22
3240.686736,36,61,0.88,25,0.0352,22
3240.441923,46,50,0.13,4,0.0325,22
3240.418291,52,53,0.03,1,0.03,22
3240.418291,51,54,0.09,3,0.03,22
3240.418291,50,55,0.15,5,0.03,22
3240.290706,53,83,0.81,30,0.027,22
3240.096055,58,77,0.53,19,0.027894737,22
3240.065399,50,63,0.32,13,0.024615385,22
3239.968909,45,52,0.24,7,0.034285714,22
3239.528472,40,55,0.54,15,0.036,22
3239.476382,36,49,0.52,13,0.04,22
3239.456288,52,85,0.89,33,0.026969697,22
3238.63643,60,75,0.41,15,0.027333333,22
3237.83885,38,57,0.69,19,0.036315789,22
3237.465268,52,78,0.88,26,0.033846154,22
3237.465268,51,79,0.95,28,0.033928571,22
3237.227821,63,66,0.1,3,0.033333333,22
3237.227821,54,75,0.7,21,0.033333333,22
3237.033993,42,44,0.08,2,0.04,22
3236.869632,37,63,0.91,26,0.035,22
3236.703162,63,67,0.13,4,0.0325,22
3236.456084,53,84,0.83,31,0.026774194,22
3236.077485,50,79,0.98,29,0.033793103,22
3235.921347,54,76,0.73,22,0.033181818,22
3235.794746,51,88,0.99,37,0.026756757,22
3235.325686,43,74,0.76,31,0.024516129,22
3234.726839,54,76,0.74,22,0.033636364,22
3234.187083,52,86,0.9,34,0.026470588,22
3233.890527,53,85,0.85,32,0.0265625,22
3233.890527,52,86,0.91,34,0.026764706,22
3233.890527,52,87,0.92,35,0.026285714,22
3233.890527,51,87,0.96,36,0.026666667,22
3233.890527,51,88,0.98,37,0.026486486,22
3231.88847,33,53,0.82,20,0.041,22
3231.14199,61,70,0.29,9,0.032222222,22
3230.998194,43,71,0.76,28,0.027142857,22
3230.958259,40,59,0.67,19,0.035263158,22
3230.756589,34,51,0.69,17,0.040588235,22
3230.732062,54,69,0.53,15,0.035333333,22
3230.68098,52,79,0.9,27,0.033333333,22
3230.443446,34,52,0.74,18,0.041111111,22
3230.245679,49,76,0.97,27,0.035925926,22
3229.067785,56,79,0.63,23,0.027391304,22
3229.067785,55,80,0.69,25,0.0276,22
3228.693495,60,73,0.37,13,0.028461538,22
3227.959685,44,52,0.28,8,0.035,22
3227.808559,56,68,0.29,12,0.024166667,22
3227.795411,45,50,0.17,5,0.034,22
3227.558773,42,75,0.86,33,0.026060606,22
3227.324393,42,72,0.82,30,0.027333333,22
3227.235354,62,80,0.47,18,0.026111111,22
3227.235354,59,84,0.65,25,0.026,22
3226.990975,36,51,0.59,15,0.039333333,22
3226.990975,35,52,0.67,17,0.039411765,22
3226.564463,52,73,0.74,21,0.035238095,22
3226.209625,57,78,0.58,21,0.027619048,22
3226.127715,35,62,0.96,27,0.035555556,22
3225.621215,36,58,0.81,22,0.036818182,22
3225.57604,44,51,0.24,7,0.034285714,22
3225.57604,43,52,0.31,9,0.034444444,22
3225.177006,55,75,0.67,20,0.0335,22
3225.177006,51,80,0.96,29,0.033103448,22
3224.847006,33,56,0.88,23,0.03826087,22
3224.216145,43,53,0.35,10,0.035,22
3223.502641,51,87,0.97,36,0.026944444,22
3223.183854,58,73,0.48,15,0.032,22
3222.693043,47,59,0.35,12,0.029166667,22
3222.655417,43,72,0.77,29,0.026551724,22
3222.578033,44,71,0.72,27,0.026666667,22
3222.43867,53,76,0.78,23,0.033913043,22
3222.05768,45,69,0.65,24,0.027083333,22
3221.329137,51,74,0.81,23,0.035217391,22
3221.329137,49,77,0.98,28,0.035,22
3221.239367,51,79,0.94,28,0.033571429,22
3221.212957,41,52,0.4,11,0.036363636,22
3221.025853,32,55,0.95,23,0.041304348,22
3220.850275,32,55,0.93,23,0.040434783,22
3219.985536,44,72,0.68,28,0.024285714,22
3219.69174,36,49,0.54,13,0.041538462,22
3218.923896,54,94,0.99,40,0.02475,22
3218.147345,54,82,0.75,28,0.026785714,22
3217.819145,60,69,0.3,9,0.033333333,22
3217.819145,57,72,0.5,15,0.033333333,22
3217.419694,43,71,0.9,28,0.032142857,22
3216.715891,46,67,0.58,21,0.027619048,22
3216.091174,55,88,0.87,33,0.026363636,22
3215.709451,56,73,0.57,17,0.033529412,22
3215.701658,45,58,0.39,13,0.03,22
3215.701658,44,59,0.45,15,0.03,22
3215.003962,55,89,0.89,34,0.026176471,22
3214.727299,37,48,0.45,11,0.040909091,22
3214.727299,34,52,0.73,18,0.040555556,22
3214.039561,45,68,0.58,23,0.025217391,22
3213.910919,43,71,0.89,28,0.031785714,22
3212.924027,59,70,0.37,11,0.033636364,22
3212.924027,55,74,0.64,19,0.033684211,22
3212.924027,53,77,0.8,24,0.033333333,22
3212.924027,52,78,0.87,26,0.033461538,22
3212.915377,51,86,0.94,35,0.026857143,22
3212.785192,51,86,0.95,35,0.027142857,22
3212.572005,50,62,0.3,12,0.025,22
3212.572005,49,64,0.37,15,0.024666667,22
3212.572005,48,65,0.42,17,0.024705882,22
3212.568663,54,82,0.77,28,0.0275,22
3211.636495,57,81,0.64,24,0.026666667,22
3211.636495,54,85,0.82,31,0.026451613,22
3211.414847,56,87,0.82,31,0.026451613,22
3211.414847,55,88,0.88,33,0.026666667,22
3211.414847,54,90,0.95,36,0.026388889,22
3211.411536,37,59,0.81,22,0.036818182,22
3211.399853,47,67,0.54,20,0.027,22
3211.150922,56,79,0.64,23,0.027826087,22
3210.877634,55,80,0.68,25,0.0272,22
3210.732938,41,72,0.86,31,0.027741935,22
3210.554058,53,83,0.83,30,0.027666667,22
3210.171597,55,80,0.7,25,0.028,22
3209.19823,54,88,0.91,34,0.026764706,22
3209.19823,53,90,0.98,37,0.026486486,22
3209.000898,58,71,0.44,13,0.033846154,22
3209.000898,54,75,0.71,21,0.033809524,22
3208.772521,58,76,0.5,18,0.027777778,22
3208.742157,43,58,0.46,15,0.030666667,22
3208.699667,39,56,0.63,17,0.037058824,22
3208.152688,51,86,0.93,35,0.026571429,22
3207.839494,53,91,0.99,38,0.026052632,22
3207.660085,60,62,0.07,2,0.035,22
3207.366042,60,77,0.46,17,0.027058824,22
3207.047715,52,85,0.9,33,0.027272727,22
3206.876442,33,53,0.81,20,0.0405,22
3206.798792,33,57,0.89,24,0.037083333,22
3206.795675,46,58,0.36,12,0.03,22
3206.68665,57,75,0.57,18,0.031666667,22
3206.249803,43,62,0.56,19,0.029473684,22
3205.989675,44,62,0.53,18,0.029444444,22
3205.989675,43,63,0.59,20,0.0295,22
3205.809903,62,72,0.28,10,0.028,22
3205.809903,59,75,0.45,16,0.028125,22
3205.609555,44,71,0.65,27,0.024074074,22
3205.436239,39,44,0.22,5,0.044,22
3204.995007,33,60,0.97,27,0.035925926,22
3204.045639,44,60,0.48,16,0.03,22
3204.045639,43,61,0.54,18,0.03,22
3203.911491,55,80,0.72,25,0.0288,22
3203.447152,35,62,0.97,27,0.035925926,22
3203.325003,42,63,0.62,21,0.02952381,22
3202.705609,61,76,0.4,15,0.026666667,22
3202.489098,38,59,0.74,21,0.035238095,22
3202.078132,54,81,0.74,27,0.027407407,22
3202.078132,53,82,0.8,29,0.027586207,22
3201.669376,37,48,0.46,11,0.041818182,22
3201.586753,42,83,0.99,41,0.024146341,22
3201.541329,36,52,0.62,16,0.03875,22
3201.427316,39,56,0.61,17,0.035882353,22
3201.317949,53,86,0.88,33,0.026666667,22
3200.70705,35,56,0.77,21,0.036666667,22
3200.534517,58,83,0.67,25,0.0268,22
3200.534517,55,87,0.85,32,0.0265625,22
3199.598053,42,55,0.43,13,0.033076923,22
3199.201334,45,70,0.6,25,0.024,22
3199.179339,59,83,0.63,24,0.02625,22
3199.179339,56,87,0.81,31,0.026129032,22
3199.179339,54,90,0.93,36,0.025833333,22
3198.462899,60,74,0.39,14,0.027857143,22
3197.749219,42,65,0.67,23,0.029130435,22
3197.014425,43,73,0.79,30,0.026333333,22
3197.014425,42,74,0.84,32,0.02625,22
3196.293718,35,50,0.61,15,0.040666667,22
3195.889969,54,89,0.92,35,0.026285714,22
3195.761378,34,51,0.71,17,0.041764706,22
3195.141269,40,59,0.66,19,0.034736842,22
3194.706078,56,89,0.84,33,0.025454545,22
3194.706078,55,90,0.9,35,0.025714286,22
3193.957077,58,79,0.57,21,0.027142857,22
3193.823228,37,64,0.92,27,0.034074074,22
3193.771744,45,69,0.59,24,0.024583333,22
3193.017088,39,60,0.75,21,0.035714286,22
3192.996141,44,71,0.68,27,0.025185185,22
3192.425954,42,62,0.6,20,0.03,22
3192.38389,39,61,0.76,22,0.034545455,22
3192.244103,50,64,0.34,14,0.024285714,22
3192.016786,47,66,0.47,19,0.024736842,22
3191.789369,55,79,0.67,24,0.027916667,22
3191.789369,52,83,0.86,31,0.027741935,22
3191.70922,35,54,0.71,19,0.037368421,22
3191.525008,38,49,0.44,11,0.04,22
3191.054442,54,56,0.05,2,0.025,22
3191.047672,42,63,0.63,21,0.03,22
3190.994029,59,73,0.44,14,0.031428571,22
3190.903025,38,62,0.84,24,0.035,22
3190.890667,44,80,0.88,36,0.024444444,22
3190.573566,57,85,0.74,28,0.026428571,22
3190.433346,44,63,0.55,19,0.028947368,22
3190.433346,43,64,0.61,21,0.029047619,22
3189.784565,40,74,0.93,34,0.027352941,22
3189.58495,57,90,0.82,33,0.024848485,22
3189.58495,55,93,0.94,38,0.024736842,22
3189.387711,40,46,0.23,6,0.038333333,22
3189.315539,63,73,0.27,10,0.027,22
3188.505697,37,64,0.93,27,0.034444444,22
3187.148548,57,87,0.77,30,0.025666667,22
3187.010901,60,81,0.56,21,0.026666667,22
3186.891753,55,83,0.75,28,0.026785714,22
3186.835429,43,81,0.94,38,0.024736842,22
3186.722874,42,73,0.83,31,0.026774194,22
3186.503144,41,58,0.6,17,0.035294118,22
3186.191842,49,65,0.39,16,0.024375,22
3186.056608,59,78,0.51,19,0.026842105,22
3186.056608,57,80,0.62,23,0.026956522,22
3186.001158,45,59,0.42,14,0.03,22
3185.927008,39,57,0.61,18,0.033888889,22
3185.883195,37,61,0.79,24,0.032916667,22
3185.660244,58,84,0.68,26,0.026153846,22
3185.660244,57,86,0.75,29,0.025862069,22
3185.660244,55,88,0.86,33,0.026060606,22
3185.660244,53,91,0.98,38,0.025789474,22
3185.464276,54,81,0.75,27,0.027777778,22
3185.464276,53,82,0.81,29,0.027931034,22
3185.279549,52,84,0.87,32,0.0271875,22
3184.910446,38,62,0.85,24,0.035416667,22
3184.340913,60,71,0.35,11,0.031818182,22
3184.340913,56,76,0.63,20,0.0315,22
3184.118486,37,51,0.54,14,0.038571429,22
3184.097156,33,56,0.87,23,0.037826087,22
3183.492233,54,89,0.93,35,0.026571429,22
3183.039668,41,65,0.7,24,0.029166667,22
3182.927268,38,57,0.68,19,0.035789474,22
3182.453202,39,61,0.77,22,0.035,22
3182.384353,56,86,0.79,30,0.026333333,22
3182.384353,54,89,0.91,35,0.026,22
3181.790852,41,47,0.22,6,0.036666667,22
3181.790852,39,49,0.37,10,0.037,22
3181.722616,51,85,0.93,34,0.027352941,22
3181.562956,61,72,0.32,11,0.029090909,22
3180.818808,44,70,0.65,26,0.025,22
3180.345559,43,72,0.78,29,0.026896552,22
3180.218504,57,84,0.73,27,0.027037037,22
3180.218504,56,86,0.8,30,0.026666667,22
3180.218504,55,87,0.86,32,0.026875,22
3180.218504,53,90,0.99,37,0.026756757,22
3179.53722,42,57,0.52,15,0.034666667,22
3179.026992,54,87,0.89,33,0.026969697,22
3179.026992,53,89,0.96,36,0.026666667,22
3178.670518,51,86,0.96,35,0.027428571,22
3178.482441,38,58,0.68,20,0.034,22
3178.357214,45,70,0.67,25,0.0268,22
3177.847263,56,79,0.65,23,0.02826087,22
3177.420404,54,92,0.97,38,0.025526316,22
3176.743074,46,67,0.52,21,0.024761905,22
3176.679608,41,64,0.69,23,0.03,22
3176.453981,50,75,0.89,25,0.0356,22
3176.383331,44,70,0.64,26,0.024615385,22
3175.804728,39,70,0.89,31,0.028709677,22
3175.402774,55,92,0.93,37,0.025135135,22
3175.277523,37,50,0.52,13,0.04,22
3174.844765,53,72,0.67,19,0.035263158,22
3174.835107,38,63,0.85,25,0.034,22
3174.818721,39,74,0.97,35,0.027714286,22
3174.623018,58,84,0.69,26,0.026538462,22
3174.479807,35,59,0.89,24,0.037083333,22
3174.046983,40,76,0.95,36,0.026388889,22
3173.158731,36,61,0.9,25,0.036,22
3172.938439,38,48,0.4,10,0.04,22
3172.906782,41,51,0.37,10,0.037,22
3171.604706,42,72,0.97,30,0.032333333,22
3171.497278,50,86,0.99,36,0.0275,22
3171.440883,62,71,0.26,9,0.028888889,22
3171.370876,35,63,0.97,28,0.034642857,22
3171.207758,66,70,0.11,4,0.0275,22
3171.16722,41,72,0.84,31,0.027096774,22
3171.118741,52,72,0.72,20,0.036,22
3170.018046,40,77,0.97,37,0.026216216,22
3169.869916,40,67,0.79,27,0.029259259,22
3169.613338,36,58,0.82,22,0.037272727,22
3169.534163,59,72,0.39,13,0.03,22
3169.369023,41,66,0.73,25,0.0292,22
3169.16698,46,51,0.17,5,0.034,22
3168.839887,55,91,0.91,36,0.025277778,22
3168.839887,54,92,0.96,38,0.025263158,22
3168.527991,37,56,0.73,19,0.038421053,22
3168.508976,37,50,0.51,13,0.039230769,22
3168.306947,56,70,0.47,14,0.033571429,22
3167.940573,50,87,0.99,37,0.026756757,22
3167.677611,41,64,0.68,23,0.029565217,22
3167.622383,59,73,0.41,14,0.029285714,22
3167.190331,37,60,0.82,23,0.035652174,22
3167.008043,47,49,0.07,2,0.035,22
3167.008043,46,50,0.14,4,0.035,22
3167.008043,45,51,0.21,6,0.035,22
3166.903702,35,61,0.94,26,0.036153846,22
3166.888162,39,59,0.65,20,0.0325,22
3166.260808,41,45,0.16,4,0.04,22
3165.840067,55,87,0.84,32,0.02625,22
3165.840067,54,88,0.9,34,0.026470588,22
3165.65378,54,62,0.19,8,0.02375,22
3165.631255,56,77,0.6,21,0.028571429,22
3165.581215,58,86,0.72,28,0.025714286,22
3165.434835,57,77,0.56,20,0.028,22
3164.740267,60,82,0.58,22,0.026363636,22
3164.407411,52,71,0.67,19,0.035263158,22
3164.407411,51,72,0.74,21,0.035238095,22
3163.798283,58,79,0.56,21,0.026666667,22
3163.79116,52,84,0.86,32,0.026875,22
3163.685134,55,86,0.84,31,0.027096774,22
3163.685134,54,87,0.9,33,0.027272727,22
3163.534556,32,57,0.95,25,0.038,22
3163.483576,61,74,0.36,13,0.027692308,22
3163.44349,53,79,0.84,26,0.032307692,22
3163.428219,44,52,0.26,8,0.0325,22
3163.273818,37,52,0.57,15,0.038,22
3163.127834,52,82,0.85,30,0.028333333,22
3163.127834,52,83,0.87,31,0.028064516,22
3162.67496,42,52,0.37,10,0.037,22
3162.487471,61,75,0.38,14,0.027142857,22
3162.487471,59,77,0.49,18,0.027222222,22
3162.230513,52,85,0.93,33,0.028181818,22
3162.230513,51,86,0.99,35,0.028285714,22
3162.111299,53,71,0.65,18,0.036111111,22
3161.086582,37,58,0.79,21,0.037619048,22
3161.055614,40,44,0.17,4,0.0425,22
3161.015565,59,72,0.42,13,0.032307692,22
3160.974131,60,76,0.44,16,0.0275,22
3160.564524,55,69,0.5,14,0.035714286,22
3160.167557,56,78,0.62,22,0.028181818,22
3159.498051,42,55,0.44,13,0.033846154,22
3158.975331,39,50,0.41,11,0.037272727,22
3158.828128,54,80,0.73,26,0.028076923,22
3158.828128,53,81,0.79,28,0.028214286,22
3158.828128,51,84,0.92,33,0.027878788,22
3158.828128,51,85,0.94,34,0.027647059,22
3158.758944,54,81,0.78,27,0.028888889,22
3158.686043,44,69,0.63,25,0.0252,22
3158.436083,61,73,0.34,12,0.028333333,22
3158.018804,43,58,0.47,15,0.031333333,22
3157.906623,54,88,0.92,34,0.027058824,22
3157.832706,38,57,0.71,19,0.037368421,22
3157.709296,39,77,0.94,38,0.024736842,22
3157.590385,60,73,0.38,13,0.029230769,22
3157.478925,37,47,0.43,10,0.043,22
3156.776085,57,77,0.58,20,0.029,22
3156.159561,46,49,0.11,3,0.036666667,22
3156.159561,43,52,0.33,9,0.036666667,22
3155.714049,63,72,0.25,9,0.027777778,22
3155.580539,54,78,0.77,24,0.032083333,22
3154.917873,37,59,0.75,22,0.034090909,22
3154.717184,40,66,0.77,26,0.029615385,22
3154.716851,35,51,0.66,16,0.04125,22
3154.675318,55,74,0.65,19,0.034210526,22
3154.466499,57,85,0.75,28,0.026785714,22
3154.463743,39,74,0.95,35,0.027142857,22
3153.599763,41,74,0.88,33,0.026666667,22
3153.273648,56,89,0.85,33,0.025757576,22
3153.070822,36,63,0.88,27,0.032592593,22
3153.033733,39,47,0.32,8,0.04,22
3152.902884,33,58,0.94,25,0.0376,22
3152.796466,60,66,0.2,6,0.033333333,22
3152.764693,55,90,0.89,35,0.025428571,22
3152.764693,54,91,0.95,37,0.025675676,22
3152.691908,62,67,0.17,5,0.034,22
3152.632517,37,59,0.8,22,0.036363636,22
3152.506988,31,55,0.99,24,0.04125,22
3151.936006,37,54,0.62,17,0.036470588,22
3151.589599,49,63,0.35,14,0.025,22
3151.589599,48,64,0.4,16,0.025,22
3151.55716,34,58,0.87,24,0.03625,22
3151.486712,54,84,0.81,30,0.027,22
3151.348125,58,76,0.52,18,0.028888889,22
3151.347561,45,69,0.6,24,0.025,22
3151.34613,46,52,0.21,6,0.035,22
3151.34613,45,53,0.28,8,0.035,22
3151.221709,59,82,0.62,23,0.026956522,22
3150.937933,45,70,0.63,25,0.0252,22
3150.311485,53,88,0.95,35,0.027142857,22
3150.165656,45,55,0.31,10,0.031,22
3149.678997,38,63,0.86,25,0.0344,22
3149.522366,33,52,0.78,19,0.041052632,22
3149.50359,43,49,0.22,6,0.036666667,22
3149.290211,40,66,0.76,26,0.029230769,22
3149.130598,39,67,0.83,28,0.029642857,22
3148.999016,57,74,0.55,17,0.032352941,22
3148.685821,32,57,0.96,25,0.0384,22
3148.683331,41,73,0.88,32,0.0275,22
3148.631207,38,49,0.43,11,0.039090909,22
3148.602204,38,51,0.49,13,0.037692308,22
3148.602204,35,55,0.75,20,0.0375,22
3148.379633,36,49,0.55,13,0.042307692,22
3148.083745,61,67,0.2,6,0.033333333,22
3148.060577,45,52,0.23,7,0.032857143,22
3148.052785,57,80,0.63,23,0.027391304,22
3148.016585,43,71,0.7,28,0.025,22
3147.853718,54,82,0.79,28,0.028214286,22
3147.853718,53,83,0.85,30,0.028333333,22
3147.612836,36,60,0.86,24,0.035833333,22
3147.507649,44,57,0.4,13,0.030769231,22
3147.147652,65,66,0.03,1,0.03,22
3147.147652,64,67,0.09,3,0.03,22
3147.147652,63,68,0.15,5,0.03,22
3147.147652,62,69,0.21,7,0.03,22
3147.147652,61,70,0.27,9,0.03,22
3147.147652,60,71,0.33,11,0.03,22
3146.883584,47,53,0.19,6,0.031666667,22
3146.426615,36,53,0.63,17,0.037058824,22
3146.265315,32,55,0.9,23,0.039130435,22
3146.163754,38,65,0.91,27,0.033703704,22
3145.878471,55,80,0.71,25,0.0284,22
3145.781121,52,88,0.94,36,0.026111111,22
3145.67217,46,68,0.54,22,0.024545455,22
3145.452236,39,54,0.55,15,0.036666667,22
3145.418954,40,46,0.24,6,0.04,22
3144.976367,54,93,0.98,39,0.025128205,22
3144.610867,43,71,0.69,28,0.024642857,22
3144.44697,35,62,0.98,27,0.036296296,22
3144.101365,43,44,0.04,1,0.04,22
3143.925243,59,74,0.44,15,0.029333333,22
3143.779487,55,82,0.74,27,0.027407407,22
3143.647474,36,51,0.61,15,0.040666667,22
3143.576986,36,54,0.67,18,0.037222222,22
3143.483181,56,75,0.62,19,0.032631579,22
3143.246492,35,62,0.91,27,0.033703704,22
3143.202387,46,55,0.28,9,0.031111111,22
3143.102417,57,71,0.48,14,0.034285714,22
3143.102417,56,72,0.55,16,0.034375,22
3143.102417,55,73,0.62,18,0.034444444,22
3143.027165,58,73,0.45,15,0.03,22
3142.618758,38,55,0.66,17,0.038823529,22
3142.530673,50,84,0.99,34,0.029117647,22
3142.523501,40,54,0.52,14,0.037142857,22
3142.336069,57,64,0.25,7,0.035714286,22
3142.289084,55,85,0.83,30,0.027666667,22
3141.417637,55,70,0.51,15,0.034,22
3141.256348,45,68,0.64,23,0.027826087,22
3141.113565,34,57,0.85,23,0.036956522,22
3141.030257,41,56,0.48,15,0.032,22
3140.68699,56,82,0.69,26,0.026538462,22
3140.679918,51,85,0.92,34,0.027058824,22
3140.605271,45,78,0.83,33,0.025151515,22
3140.597956,56,77,0.61,21,0.029047619,22
3140.597956,55,78,0.67,23,0.029130435,22
3140.597956,54,79,0.73,25,0.0292,22
3140.537653,37,58,0.76,21,0.036190476,22
3140.459238,33,60,0.99,27,0.036666667,22
3140.391679,50,86,0.98,36,0.027222222,22
3140.193603,57,78,0.59,21,0.028095238,22
3139.943679,57,88,0.79,31,0.025483871,22
3139.726146,46,53,0.22,7,0.031428571,22
3139.529818,43,72,0.72,29,0.024827586,22
3139.505276,56,81,0.68,25,0.0272,22
3139.049298,40,69,0.83,29,0.02862069,22
3138.723304,43,54,0.37,11,0.033636364,22
3138.619899,49,64,0.41,15,0.027333333,22
3138.499573,41,55,0.49,14,0.035,22
3138.472951,41,56,0.51,15,0.034,22
3137.868677,36,60,0.87,24,0.03625,22
3137.683447,41,66,0.72,25,0.0288,22
3137.337185,41,75,0.9,34,0.026470588,22
3136.764746,38,51,0.48,13,0.036923077,22
3136.74588,60,72,0.35,12,0.029166667,22
3136.573509,39,69,0.87,30,0.029,22
3135.842222,40,68,0.81,28,0.028928571,22
3135.837708,49,58,0.26,9,0.028888889,22
3135.667174,44,54,0.35,10,0.035,22
3135.667174,43,55,0.42,12,0.035,22
3135.362604,34,56,0.84,22,0.038181818,22
3134.771745,42,70,0.83,28,0.029642857,22
3134.545956,55,81,0.73,26,0.028076923,22
3134.54474,55,76,0.69,21,0.032857143,22
3134.16581,44,68,0.7,24,0.029166667,22
3134.16581,43,69,0.76,26,0.029230769,22
3134.139941,35,50,0.63,15,0.042,22
3133.764615,43,81,0.95,38,0.025,22
3133.543956,56,85,0.79,29,0.027241379,22
3133.454391,39,55,0.59,16,0.036875,22
3133.294937,50,85,0.98,35,0.028,22
3133.158901,53,85,0.87,32,0.0271875,22
3133.137369,53,89,0.95,36,0.026388889,22
3133.096653,64,72,0.22,8,0.0275,22
3133.096653,62,74,0.33,12,0.0275,22
3132.621838,53,86,0.87,33,0.026363636,22
3132.407368,48,63,0.42,15,0.028,22
3132.322654,52,84,0.92,32,0.02875,22
3132.05315,57,87,0.78,30,0.026,22
3131.491644,39,48,0.36,9,0.04,22
3131.316706,37,59,0.78,22,0.035454545,22
3130.597186,43,53,0.33,10,0.033,22
3130.519479,34,56,0.81,22,0.036818182,22
3130.406778,60,74,0.4,14,0.028571429,22
3130.356852,51,85,0.98,34,0.028823529,22
3130.205646,40,57,0.54,17,0.031764706,22
3130.204029,54,75,0.72,21,0.034285714,22
3130.06514,58,70,0.4,12,0.033333333,22
3129.812377,35,60,0.9,25,0.036,22
3129.677022,53,88,0.96,35,0.027428571,22
3129.045623,39,45,0.26,6,0.043333333,22
3128.761268,40,61,0.72,21,0.034285714,22
3128.761268,39,62,0.79,23,0.034347826,22
3128.601112,34,56,0.75,22,0.034090909,22
3128.352548,38,60,0.69,22,0.031363636,22
3127.997184,56,67,0.27,11,0.024545455,22
3127.91737,36,60,0.9,24,0.0375,22
3127.826656,45,67,0.61,22,0.027727273,22
3127.784119,51,78,0.92,27,0.034074074,22
3127.680026,51,85,0.96,34,0.028235294,22
3127.146545,38,55,0.64,17,0.037647059,22
3126.964733,52,87,0.94,35,0.026857143,22
3126.594439,63,81,0.38,18,0.021111111,22
3126.464688,64,87,0.46,23,0.02,22
3126.464688,63,88,0.5,25,0.02,22
3126.299759,42,59,0.58,17,0.034117647,22
3125.942153,41,56,0.5,15,0.033333333,22
3125.874749,43,70,0.68,27,0.025185185,22
3125.673842,46,69,0.55,23,0.023913043,22
3125.646531,63,82,0.52,19,0.027368421,22
3125.632414,39,55,0.6,16,0.0375,22
3125.442056,34,53,0.77,19,0.040526316,22
3125.240064,42,71,0.84,29,0.028965517,22
3125.156637,46,66,0.5,20,0.025,22
3124.268152,40,68,0.8,28,0.028571429,22
3124.202695,57,85,0.63,28,0.0225,22
3124.041293,55,91,0.92,36,0.025555556,22
3124.010588,62,81,0.49,19,0.025789474,22
3123.846249,56,78,0.64,22,0.029090909,22
3123.817019,42,54,0.42,12,0.035,22
3123.808359,57,66,0.22,9,0.024444444,22
3123.668927,42,70,0.77,28,0.0275,22
3123.574579,37,47,0.42,10,0.042,22
3123.059705,61,90,0.58,29,0.02,22
3123.043748,43,72,0.71,29,0.024482759,22
3122.762972,51,83,0.93,32,0.0290625,22
3122.668841,35,52,0.69,17,0.040588235,22
3122.625733,60,70,0.33,10,0.033,22
3122.590459,41,54,0.48,13,0.036923077,22
3122.550461,35,55,0.76,20,0.038,22
3122.422029,39,54,0.58,15,0.038666667,22
3121.812925,40,51,0.45,11,0.040909091,22
3121.78234,53,89,0.98,36,0.027222222,22
3121.112499,40,67,0.78,27,0.028888889,22
3120.959986,36,48,0.52,12,0.043333333,22
3120.188877,45,56,0.34,11,0.030909091,22
3119.802295,53,82,0.84,29,0.028965517,22
3119.756018,58,78,0.55,20,0.0275,22
3119.520403,53,57,0.1,4,0.025,22
3119.520403,52,58,0.15,6,0.025,22
3119.422663,55,79,0.7,24,0.029166667,22
3119.203613,33,58,0.91,25,0.0364,22
3119.032509,41,58,0.59,17,0.034705882,22
3118.801854,59,75,0.46,16,0.02875,22
3118.645352,38,51,0.47,13,0.036153846,22
3118.639547,48,59,0.32,11,0.029090909,22
3118.061327,54,86,0.89,32,0.0278125,22
3118.010908,51,66,0.35,15,0.023333333,22
3118.003525,35,64,0.95,29,0.032758621,22
3117.348376,54,91,0.96,37,0.025945946,22
3117.226084,64,79,0.32,15,0.021333333,22
3116.924644,58,74,0.47,16,0.029375,22
3116.924644,57,75,0.53,18,0.029444444,22
3116.641986,63,70,0.2,7,0.028571429,22
3116.381932,33,52,0.81,19,0.042631579,22
3116.319625,52,77,0.85,25,0.034,22
3116.169531,42,67,0.71,25,0.0284,22
3116.098397,60,68,0.27,8,0.03375,22
3115.772962,57,74,0.51,17,0.03,22
3115.737916,53,58,0.14,5,0.028,22
3115.527975,56,85,0.78,29,0.026896552,22
3115.429321,60,84,0.51,24,0.02125,22
3115.427594,45,62,0.5,17,0.029411765,22
3115.415617,51,59,0.2,8,0.025,22
3115.30047,40,75,0.95,35,0.027142857,22
3115.220441,50,61,0.31,11,0.028181818,22
3114.656091,37,61,0.76,24,0.031666667,22
3114.63411,39,60,0.74,21,0.035238095,22
3114.462032,32,59,0.99,27,0.036666667,22
3113.920709,51,86,0.98,35,0.028,22
3113.625388,53,76,0.77,23,0.033478261,22
3113.625388,52,77,0.84,25,0.0336,22
3113.361517,43,74,0.75,31,0.024193548,22
3113.342154,37,65,0.97,28,0.034642857,22
3113.317952,38,46,0.34,8,0.0425,22
3112.868872,49,62,0.33,13,0.025384615,22
3112.819417,60,72,0.36,12,0.03,22
3112.819417,59,73,0.42,14,0.03,22
3112.819417,58,74,0.48,16,0.03,22
3112.819417,57,75,0.54,18,0.03,22
3112.615623,59,71,0.4,12,0.033333333,22
3112.615623,54,77,0.76,23,0.033043478,22
3112.615623,53,78,0.83,25,0.0332,22
3112.56927,48,63,0.38,15,0.025333333,22
3112.49741,62,90,0.55,28,0.019642857,22
3112.342939,43,55,0.4,12,0.033333333,22
3112.292206,56,74,0.6,18,0.033333333,22
3112.049442,39,59,0.66,20,0.033,22
3111.666892,53,83,0.86,30,0.028666667,22
3111.575702,56,65,0.23,9,0.025555556,22
3111.559783,37,61,0.84,24,0.035,22
3111.52478,47,65,0.45,18,0.025,22
3111.10159,55,68,0.32,13,0.024615385,22
3111.10159,54,69,0.37,15,0.024666667,22
3111.091415,60,92,0.63,32,0.0196875,22
3111.084661,35,63,0.98,28,0.035,22
3110.891758,59,69,0.34,10,0.034,22
3110.637259,35,49,0.59,14,0.042142857,22
3110.482043,58,75,0.5,17,0.029411765,22
3110.467361,42,59,0.53,17,0.031176471,22
3110.420352,36,59,0.84,23,0.036521739,22
3110.063736,41,72,0.91,31,0.029354839,22
3109.905295,36,48,0.5,12,0.041666667,22
3109.878137,41,63,0.66,22,0.03,22
3109.559867,45,68,0.57,23,0.024782609,22
3109.480365,54,71,0.6,17,0.035294118,22
3109.337887,56,76,0.6,20,0.03,22
3109.337887,55,77,0.66,22,0.03,22
3109.097499,52,84,0.9,32,0.028125,22
3109.010157,57,76,0.57,19,0.03,22
3109.010157,56,77,0.63,21,0.03,22
3108.322319,53,87,0.95,34,0.027941176,22
3108.290398,50,60,0.25,10,0.025,22
3108.290398,49,61,0.3,12,0.025,22
3108.194389,58,70,0.41,12,0.034166667,22
3108.159296,57,76,0.55,19,0.028947368,22
3108.159296,55,79,0.69,24,0.02875,22
3108.159296,54,80,0.75,26,0.028846154,22
3108.159296,53,81,0.81,28,0.028928571,22
3107.89635,61,91,0.59,30,0.019666667,22
3107.694348,54,80,0.76,26,0.029230769,22
3107.694348,53,81,0.82,28,0.029285714,22
3107.603974,44,68,0.66,24,0.0275,22
3107.235957,38,55,0.67,17,0.039411765,22
3107.235957,37,56,0.75,19,0.039473684,22
3107.175742,51,85,0.97,34,0.028529412,22
3106.863724,47,64,0.5,17,0.029411765,22
3106.863724,46,65,0.56,19,0.029473684,22
3106.645409,38,64,0.89,26,0.034230769,22
3106.289715,52,74,0.77,22,0.035,22
3105.088476,42,53,0.39,11,0.035454545,22
3105.02297,40,60,0.7,20,0.035,22
3104.411761,46,66,0.58,20,0.029,22
3104.133088,38,52,0.52,14,0.037142857,22
3104.067573,43,60,0.52,17,0.030588235,22
3103.88356,57,73,0.53,16,0.033125,22
3103.82088,46,64,0.54,18,0.03,22
3103.727557,52,85,0.91,33,0.027575758,22
3103.727557,51,86,0.97,35,0.027714286,22
3103.67903,54,81,0.79,27,0.029259259,22
3103.661806,56,78,0.65,22,0.029545455,22
3103.50601,51,60,0.25,9,0.027777778,22
3103.406244,34,51,0.72,17,0.042352941,22
3103.364773,36,57,0.78,21,0.037142857,22
3102.990803,45,67,0.64,22,0.029090909,22
3102.923143,68,74,0.13,6,0.021666667,22
3102.42492,56,90,0.86,34,0.025294118,22
3102.000214,32,54,0.9,22,0.040909091,22
3101.616927,52,83,0.9,31,0.029032258,22
3101.615601,50,79,0.99,29,0.034137931,22
3100.778034,34,57,0.87,23,0.037826087,22
3100.751985,52,85,0.92,33,0.027878788,22
3100.55654,41,60,0.65,19,0.034210526,22
3100.460266,68,75,0.15,7,0.021428571,22
3100.369772,61,83,0.47,22,0.021363636,22
3100.247351,65,77,0.26,12,0.021666667,22
3099.49605,40,65,0.74,25,0.0296,22
3099.400141,62,89,0.54,27,0.02,22
3098.89788,52,81,0.85,29,0.029310345,22
3098.89788,51,82,0.91,31,0.029354839,22
3098.89788,50,83,0.97,33,0.029393939,22
3098.849646,33,54,0.86,21,0.040952381,22
3098.559816,53,83,0.84,30,0.028,22
3098.257229,57,71,0.47,14,0.033571429,22
3098.257229,56,72,0.54,16,0.03375,22
3098.229748,40,60,0.69,20,0.0345,22
3098.008288,43,57,0.48,14,0.034285714,22
3098.008288,42,58,0.55,16,0.034375,22
3098.008288,41,59,0.62,18,0.034444444,22
3097.601797,38,60,0.72,22,0.032727273,22
3097.44656,40,73,0.97,33,0.029393939,22
3097.141516,36,64,0.96,28,0.034285714,22
3096.556521,34,53,0.76,19,0.04,22
3095.899343,41,74,0.89,33,0.026969697,22
3095.666846,40,49,0.34,9,0.037777778,22
3095.555652,42,52,0.35,10,0.035,22
3095.555652,41,53,0.42,12,0.035,22
3095.543667,38,55,0.63,17,0.037058824,22
3095.229199,37,66,0.97,29,0.033448276,22
3095.014178,58,75,0.49,17,0.028823529,22
3095.014178,57,77,0.57,20,0.0285,22
3095.014178,56,78,0.63,22,0.028636364,22
3094.802868,37,66,0.98,29,0.033793103,22
3094.648911,65,78,0.28,13,0.021538462,22
3094.648911,62,81,0.41,19,0.021578947,22
3094.469887,55,73,0.61,18,0.033888889,22
3094.420293,39,63,0.81,24,0.03375,22
3094.361978,50,76,0.91,26,0.035,22
3094.336252,34,51,0.7,17,0.041176471,22
3093.998967,39,60,0.71,21,0.033809524,22
3093.955992,35,51,0.67,16,0.041875,22
3093.75654,36,58,0.86,22,0.039090909,22
3093.735239,60,65,0.17,5,0.034,22
3093.673386,61,82,0.45,21,0.021428571,22
3093.528699,42,56,0.49,14,0.035,22
3093.527241,66,78,0.25,12,0.020833333,22
3093.238106,52,86,0.93,34,0.027352941,22
3093.238106,51,87,0.99,36,0.0275,22
3093.163205,43,69,0.77,26,0.029615385,22
3093.133319,60,93,0.64,33,0.019393939,22
3092.747859,42,71,0.85,29,0.029310345,22
3092.53875,45,71,0.62,26,0.023846154,22
3092.317736,39,73,0.93,34,0.027352941,22
3092.246547,43,59,0.49,16,0.030625,22
3091.929999,54,93,0.99,39,0.025384615,22
3091.778796,52,83,0.89,31,0.028709677,22
3091.778796,51,84,0.95,33,0.028787879,22
3091.756932,58,88,0.82,30,0.027333333,22
3091.658524,44,63,0.56,19,0.029473684,22
3091.554244,47,64,0.48,17,0.028235294,22
3091.145297,50,77,0.94,27,0.034814815,22
3090.844166,56,76,0.59,20,0.0295,22
3090.844166,53,80,0.79,27,0.029259259,22
3090.755817,48,66,0.44,18,0.024444444,22
3090.544373,65,67,0.06,2,0.03,22
3090.544373,64,68,0.12,4,0.03,22
3090.544373,63,69,0.18,6,0.03,22
3090.544373,62,70,0.24,8,0.03,22
3090.544373,61,71,0.3,10,0.03,22
3090.502841,52,82,0.87,30,0.029,22
3090.466081,52,84,0.89,32,0.0278125,22
3090.09345,53,82,0.82,29,0.028275862,22
3090.09345,52,83,0.88,31,0.028387097,22
3089.524267,43,65,0.63,22,0.028636364,22
3089.351027,45,58,0.4,13,0.030769231,22
3089.308814,65,79,0.29,14,0.020714286,22
3089.29169,39,48,0.34,9,0.037777778,22
3089.181282,36,52,0.64,16,0.04,22
3088.907793,37,66,0.99,29,0.034137931,22
3088.758488,33,56,0.92,23,0.04,22
3088.684,53,80,0.8,27,0.02962963,22
3088.663368,50,67,0.4,17,0.023529412,22
3088.213568,34,61,0.98,27,0.036296296,22
3088.187796,52,84,0.93,32,0.0290625,22
3087.998351,53,63,0.24,10,0.024,22
3087.878515,43,68,0.74,25,0.0296,22
3087.625635,54,71,0.58,17,0.034117647,22
3087.621529,37,50,0.53,13,0.040769231,22
3087.426413,62,82,0.42,20,0.021,22
3087.251978,48,59,0.29,11,0.026363636,22
3086.947703,52,84,0.91,32,0.0284375,22
3086.793183,31,54,0.98,23,0.042608696,22
3086.781162,59,84,0.54,25,0.0216,22
3086.774891,54,78,0.71,24,0.029583333,22
3086.774891,53,79,0.77,26,0.029615385,22
3086.761524,58,75,0.51,17,0.03,22
3086.743376,57,65,0.2,8,0.025,22
3086.123094,51,75,0.84,24,0.035,22
3085.699015,59,87,0.76,28,0.027142857,22
3085.488443,43,73,0.8,30,0.026666667,22
3085.001219,37,53,0.6,16,0.0375,22
3085.001219,36,54,0.68,18,0.037777778,22
3084.866562,45,57,0.37,12,0.030833333,22
3084.687921,53,72,0.65,19,0.034210526,22
3083.650771,45,63,0.47,18,0.026111111,22
3083.490765,57,89,0.88,32,0.0275,22
3083.422496,54,81,0.77,27,0.028518519,22
3083.422496,53,82,0.83,29,0.02862069,22
3083.255302,44,68,0.61,24,0.025416667,22
3083.200851,58,67,0.27,9,0.03,22
3083.200851,57,68,0.33,11,0.03,22
3083.200851,56,69,0.39,13,0.03,22
3083.125043,42,74,0.85,32,0.0265625,22
3083.125043,41,76,0.92,35,0.026285714,22
3083.058349,40,76,0.89,36,0.024722222,22
3082.934489,47,60,0.38,13,0.029230769,22
3082.366806,57,76,0.56,19,0.029473684,22
3082.366806,56,77,0.62,21,0.02952381,22
3081.857901,40,55,0.56,15,0.037333333,22
3081.826175,41,57,0.57,16,0.035625,22
3081.797971,43,70,0.78,27,0.028888889,22
3081.62935,37,53,0.54,16,0.03375,22
3081.480551,47,70,0.54,23,0.023478261,22
3081.471311,54,83,0.8,29,0.027586207,22
3081.462666,41,68,0.77,27,0.028518519,22
3081.047505,43,56,0.45,13,0.034615385,22
3081.025939,44,53,0.31,9,0.034444444,22
3080.988757,46,65,0.54,19,0.028421053,22
3080.434239,41,50,0.37,9,0.041111111,22
3080.322845,55,78,0.69,23,0.03,22
3080.322845,54,79,0.75,25,0.03,22
3080.322845,54,80,0.77,26,0.029615385,22
3080.322845,53,80,0.81,27,0.03,22
3080.295223,44,55,0.38,11,0.034545455,22
3080.1917,56,86,0.68,30,0.022666667,22
3079.992025,53,82,0.85,29,0.029310345,22
3079.905854,61,71,0.29,10,0.029,22
3079.817964,39,63,0.83,24,0.034583333,22
3079.744062,67,76,0.19,9,0.021111111,22
3079.419992,42,56,0.5,14,0.035714286,22
3079.386018,34,50,0.68,16,0.0425,22
3079.281655,63,80,0.36,17,0.021176471,22
3079.255568,57,78,0.61,21,0.029047619,22
3079.255568,56,79,0.67,23,0.029130435,22
3079.16413,44,49,0.19,5,0.038,22
3079.060178,54,82,0.78,28,0.027857143,22
3079.021966,60,91,0.62,31,0.02,22
3078.850174,54,96,0.89,42,0.021190476,22
3078.645179,60,67,0.23,7,0.032857143,22
3078.431692,55,77,0.65,22,0.029545455,22
3078.253269,34,52,0.76,18,0.042222222,22
3078.066423,40,63,0.77,23,0.033478261,22
3077.961242,39,58,0.61,19,0.032105263,22
3077.876039,32,54,0.92,22,0.041818182,22
3077.726579,44,72,0.67,28,0.023928571,22
3077.520495,43,55,0.38,12,0.031666667,22
3077.512049,38,63,0.87,25,0.0348,22
3077.14911,41,75,0.91,34,0.026764706,22
3076.966036,40,69,0.82,29,0.028275862,22
3076.76044,47,68,0.51,21,0.024285714,22
3076.676284,45,67,0.62,22,0.028181818,22
3076.475566,42,66,0.7,24,0.029166667,22
3076.33947,53,84,0.86,31,0.027741935,22
3076.332213,34,55,0.83,21,0.03952381,22
3076.245885,45,67,0.56,22,0.025454545,22
3075.951797,45,53,0.26,8,0.0325,22
3075.787103,41,73,0.85,32,0.0265625,22
3075.551868,32,54,0.91,22,0.041363636,22
3075.545886,33,53,0.83,20,0.0415,22
3075.504534,47,65,0.5,18,0.027777778,22
3075.360736,48,50,0.07,2,0.035,22
3075.360736,47,51,0.14,4,0.035,22
3075.022306,55,79,0.71,24,0.029583333,22
3074.881766,43,54,0.38,11,0.034545455,22
3074.881766,42,55,0.45,13,0.034615385,22
3074.189888,51,74,0.82,23,0.035652174,22
3074.051523,52,74,0.52,22,0.023636364,22
3074.03985,50,61,0.28,11,0.025454545,22
3073.94778,38,66,0.93,28,0.033214286,22
3073.703538,59,92,0.66,33,0.02,22
3073.647839,40,51,0.41,11,0.037272727,22
3073.35446,44,66,0.66,22,0.03,22
3073.139271,57,93,0.75,36,0.020833333,22
3073.060205,37,64,0.95,27,0.035185185,22
3072.956366,42,66,0.69,24,0.02875,22
3072.921648,50,62,0.33,12,0.0275,22
3072.56872,48,62,0.4,14,0.028571429,22
3072.476834,43,54,0.36,11,0.032727273,22
3072.372495,39,57,0.6,18,0.033333333,22
3072.087592,37,65,0.96,28,0.034285714,22
3071.674973,42,72,0.79,30,0.026333333,22
3071.329733,41,56,0.52,15,0.034666667,22
3071.1102,62,72,0.29,10,0.029,22
3070.964086,45,67,0.55,22,0.025,22
3070.645426,59,74,0.43,15,0.028666667,22
3070.645426,58,76,0.51,18,0.028333333,22
3070.645426,55,79,0.68,24,0.028333333,22
3070.645426,54,80,0.74,26,0.028461538,22
3069.658261,51,82,0.9,31,0.029032258,22
3069.096395,52,80,0.83,28,0.029642857,22
3068.701061,36,64,0.86,28,0.030714286,22
3068.668734,40,63,0.78,23,0.033913043,22
3068.490192,59,83,0.53,24,0.022083333,22
3068.453123,47,62,0.39,15,0.026,22
3068.223491,40,53,0.47,13,0.036153846,22
3067.970261,36,52,0.6,16,0.0375,22
3067.789558,49,61,0.31,12,0.025833333,22
3067.649017,36,54,0.61,18,0.033888889,22
3067.231716,42,73,0.84,31,0.027096774,22
3066.74745,44,71,0.73,27,0.027037037,22
3066.655858,35,64,0.94,29,0.032413793,22
3066.555718,61,68,0.15,7,0.021428571,22
3066.317025,59,75,0.47,16,0.029375,22
3065.713227,41,61,0.68,20,0.034,22
3065.333236,60,85,0.69,25,0.0276,22
3064.722865,43,60,0.51,17,0.03,22
3064.66884,46,52,0.19,6,0.031666667,22
3064.528665,49,57,0.21,8,0.02625,22
3064.329025,49,61,0.36,12,0.03,22
3064.2305,52,82,0.86,30,0.028666667,22
3064.2305,51,83,0.92,32,0.02875,22
3064.2305,51,84,0.94,33,0.028484848,22
3064.161941,42,49,0.26,7,0.037142857,22
3064.142212,53,59,0.17,6,0.028333333,22
3064.041237,51,58,0.18,7,0.025714286,22
3063.851706,51,85,0.95,34,0.027941176,22
3063.504704,66,83,0.33,17,0.019411765,22
3062.758628,47,64,0.43,17,0.025294118,22
3062.685669,42,47,0.19,5,0.038,22
3062.6243,37,59,0.82,22,0.037272727,22
3062.573915,37,51,0.52,14,0.037142857,22
3062.123542,43,69,0.66,26,0.025384615,22
3062.086146,46,69,0.56,23,0.024347826,22
3061.668199,43,81,0.96,38,0.025263158,22
3061.629783,39,62,0.8,23,0.034782609,22
3061.493513,42,61,0.58,19,0.030526316,22
3061.387011,54,78,0.72,24,0.03,22
3061.149079,51,84,0.96,33,0.029090909,22
3061.124218,38,64,0.88,26,0.033846154,22
3060.917182,53,68,0.39,15,0.026,22
3060.759656,55,78,0.68,23,0.029565217,22
3060.759656,54,79,0.74,25,0.0296,22
3060.714559,63,81,0.5,18,0.027777778,22
3060.427675,50,84,0.98,34,0.028823529,22
3060.28931,39,51,0.45,12,0.0375,22
3060.28931,37,54,0.63,17,0.037058824,22
3059.972541,33,52,0.8,19,0.042105263,22
3059.966557,35,52,0.68,17,0.04,22
3059.782657,39,71,0.9,32,0.028125,22
3059.715948,36,48,0.51,12,0.0425,22
3059.29971,43,53,0.32,10,0.032,22
3059.29971,41,55,0.45,14,0.032142857,22
3059.112826,42,70,0.82,28,0.029285714,22
3059.043125,34,53,0.78,19,0.041052632,22
3059.042716,63,71,0.23,8,0.02875,22
3059.042716,61,74,0.37,13,0.028461538,22
3058.957303,35,61,0.95,26,0.036538462,22
3058.729573,53,81,0.83,28,0.029642857,22
3058.729573,52,82,0.89,30,0.029666667,22
3058.452,62,84,0.46,22,0.020909091,22
3058.362934,63,80,0.44,17,0.025882353,22
3058.312048,54,81,0.76,27,0.028148148,22
3058.306383,43,67,0.77,24,0.032083333,22
3058.292343,40,78,0.98,38,0.025789474,22
3058.194115,60,76,0.48,16,0.03,22
3058.005825,33,58,0.95,25,0.038,22
3057.983573,55,80,0.73,25,0.0292,22
3057.734786,52,81,0.87,29,0.03,22
3057.526751,58,83,0.57,25,0.0228,22
3057.309947,46,71,0.59,25,0.0236,22
3057.259177,34,50,0.69,16,0.043125,22
3057.252847,41,48,0.25,7,0.035714286,22
3057.177705,60,81,0.48,21,0.022857143,22
3057.170662,54,85,0.88,31,0.028387097,22
3057.149684,44,67,0.68,23,0.029565217,22
3056.520106,40,70,0.84,30,0.028,22
3056.47795,60,75,0.43,15,0.028666667,22
3056.36362,40,58,0.59,18,0.032777778,22
3056.335535,44,69,0.62,25,0.0248,22
3056.233663,38,73,0.99,35,0.028285714,22
3056.110489,59,82,0.53,23,0.023043478,22
3055.969836,34,57,0.84,23,0.036521739,22
3055.808487,62,90,0.54,28,0.019285714,22
3055.808487,61,91,0.58,30,0.019333333,22
3055.789449,35,56,0.76,21,0.036190476,22
3055.622442,64,72,0.24,8,0.03,22
3055.622442,63,73,0.3,10,0.03,22
3055.622442,62,74,0.36,12,0.03,22
3055.622442,61,75,0.42,14,0.03,22
3055.306656,51,83,0.95,32,0.0296875,22
3055.274629,36,62,0.86,26,0.033076923,22
3054.648677,39,68,0.85,29,0.029310345,22
3054.371411,49,62,0.38,13,0.029230769,22
3054.371411,48,63,0.44,15,0.029333333,22
3054.241495,40,61,0.73,21,0.034761905,22
3053.979661,39,64,0.84,25,0.0336,22
3053.816821,46,49,0.1,3,0.033333333,22
3053.746486,40,71,0.86,31,0.027741935,22
3053.67839,64,86,0.45,22,0.020454545,22
3053.67839,63,87,0.49,24,0.020416667,22
3053.650876,45,68,0.74,23,0.032173913,22
3053.650876,44,69,0.81,25,0.0324,22
3053.568196,56,75,0.57,19,0.03,22
3053.465023,52,83,0.91,31,0.029354839,22
3053.377057,37,58,0.77,21,0.036666667,22
3053.088596,40,75,0.92,35,0.026285714,22
3052.880748,51,83,0.91,32,0.0284375,22
3052.83403,41,60,0.61,19,0.032105263,22
3052.770651,38,64,0.9,26,0.034615385,22
3052.576553,40,72,0.88,32,0.0275,22
3052.563345,50,84,0.97,34,0.028529412,22
3052.386608,50,57,0.18,7,0.025714286,22
3052.198259,41,72,0.9,31,0.029032258,22
3052.021762,47,67,0.49,20,0.0245,22
3051.950569,37,62,0.9,25,0.036,22
3051.70733,40,55,0.51,15,0.034,22
3051.59186,66,76,0.26,10,0.026,22
3051.509941,34,58,0.9,24,0.0375,22
3051.482653,55,81,0.74,26,0.028461538,22
3051.482653,54,82,0.8,28,0.028571429,22
3051.352434,39,71,0.91,32,0.0284375,22
3051.232261,38,52,0.53,14,0.037857143,22
3051.029775,42,56,0.47,14,0.033571429,22
3050.843024,38,50,0.44,12,0.036666667,22
3050.809242,65,84,0.37,19,0.019473684,22
3050.751157,43,68,0.73,25,0.0292,22
3049.992133,45,67,0.65,22,0.029545455,22
3049.992133,44,68,0.71,24,0.029583333,22
3049.369835,44,66,0.56,22,0.025454545,22
3049.17327,40,50,0.37,10,0.037,22
3049.097224,36,58,0.8,22,0.036363636,22
3048.825899,44,72,0.7,28,0.025,22
3048.713384,58,84,0.58,26,0.022307692,22
3048.621795,37,47,0.41,10,0.041,22
3048.596995,35,55,0.68,20,0.034,22
3048.551985,56,66,0.25,10,0.025,22
3048.315673,39,64,0.85,25,0.034,22
3048.234097,43,65,0.64,22,0.029090909,22
3048.186376,58,92,0.71,34,0.020882353,22
3047.933039,33,59,0.98,26,0.037692308,22
3047.862201,64,70,0.17,6,0.028333333,22
3047.775068,43,63,0.6,20,0.03,22
3047.711688,41,68,0.78,27,0.028888889,22
3047.702566,41,57,0.54,16,0.03375,22
3047.578747,39,69,0.97,30,0.032333333,22
3047.214495,59,76,0.49,17,0.028823529,22
3047.056006,45,70,0.62,25,0.0248,22
3046.719853,58,82,0.66,24,0.0275,22
3046.64302,32,53,0.89,21,0.042380952,22
3046.346687,60,74,0.41,14,0.029285714,22
3046.20014,40,62,0.75,22,0.034090909,22
3046.20014,39,63,0.82,24,0.034166667,22
3045.958685,52,82,0.88,30,0.029333333,22
3045.381832,38,78,0.99,40,0.02475,22
3045.343562,67,77,0.28,10,0.028,22
3044.968459,51,85,0.99,34,0.029117647,22
3044.940146,53,81,0.8,28,0.028571429,22
3044.79289,43,62,0.58,19,0.030526316,22
3044.608823,56,91,0.94,35,0.026857143,22
3044.608116,65,85,0.41,20,0.0205,22
3044.522267,57,85,0.72,28,0.025714286,22
3044.384468,52,80,0.84,28,0.03,22
3044.384468,50,83,0.98,33,0.02969697,22
3044.222123,40,78,0.99,38,0.026052632,22
3043.787075,44,58,0.43,14,0.030714286,22
3043.659175,35,53,0.72,18,0.04,22
3043.56777,43,66,0.65,23,0.02826087,22
3043.463663,56,94,0.8,38,0.021052632,22
3043.231851,56,80,0.68,24,0.028333333,22
3043.231851,53,84,0.87,31,0.028064516,22
3042.767951,33,53,0.84,20,0.042,22
3042.420067,49,64,0.38,15,0.025333333,22
3042.011964,52,83,0.92,31,0.029677419,22
3041.909768,37,49,0.49,12,0.040833333,22
3041.822196,49,77,0.97,28,0.034642857,22
3041.688115,57,84,0.62,27,0.022962963,22
3041.500211,39,73,0.94,34,0.027647059,22
3041.495903,37,56,0.7,19,0.036842105,22
3041.430311,56,87,0.69,31,0.022258065,22
3041.218967,63,79,0.42,16,0.02625,22
3041.113256,45,66,0.62,21,0.02952381,22
3040.926186,40,76,0.96,36,0.026666667,22
3040.920481,58,77,0.55,19,0.028947368,22
3040.654538,36,61,0.83,25,0.0332,22
3040.616472,51,84,0.93,33,0.028181818,22
3040.616472,50,85,0.99,35,0.028285714,22
3040.585725,45,65,0.6,20,0.03,22
3040.57204,50,60,0.3,10,0.03,22
3040.556914,40,74,0.9,34,0.026470588,22
3040.435455,61,63,0.06,2,0.03,22
3040.435455,60,64,0.12,4,0.03,22
3040.435455,59,65,0.18,6,0.03,22
3039.93974,39,47,0.33,8,0.04125,22
3039.904097,58,76,0.53,18,0.029444444,22
3039.896734,42,70,0.79,28,0.028214286,22
3039.896734,41,71,0.85,30,0.028333333,22
3039.78529,56,86,0.78,30,0.026,22
3039.635171,60,75,0.42,15,0.028,22
3039.223709,61,73,0.35,12,0.029166667,22
3038.860602,43,60,0.53,17,0.031176471,22
3038.843515,68,75,0.18,7,0.025714286,22
3038.71583,41,67,0.75,26,0.028846154,22
3038.65922,67,68,0.03,1,0.03,22
3038.65922,66,69,0.09,3,0.03,22
3038.65922,65,70,0.15,5,0.03,22
3038.65922,64,71,0.21,7,0.03,22
3038.65922,63,72,0.27,9,0.03,22
3038.620441,39,58,0.64,19,0.033684211,22
3038.421018,38,49,0.45,11,0.040909091,22
3038.393861,35,59,0.88,24,0.036666667,22
3038.176648,35,56,0.79,21,0.037619048,22
3038.146902,36,55,0.71,19,0.037368421,22
3037.667453,60,86,0.7,26,0.026923077,22
3037.593929,58,77,0.54,19,0.028421053,22
3037.593929,57,78,0.6,21,0.028571429,22
3037.593929,56,79,0.66,23,0.028695652,22
3037.535752,37,55,0.72,18,0.04,22
3037.481316,44,73,0.68,29,0.023448276,22
3037.477165,44,66,0.7,22,0.031818182,22
3037.431436,64,69,0.15,5,0.03,22
3037.42351,48,54,0.19,6,0.031666667,22
3037.302311,52,86,0.94,34,0.027647059,22
3037.085817,44,71,0.66,27,0.024444444,22
3037.013763,42,63,0.64,21,0.03047619,22
3036.635245,63,85,0.44,22,0.02,22
3036.182095,35,61,0.93,26,0.035769231,22
3036.121017,59,77,0.54,18,0.03,22
3036.073912,50,82,0.96,32,0.03,22
3036.002264,64,78,0.31,14,0.022142857,22
3035.856077,64,82,0.37,18,0.020555556,22
3035.456458,37,62,0.81,25,0.0324,22
3035.153795,41,52,0.42,11,0.038181818,22
3034.873671,44,68,0.67,24,0.027916667,22
3034.554241,33,59,0.94,26,0.036153846,22
3034.165905,39,58,0.63,19,0.033157895,22
3033.911108,66,80,0.28,14,0.02,22
3033.911108,65,81,0.32,16,0.02,22
3033.796667,32,53,0.88,21,0.041904762,22
3033.606774,39,70,0.88,31,0.028387097,22
3033.56715,62,82,0.51,20,0.0255,22
3033.56715,60,84,0.62,24,0.025833333,22
3033.524659,54,56,0.06,2,0.03,22
3033.524659,53,57,0.12,4,0.03,22
3033.524659,52,58,0.18,6,0.03,22
3033.524659,51,59,0.24,8,0.03,22
3033.503684,47,73,0.77,26,0.029615385,22
3033.420961,33,52,0.79,19,0.041578947,22
3033.35574,36,56,0.74,20,0.037,22
3033.289781,63,70,0.21,7,0.03,22
3033.112956,66,76,0.22,10,0.022,22
3032.831968,41,63,0.67,22,0.030454545,22
3032.673096,42,50,0.32,8,0.04,22
3032.673096,41,51,0.4,10,0.04,22
3032.651386,36,50,0.58,14,0.041428571,22
3032.601858,70,74,0.11,4,0.0275,22
3032.601858,68,76,0.22,8,0.0275,22
3032.601858,66,78,0.33,12,0.0275,22
3032.189671,38,57,0.72,19,0.037894737,22
3032.183801,51,84,0.97,33,0.029393939,22
3031.906043,79,95,0.11,16,0.006875,22
3031.902758,35,50,0.64,15,0.042666667,22
3031.649323,57,79,0.62,22,0.028181818,22
3031.554882,36,63,0.99,27,0.036666667,22
3031.454201,39,56,0.58,17,0.034117647,22
3031.429392,49,63,0.36,14,0.025714286,22
3031.426584,44,51,0.23,7,0.032857143,22
3031.403053,54,89,0.94,35,0.026857143,22
3031.333907,59,83,0.64,24,0.026666667,22
3031.264427,53,87,0.96,34,0.028235294,22
3031.005108,54,83,0.81,29,0.027931034,22
3030.865567,50,76,0.92,26,0.035384615,22
3030.865567,49,77,0.99,28,0.035357143,22
3030.599183,41,65,0.72,24,0.03,22
3030.423174,42,60,0.61,18,0.033888889,22
3030.254574,39,52,0.53,13,0.040769231,22
3030.168486,63,80,0.37,17,0.021764706,22
3030.002258,55,95,0.84,40,0.021,22
3029.982529,36,57,0.81,21,0.038571429,22
3029.912835,64,85,0.41,21,0.01952381,22
3029.856392,58,70,0.29,12,0.024166667,22
3029.471375,49,56,0.2,7,0.028571429,22
3029.46944,38,52,0.51,14,0.036428571,22
3029.341929,52,81,0.84,29,0.028965517,22
3029.248869,39,72,0.93,33,0.028181818,22
3029.203204,33,51,0.77,18,0.042777778,22
3028.796878,38,65,0.92,27,0.034074074,22
3028.721819,34,57,0.86,23,0.037391304,22
3028.692163,35,56,0.78,21,0.037142857,22
3028.615694,58,94,0.72,36,0.02,22
3028.291339,37,57,0.72,20,0.036,22
3028.28096,55,86,0.85,31,0.027419355,22
3028.13986,38,59,0.67,21,0.031904762,22
3027.828989,42,71,0.83,29,0.02862069,22
3027.654781,38,64,0.84,26,0.032307692,22
3027.589572,41,53,0.45,12,0.0375,22
3026.94113,51,81,0.9,30,0.03,22
3026.520902,58,85,0.71,27,0.026296296,22
3026.411018,36,54,0.66,18,0.036666667,22
3026.206847,42,69,0.8,27,0.02962963,22
3025.95231,38,60,0.73,22,0.033181818,22
3025.934239,62,73,0.33,11,0.03,22
3025.828114,61,88,0.54,27,0.02,22
3025.808016,42,53,0.41,11,0.037272727,22
3025.627986,42,67,0.72,25,0.0288,22
3025.490555,67,69,0.06,2,0.03,22
3025.490555,66,70,0.12,4,0.03,22
3025.490555,65,71,0.18,6,0.03,22
3025.462355,57,90,0.88,33,0.026666667,22
3025.402363,38,59,0.7,21,0.033333333,22
3025.362752,37,60,0.77,23,0.033478261,22
3025.238943,40,77,0.98,37,0.026486486,22
3025.022941,42,56,0.46,14,0.032857143,22
3024.829766,62,78,0.37,16,0.023125,22
3024.737946,62,73,0.31,11,0.028181818,22
3024.737946,59,76,0.48,17,0.028235294,22
3024.737946,58,78,0.56,20,0.028,22
3024.428315,38,56,0.68,18,0.037777778,22
3024.319176,63,78,0.34,15,0.022666667,22
3024.095152,56,81,0.69,25,0.0276,22
3024.001597,34,51,0.73,17,0.042941176,22
3023.679829,32,58,0.97,26,0.037307692,22
3023.459336,40,57,0.57,17,0.033529412,22
3023.451889,46,65,0.48,19,0.025263158,22
3023.335962,46,56,0.32,10,0.032,22
3023.257803,33,59,0.96,26,0.036923077,22
3023.135856,66,75,0.24,9,0.026666667,22
3023.135856,61,81,0.53,20,0.0265,22
3023.079778,32,56,0.94,24,0.039166667,22
3023.046343,58,89,0.82,31,0.026451613,22
3022.908673,33,59,0.93,26,0.035769231,22
3022.878515,60,83,0.51,23,0.022173913,22
3022.866578,73,74,0.02,1,0.02,22
3022.866578,72,75,0.06,3,0.02,22
3022.866578,71,76,0.1,5,0.02,22
3022.854857,52,81,0.86,29,0.029655172,22
3022.558822,46,61,0.44,15,0.029333333,22
3022.540477,51,82,0.92,31,0.029677419,22
3022.489451,44,67,0.67,23,0.029130435,22
3022.097194,37,62,0.91,25,0.0364,22
3021.632666,37,65,0.95,28,0.033928571,22
3021.583596,34,59,0.93,25,0.0372,22
3021.427661,53,79,0.78,26,0.03,22
3021.21973,33,59,0.95,26,0.036538462,22
3020.746802,45,69,0.61,24,0.025416667,22
3020.67881,51,84,0.98,33,0.02969697,22
3020.486375,52,58,0.17,6,0.028333333,22
3020.453548,51,83,0.94,32,0.029375,22
3020.344613,34,59,0.92,25,0.0368,22
3020.257667,70,77,0.14,7,0.02,22
3020.257667,69,78,0.18,9,0.02,22
3020.215346,61,88,0.57,27,0.021111111,22
3020.160154,59,75,0.5,16,0.03125,22
3020.077314,63,84,0.43,21,0.02047619,22
3020.077314,62,85,0.47,23,0.020434783,22
3020.022223,35,65,0.93,30,0.031,22
3019.365191,38,61,0.83,23,0.036086957,22
3019.176462,52,57,0.13,5,0.026,22
3018.794148,55,68,0.29,13,0.022307692,22
3018.758551,44,64,0.53,20,0.0265,22
3018.757822,44,55,0.35,11,0.031818182,22
3018.709386,34,59,0.9,25,0.036,22
3018.488605,58,77,0.59,19,0.031052632,22
3018.381986,36,51,0.6,15,0.04,22
3018.329664,39,77,0.95,38,0.025,22
3018.277619,45,66,0.59,21,0.028095238,22
3018.265409,46,62,0.46,16,0.02875,22
3018.233406,42,70,0.78,28,0.027857143,22
3018.210096,43,57,0.45,14,0.032142857,22
3018.202798,57,77,0.59,20,0.0295,22
3018.195705,35,57,0.8,22,0.036363636,22
3018.176122,55,82,0.75,27,0.027777778,22
3018.091362,49,68,0.45,19,0.023684211,22
3017.992449,50,87,0.98,37,0.026486486,22
3017.982177,37,60,0.76,23,0.033043478,22
3017.824173,65,70,0.14,5,0.028,22
3017.548122,37,62,0.86,25,0.0344,22
3017.496215,56,61,0.14,5,0.028,22
3017.088432,66,82,0.32,16,0.02,22
3017.088432,65,83,0.36,18,0.02,22
3017.088432,64,84,0.4,20,0.02,22
3017.037122,50,59,0.23,9,0.025555556,22
3017.029942,54,87,0.91,33,0.027575758,22
3016.921242,49,61,0.34,12,0.028333333,22
3016.798183,59,83,0.62,24,0.025833333,22
3016.625145,62,63,0.03,1,0.03,22
3016.625145,61,64,0.09,3,0.03,22
3016.616194,33,56,0.89,23,0.038695652,22
3016.554448,65,75,0.23,10,0.023,22
3016.410552,77,97,0.14,20,0.007,22
3016.272595,44,59,0.47,15,0.031333333,22
3016.15396,47,51,0.13,4,0.0325,22
3015.964629,39,53,0.52,14,0.037142857,22
3015.852075,39,57,0.66,18,0.036666667,22
3015.841809,53,70,0.38,17,0.022352941,22
3015.779821,32,54,0.93,22,0.042272727,22
3015.746547,46,54,0.28,8,0.035,22
3015.702445,38,48,0.41,10,0.041,22
3015.484612,41,75,0.84,34,0.024705882,22
3015.39003,42,53,0.37,11,0.033636364,22
3015.39003,38,58,0.67,20,0.0335,22
3015.39003,37,59,0.74,22,0.033636364,22
3015.252609,57,66,0.2,9,0.022222222,22
3015.138568,39,72,0.92,33,0.027878788,22
3014.881925,43,56,0.42,13,0.032307692,22
3014.507256,40,56,0.53,16,0.033125,22
3014.401083,66,80,0.29,14,0.020714286,22
3014.329719,46,57,0.37,11,0.033636364,22
3014.234345,55,73,0.44,18,0.024444444,22
3014.194208,78,97,0.13,19,0.006842105,22
3014.135831,37,64,0.85,27,0.031481481,22
3014.058824,41,71,0.89,30,0.029666667,22
3013.969827,49,62,0.37,13,0.028461538,22
3013.937499,43,57,0.44,14,0.031428571,22
3013.666866,48,65,0.43,17,0.025294118,22
3013.640203,45,66,0.54,21,0.025714286,22
3013.279832,36,61,0.91,25,0.0364,22
3012.99926,47,61,0.37,14,0.026428571,22
3012.97765,35,62,0.95,27,0.035185185,22
3012.960108,39,56,0.64,17,0.037647059,22
3012.583142,59,77,0.5,18,0.027777778,22
3012.583142,56,80,0.67,24,0.027916667,22
3012.424572,49,60,0.28,11,0.025454545,22
3012.391472,50,78,0.65,28,0.023214286,22
3012.319052,65,68,0.09,3,0.03,22
3012.136818,41,55,0.51,14,0.036428571,22
3012.06571,62,82,0.56,20,0.028,22
3011.983667,45,55,0.35,10,0.035,22
3011.634196,62,71,0.27,9,0.03,22
3011.634196,61,72,0.33,11,0.03,22
3011.634196,60,73,0.39,13,0.03,22
3011.634196,59,74,0.45,15,0.03,22
3011.620173,39,69,0.98,30,0.032666667,22
3011.362109,40,59,0.63,19,0.033157895,22
3011.092564,43,55,0.39,12,0.0325,22
3011.024421,42,60,0.55,18,0.030555556,22
3010.802593,41,50,0.33,9,0.036666667,22
3010.774946,41,55,0.46,14,0.032857143,22
3010.691161,58,89,0.77,31,0.02483871,22
3010.577414,55,78,0.66,23,0.028695652,22
3010.577414,54,79,0.72,25,0.0288,22
3010.464117,39,65,0.81,26,0.031153846,22
3010.451359,57,79,0.61,22,0.027727273,22
3010.264269,53,80,0.78,27,0.028888889,22
3010.102428,47,65,0.52,18,0.028888889,22
3009.941407,46,74,0.84,28,0.03,22
3009.79213,38,61,0.72,23,0.031304348,22
3009.736515,61,74,0.4,13,0.030769231,22
3009.628468,48,65,0.47,17,0.027647059,22
3009.303015,45,69,0.66,24,0.0275,22
3009.291537,35,57,0.81,22,0.036818182,22
3009.048416,61,84,0.63,23,0.027391304,22
3008.671764,40,56,0.54,16,0.03375,22
3008.649643,44,52,0.27,8,0.03375,22
3008.555678,41,58,0.53,17,0.031176471,22
3008.361548,67,75,0.21,8,0.02625,22
3008.361548,60,83,0.6,23,0.026086957,22
3008.327435,65,81,0.33,16,0.020625,22
3008.27226,46,51,0.16,5,0.032,22
3007.926937,55,70,0.45,15,0.03,22
3007.926937,54,71,0.51,17,0.03,22
3007.735532,53,83,0.87,30,0.029,22
3007.717979,42,52,0.38,10,0.038,22
3007.564003,67,78,0.23,11,0.020909091,22
3007.479312,41,57,0.52,16,0.0325,22
3006.943956,45,64,0.61,19,0.032105263,22
3006.890009,44,60,0.49,16,0.030625,22
3006.850164,63,70,0.22,7,0.031428571,22
3006.746881,36,60,0.85,24,0.035416667,22
3006.725983,42,72,0.98,30,0.032666667,22
3006.636362,40,71,0.93,31,0.03,22
3006.33269,39,61,0.78,22,0.035454545,22
3006.280165,40,64,0.75,24,0.03125,22
3006.270909,60,65,0.15,5,0.03,22
3006.270909,59,66,0.21,7,0.03,22
3006.255084,60,68,0.19,8,0.02375,22
3006.106892,68,77,0.19,9,0.021111111,22
3006.097103,54,81,0.8,27,0.02962963,22
3006.030967,49,51,0.07,2,0.035,22
3006.030967,48,52,0.14,4,0.035,22
3005.983412,58,87,0.81,29,0.027931034,22
3005.94306,59,75,0.49,16,0.030625,22
3005.923911,40,58,0.57,18,0.031666667,22
3005.876463,36,63,0.87,27,0.032222222,22
3005.820642,53,86,0.94,33,0.028484848,22
3005.420765,44,64,0.58,20,0.029,22
3005.193628,44,68,0.68,24,0.028333333,22
3005.140037,42,54,0.39,12,0.0325,22
3004.937305,33,59,0.97,26,0.037307692,22
3004.927793,40,58,0.62,18,0.034444444,22
3004.92199,36,55,0.7,19,0.036842105,22
3004.82486,34,60,0.96,26,0.036923077,22
3004.686108,43,63,0.57,20,0.0285,22
3004.603871,42,68,0.83,26,0.031923077,22
3004.480547,37,94,0.13,57,0.002280702,22
3004.287103,50,58,0.21,8,0.02625,22
3003.804296,44,56,0.42,12,0.035,22
3003.804296,43,57,0.49,14,0.035,22
3003.671508,40,70,0.85,30,0.028333333,22
3003.386373,40,64,0.72,24,0.03,22
3003.042347,42,64,0.66,22,0.03,22
3003.008362,44,67,0.65,23,0.02826087,22
3002.584377,41,59,0.6,18,0.033333333,22
3002.544316,40,59,0.68,19,0.035789474,22
3002.5006,42,59,0.54,17,0.031764706,22
3002.189281,41,54,0.44,13,0.033846154,22
3002.150592,48,64,0.41,16,0.025625,22
3002.073104,44,69,0.72,25,0.0288,22
3002.032626,48,57,0.24,9,0.026666667,22
3001.991255,37,55,0.67,18,0.037222222,22
3001.961852,40,52,0.44,12,0.036666667,22
3001.961852,38,54,0.59,16,0.036875,22
3001.951531,45,49,0.15,4,0.0375,22
3001.814291,62,80,0.4,18,0.022222222,22
3001.724536,63,71,0.25,8,0.03125,22
3001.337041,39,59,0.64,20,0.032,22
3001.241119,43,69,0.72,26,0.027692308,22
3001.180381,61,80,0.43,19,0.022631579,22
3000.962963,45,54,0.3,9,0.033333333,22
3000.932248,54,65,0.28,11,0.025454545,22
3000.876416,35,58,0.85,23,0.036956522,22
3000.761501,56,72,0.37,16,0.023125,22
3000.759894,40,74,0.99,34,0.029117647,22
3000.743092,41,61,0.62,20,0.031,22
3000.698227,52,74,0.75,22,0.034090909,22
3000.682642,46,65,0.53,19,0.027894737,22
3000.488449,57,76,0.6,19,0.031578947,22
3000.41274,63,81,0.51,18,0.028333333,22
3000.275822,33,60,0.96,27,0.035555556,22
3000.249695,44,47,0.11,3,0.036666667,22
3000.154145,34,59,0.88,25,0.0352,22
3000.080293,41,62,0.71,21,0.033809524,22
