% profit,ema1,ema2,threshold,diff,thresh / diff,ID
4012.274587,60,73,0.39,13,0.03,48
4004.949077,66,67,0.03,1,0.03,48
4004.949077,65,68,0.09,3,0.03,48
4004.949077,64,69,0.15,5,0.03,48
4004.949077,63,70,0.21,7,0.03,48
4004.949077,62,71,0.27,9,0.03,48
4004.949077,61,72,0.33,11,0.03,48
3998.349402,60,76,0.47,16,0.029375,48
3992.840066,61,75,0.41,14,0.029285714,48
3991.444839,62,74,0.35,12,0.029166667,48
3958.001745,59,78,0.55,19,0.028947368,48
3958.001745,58,79,0.61,21,0.029047619,48
3937.414367,59,78,0.56,19,0.029473684,48
3935.421284,63,74,0.32,11,0.029090909,48
3935.244864,60,77,0.5,17,0.029411765,48
3932.762069,63,73,0.29,10,0.029,48
3928.968633,59,77,0.53,18,0.029444444,48
3928.968633,58,78,0.59,20,0.0295,48
3928.968633,57,79,0.65,22,0.029545455,48
3927.421084,58,79,0.62,21,0.02952381,48
3927.421084,57,80,0.68,23,0.029565217,48
3924.689456,56,80,0.71,24,0.029583333,48
3923.312606,55,83,0.82,28,0.029285714,48
3919.826153,65,72,0.2,7,0.028571429,48
3919.826153,60,77,0.49,17,0.028823529,48
3911.53433,64,73,0.26,9,0.028888889,48
3848.250992,60,78,0.52,18,0.028888889,48
3824.880027,61,77,0.46,16,0.02875,48
3824.22584,61,77,0.47,16,0.029375,48
3816.035464,49,77,0.96,28,0.034285714,48
3815.13161,56,70,0.47,14,0.033571429,48
3814.867675,61,70,0.28,9,0.031111111,48
3806.285278,60,71,0.34,11,0.030909091,48
3794.07121,62,75,0.38,13,0.029230769,48
3792.315284,61,76,0.44,15,0.029333333,48
3792.173879,57,74,0.54,17,0.031764706,48
3788.412904,62,76,0.4,14,0.028571429,48
3782.556403,58,80,0.64,22,0.029090909,48
3781.376729,52,80,0.88,28,0.031428571,48
3776.312506,63,75,0.34,12,0.028333333,48
3776.093843,59,79,0.58,20,0.029,48
3772.481657,60,66,0.2,6,0.033333333,48
3769.502833,55,77,0.69,22,0.031363636,48
3769.502833,53,79,0.82,26,0.031538462,48
3768.735727,56,75,0.6,19,0.031578947,48
3768.735727,54,78,0.75,24,0.03125,48
3765.875767,64,74,0.29,10,0.029,48
3765.475388,66,72,0.17,6,0.028333333,48
3765.303551,55,75,0.64,20,0.032,48
3763.353631,55,71,0.54,16,0.03375,48
3763.027182,56,74,0.58,18,0.032222222,48
3762.939698,52,79,0.86,27,0.031851852,48
3760.762039,58,73,0.47,15,0.031333333,48
3760.762039,57,74,0.53,17,0.031176471,48
3760.762039,56,76,0.62,20,0.031,48
3760.762039,55,77,0.68,22,0.030909091,48
3760.762039,53,79,0.81,26,0.031153846,48
3756.900502,52,81,0.9,29,0.031034483,48
3756.183849,60,69,0.29,9,0.032222222,48
3752.714897,57,73,0.51,16,0.031875,48
3749.578097,58,72,0.45,14,0.032142857,48
3745.622136,51,83,0.99,32,0.0309375,48
3744.774229,62,67,0.16,5,0.032,48
3744.774229,59,71,0.38,12,0.031666667,48
3744.774229,56,74,0.57,18,0.031666667,48
3742.962218,53,80,0.84,27,0.031111111,48
3742.962218,51,82,0.97,31,0.031290323,48
3741.154155,54,77,0.73,23,0.03173913,48
3740.711584,56,73,0.55,17,0.032352941,48
3740.711584,55,74,0.62,19,0.032631579,48
3739.92249,54,75,0.68,21,0.032380952,48
3737.040658,60,70,0.32,10,0.032,48
3736.953762,53,78,0.79,25,0.0316,48
3736.468165,52,77,0.81,25,0.0324,48
3736.468165,51,79,0.9,28,0.032142857,48
3732.619818,50,80,0.97,30,0.032333333,48
3731.388691,62,68,0.19,6,0.031666667,48
3729.645189,54,76,0.71,22,0.032272727,48
3729.270363,65,73,0.23,8,0.02875,48
3727.754888,53,77,0.77,24,0.032083333,48
3727.17079,56,82,0.76,26,0.029230769,48
3725.413998,51,80,0.92,29,0.031724138,48
3725.413998,50,81,0.99,31,0.031935484,48
3722.538286,50,77,0.9,27,0.033333333,48
3719.508515,58,71,0.42,13,0.032307692,48
3718.546925,62,66,0.13,4,0.0325,48
3718.477697,58,72,0.44,14,0.031428571,48
3717.762385,60,68,0.26,8,0.0325,48
3717.762385,58,70,0.39,12,0.0325,48
3716.158049,57,81,0.7,24,0.029166667,48
3716.091993,52,78,0.83,26,0.031923077,48
3715.946933,54,77,0.72,23,0.031304348,48
3713.722179,61,69,0.25,8,0.03125,48
3708.047415,53,78,0.8,25,0.032,48
3707.901313,58,67,0.31,9,0.034444444,48
3707.889248,57,73,0.5,16,0.03125,48
3707.424993,54,76,0.7,22,0.031818182,48
3706.466445,57,72,0.48,15,0.032,48
3703.861466,55,76,0.67,21,0.031904762,48
3703.401814,53,76,0.75,23,0.032608696,48
3700.632462,57,75,0.55,18,0.030555556,48
3698.236814,59,72,0.4,13,0.030769231,48
3697.843271,59,69,0.33,10,0.033,48
3696.950325,59,73,0.43,14,0.030714286,48
3694.856214,55,76,0.66,21,0.031428571,48
3694.763636,52,78,0.84,26,0.032307692,48
3693.808276,57,71,0.46,14,0.032857143,48
3688.528336,51,80,0.93,29,0.032068966,48
3688.289051,51,81,0.95,30,0.031666667,48
3686.028932,56,77,0.64,21,0.03047619,48
3681.9977,57,72,0.49,15,0.032666667,48
3681.797715,50,78,0.92,28,0.032857143,48
3681.2027,60,70,0.31,10,0.031,48
3680.564945,56,75,0.59,19,0.031052632,48
3678.705855,51,78,0.88,27,0.032592593,48
3678.591598,57,76,0.58,19,0.030526316,48
3677.630402,58,74,0.49,16,0.030625,48
3676.971432,61,67,0.19,6,0.031666667,48
3673.594226,63,75,0.35,12,0.029166667,48
3673.594226,62,76,0.41,14,0.029285714,48
3669.948972,58,71,0.41,13,0.031538462,48
3669.174609,57,70,0.43,13,0.033076923,48
3669.174609,55,73,0.59,18,0.032777778,48
3669.174609,54,73,0.63,19,0.033157895,48
3669.174609,52,76,0.79,24,0.032916667,48
3668.556363,68,87,0.34,19,0.017894737,48
3666.330003,66,73,0.2,7,0.028571429,48
3664.756179,59,70,0.35,11,0.031818182,48
3664.129271,65,90,0.45,25,0.018,48
3662.253467,49,78,0.98,29,0.033793103,48
3660.617711,59,69,0.32,10,0.032,48
3658.671064,56,69,0.45,13,0.034615385,48
3658.234545,59,66,0.24,7,0.034285714,48
3658.026222,51,75,0.82,24,0.034166667,48
3656.899031,60,67,0.23,7,0.032857143,48
3655.920817,57,68,0.38,11,0.034545455,48
3655.276447,52,74,0.75,22,0.034090909,48
3651.118832,52,81,0.91,29,0.03137931,48
3649.956105,62,69,0.22,7,0.031428571,48
3649.956105,59,72,0.41,13,0.031538462,48
3647.421144,56,71,0.5,15,0.033333333,48
3643.270876,55,74,0.61,19,0.032105263,48
3643.270876,53,76,0.74,23,0.032173913,48
3643.114671,55,80,0.75,25,0.03,48
3642.405165,53,73,0.68,20,0.034,48
3641.069397,54,72,0.61,18,0.033888889,48
3640.280766,54,74,0.66,20,0.033,48
3640.280766,53,74,0.7,21,0.033333333,48
3640.159697,58,81,0.66,23,0.028695652,48
3639.104338,53,77,0.78,24,0.0325,48
3638.800277,59,70,0.36,11,0.032727273,48
3638.768105,54,78,0.76,24,0.031666667,48
3638.48425,61,71,0.31,10,0.031,48
3638.48425,58,74,0.5,16,0.03125,48
3638.13591,50,79,0.95,29,0.032758621,48
3637.611855,55,75,0.63,20,0.0315,48
3635.206164,60,72,0.37,12,0.030833333,48
3633.723534,52,77,0.82,25,0.0328,48
3631.506256,61,68,0.22,7,0.031428571,48
3631.470208,57,75,0.56,18,0.031111111,48
3631.470208,55,78,0.71,23,0.030869565,48
3631.44015,51,79,0.91,28,0.0325,48
3629.21223,63,71,0.24,8,0.03,48
3629.21223,62,72,0.3,10,0.03,48
3629.21223,61,73,0.36,12,0.03,48
3629.21223,60,74,0.42,14,0.03,48
3629.21223,59,75,0.48,16,0.03,48
3627.10476,62,65,0.1,3,0.033333333,48
3627.10476,59,68,0.3,9,0.033333333,48
3625.411105,59,80,0.6,21,0.028571429,48
3623.779432,54,79,0.77,25,0.0308,48
3622.658259,53,77,0.76,24,0.031666667,48
3621.62617,58,69,0.36,11,0.032727273,48
3619.217002,52,75,0.76,23,0.033043478,48
3616.189376,51,77,0.85,26,0.032692308,48
3614.53059,55,75,0.65,20,0.0325,48
3614.182277,58,76,0.54,18,0.03,48
3614.182277,57,77,0.6,20,0.03,48
3613.268385,56,73,0.54,17,0.031764706,48
3613.268385,54,75,0.67,21,0.031904762,48
3612.673552,51,76,0.83,25,0.0332,48
3612.259561,61,68,0.23,7,0.032857143,48
3611.211023,56,72,0.53,16,0.033125,48
3608.441382,53,81,0.86,28,0.030714286,48
3607.977101,63,76,0.37,13,0.028461538,48
3606.598165,53,75,0.72,22,0.032727273,48
3604.086361,54,74,0.65,20,0.0325,48
3603.3592,60,79,0.54,19,0.028421053,48
3603.292377,56,71,0.49,15,0.032666667,48
3600.123371,51,77,0.86,26,0.033076923,48
3599.98129,54,72,0.62,18,0.034444444,48
3599.710205,66,68,0.06,2,0.03,48
3599.710205,65,69,0.12,4,0.03,48
3599.710205,64,70,0.18,6,0.03,48
3591.687688,52,80,0.89,28,0.031785714,48
3589.174365,56,78,0.67,22,0.030454545,48
3589.157674,57,71,0.45,14,0.032142857,48
3589.157674,55,73,0.58,18,0.032222222,48
3589.157674,53,75,0.71,22,0.032272727,48
3589.157674,52,76,0.78,24,0.0325,48
3588.861821,56,69,0.43,13,0.033076923,48
3587.675055,55,70,0.5,15,0.033333333,48
3586.046847,56,72,0.52,16,0.0325,48
3583.232585,49,78,0.97,29,0.033448276,48
3582.258326,54,80,0.79,26,0.030384615,48
3582.170805,56,77,0.65,21,0.030952381,48
3581.997257,53,77,0.8,24,0.033333333,48
3580.055393,59,74,0.46,15,0.030666667,48
3573.961922,57,73,0.52,16,0.0325,48
3572.812561,49,79,0.99,30,0.033,48
3572.470587,58,75,0.52,17,0.030588235,48
3572.470587,55,79,0.73,24,0.030416667,48
3572.161003,55,72,0.56,17,0.032941176,48
3571.05473,52,82,0.93,30,0.031,48
3570.91324,59,67,0.27,8,0.03375,48
3570.273914,54,77,0.74,23,0.032173913,48
3568.863969,54,79,0.78,25,0.0312,48
3565.5711,64,75,0.31,11,0.028181818,48
3565.5711,61,78,0.48,17,0.028235294,48
3563.870609,53,82,0.88,29,0.030344828,48
3561.782814,60,69,0.3,9,0.033333333,48
3561.782814,57,72,0.5,15,0.033333333,48
3558.159193,52,75,0.77,23,0.033478261,48
3558.007005,67,72,0.14,5,0.028,48
3554.453528,50,76,0.89,26,0.034230769,48
3554.439829,55,78,0.72,23,0.031304348,48
3553.337169,60,71,0.35,11,0.031818182,48
3551.912146,56,76,0.63,20,0.0315,48
3549.577985,62,70,0.25,8,0.03125,48
3548.175252,63,77,0.39,14,0.027857143,48
3547.473035,56,72,0.54,16,0.03375,48
3547.138291,56,81,0.74,25,0.0296,48
3545.406715,59,73,0.44,14,0.031428571,48
3543.550334,57,71,0.47,14,0.033571429,48
3542.420909,56,79,0.69,23,0.03,48
3541.915522,51,82,0.98,31,0.031612903,48
3541.42569,51,76,0.84,25,0.0336,48
3541.42569,50,77,0.91,27,0.033703704,48
3540.23764,49,77,0.94,28,0.033571429,48
3539.772123,55,82,0.8,27,0.02962963,48
3537.915771,60,73,0.4,13,0.030769231,48
3537.871243,54,76,0.73,22,0.033181818,48
3536.963427,53,76,0.77,23,0.033478261,48
3536.963427,52,77,0.84,25,0.0336,48
3536.416507,51,80,0.96,29,0.033103448,48
3534.802457,51,75,0.8,24,0.033333333,48
3533.994073,54,75,0.69,21,0.032857143,48
3533.75084,54,80,0.8,26,0.030769231,48
3533.052029,54,75,0.7,21,0.033333333,48
3532.943283,54,83,0.86,29,0.029655172,48
3532.913366,53,79,0.83,26,0.031923077,48
3532.360506,41,47,0.22,6,0.036666667,48
3525.566284,50,76,0.87,26,0.033461538,48
3524.768866,57,76,0.59,19,0.031052632,48
3522.130988,52,83,0.95,31,0.030645161,48
3522.108429,58,70,0.4,12,0.033333333,48
3521.916315,59,75,0.49,16,0.030625,48
3521.916315,58,76,0.55,18,0.030555556,48
3521.916315,57,77,0.61,20,0.0305,48
3520.264811,51,78,0.89,27,0.032962963,48
3520.072997,49,78,0.99,29,0.034137931,48
3518.050813,50,80,0.98,30,0.032666667,48
3517.179596,58,73,0.48,15,0.032,48
3517.179596,57,75,0.57,18,0.031666667,48
3515.418048,56,80,0.73,24,0.030416667,48
3515.418048,55,81,0.79,26,0.030384615,48
3515.274701,58,78,0.61,20,0.0305,48
3515.274701,57,79,0.67,22,0.030454545,48
3515.120975,54,81,0.82,27,0.03037037,48
3514.022618,50,78,0.93,28,0.033214286,48
3513.882,61,67,0.2,6,0.033333333,48
3513.37084,57,70,0.44,13,0.033846154,48
3513.37084,56,71,0.51,15,0.034,48
3512.963593,61,72,0.34,11,0.030909091,48
3512.022466,56,81,0.75,25,0.03,48
3512.022466,55,82,0.81,27,0.03,48
3511.377474,58,71,0.43,13,0.033076923,48
3511.377474,52,78,0.86,26,0.033076923,48
3510.936279,63,73,0.3,10,0.03,48
3510.936279,62,74,0.36,12,0.03,48
3510.736037,60,72,0.38,12,0.031666667,48
3510.518085,62,71,0.28,9,0.031111111,48
3510.518085,58,75,0.53,17,0.031176471,48
3510.518085,57,77,0.62,20,0.031,48
3510.382799,56,73,0.56,17,0.032941176,48
3510.088474,54,76,0.72,22,0.032727273,48
3510.088474,53,77,0.79,24,0.032916667,48
3507.270129,56,78,0.68,22,0.030909091,48
3507.270129,55,79,0.74,24,0.030833333,48
3506.297986,52,79,0.87,27,0.032222222,48
3504.727222,54,83,0.87,29,0.03,48
3504.727222,53,84,0.93,31,0.03,48
3504.256628,57,69,0.41,12,0.034166667,48
3503.62437,53,75,0.73,22,0.033181818,48
3503.62437,52,76,0.8,24,0.033333333,48
3503.62437,51,77,0.87,26,0.033461538,48
3503.62437,50,78,0.94,28,0.033571429,48
3503.62437,50,79,0.96,29,0.033103448,48
3502.577246,58,68,0.34,10,0.034,48
3502.577246,54,73,0.64,19,0.033684211,48
3502.577246,53,74,0.71,21,0.033809524,48
3502.577246,52,75,0.78,23,0.033913043,48
3502.577246,51,76,0.85,25,0.034,48
3502.493856,53,82,0.89,29,0.030689655,48
3501.897113,51,81,0.98,30,0.032666667,48
3501.511424,52,79,0.89,27,0.032962963,48
3500.329559,51,79,0.93,28,0.033214286,48
3499.6895,50,77,0.92,27,0.034074074,48
3499.108019,67,68,0.03,1,0.03,48
3499.108019,66,69,0.09,3,0.03,48
3497.519992,56,74,0.59,18,0.032777778,48
3494.534742,55,72,0.57,17,0.033529412,48
3492.993875,53,78,0.82,25,0.0328,48
3491.838859,57,79,0.66,22,0.03,48
3491.711436,54,77,0.75,23,0.032608696,48
3491.711436,51,81,0.97,30,0.032333333,48
3489.450921,63,68,0.16,5,0.032,48
3489.450921,56,75,0.61,19,0.032105263,48
3488.587014,52,76,0.81,24,0.03375,48
3488.587014,51,77,0.88,26,0.033846154,48
3488.587014,50,78,0.95,28,0.033928571,48
3488.164241,58,70,0.41,12,0.034166667,48
3487.795052,55,75,0.66,20,0.033,48
3487.781568,60,75,0.46,15,0.030666667,48
3486.922233,54,74,0.67,20,0.0335,48
3486.899732,55,74,0.63,19,0.033157895,48
3486.318771,73,74,0.02,1,0.02,48
3486.318771,72,75,0.06,3,0.02,48
3486.318771,71,76,0.1,5,0.02,48
3485.641961,55,73,0.6,18,0.033333333,48
3485.641961,53,76,0.76,23,0.033043478,48
3485.619468,52,78,0.85,26,0.032692308,48
3484.867749,52,80,0.9,28,0.032142857,48
3484.867749,51,81,0.96,30,0.032,48
3484.257153,57,60,0.11,3,0.036666667,48
3483.056757,58,74,0.51,16,0.031875,48
3481.955057,61,73,0.37,12,0.030833333,48
3480.820635,53,80,0.85,27,0.031481481,48
3480.612485,51,74,0.78,23,0.033913043,48
3480.129282,57,78,0.63,21,0.03,48
3479.680684,51,80,0.94,29,0.032413793,48
3477.187339,53,76,0.78,23,0.033913043,48
3476.815607,52,78,0.87,26,0.033461538,48
3476.179225,59,74,0.47,15,0.031333333,48
3476.179225,56,77,0.66,21,0.031428571,48
3476.106353,70,85,0.27,15,0.018,48
3475.828883,60,68,0.27,8,0.03375,48
3475.828883,56,73,0.57,17,0.033529412,48
3473.994308,54,81,0.83,27,0.030740741,48
3472.879765,61,75,0.42,14,0.03,48
3472.879765,60,76,0.48,16,0.03,48
3472.879765,59,77,0.54,18,0.03,48
3472.879765,58,78,0.6,20,0.03,48
3471.753883,54,80,0.81,26,0.031153846,48
3471.1256,54,83,0.88,29,0.030344828,48
3470.160867,52,79,0.9,27,0.033333333,48
3468.607124,51,79,0.94,28,0.033571429,48
3468.540798,53,81,0.87,28,0.031071429,48
3467.339558,63,69,0.19,6,0.031666667,48
3467.077455,60,74,0.43,14,0.030714286,48
3464.733402,53,77,0.81,24,0.03375,48
3463.631903,53,75,0.74,22,0.033636364,48
3462.246393,52,83,0.96,31,0.030967742,48
3461.855001,61,66,0.17,5,0.034,48
3461.26662,59,65,0.2,6,0.033333333,48
3460.602809,59,69,0.34,10,0.034,48
3460.602809,55,74,0.64,19,0.033684211,48
3460.141255,51,78,0.9,27,0.033333333,48
3459.786987,64,71,0.21,7,0.03,48
3459.786987,63,72,0.27,9,0.03,48
3459.676724,55,73,0.61,18,0.033888889,48
3459.631526,63,67,0.13,4,0.0325,48
3459.631526,61,69,0.26,8,0.0325,48
3459.631526,59,71,0.39,12,0.0325,48
3458.870542,52,77,0.83,25,0.0332,48
3458.245003,54,75,0.71,21,0.033809524,48
3458.0129,54,63,0.33,9,0.036666667,48
3456.183059,54,76,0.74,22,0.033636364,48
3455.70548,52,84,0.97,32,0.0303125,48
3455.215943,60,67,0.24,7,0.034285714,48
3455.073585,65,70,0.15,5,0.03,48
3455.056023,55,71,0.55,16,0.034375,48
3454.643151,58,69,0.37,11,0.033636364,48
3454.490653,53,78,0.81,25,0.0324,48
3454.490653,52,79,0.88,27,0.032592593,48
3454.490653,51,80,0.95,29,0.032758621,48
3453.65895,61,74,0.4,13,0.030769231,48
3453.631596,56,76,0.65,20,0.0325,48
3453.631596,53,79,0.85,26,0.032692308,48
3452.597243,62,73,0.33,11,0.03,48
3452.259272,69,87,0.32,18,0.017777778,48
3452.014446,51,78,0.91,27,0.033703704,48
3451.17364,55,76,0.69,21,0.032857143,48
3450.912905,55,77,0.7,22,0.031818182,48
3450.787736,51,79,0.92,28,0.032857143,48
3450.787736,50,80,0.99,30,0.033,48
3448.824021,61,74,0.39,13,0.03,48
3448.824021,60,75,0.45,15,0.03,48
3448.824021,59,76,0.51,17,0.03,48
3448.824021,58,77,0.57,19,0.03,48
3448.764852,63,70,0.22,7,0.031428571,48
3448.764852,60,73,0.41,13,0.031538462,48
3448.741911,61,70,0.29,9,0.032222222,48
3447.893361,56,80,0.72,24,0.03,48
3446.528892,56,70,0.48,14,0.034285714,48
3446.158938,62,73,0.34,11,0.030909091,48
3444.847662,60,71,0.36,11,0.032727273,48
3444.484566,52,85,0.99,33,0.03,48
3444.125135,55,80,0.76,25,0.0304,48
3444.125135,55,81,0.78,26,0.03,48
3443.190207,58,76,0.56,18,0.031111111,48
3442.697944,63,66,0.1,3,0.033333333,48
3441.228346,65,72,0.21,7,0.03,48
3441.228346,64,73,0.27,9,0.03,48
3441.228346,63,74,0.33,11,0.03,48
3438.034144,64,84,0.39,20,0.0195,48
3437.475745,54,82,0.84,28,0.03,48
3437.082444,52,80,0.92,28,0.032857143,48
3437.024817,50,79,0.97,29,0.033448276,48
3434.950513,56,76,0.67,20,0.0335,48
3433.878444,63,85,0.43,22,0.019545455,48
3433.163412,51,80,0.97,29,0.033448276,48
3432.971716,59,76,0.52,17,0.030588235,48
3431.110252,55,72,0.58,17,0.034117647,48
3429.793519,58,77,0.58,19,0.030526316,48
3429.793519,57,78,0.64,21,0.03047619,48
3429.793519,56,79,0.7,23,0.030434783,48
3429.793519,54,82,0.85,28,0.030357143,48
3429.793519,53,83,0.91,30,0.030333333,48
3429.189244,53,84,0.94,31,0.030322581,48
3429.089929,52,84,0.98,32,0.030625,48
3427.544357,54,79,0.83,25,0.0332,48
3425.133337,56,77,0.6,21,0.028571429,48
3424.663956,57,73,0.53,16,0.033125,48
3422.725478,54,74,0.68,20,0.034,48
3421.40808,39,50,0.4,11,0.036363636,48
3421.097297,35,55,0.73,20,0.0365,48
3420.873331,60,70,0.33,10,0.033,48
3420.873331,58,73,0.49,15,0.032666667,48
3420.859294,75,80,0.09,5,0.018,48
3418.526464,53,75,0.75,22,0.034090909,48
3418.352475,57,74,0.56,17,0.032941176,48
3418.352475,54,77,0.76,23,0.033043478,48
3417.200118,54,79,0.79,25,0.0316,48
3417.200118,52,82,0.94,30,0.031333333,48
3417.104851,53,83,0.92,30,0.030666667,48
3416.359874,40,49,0.33,9,0.036666667,48
3415.142738,50,79,0.98,29,0.033793103,48
3412.776947,54,73,0.65,19,0.034210526,48
3411.768109,57,76,0.63,19,0.033157895,48
3410.92144,58,74,0.52,16,0.0325,48
3410.663661,57,76,0.6,19,0.031578947,48
3410.384106,62,71,0.25,9,0.027777778,48
3410.384106,59,74,0.42,15,0.028,48
3407.919468,37,52,0.55,15,0.036666667,48
3407.419015,67,88,0.38,21,0.018095238,48
3407.007211,52,74,0.73,22,0.033181818,48
3406.015302,55,79,0.75,24,0.03125,48
3404.525164,37,53,0.58,16,0.03625,48
3403.842735,52,81,0.94,29,0.032413793,48
3399.378517,56,78,0.62,22,0.028181818,48
3399.378517,53,82,0.81,29,0.027931034,48
3399.370383,62,72,0.31,10,0.031,48
3397.209825,51,85,0.94,34,0.027647059,48
3395.564802,70,77,0.14,7,0.02,48
3395.040087,55,80,0.77,25,0.0308,48
3392.533679,50,82,0.95,32,0.0296875,48
3385.646685,55,79,0.68,24,0.028333333,48
3384.123433,59,66,0.23,7,0.032857143,48
3383.515979,53,79,0.84,26,0.032307692,48
3383.515979,52,80,0.91,28,0.0325,48
3383.369682,54,81,0.74,27,0.027407407,48
3381.064161,59,75,0.44,16,0.0275,48
3381.064161,57,77,0.55,20,0.0275,48
3381.00888,53,83,0.83,30,0.027666667,48
3380.980389,51,86,0.96,35,0.027428571,48
3380.480599,49,58,0.24,9,0.026666667,48
3380.430607,51,81,0.99,30,0.033,48
3379.572546,63,71,0.25,8,0.03125,48
3378.552117,54,78,0.78,24,0.0325,48
3378.279001,59,75,0.5,16,0.03125,48
3377.943812,56,78,0.61,22,0.027727273,48
3377.310525,57,75,0.58,18,0.032222222,48
3377.310525,55,77,0.71,22,0.032272727,48
3377.310525,54,79,0.8,25,0.032,48
3377.310525,52,81,0.93,29,0.032068966,48
3376.878449,52,81,0.92,29,0.031724138,48
3376.878449,51,82,0.99,31,0.031935484,48
3376.146091,58,72,0.46,14,0.032857143,48
3376.146091,56,75,0.62,19,0.032631579,48
3375.616414,53,81,0.79,28,0.028214286,48
3374.905358,59,72,0.42,13,0.032307692,48
3374.905358,57,74,0.55,17,0.032352941,48
3374.905358,55,76,0.68,21,0.032380952,48
3374.710619,33,58,0.9,25,0.036,48
3373.978656,52,84,0.89,32,0.0278125,48
3373.883849,52,83,0.87,31,0.028064516,48
3372.706328,53,80,0.87,27,0.032222222,48
3372.639313,68,69,0.03,1,0.03,48
3372.639313,67,70,0.09,3,0.03,48
3372.639313,66,71,0.15,5,0.03,48
3370.684819,53,80,0.86,27,0.031851852,48
3369.811351,54,80,0.72,26,0.027692308,48
3368.790081,54,82,0.86,28,0.030714286,48
3368.284235,54,78,0.77,24,0.032083333,48
3367.974287,53,74,0.72,21,0.034285714,48
3367.931086,62,69,0.23,7,0.032857143,48
3365.875939,60,74,0.39,14,0.027857143,48
3365.875939,54,80,0.73,26,0.028076923,48
3365.621489,36,54,0.65,18,0.036111111,48
3365.356192,51,84,0.92,33,0.027878788,48
3365.356192,50,85,0.98,35,0.028,48
3362.907093,68,80,0.23,12,0.019166667,48
3362.896034,57,75,0.52,18,0.028888889,48
3362.105914,56,76,0.64,20,0.032,48
3362.089928,58,76,0.5,18,0.027777778,48
3362.089928,55,79,0.67,24,0.027916667,48
3362.089928,55,80,0.69,25,0.0276,48
3362.089928,54,81,0.75,27,0.027777778,48
3361.799514,56,79,0.71,23,0.030869565,48
3361.730978,55,78,0.74,23,0.032173913,48
3361.275878,60,71,0.37,11,0.033636364,48
3360.906702,52,83,0.97,31,0.031290323,48
3360.8536,58,71,0.44,13,0.033846154,48
3360.561305,50,84,0.96,34,0.028235294,48
3360.093327,59,73,0.4,14,0.028571429,48
3359.589837,52,73,0.73,21,0.034761905,48
3359.589837,51,74,0.8,23,0.034782609,48
3359.589837,50,75,0.87,25,0.0348,48
3358.17353,62,75,0.39,13,0.03,48
3357.616162,61,73,0.33,12,0.0275,48
3357.616162,56,79,0.63,23,0.027391304,48
3357.133762,58,75,0.48,17,0.028235294,48
3356.730343,52,82,0.85,30,0.028333333,48
3355.672755,57,77,0.56,20,0.028,48
3355.644471,53,82,0.8,29,0.027586207,48
3354.788283,63,69,0.2,6,0.033333333,48
3354.055635,53,78,0.83,25,0.0332,48
3353.827318,64,69,0.14,5,0.028,48
3353.698388,68,79,0.22,11,0.02,48
3353.698388,67,80,0.26,13,0.02,48
3353.698388,66,81,0.3,15,0.02,48
3353.698388,65,82,0.34,17,0.02,48
3353.531148,52,84,0.88,32,0.0275,48
3353.450485,51,70,0.67,19,0.035263158,48
3352.377647,69,78,0.18,9,0.02,48
3351.70846,56,77,0.59,21,0.028095238,48
3351.179035,52,84,0.87,32,0.0271875,48
3349.907166,57,76,0.54,19,0.028421053,48
3349.891358,68,86,0.33,18,0.018333333,48
3349.841562,67,81,0.27,14,0.019285714,48
3349.531234,53,82,0.79,29,0.027241379,48
3349.531234,52,83,0.85,31,0.027419355,48
3348.074236,58,75,0.56,17,0.032941176,48
3347.810607,60,72,0.4,12,0.033333333,48
3346.385296,49,77,0.97,28,0.034642857,48
3345.28233,53,81,0.78,28,0.027857143,48
3345.28233,52,82,0.84,30,0.028,48
3344.938206,64,70,0.19,6,0.031666667,48
3344.701452,51,81,0.89,30,0.029666667,48
3344.422323,57,76,0.61,19,0.032105263,48
3343.67199,58,77,0.59,19,0.031052632,48
3343.309316,66,82,0.31,16,0.019375,48
3343.192913,59,74,0.48,15,0.032,48
3343.192913,52,82,0.96,30,0.032,48
3342.872813,53,82,0.9,29,0.031034483,48
3342.701121,58,76,0.58,18,0.032222222,48
3342.508056,59,75,0.51,16,0.031875,48
3342.130021,52,83,0.98,31,0.031612903,48
3341.715953,54,82,0.77,28,0.0275,48
3340.830284,55,79,0.66,24,0.0275,48
3340.587019,55,78,0.76,23,0.033043478,48
3340.5324,55,75,0.67,20,0.0335,48
3340.521375,53,80,0.88,27,0.032592593,48
3340.223339,60,63,0.11,3,0.036666667,48
3340.079592,53,73,0.66,20,0.033,48
3338.974377,51,83,0.94,32,0.029375,48
3336.208855,56,78,0.71,22,0.032272727,48
3335.741349,55,78,0.66,23,0.028695652,48
3335.517652,61,71,0.32,10,0.032,48
3335.517652,59,73,0.45,14,0.032142857,48
3335.517652,58,75,0.54,17,0.031764706,48
3335.517652,56,77,0.67,21,0.031904762,48
3335.409275,60,77,0.51,17,0.03,48
3335.409275,59,78,0.57,19,0.03,48
3335.409275,58,79,0.63,21,0.03,48
3335.409275,57,80,0.69,23,0.03,48
3334.898355,67,69,0.06,2,0.03,48
3334.898355,66,70,0.12,4,0.03,48
3334.898355,65,71,0.18,6,0.03,48
3334.898355,64,72,0.24,8,0.03,48
3334.565407,51,81,0.9,30,0.03,48
3334.270067,59,70,0.37,11,0.033636364,48
3333.85995,53,80,0.77,27,0.028518519,48
3333.849072,64,69,0.16,5,0.032,48
3333.849072,62,71,0.29,9,0.032222222,48
3333.489019,55,81,0.8,26,0.030769231,48
3333.189278,51,85,0.95,34,0.027941176,48
3331.457172,64,68,0.13,4,0.0325,48
3331.457172,62,70,0.26,8,0.0325,48
3331.457172,60,72,0.39,12,0.0325,48
3330.968791,61,72,0.35,11,0.031818182,48
3330.968791,55,79,0.76,24,0.031666667,48
3330.968791,53,81,0.89,28,0.031785714,48
3330.869269,56,80,0.65,24,0.027083333,48
3330.861612,59,74,0.49,15,0.032666667,48
3330.598488,55,80,0.7,25,0.028,48
3329.859155,54,67,0.46,13,0.035384615,48
3329.859155,53,68,0.53,15,0.035333333,48
3329.411293,61,72,0.31,11,0.028181818,48
3329.380944,65,83,0.35,18,0.019444444,48
3329.111814,74,80,0.11,6,0.018333333,48
3329.111814,71,83,0.22,12,0.018333333,48
3328.971578,55,78,0.73,23,0.03173913,48
3328.120219,67,82,0.29,15,0.019333333,48
3327.27273,59,71,0.4,12,0.033333333,48
3327.27273,56,74,0.6,18,0.033333333,48
3326.915523,71,85,0.25,14,0.017857143,48
3326.840099,55,77,0.72,22,0.032727273,48
3326.198455,52,79,0.82,27,0.03037037,48
3325.902206,50,82,0.96,32,0.03,48
3325.21847,52,82,0.97,30,0.032333333,48
3325.145578,51,84,0.91,33,0.027575758,48
3324.9639,55,76,0.63,21,0.03,48
3324.9639,54,77,0.69,23,0.03,48
3324.937116,69,85,0.29,16,0.018125,48
3324.431385,56,78,0.69,22,0.031363636,48
3324.431385,54,80,0.82,26,0.031538462,48
3324.431385,53,81,0.88,28,0.031428571,48
3324.431385,52,82,0.95,30,0.031666667,48
3324.357389,51,80,0.88,29,0.030344828,48
3324.357389,50,81,0.94,31,0.030322581,48
3324.220495,57,78,0.58,21,0.027619048,48
3324.009464,55,69,0.5,14,0.035714286,48
3323.932261,57,76,0.62,19,0.032631579,48
3323.550177,55,78,0.65,23,0.02826087,48
3323.550177,54,79,0.71,25,0.0284,48
3322.974941,52,81,0.83,29,0.02862069,48
3322.164425,52,80,0.82,28,0.029285714,48
3322.164425,51,81,0.88,30,0.029333333,48
3322.075354,52,83,0.86,31,0.027741935,48
3322.075354,50,86,0.99,36,0.0275,48
3321.866811,54,71,0.58,17,0.034117647,48
3321.168948,54,79,0.81,25,0.0324,48
3319.263008,52,80,0.83,28,0.029642857,48
3318.56074,51,85,0.96,34,0.028235294,48
3318.51807,56,67,0.4,11,0.036363636,48
3318.232228,61,76,0.45,15,0.03,48
3317.078677,53,78,0.75,25,0.03,48
3317.078677,52,79,0.81,27,0.03,48
3316.372633,49,73,0.84,24,0.035,48
3316.059991,58,77,0.52,19,0.027368421,48
3315.802241,56,80,0.74,24,0.030833333,48
3315.501804,53,79,0.76,26,0.029230769,48
3315.473475,52,66,0.51,14,0.036428571,48
3315.373927,50,85,0.97,35,0.027714286,48
3314.090606,52,81,0.86,29,0.029655172,48
3312.969548,55,81,0.71,26,0.027307692,48
3312.566938,56,63,0.25,7,0.035714286,48
3312.467504,54,80,0.83,26,0.031923077,48
3311.473313,57,75,0.6,18,0.033333333,48
3309.970453,56,79,0.64,23,0.027826087,48
3309.700229,54,82,0.76,28,0.027142857,48
3309.578987,51,83,0.9,32,0.028125,48
3309.215151,52,85,0.9,33,0.027272727,48
3308.903305,54,82,0.87,28,0.031071429,48
3308.652792,56,77,0.69,21,0.032857143,48
3308.609528,51,85,0.92,34,0.027058824,48
3308.609528,50,86,0.98,36,0.027222222,48
3308.595346,55,81,0.72,26,0.027692308,48
3308.086341,60,73,0.37,13,0.028461538,48
3307.778281,52,69,0.6,17,0.035294118,48
3307.615003,52,85,0.89,33,0.026969697,48
3305.800434,56,79,0.72,23,0.031304348,48
3305.282701,53,83,0.93,30,0.031,48
3305.266308,51,86,0.94,35,0.026857143,48
3303.646601,62,70,0.23,8,0.02875,48
3303.416688,53,81,0.9,28,0.032142857,48
3302.365576,54,79,0.72,25,0.0288,48
3302.365576,53,80,0.78,27,0.028888889,48
3301.399602,34,57,0.8,23,0.034782609,48
3301.001994,49,76,0.95,27,0.035185185,48
3300.293648,57,78,0.65,21,0.030952381,48
3299.745513,50,85,0.99,35,0.028285714,48
3299.560042,54,81,0.85,27,0.031481481,48
3297.563208,61,73,0.38,12,0.031666667,48
3297.3405,57,77,0.63,20,0.0315,48
3296.167501,52,80,0.84,28,0.03,48
3296.03131,51,83,0.91,32,0.0284375,48
3295.389901,52,83,0.88,31,0.028387097,48
3295.389901,51,84,0.94,33,0.028484848,48
3293.655025,61,72,0.36,11,0.032727273,48
3293.492993,51,85,0.93,34,0.027352941,48
3293.12654,51,84,0.93,33,0.028181818,48
3292.771533,50,83,0.99,33,0.03,48
3291.063672,55,80,0.78,25,0.0312,48
3289.55321,63,70,0.23,7,0.032857143,48
3288.779407,53,82,0.82,29,0.028275862,48
3288.686925,54,80,0.74,26,0.028461538,48
3288.686925,53,81,0.8,28,0.028571429,48
3287.916316,54,80,0.84,26,0.032307692,48
3287.846627,61,71,0.33,10,0.033,48
3286.848555,60,73,0.42,13,0.032307692,48
3286.848555,58,75,0.55,17,0.032352941,48
3286.406788,51,69,0.64,18,0.035555556,48
3286.285975,55,79,0.78,24,0.0325,48
3285.88084,54,81,0.76,27,0.028148148,48
3285.810664,51,84,0.9,33,0.027272727,48
3285.671809,52,55,0.08,3,0.026666667,48
3285.471266,56,78,0.7,22,0.031818182,48
3285.433562,57,78,0.66,21,0.031428571,48
3285.004953,54,78,0.7,24,0.029166667,48
3284.609326,50,83,0.96,33,0.029090909,48
3283.805042,53,79,0.87,26,0.033461538,48
3283.659292,53,71,0.65,18,0.036111111,48
3283.659292,49,76,0.97,27,0.035925926,48
3283.525664,53,83,0.82,30,0.027333333,48
3283.525664,51,86,0.95,35,0.027142857,48
3283.48711,57,77,0.64,20,0.032,48
3283.206145,56,77,0.68,21,0.032380952,48
3282.844867,52,83,0.89,31,0.028709677,48
3282.730959,58,74,0.53,16,0.033125,48
3282.40247,54,83,0.78,29,0.026896552,48
3282.161771,55,79,0.77,24,0.032083333,48
3281.686218,50,83,0.95,33,0.028787879,48
3281.036264,53,82,0.91,29,0.03137931,48
3281.03618,53,79,0.77,26,0.029615385,48
3281.01412,59,75,0.45,16,0.028125,48
3280.971046,67,89,0.39,22,0.017727273,48
3280.523164,52,81,0.96,29,0.033103448,48
3280.522295,52,84,0.99,32,0.0309375,48
3280.034276,39,49,0.38,10,0.038,48
3278.710502,51,82,0.92,31,0.029677419,48
3278.710502,50,83,0.98,33,0.02969697,48
3277.473965,52,84,0.9,32,0.028125,48
3277.045005,72,82,0.18,10,0.018,48
3276.55674,50,85,0.96,35,0.027428571,48
3275.831781,50,84,0.98,34,0.028823529,48
3274.700616,54,70,0.58,16,0.03625,48
3274.597868,73,82,0.16,9,0.017777778,48
3274.494495,55,80,0.79,25,0.0316,48
3273.752559,65,91,0.46,26,0.017692308,48
3273.495118,54,69,0.51,15,0.034,48
3273.349226,53,78,0.84,25,0.0336,48
3272.646422,61,84,0.47,23,0.020434783,48
3271.625567,62,68,0.2,6,0.033333333,48
3271.414162,55,77,0.65,22,0.029545455,48
3271.245929,36,53,0.64,17,0.037647059,48
3271.128284,51,85,0.97,34,0.028529412,48
3270.582606,58,74,0.46,16,0.02875,48
3270.065999,60,73,0.43,13,0.033076923,48
3269.912916,51,82,0.89,31,0.028709677,48
3269.54194,55,69,0.47,14,0.033571429,48
3269.407102,51,74,0.81,23,0.035217391,48
3269.407102,50,75,0.88,25,0.0352,48
3269.265141,54,78,0.71,24,0.029583333,48
3268.924094,52,82,0.87,30,0.029,48
3268.015079,53,83,0.84,30,0.028,48
3267.394342,50,84,0.97,34,0.028529412,48
3267.009537,61,74,0.41,13,0.031538462,48
3265.891069,51,87,0.97,36,0.026944444,48
3265.891069,51,88,0.99,37,0.026756757,48
3265.807758,64,71,0.22,7,0.031428571,48
3265.165581,52,81,0.84,29,0.028965517,48
3265.165581,51,82,0.9,31,0.029032258,48
3264.842099,54,78,0.79,24,0.032916667,48
3264.463674,52,82,0.86,30,0.028666667,48
3264.463674,51,83,0.92,32,0.02875,48
3263.920217,61,69,0.27,8,0.03375,48
3263.304176,59,77,0.55,18,0.030555556,48
3263.302137,62,67,0.17,5,0.034,48
3262.881432,57,74,0.57,17,0.033529412,48
3262.881432,54,78,0.8,24,0.033333333,48
3262.205011,64,91,0.49,27,0.018148148,48
3262.114951,60,74,0.44,14,0.031428571,48
3262.111932,54,66,0.43,12,0.035833333,48
3262.015376,54,82,0.78,28,0.027857143,48
3261.748054,47,60,0.36,13,0.027692308,48
3261.560026,38,51,0.48,13,0.036923077,48
3260.83866,34,58,0.82,24,0.034166667,48
3260.332933,47,59,0.33,12,0.0275,48
3259.916108,51,84,0.95,33,0.028787879,48
3259.466156,56,75,0.64,19,0.033684211,48
3258.496124,55,66,0.39,11,0.035454545,48
3258.491365,53,84,0.84,31,0.027096774,48
3257.089452,59,72,0.43,13,0.033076923,48
3256.861097,57,72,0.51,15,0.034,48
3256.169787,49,57,0.22,8,0.0275,48
3256.025086,54,70,0.57,16,0.035625,48
3255.324448,54,81,0.84,27,0.031111111,48
3254.290336,51,73,0.8,22,0.036363636,48
3254.081569,50,75,0.9,25,0.036,48
3253.331204,51,87,0.96,36,0.026666667,48
3253.277016,48,74,0.92,26,0.035384615,48
3253.143787,51,55,0.11,4,0.0275,48
3252.89044,64,92,0.5,28,0.017857143,48
3252.616774,59,64,0.18,5,0.036,48
3252.390061,49,76,0.98,27,0.036296296,48
3251.875314,63,93,0.54,30,0.018,48
3251.415009,58,65,0.24,7,0.034285714,48
3250.224295,52,72,0.72,20,0.036,48
3250.151824,59,76,0.53,17,0.031176471,48
3249.893288,52,85,0.91,33,0.027575758,48
3249.811514,35,56,0.73,21,0.034761905,48
3249.139586,37,52,0.54,15,0.036,48
3248.496739,51,73,0.79,22,0.035909091,48
3248.496739,50,75,0.89,25,0.0356,48
3248.124356,50,55,0.14,5,0.028,48
3247.554012,50,71,0.74,21,0.035238095,48
3246.911196,49,58,0.25,9,0.027777778,48
3246.401036,56,75,0.63,19,0.033157895,48
3246.382708,52,72,0.73,20,0.0365,48
3246.382708,50,74,0.88,24,0.036666667,48
3245.409418,57,66,0.33,9,0.036666667,48
3245.209726,51,88,0.98,37,0.026486486,48
3243.243407,53,67,0.5,14,0.035714286,48
3242.814387,57,62,0.18,5,0.036,48
3241.908971,55,78,0.67,23,0.029130435,48
3241.908971,54,79,0.73,25,0.0292,48
3241.549647,53,84,0.85,31,0.027419355,48
3241.531033,57,73,0.54,16,0.03375,48
3241.531033,54,77,0.77,23,0.033478261,48
3241.031348,41,60,0.63,19,0.033157895,48
3240.500005,59,64,0.17,5,0.034,48
3240.500005,54,70,0.54,16,0.03375,48
3240.500005,53,71,0.61,18,0.033888889,48
3239.865203,53,81,0.81,28,0.028928571,48
3238.377678,35,57,0.75,22,0.034090909,48
3236.197403,51,83,0.93,32,0.0290625,48
3236.197403,50,84,0.99,34,0.029117647,48
3233.664631,33,59,0.89,26,0.034230769,48
3233.516062,55,76,0.7,21,0.033333333,48
3233.208166,53,82,0.92,29,0.031724138,48
3232.97322,54,80,0.75,26,0.028846154,48
3231.681485,56,76,0.58,20,0.029,48
3231.681485,55,77,0.64,22,0.029090909,48
3230.693619,39,63,0.79,24,0.032916667,48
3229.854203,55,68,0.48,13,0.036923077,48
3229.740706,66,89,0.41,23,0.017826087,48
3227.577814,64,67,0.1,3,0.033333333,48
3227.577814,61,70,0.3,9,0.033333333,48
3227.577814,58,73,0.5,15,0.033333333,48
3227.542435,57,67,0.34,10,0.034,48
3227.520045,60,75,0.41,15,0.027333333,48
3227.389878,53,71,0.64,18,0.035555556,48
3226.238449,54,71,0.59,17,0.034705882,48
3226.238449,53,72,0.66,19,0.034736842,48
3225.672375,52,72,0.68,20,0.034,48
3225.672375,51,73,0.75,22,0.034090909,48
3225.672375,50,74,0.82,24,0.034166667,48
3225.276214,58,72,0.47,14,0.033571429,48
3225.246758,53,72,0.64,19,0.033684211,48
3224.257148,35,55,0.71,20,0.0355,48
3223.852509,52,86,0.91,34,0.026764706,48
3223.647407,52,73,0.71,21,0.033809524,48
3223.571567,39,49,0.37,10,0.037,48
3223.171873,56,76,0.66,20,0.033,48
3223.171873,55,77,0.73,22,0.033181818,48
3223.050386,58,77,0.6,19,0.031578947,48
3222.618215,52,81,0.95,29,0.032758621,48
3222.494858,52,72,0.71,20,0.0355,48
3221.391644,41,47,0.23,6,0.038333333,48
3220.284976,49,76,0.96,27,0.035555556,48
3219.767828,66,81,0.31,15,0.020666667,48
3219.517111,50,75,0.85,25,0.034,48
3218.202879,54,79,0.82,25,0.0328,48
3218.037414,36,54,0.63,18,0.035,48
3218.037414,35,56,0.72,21,0.034285714,48
3217.601042,53,79,0.86,26,0.033076923,48
3217.601042,52,80,0.93,28,0.033214286,48
3217.530196,65,84,0.37,19,0.019473684,48
3216.735694,51,86,0.98,35,0.028,48
3216.718609,62,74,0.37,12,0.030833333,48
3215.214181,42,46,0.15,4,0.0375,48
3215.050593,65,83,0.36,18,0.02,48
3215.047468,64,84,0.4,20,0.02,48
3214.408757,56,83,0.78,27,0.028888889,48
3213.951014,53,70,0.58,17,0.034117647,48
3213.951014,52,71,0.65,19,0.034210526,48
3212.890479,53,81,0.91,28,0.0325,48
3212.349891,57,75,0.59,18,0.032777778,48
3212.316496,55,63,0.29,8,0.03625,48
3210.560846,51,86,0.97,35,0.027714286,48
3210.476933,35,56,0.75,21,0.035714286,48
3210.020153,52,86,0.92,34,0.027058824,48
3210.020153,51,87,0.98,36,0.027222222,48
3209.940607,33,58,0.89,25,0.0356,48
3209.444712,53,80,0.79,27,0.029259259,48
3208.390921,53,80,0.89,27,0.032962963,48
3208.36299,58,76,0.57,18,0.031666667,48
3207.611126,60,87,0.54,27,0.02,48
3207.509442,55,70,0.52,15,0.034666667,48
3206.924376,52,67,0.54,15,0.036,48
3206.746594,56,68,0.41,12,0.034166667,48
3206.746594,55,69,0.48,14,0.034285714,48
3204.716184,37,54,0.59,17,0.034705882,48
3204.461753,52,68,0.57,16,0.035625,48
3203.337766,58,66,0.27,8,0.03375,48
3203.161495,40,48,0.3,8,0.0375,48
3201.624503,51,82,0.91,31,0.029354839,48
3201.624503,50,83,0.97,33,0.029393939,48
3201.058788,54,71,0.57,17,0.033529412,48
3198.962356,67,78,0.22,11,0.02,48
3198.962356,66,79,0.26,13,0.02,48
3198.962356,65,80,0.3,15,0.02,48
3198.962356,64,81,0.34,17,0.02,48
3198.694042,55,84,0.85,29,0.029310345,48
3196.790195,36,53,0.62,17,0.036470588,48
3196.333158,38,52,0.49,14,0.035,48
3196.328311,49,72,0.82,23,0.035652174,48
3195.345612,37,53,0.56,16,0.035,48
3195.303582,46,62,0.41,16,0.025625,48
3194.862858,52,73,0.72,21,0.034285714,48
3194.862858,51,74,0.79,23,0.034347826,48
3194.193265,66,90,0.43,24,0.017916667,48
3194.019488,49,76,0.92,27,0.034074074,48
3193.68683,53,72,0.65,19,0.034210526,48
3193.16823,48,59,0.29,11,0.026363636,48
3192.880992,35,55,0.72,20,0.036,48
3190.496796,52,85,0.92,33,0.027878788,48
3188.196748,59,73,0.46,14,0.032857143,48
3188.196748,55,78,0.75,23,0.032608696,48
3188.093366,50,57,0.19,7,0.027142857,48
3187.666261,47,75,0.99,28,0.035357143,48
3185.65306,49,71,0.79,22,0.035909091,48
3185.200289,34,56,0.82,22,0.037272727,48
3184.370798,51,87,0.99,36,0.0275,48
3184.161973,34,56,0.8,22,0.036363636,48
3183.554083,53,66,0.47,13,0.036153846,48
3183.287325,51,73,0.81,22,0.036818182,48
3183.173785,43,46,0.11,3,0.036666667,48
3182.852864,62,72,0.32,10,0.032,48
3182.719102,53,70,0.59,17,0.034705882,48
3181.837533,54,68,0.49,14,0.035,48
3181.837533,53,69,0.56,16,0.035,48
3181.837533,52,70,0.63,18,0.035,48
3179.71174,49,59,0.26,10,0.026,48
3179.664901,34,57,0.82,23,0.035652174,48
3178.771638,73,75,0.04,2,0.02,48
3178.771638,72,76,0.08,4,0.02,48
3178.771638,71,77,0.12,6,0.02,48
3178.39339,63,92,0.53,29,0.018275862,48
3178.097132,59,76,0.47,17,0.027647059,48
3177.914885,66,78,0.24,12,0.02,48
3177.52358,72,73,0.02,1,0.02,48
3177.52358,71,74,0.06,3,0.02,48
3177.52358,70,75,0.1,5,0.02,48
3177.52358,69,76,0.14,7,0.02,48
3177.52358,68,77,0.18,9,0.02,48
3177.27245,42,60,0.6,18,0.033333333,48
3177.206091,48,58,0.28,10,0.028,48
3176.993667,65,82,0.35,17,0.020588235,48
3175.14905,52,81,0.85,29,0.029310345,48
3174.542658,67,87,0.37,20,0.0185,48
3174.136394,66,83,0.33,17,0.019411765,48
3173.881424,55,75,0.46,20,0.023,48
3172.118285,45,61,0.45,16,0.028125,48
3171.374695,63,82,0.38,19,0.02,48
3171.135837,62,86,0.49,24,0.020416667,48
3170.150477,38,51,0.49,13,0.037692308,48
3170.09033,67,80,0.25,13,0.019230769,48
3170.09033,66,81,0.29,15,0.019333333,48
3168.449023,53,71,0.66,18,0.036666667,48
3168.17195,43,59,0.53,16,0.033125,48
3167.173928,49,76,0.94,27,0.034814815,48
3167.06225,51,75,0.83,24,0.034583333,48
3165.860071,60,65,0.17,5,0.034,48
3165.685732,45,55,0.34,10,0.034,48
3165.081273,65,90,0.46,25,0.0184,48
3162.786264,36,54,0.67,18,0.037222222,48
3162.254722,60,76,0.49,16,0.030625,48
3161.026556,53,87,0.97,34,0.028529412,48
3160.450985,71,73,0.04,2,0.02,48
3160.450985,70,74,0.08,4,0.02,48
3160.450985,69,75,0.12,6,0.02,48
3160.450985,68,76,0.16,8,0.02,48
3159.629943,72,83,0.2,11,0.018181818,48
3159.363325,36,54,0.64,18,0.035555556,48
3158.64682,66,89,0.42,23,0.01826087,48
3158.018708,60,74,0.45,14,0.032142857,48
3156.972882,37,54,0.61,17,0.035882353,48
3156.078023,40,50,0.36,10,0.036,48
3155.864332,53,73,0.69,20,0.0345,48
3155.864332,52,74,0.76,22,0.034545455,48
3155.330367,57,79,0.6,22,0.027272727,48
3154.365583,46,60,0.37,14,0.026428571,48
3152.734335,62,94,0.58,32,0.018125,48
3152.675142,65,78,0.37,13,0.028461538,48
3151.737055,57,73,0.36,16,0.0225,48
3150.925845,65,91,0.47,26,0.018076923,48
3150.53973,39,51,0.43,12,0.035833333,48
3150.524283,44,56,0.41,12,0.034166667,48
3150.524283,43,57,0.48,14,0.034285714,48
3150.312457,71,84,0.24,13,0.018461538,48
3149.901304,36,55,0.68,19,0.035789474,48
3149.363615,74,83,0.16,9,0.017777778,48
3149.222021,52,89,0.97,37,0.026216216,48
3148.473288,53,70,0.62,17,0.036470588,48
3146.882952,67,77,0.2,10,0.02,48
3146.555528,55,84,0.84,29,0.028965517,48
3146.555528,54,85,0.9,31,0.029032258,48
3146.298402,50,73,0.84,23,0.036521739,48
3145.608283,52,73,0.75,21,0.035714286,48
3145.324984,34,57,0.81,23,0.035217391,48
3144.654914,49,76,0.99,27,0.036666667,48
3144.463209,48,73,0.89,25,0.0356,48
3144.264958,38,51,0.47,13,0.036153846,48
3143.425522,41,48,0.25,7,0.035714286,48
3142.110269,70,78,0.16,8,0.02,48
3142.110269,69,79,0.2,10,0.02,48
3142.085549,69,85,0.3,16,0.01875,48
3142.017127,36,56,0.67,20,0.0335,48
3141.810644,54,71,0.61,17,0.035882353,48
3141.754582,56,69,0.44,13,0.033846154,48
3141.286529,48,77,0.99,29,0.034137931,48
3140.464429,53,86,0.96,33,0.029090909,48
3140.214964,35,56,0.76,21,0.036190476,48
3140.161014,50,75,0.86,25,0.0344,48
3140.138992,51,75,0.85,24,0.035416667,48
3139.004511,50,76,0.88,26,0.033846154,48
3139.004511,49,77,0.95,28,0.033928571,48
3137.784985,64,83,0.38,19,0.02,48
3137.466313,62,83,0.43,21,0.02047619,48
3137.272112,51,73,0.78,22,0.035454545,48
3137.203297,64,82,0.36,18,0.02,48
3136.813329,42,59,0.57,17,0.033529412,48
3136.200595,55,71,0.53,16,0.033125,48
3136.164191,58,66,0.29,8,0.03625,48
3136.15031,59,67,0.26,8,0.0325,48
3136.074535,49,75,0.94,26,0.036153846,48
3135.577706,53,73,0.67,20,0.0335,48
3135.555935,46,62,0.44,16,0.0275,48
3135.029838,57,93,0.78,36,0.021666667,48
3135.029838,55,96,0.89,41,0.021707317,48
3134.908429,68,87,0.35,19,0.018421053,48
3134.811847,36,55,0.66,19,0.034736842,48
3133.89356,69,77,0.17,8,0.02125,48
3133.854383,56,80,0.66,24,0.0275,48
3133.844688,43,58,0.5,15,0.033333333,48
3133.670109,57,82,0.72,25,0.0288,48
3133.517322,51,71,0.7,20,0.035,48
3133.510201,62,86,0.48,24,0.02,48
3131.158184,63,85,0.44,22,0.02,48
3130.889358,55,70,0.54,15,0.036,48
3129.125281,70,84,0.26,14,0.018571429,48
3129.125281,69,86,0.31,17,0.018235294,48
3128.908994,54,72,0.6,18,0.033333333,48
3128.898511,51,83,0.95,32,0.0296875,48
3128.411704,63,92,0.54,29,0.01862069,48
3128.411704,62,93,0.58,31,0.018709677,48
3128.379353,46,54,0.27,8,0.03375,48
3127.70225,35,55,0.75,20,0.0375,48
3127.10432,42,52,0.35,10,0.035,48
3127.043328,44,65,0.57,21,0.027142857,48
3125.921885,63,81,0.5,18,0.027777778,48
3125.796789,60,75,0.47,15,0.031333333,48
3125.702848,54,85,0.91,31,0.029354839,48
3125.448617,51,75,0.84,24,0.035,48
3124.961357,65,89,0.45,24,0.01875,48
3124.821151,53,72,0.68,19,0.035789474,48
3123.608751,43,56,0.44,13,0.033846154,48
3123.564668,55,82,0.73,27,0.027037037,48
3123.510763,51,73,0.76,22,0.034545455,48
3123.494828,36,55,0.67,19,0.035263158,48
3123.260946,36,55,0.65,19,0.034210526,48
3123.212376,52,88,0.95,36,0.026388889,48
3123.171526,56,65,0.32,9,0.035555556,48
3122.689492,35,56,0.74,21,0.035238095,48
3122.12832,57,69,0.4,12,0.033333333,48
3121.84299,59,86,0.74,27,0.027407407,48
3121.478109,41,53,0.42,12,0.035,48
3121.3493,56,95,0.82,39,0.021025641,48
3120.103734,59,66,0.25,7,0.035714286,48
3119.862603,50,76,0.9,26,0.034615385,48
3119.65032,63,72,0.28,9,0.031111111,48
3119.423525,63,84,0.44,21,0.020952381,48
3119.195992,72,81,0.17,9,0.018888889,48
3118.193106,54,83,0.79,29,0.027241379,48
3118.028348,71,86,0.27,15,0.018,48
3118.028348,67,91,0.43,24,0.017916667,48
3117.928562,61,65,0.13,4,0.0325,48
3117.164639,37,53,0.57,16,0.035625,48
3116.987001,57,94,0.78,37,0.021081081,48
3116.90385,55,70,0.51,15,0.034,48
3116.176953,53,81,0.82,28,0.029285714,48
3115.836344,65,78,0.27,13,0.020769231,48
3115.825912,50,76,0.93,26,0.035769231,48
3115.757473,53,85,0.86,32,0.026875,48
3115.757473,52,87,0.93,35,0.026571429,48
3115.401124,66,79,0.27,13,0.020769231,48
3114.418773,38,52,0.52,14,0.037142857,48
3114.417527,48,76,0.97,28,0.034642857,48
3113.751204,50,72,0.77,22,0.035,48
3113.586987,38,53,0.52,15,0.034666667,48
3113.5543,49,74,0.87,25,0.0348,48
3113.5543,48,75,0.94,27,0.034814815,48
3112.739802,67,88,0.39,21,0.018571429,48
3112.739802,65,91,0.48,26,0.018461538,48
3112.242462,65,94,0.51,29,0.017586207,48
3112.069544,66,88,0.41,22,0.018636364,48
3111.767515,63,70,0.2,7,0.028571429,48
3111.34998,66,78,0.33,12,0.0275,48
3111.32053,56,95,0.83,39,0.021282051,48
3110.774326,52,74,0.74,22,0.033636364,48
3110.310265,52,87,0.94,35,0.026857143,48
3110.030813,61,87,0.53,26,0.020384615,48
3109.866647,43,55,0.41,12,0.034166667,48
3109.853061,49,57,0.21,8,0.02625,48
3109.371908,60,91,0.64,31,0.020645161,48
3108.926205,50,76,0.91,26,0.035,48
3108.846731,66,90,0.44,24,0.018333333,48
3108.846731,64,92,0.51,28,0.018214286,48
3108.846731,63,93,0.55,30,0.018333333,48
3108.846731,62,94,0.59,32,0.0184375,48
3108.846731,62,95,0.6,33,0.018181818,48
3108.46943,68,90,0.39,22,0.017727273,48
3108.46943,67,92,0.44,25,0.0176,48
3108.223198,35,55,0.76,20,0.038,48
3108.154146,40,50,0.37,10,0.037,48
3108.122164,50,76,0.92,26,0.035384615,48
3108.07544,55,69,0.51,14,0.036428571,48
3108.033783,65,92,0.48,27,0.017777778,48
3108.004523,51,84,0.96,33,0.029090909,48
3106.79682,64,91,0.5,27,0.018518519,48
3106.249569,50,74,0.83,24,0.034583333,48
3106.249569,49,75,0.9,26,0.034615385,48
3105.779826,53,86,0.88,33,0.026666667,48
3105.275416,58,73,0.45,15,0.03,48
3105.096344,49,73,0.85,24,0.035416667,48
3104.459704,58,88,0.8,30,0.026666667,48
3103.929592,61,81,0.43,20,0.0215,48
3103.79666,40,61,0.7,21,0.033333333,48
3103.001724,46,55,0.3,9,0.033333333,48
3102.828294,41,49,0.29,8,0.03625,48
3102.374959,54,84,0.81,30,0.027,48
3102.374959,53,85,0.87,32,0.0271875,48
3102.372708,54,79,0.74,25,0.0296,48
3102.372708,53,80,0.8,27,0.02962963,48
3102.077185,63,81,0.4,18,0.022222222,48
3101.340895,62,86,0.47,24,0.019583333,48
3100.908448,46,61,0.39,15,0.026,48
3100.456636,56,70,0.46,14,0.032857143,48
3100.253495,68,88,0.36,20,0.018,48
3100.030134,57,68,0.39,11,0.035454545,48
3099.771369,64,93,0.51,29,0.017586207,48
3099.740196,40,61,0.71,21,0.033809524,48
3099.735575,52,73,0.76,21,0.036190476,48
3099.196496,41,60,0.64,19,0.033684211,48
3098.894364,40,49,0.32,9,0.035555556,48
3098.281584,61,64,0.1,3,0.033333333,48
3098.281584,58,67,0.3,9,0.033333333,48
3098.258537,49,70,0.76,21,0.036190476,48
3098.190605,52,83,0.9,31,0.029032258,48
3098.130732,58,93,0.73,35,0.020857143,48
3097.947752,52,71,0.69,19,0.036315789,48
3097.62044,44,50,0.21,6,0.035,48
3097.181962,54,74,0.71,20,0.0355,48
3096.298718,55,68,0.47,13,0.036153846,48
3095.968403,55,96,0.88,41,0.021463415,48
3095.716006,56,94,0.82,38,0.021578947,48
3095.466497,50,74,0.87,24,0.03625,48
3095.322477,56,69,0.46,13,0.035384615,48
3095.293704,56,68,0.43,12,0.035833333,48
3095.053208,60,90,0.64,30,0.021333333,48
3094.960229,52,77,0.88,25,0.0352,48
3094.408065,37,52,0.57,15,0.038,48
3094.377861,52,82,0.88,30,0.029333333,48
3094.370738,33,58,0.91,25,0.0364,48
3093.729053,64,90,0.49,26,0.018846154,48
3093.685764,58,68,0.33,10,0.033,48
3093.128489,49,74,0.91,25,0.0364,48
3091.74485,63,84,0.41,21,0.01952381,48
3091.516164,43,51,0.28,8,0.035,48
3090.568582,34,56,0.84,22,0.038181818,48
3090.491681,39,51,0.42,12,0.035,48
3089.715701,67,90,0.41,23,0.017826087,48
3088.271216,62,82,0.41,20,0.0205,48
3087.917846,56,77,0.63,21,0.03,48
3087.789977,58,65,0.26,7,0.037142857,48
3087.574056,44,64,0.55,20,0.0275,48
3086.343041,61,75,0.43,14,0.030714286,48
3086.343041,57,79,0.68,22,0.030909091,48
3086.067275,62,94,0.57,32,0.0178125,48
3085.803836,65,85,0.39,20,0.0195,48
3085.34636,57,80,0.62,23,0.026956522,48
3084.693913,65,87,0.44,22,0.02,48
3082.966774,57,68,0.37,11,0.033636364,48
3082.524799,44,54,0.34,10,0.034,48
3082.215328,64,79,0.43,15,0.028666667,48
3081.363877,56,75,0.57,19,0.03,48
3080.765284,34,57,0.83,23,0.036086957,48
3079.865276,61,87,0.52,26,0.02,48
3079.865276,60,88,0.56,28,0.02,48
3079.270325,55,96,0.87,41,0.021219512,48
3079.26578,64,83,0.39,19,0.020526316,48
3078.67174,56,85,0.82,29,0.028275862,48
3078.67174,55,86,0.88,31,0.028387097,48
3078.648399,61,86,0.5,25,0.02,48
3078.473702,48,75,0.99,27,0.036666667,48
3078.068006,42,47,0.18,5,0.036,48
3078.022645,67,78,0.23,11,0.020909091,48
3077.729706,39,64,0.82,25,0.0328,48
3077.537521,40,62,0.73,22,0.033181818,48
3077.271682,63,81,0.37,18,0.020555556,48
3077.106471,61,71,0.3,10,0.03,48
3077.106471,60,72,0.36,12,0.03,48
3076.810532,63,82,0.51,19,0.026842105,48
3076.157925,57,71,0.48,14,0.034285714,48
3075.16349,55,78,0.69,23,0.03,48
3075.16349,54,79,0.75,25,0.03,48
3075.065547,45,56,0.37,11,0.033636364,48
3074.894062,54,76,0.51,22,0.023181818,48
3074.809201,48,60,0.31,12,0.025833333,48
3074.470573,54,78,0.72,24,0.03,48
3074.138454,57,74,0.51,17,0.03,48
3073.99987,67,89,0.4,22,0.018181818,48
3073.778927,56,83,0.79,27,0.029259259,48
3073.450167,44,63,0.5,19,0.026315789,48
3073.204497,36,53,0.65,17,0.038235294,48
3072.727909,38,66,0.91,28,0.0325,48
3072.371455,56,66,0.37,10,0.037,48
3072.371455,54,69,0.55,15,0.036666667,48
3072.371455,51,72,0.77,21,0.036666667,48
3072.371455,49,74,0.92,25,0.0368,48
3072.336004,56,74,0.41,18,0.022777778,48
3072.317336,65,85,0.38,20,0.019,48
3071.796277,62,77,0.43,15,0.028666667,48
3071.796277,56,84,0.8,28,0.028571429,48
3070.319116,56,72,0.55,16,0.034375,48
3070.145738,56,73,0.39,17,0.022941176,48
3069.785617,55,97,0.89,42,0.021190476,48
3069.662965,60,85,0.68,25,0.0272,48
3069.588737,63,80,0.35,17,0.020588235,48
3069.369254,50,74,0.86,24,0.035833333,48
3068.646769,64,94,0.53,30,0.017666667,48
3068.401238,52,74,0.77,22,0.035,48
3068.311191,60,65,0.18,5,0.036,48
3068.311191,56,69,0.47,13,0.036153846,48
3068.264407,42,58,0.55,16,0.034375,48
3067.36881,38,52,0.5,14,0.035714286,48
3067.033053,56,66,0.35,10,0.035,48
3067.033053,55,67,0.42,12,0.035,48
3066.268643,40,60,0.67,20,0.0335,48
3066.189975,53,72,0.69,19,0.036315789,48
3065.918092,57,69,0.37,12,0.030833333,48
3065.837622,49,56,0.2,7,0.028571429,48
3065.813841,58,82,0.68,24,0.028333333,48
3065.813841,57,83,0.74,26,0.028461538,48
3065.342688,47,60,0.34,13,0.026153846,48
3064.386837,47,61,0.37,14,0.026428571,48
3064.259846,62,84,0.44,22,0.02,48
3063.611055,56,76,0.6,20,0.03,48
3063.305792,66,93,0.48,27,0.017777778,48
3063.282111,63,86,0.45,23,0.019565217,48
3063.282111,62,87,0.49,25,0.0196,48
3063.279129,61,88,0.53,27,0.01962963,48
3063.213802,59,74,0.44,15,0.029333333,48
3062.536304,68,77,0.25,9,0.027777778,48
3062.378646,55,83,0.75,28,0.026785714,48
3061.996821,64,93,0.52,29,0.017931034,48
3061.919337,53,70,0.63,17,0.037058824,48
3061.912151,41,62,0.69,21,0.032857143,48
3061.784793,67,82,0.3,15,0.02,48
3061.784793,66,83,0.34,17,0.02,48
3061.784793,65,84,0.38,19,0.02,48
3061.489949,63,88,0.47,25,0.0188,48
3061.474306,51,56,0.13,5,0.026,48
3061.396711,54,71,0.6,17,0.035294118,48
3061.396711,53,72,0.67,19,0.035263158,48
3061.348427,52,82,0.9,30,0.03,48
3061.00958,60,96,0.67,36,0.018611111,48
3060.88052,54,98,0.95,44,0.021590909,48
3060.835699,56,91,0.97,35,0.027714286,48
3060.65037,66,92,0.47,26,0.018076923,48
3060.65037,65,94,0.52,29,0.017931034,48
3060.358865,58,71,0.3,13,0.023076923,48
3060.345304,55,73,0.62,18,0.034444444,48
3060.345304,54,74,0.69,20,0.0345,48
3060.263167,52,71,0.7,19,0.036842105,48
3060.263167,50,73,0.85,23,0.036956522,48
3060.263167,49,75,0.95,26,0.036538462,48
3059.874401,58,67,0.32,9,0.035555556,48
3059.862158,39,62,0.77,23,0.033478261,48
3059.649677,51,84,0.98,33,0.02969697,48
3059.193106,61,78,0.49,17,0.028823529,48
3058.885615,72,74,0.04,2,0.02,48
3058.885615,71,75,0.08,4,0.02,48
3058.885615,70,76,0.12,6,0.02,48
3058.878727,61,68,0.16,7,0.022857143,48
3058.862843,63,95,0.57,32,0.0178125,48
3058.75418,64,80,0.33,16,0.020625,48
3058.186059,55,70,0.53,15,0.035333333,48
3058.089333,54,80,0.77,26,0.029615385,48
3058.089333,53,81,0.83,28,0.029642857,48
3058.089333,52,82,0.89,30,0.029666667,48
3057.929914,58,69,0.38,11,0.034545455,48
3057.929914,57,70,0.45,13,0.034615385,48
3057.929914,56,71,0.52,15,0.034666667,48
3056.169789,66,81,0.32,15,0.021333333,48
3055.572197,59,73,0.42,14,0.03,48
3055.572197,58,74,0.48,16,0.03,48
3055.572197,57,75,0.54,18,0.03,48
3055.519744,66,79,0.36,13,0.027692308,48
3055.496654,40,50,0.35,10,0.035,48
3054.969866,52,78,0.81,26,0.031153846,48
3054.596869,66,83,0.32,17,0.018823529,48
3054.0161,68,80,0.24,12,0.02,48
3053.88117,45,57,0.4,12,0.033333333,48
3053.744215,62,80,0.39,18,0.021666667,48
3053.437487,67,81,0.28,14,0.02,48
3053.437487,66,82,0.32,16,0.02,48
3053.08682,55,87,0.86,32,0.026875,48
3053.08682,53,90,0.99,37,0.026756757,48
3053.059958,53,77,0.55,24,0.022916667,48
3052.903018,58,97,0.77,39,0.01974359,48
3052.888725,57,67,0.36,10,0.036,48
3052.010004,57,68,0.4,11,0.036363636,48
3051.806371,43,65,0.58,22,0.026363636,48
3051.699732,65,82,0.33,17,0.019411765,48
3051.632463,61,95,0.63,34,0.018529412,48
3051.591083,57,76,0.56,19,0.029473684,48
3051.38924,54,76,0.5,22,0.022727273,48
3050.96677,61,85,0.66,24,0.0275,48
3050.727907,58,75,0.5,17,0.029411765,48
3050.321894,57,90,0.91,33,0.027575758,48
3050.298293,62,70,0.27,8,0.03375,48
3049.221837,52,77,0.79,25,0.0316,48
3049.069789,64,67,0.09,3,0.03,48
3049.069789,63,68,0.15,5,0.03,48
3049.069789,62,69,0.21,7,0.03,48
3049.069789,61,70,0.27,9,0.03,48
3049.069789,60,71,0.33,11,0.03,48
3048.801192,61,82,0.44,21,0.020952381,48
3048.70037,51,83,0.96,32,0.03,48
3048.60356,50,79,0.92,29,0.031724138,48
3048.579339,61,79,0.51,18,0.028333333,48
3048.579339,57,84,0.76,27,0.028148148,48
3048.579339,56,86,0.84,30,0.028,48
3048.579339,55,87,0.9,32,0.028125,48
3048.062423,64,96,0.56,32,0.0175,48
3047.809611,52,77,0.85,25,0.034,48
3047.809611,51,78,0.92,27,0.034074074,48
3047.785121,57,85,0.61,28,0.021785714,48
3046.992873,59,68,0.31,9,0.034444444,48
3046.930475,65,66,0.03,1,0.03,48
3046.849928,64,84,0.41,20,0.0205,48
3046.688661,34,56,0.83,22,0.037727273,48
3046.59902,55,77,0.66,22,0.03,48
3046.417561,66,91,0.45,25,0.018,48
3046.417561,65,92,0.49,27,0.018148148,48
3046.417561,63,94,0.56,31,0.018064516,48
3046.386383,55,71,0.49,16,0.030625,48
3045.732015,64,83,0.37,19,0.019473684,48
3045.334313,41,49,0.28,8,0.035,48
3045.027054,59,65,0.22,6,0.036666667,48
3045.027054,56,68,0.44,12,0.036666667,48
3044.845073,50,56,0.16,6,0.026666667,48
3044.775355,66,77,0.31,11,0.028181818,48
3044.520907,50,81,0.96,31,0.030967742,48
3043.632859,53,79,0.78,26,0.03,48
3043.459335,35,54,0.7,19,0.036842105,48
3043.454339,40,51,0.39,11,0.035454545,48
3043.260036,37,67,0.99,30,0.033,48
3043.18752,52,83,0.91,31,0.029354839,48
3043.18752,51,84,0.97,33,0.029393939,48
3042.929071,73,83,0.18,10,0.018,48
3042.393702,63,96,0.58,33,0.017575758,48
3042.326682,49,75,0.93,26,0.035769231,48
3041.530802,51,82,0.93,31,0.03,48
3041.483657,64,95,0.55,31,0.017741935,48
3041.357443,61,83,0.61,22,0.027727273,48
3041.161772,59,68,0.29,9,0.032222222,48
3041.161772,57,70,0.42,13,0.032307692,48
3041.148485,38,52,0.51,14,0.036428571,48
3040.80577,67,76,0.25,9,0.027777778,48
3040.80577,65,78,0.36,13,0.027692308,48
3040.617541,64,79,0.31,15,0.020666667,48
3040.583264,60,73,0.38,13,0.029230769,48
3039.430881,55,62,0.26,7,0.037142857,48
3039.223239,41,61,0.66,20,0.033,48
3038.955371,35,57,0.74,22,0.033636364,48
3038.846553,62,97,0.63,35,0.018,48
3038.843883,69,74,0.14,5,0.028,48
3038.701203,61,96,0.64,35,0.018285714,48
3038.674925,60,94,0.67,34,0.019705882,48
3038.5342,40,63,0.76,23,0.033043478,48
3038.5342,39,64,0.83,25,0.0332,48
3038.5342,38,65,0.9,27,0.033333333,48
3038.33215,63,97,0.6,34,0.017647059,48
3038.33215,62,98,0.64,36,0.017777778,48
3038.078278,57,66,0.31,9,0.034444444,48
3037.820173,44,46,0.07,2,0.035,48
3037.653547,54,80,0.76,26,0.029230769,48
3037.425135,38,57,0.66,19,0.034736842,48
3037.425084,55,72,0.59,17,0.034705882,48
3036.794188,56,78,0.64,22,0.029090909,48
3036.589302,51,79,0.87,28,0.031071429,48
3036.560335,55,83,0.81,28,0.028928571,48
3036.560335,54,84,0.87,30,0.029,48
3036.560335,53,85,0.93,32,0.0290625,48
3036.560335,52,86,0.99,34,0.029117647,48
3036.360253,54,97,0.92,43,0.021395349,48
3035.921604,55,88,0.88,33,0.026666667,48
3035.67486,38,64,0.87,26,0.033461538,48
3035.521989,55,79,0.7,24,0.029166667,48
3035.269554,53,80,0.81,27,0.03,48
3035.269554,52,81,0.87,29,0.03,48
3035.216159,68,73,0.11,5,0.022,48
3035.173884,54,71,0.62,17,0.036470588,48
3033.617108,49,77,0.99,28,0.035357143,48
3033.534415,61,99,0.68,38,0.017894737,48
3032.891005,63,79,0.34,16,0.02125,48
3032.824364,63,84,0.42,21,0.02,48
3032.824364,62,85,0.46,23,0.02,48
3031.969759,52,86,0.93,34,0.027352941,48
3031.912047,51,72,0.73,21,0.034761905,48
3031.540792,60,80,0.57,20,0.0285,48
3031.519466,51,72,0.78,21,0.037142857,48
3031.519466,49,75,0.96,26,0.036923077,48
3031.228798,63,89,0.53,26,0.020384615,48
3031.198971,37,52,0.56,15,0.037333333,48
3030.94124,56,84,0.67,28,0.023928571,48
3030.874759,50,80,0.94,30,0.031333333,48
3030.816047,51,77,0.84,26,0.032307692,48
3030.229751,56,77,0.62,21,0.02952381,48
3030.229751,55,78,0.68,23,0.029565217,48
3029.97021,63,80,0.36,17,0.021176471,48
3029.64373,51,74,0.83,23,0.036086957,48
3029.406933,45,63,0.47,18,0.026111111,48
3028.835158,54,87,0.92,33,0.027878788,48
3028.664469,38,65,0.89,27,0.032962963,48
3028.451523,37,54,0.6,17,0.035294118,48
3028.231334,40,59,0.65,19,0.034210526,48
3028.20007,56,82,0.75,26,0.028846154,48
3028.054846,53,82,0.84,29,0.028965517,48
3027.979308,55,76,0.71,21,0.033809524,48
3027.960298,54,87,0.94,33,0.028484848,48
3027.810063,65,81,0.32,16,0.02,48
3027.385731,62,78,0.45,16,0.028125,48
3027.097371,42,47,0.19,5,0.038,48
3026.967555,39,63,0.8,24,0.033333333,48
3026.707188,51,79,0.95,28,0.033928571,48
3026.456514,59,86,0.6,27,0.022222222,48
3026.356469,59,88,0.74,29,0.025517241,48
3025.967755,63,96,0.59,33,0.017878788,48
3025.918078,46,62,0.42,16,0.02625,48
3025.431907,39,50,0.41,11,0.037272727,48
3025.367377,69,79,0.19,10,0.019,48
3025.040454,63,87,0.48,24,0.02,48
3025.040454,62,88,0.52,26,0.02,48
3024.938518,56,85,0.8,29,0.027586207,48
3024.938518,55,86,0.86,31,0.027741935,48
3024.938518,53,89,0.99,36,0.0275,48
3024.818743,42,66,0.62,24,0.025833333,48
3024.694545,67,78,0.29,11,0.026363636,48
3024.665321,64,80,0.44,16,0.0275,48
3024.665321,62,82,0.55,20,0.0275,48
3024.505851,63,82,0.42,19,0.022105263,48
3024.505851,61,84,0.51,23,0.022173913,48
3024.422192,57,77,0.57,20,0.0285,48
3024.049153,67,76,0.19,9,0.021111111,48
3023.986787,40,69,0.75,29,0.025862069,48
3023.492637,60,94,0.68,34,0.02,48
3023.492637,59,95,0.72,36,0.02,48
3023.411394,50,82,0.97,32,0.0303125,48
3023.398995,60,86,0.72,26,0.027692308,48
3022.693593,34,56,0.79,22,0.035909091,48
3022.624906,43,57,0.47,14,0.033571429,48
3022.538594,51,74,0.82,23,0.035652174,48
3022.426215,59,74,0.43,15,0.028666667,48
3022.426215,58,76,0.51,18,0.028333333,48
3022.33588,72,84,0.22,12,0.018333333,48
3022.265626,57,84,0.74,27,0.027407407,48
3022.265626,55,87,0.87,32,0.0271875,48
3022.265626,54,88,0.92,34,0.027058824,48
3022.265626,54,88,0.93,34,0.027352941,48
3022.265626,53,89,0.98,36,0.027222222,48
3022.082655,53,83,0.85,30,0.028333333,48
3021.902955,60,89,0.57,29,0.019655172,48
3021.106134,49,79,0.98,30,0.032666667,48
3021.079112,61,92,0.63,31,0.020322581,48
3020.803033,57,80,0.67,23,0.029130435,48
3020.711007,54,87,0.93,33,0.028181818,48
3020.581686,72,85,0.23,13,0.017692308,48
3020.505215,58,92,0.73,34,0.021470588,48
3020.486925,49,77,0.98,28,0.035,48
3020.368787,59,73,0.47,14,0.033571429,48
3020.147835,64,84,0.42,20,0.021,48
3020.129434,62,88,0.55,26,0.021153846,48
3020.030396,63,78,0.35,15,0.023333333,48
3020.022207,57,75,0.61,18,0.033888889,48
3019.818485,59,87,0.74,28,0.026428571,48
3019.782243,63,88,0.51,25,0.0204,48
3019.70154,62,64,0.06,2,0.03,48
3019.294068,64,74,0.28,10,0.028,48
3019.098567,55,85,0.87,30,0.029,48
3018.754813,63,68,0.17,5,0.034,48
3018.245526,70,86,0.29,16,0.018125,48
3018.188095,59,74,0.45,15,0.03,48
3018.188095,58,75,0.51,17,0.03,48
3018.188095,57,76,0.57,19,0.03,48
3018.182718,59,92,0.69,33,0.020909091,48
3017.898257,43,66,0.6,23,0.026086957,48
3017.777078,59,81,0.63,22,0.028636364,48
3017.777078,58,82,0.69,24,0.02875,48
3017.679235,62,87,0.5,25,0.02,48
3017.553136,55,85,0.86,30,0.028666667,48
3017.513657,55,86,0.89,31,0.028709677,48
3017.304703,56,79,0.68,23,0.029565217,48
3017.304703,55,80,0.74,25,0.0296,48
3017.230889,50,79,0.99,29,0.034137931,48
3017.043187,53,82,0.83,29,0.02862069,48
3017.036101,47,52,0.17,5,0.034,48
3017.01912,66,80,0.28,14,0.02,48
3016.990948,55,95,0.87,40,0.02175,48
3016.990948,54,97,0.93,43,0.021627907,48
3016.978138,65,84,0.36,19,0.018947368,48
3016.958246,58,92,0.74,34,0.021764706,48
3016.84561,61,66,0.16,5,0.032,48
3016.601509,47,61,0.36,14,0.025714286,48
3016.436086,59,72,0.39,13,0.03,48
3016.113807,52,83,0.92,31,0.029677419,48
3015.533035,55,75,0.61,20,0.0305,48
3015.533035,53,78,0.76,25,0.0304,48
3015.533035,52,78,0.8,26,0.030769231,48
3015.533035,50,81,0.95,31,0.030645161,48
3015.244224,53,89,0.97,36,0.026944444,48
3015.028715,53,78,0.56,25,0.0224,48
3015.024215,64,85,0.4,21,0.019047619,48
3014.750574,53,77,0.56,24,0.023333333,48
3014.632859,56,70,0.43,14,0.030714286,48
3014.494213,56,91,0.99,35,0.028285714,48
3014.166847,62,84,0.57,22,0.025909091,48
3014.066542,55,77,0.74,22,0.033636364,48
3014.022311,56,67,0.38,11,0.034545455,48
3014.022311,55,68,0.45,13,0.034615385,48
3013.9432,56,94,0.83,38,0.021842105,48
3013.884164,59,72,0.44,13,0.033846154,48
3013.225375,54,72,0.64,18,0.035555556,48
3013.225375,53,73,0.71,20,0.0355,48
3013.225375,52,74,0.78,22,0.035454545,48
3012.830869,50,80,0.93,30,0.031,48
3012.286607,54,88,0.94,34,0.027647059,48
3012.217516,65,80,0.42,15,0.028,48
3012.170944,39,61,0.75,22,0.034090909,48
3011.945397,59,81,0.62,22,0.028181818,48
3011.892689,55,72,0.6,17,0.035294118,48
3011.758761,61,83,0.46,22,0.020909091,48
3011.663634,63,85,0.45,22,0.020454545,48
3011.540862,45,62,0.45,17,0.026470588,48
3011.431608,47,59,0.32,12,0.026666667,48
3011.378271,57,82,0.73,25,0.0292,48
3011.333114,66,82,0.33,16,0.020625,48
3011.32146,52,75,0.81,23,0.035217391,48
3011.32146,51,76,0.88,25,0.0352,48
3011.32146,50,77,0.95,27,0.035185185,48
3011.249068,53,74,0.69,21,0.032857143,48
3011.088061,57,89,0.71,32,0.0221875,48
3010.941208,50,78,0.91,28,0.0325,48
3010.342703,60,79,0.55,19,0.028947368,48
3010.132205,54,88,0.95,34,0.027941176,48
3010.022981,33,59,0.95,26,0.036538462,48
3009.99204,61,89,0.56,28,0.02,48
3009.961312,49,55,0.17,6,0.028333333,48
3009.729299,55,89,0.9,34,0.026470588,48
3009.729299,54,90,0.95,36,0.026388889,48
3009.719872,55,85,0.72,30,0.024,48
3009.646064,40,60,0.68,20,0.034,48
3009.548337,54,89,0.97,35,0.027714286,48
3009.076918,62,69,0.24,7,0.034285714,48
3008.979092,52,71,0.66,19,0.034736842,48
3008.677812,56,81,0.73,25,0.0292,48
3008.563599,69,78,0.19,9,0.021111111,48
3008.391907,55,94,0.97,39,0.024871795,48
3008.309169,52,78,0.88,26,0.033846154,48
3008.253224,59,87,0.59,28,0.021071429,48
3007.495849,71,83,0.23,12,0.019166667,48
3007.465324,67,77,0.27,10,0.027,48
3007.222899,54,73,0.67,19,0.035263158,48
3006.947241,54,73,0.66,19,0.034736842,48
3006.947241,50,77,0.94,27,0.034814815,48
3006.909039,70,80,0.19,10,0.019,48
3006.511922,53,74,0.63,21,0.03,48
3006.106851,56,84,0.79,28,0.028214286,48
3006.106851,55,86,0.87,31,0.028064516,48
3006.0622,59,83,0.52,24,0.021666667,48
3006.035351,56,79,0.65,23,0.02826087,48
3006.035351,55,80,0.71,25,0.0284,48
3005.971213,45,60,0.47,15,0.031333333,48
3005.644164,39,62,0.78,23,0.033913043,48
3005.542306,63,86,0.46,23,0.02,48
3005.53569,65,76,0.24,11,0.021818182,48
3005.456428,55,88,0.91,33,0.027575758,48
3005.312596,59,87,0.78,28,0.027857143,48
3005.268198,57,85,0.76,28,0.027142857,48
3005.268198,56,87,0.83,31,0.026774194,48
3005.268198,55,88,0.89,33,0.026969697,48
3005.268198,54,89,0.94,35,0.026857143,48
3005.268198,54,89,0.95,35,0.027142857,48
3005.268198,54,90,0.96,36,0.026666667,48
3005.220792,39,52,0.44,13,0.033846154,48
3004.903146,57,83,0.75,26,0.028846154,48
3004.903146,56,84,0.81,28,0.028928571,48
3004.892304,65,81,0.33,16,0.020625,48
3004.742323,32,58,0.98,26,0.037692308,48
3004.668836,69,88,0.34,19,0.017894737,48
3004.449385,53,75,0.76,22,0.034545455,48
3004.216217,56,76,0.59,20,0.0295,48
3004.112428,53,77,0.74,24,0.030833333,48
3004.112428,51,80,0.89,29,0.030689655,48
3003.883068,69,87,0.33,18,0.018333333,48
3003.851214,38,63,0.85,25,0.034,48
3003.792933,53,88,0.98,35,0.028,48
3003.71732,67,79,0.26,12,0.021666667,48
3003.158641,60,82,0.59,22,0.026818182,48
3003.158641,58,84,0.7,26,0.026923077,48
3002.745207,63,86,0.44,23,0.019130435,48
3002.617537,53,64,0.41,11,0.037272727,48
3002.486957,47,59,0.36,12,0.03,48
3002.459805,57,90,0.86,33,0.026060606,48
3002.431021,56,92,0.98,36,0.027222222,48
3002.244821,56,95,0.84,39,0.021538462,48
3001.65613,60,80,0.56,20,0.028,48
3001.545584,69,86,0.32,17,0.018823529,48
3001.39631,58,83,0.7,25,0.028,48
3001.245026,59,80,0.61,21,0.029047619,48
3001.245026,58,81,0.67,23,0.029130435,48
3001.003921,44,57,0.44,13,0.033846154,48
3000.562217,65,79,0.31,14,0.022142857,48
2999.697239,56,85,0.81,29,0.027931034,48
2999.633906,54,88,0.96,34,0.028235294,48
2999.619053,41,58,0.58,17,0.034117647,48
2999.22452,51,78,0.86,27,0.031851852,48
2998.953655,48,60,0.32,12,0.026666667,48
2998.728786,64,88,0.48,24,0.02,48
2998.616059,49,80,0.99,31,0.031935484,48
2998.17261,58,74,0.47,16,0.029375,48
2998.17261,57,75,0.53,18,0.029444444,48
2998.17261,56,77,0.61,21,0.029047619,48
2998.166722,51,74,0.84,23,0.036521739,48
2998.166402,39,51,0.45,12,0.0375,48
2997.579926,51,81,0.91,30,0.030333333,48
2997.29659,52,79,0.93,27,0.034444444,48
2997.200433,58,91,0.67,33,0.02030303,48
2997.132987,57,89,0.86,32,0.026875,48
2996.588625,49,74,0.88,25,0.0352,48
2996.537573,58,81,0.64,23,0.027826087,48
2996.466511,75,81,0.11,6,0.018333333,48
2996.466511,67,90,0.42,23,0.01826087,48
2996.363888,59,80,0.58,21,0.027619048,48
2996.193402,59,73,0.41,14,0.029285714,48
2996.155729,46,61,0.42,15,0.028,48
2995.981116,57,91,0.91,34,0.026764706,48
2995.916019,55,79,0.69,24,0.02875,48
2995.836888,57,84,0.75,27,0.027777778,48
2995.738726,61,65,0.12,4,0.03,48
2995.738726,60,66,0.18,6,0.03,48
2995.738726,59,67,0.24,8,0.03,48
2995.738726,58,68,0.3,10,0.03,48
2995.308616,50,73,0.8,23,0.034782609,48
2995.174194,49,55,0.19,6,0.031666667,48
2994.931639,58,86,0.59,28,0.021071429,48
2994.84069,56,73,0.58,17,0.034117647,48
2994.727017,63,78,0.33,15,0.022,48
2994.658412,51,75,0.81,24,0.03375,48
2994.161927,67,73,0.14,6,0.023333333,48
2994.031687,51,85,0.99,34,0.029117647,48
2993.89263,63,85,0.46,22,0.020909091,48
2993.7306,54,73,0.62,19,0.032631579,48
2993.703771,57,99,0.84,42,0.02,48
2993.63742,63,81,0.49,18,0.027222222,48
2993.424472,50,79,0.93,29,0.032068966,48
2993.20638,55,73,0.64,18,0.035555556,48
2992.912746,62,96,0.61,34,0.017941176,48
2992.782512,58,89,0.8,31,0.025806452,48
2992.740067,55,76,0.72,21,0.034285714,48
2992.740067,54,77,0.79,23,0.034347826,48
2992.740067,53,78,0.86,25,0.0344,48
2992.707221,59,82,0.63,23,0.027391304,48
2992.707221,56,86,0.81,30,0.027,48
2992.461546,52,76,0.82,24,0.034166667,48
2992.461546,51,77,0.89,26,0.034230769,48
2992.461546,50,78,0.96,28,0.034285714,48
2992.332722,58,87,0.8,29,0.027586207,48
2991.95455,57,81,0.69,24,0.02875,48
2991.888897,56,91,0.98,35,0.028,48
2991.779371,57,76,0.55,19,0.028947368,48
2991.779371,56,78,0.63,22,0.028636364,48
2991.748452,68,78,0.2,10,0.02,48
2991.748452,67,79,0.24,12,0.02,48
2991.626774,45,54,0.31,9,0.034444444,48
2991.0569,53,76,0.81,23,0.035217391,48
2991.01884,66,79,0.35,13,0.026923077,48
2991.01884,64,81,0.46,17,0.027058824,48
2991.01884,62,83,0.57,21,0.027142857,48
2991.01884,62,84,0.59,22,0.026818182,48
2991.01884,60,86,0.7,26,0.026923077,48
2990.99649,62,76,0.39,14,0.027857143,48
2990.419265,54,86,0.92,32,0.02875,48
2990.419265,53,87,0.98,34,0.028823529,48
2990.343419,63,95,0.58,32,0.018125,48
2990.316416,64,93,0.53,29,0.018275862,48
2990.316416,63,94,0.57,31,0.018387097,48
2990.316416,62,96,0.62,34,0.018235294,48
2990.219447,63,87,0.46,24,0.019166667,48
2990.191021,64,85,0.43,21,0.02047619,48
2990.146862,60,89,0.59,29,0.020344828,48
2990.076186,38,73,0.89,35,0.025428571,48
2989.902716,64,76,0.28,12,0.023333333,48
2989.804247,58,75,0.49,17,0.028823529,48
2989.624874,53,88,0.99,35,0.028285714,48
2989.464276,52,84,0.91,32,0.0284375,48
2989.436463,62,78,0.38,16,0.02375,48
2989.240918,64,80,0.45,16,0.028125,48
2989.177981,57,70,0.46,13,0.035384615,48
2989.177981,56,71,0.53,15,0.035333333,48
2989.06939,58,88,0.66,30,0.022,48
2988.725836,52,73,0.74,21,0.035238095,48
2988.617453,59,82,0.64,23,0.027826087,48
2988.422949,51,78,0.95,27,0.035185185,48
2988.42157,54,91,0.97,37,0.026216216,48
2988.388335,57,89,0.91,32,0.0284375,48
2988.383696,60,72,0.35,12,0.029166667,48
2988.360087,54,81,0.78,27,0.028888889,48
2988.176178,47,59,0.34,12,0.028333333,48
2988.094282,47,57,0.33,10,0.033,48
2987.793825,51,76,0.76,25,0.0304,48
2987.644757,52,78,0.89,26,0.034230769,48
2987.644757,51,79,0.96,28,0.034285714,48
2987.433752,54,87,0.91,33,0.027575758,48
2987.268993,49,79,0.91,30,0.030333333,48
2986.817329,61,85,0.49,24,0.020416667,48
2986.122705,58,80,0.63,22,0.028636364,48
2985.801707,64,81,0.37,17,0.021764706,48
2985.720087,51,76,0.77,25,0.0308,48
2985.560534,60,67,0.25,7,0.035714286,48
2985.357083,64,87,0.47,23,0.020434783,48
2985.220403,61,77,0.39,16,0.024375,48
2985.220403,60,78,0.44,18,0.024444444,48
2984.998792,39,65,0.85,26,0.032692308,48
2984.954312,52,84,0.92,32,0.02875,48
2984.954312,51,85,0.98,34,0.028823529,48
2984.939773,67,72,0.12,5,0.024,48
