% profit,ema1,ema2,threshold,diff,thresh / diff,ID
3317.295586,34,55,0.76,21,0.036190476,3
3250.508148,35,53,0.67,18,0.037222222,3
3239.446876,35,54,0.68,19,0.035789474,3
3212.091447,37,51,0.51,14,0.036428571,3
3179.491605,33,56,0.84,23,0.036521739,3
3178.3375,60,70,0.33,10,0.033,3
3176.599105,60,71,0.35,11,0.031818182,3
3176.599105,58,73,0.48,15,0.032,3
3175.011297,33,56,0.85,23,0.036956522,3
3173.383639,57,72,0.49,15,0.032666667,3
3159.906044,58,71,0.44,13,0.033846154,3
3150.107749,39,58,0.61,19,0.032105263,3
3149.077013,55,75,0.67,20,0.0335,3
3140.413787,36,53,0.59,17,0.034705882,3
3140.199634,39,52,0.44,13,0.033846154,3
3139.864022,56,75,0.61,19,0.032105263,3
3139.101883,34,54,0.75,20,0.0375,3
3138.105526,53,76,0.79,23,0.034347826,3
3135.724101,54,76,0.74,22,0.033636364,3
3135.085288,55,75,0.65,20,0.0325,3
3129.880025,55,74,0.65,19,0.034210526,3
3129.880025,54,75,0.72,21,0.034285714,3
3127.701739,35,96,0.17,61,0.002786885,3
3126.869615,56,73,0.58,17,0.034117647,3
3125.381744,59,70,0.37,11,0.033636364,3
3125.381744,56,74,0.6,18,0.033333333,3
3120.067296,57,72,0.51,15,0.034,3
3115.603627,33,57,0.82,24,0.034166667,3
3113.411158,59,70,0.36,11,0.032727273,3
3097.413261,53,81,0.78,28,0.027857143,3
3095.953827,54,80,0.72,26,0.027692308,3
3090.697162,37,61,0.76,24,0.031666667,3
3089.878925,32,58,0.89,26,0.034230769,3
3089.840629,51,82,0.88,31,0.028387097,3
3087.150346,38,59,0.68,21,0.032380952,3
3084.277907,34,55,0.77,21,0.036666667,3
3083.220706,52,82,0.84,30,0.028,3
3079.081081,57,73,0.52,16,0.0325,3
3079.047976,36,52,0.59,16,0.036875,3
3074.836996,51,83,0.9,32,0.028125,3
3074.366113,50,83,0.95,33,0.028787879,3
3073.236891,62,65,0.1,3,0.033333333,3
3068.877323,56,69,0.45,13,0.034615385,3
3068.170191,59,69,0.33,10,0.033,3
3068.030793,32,57,0.92,25,0.0368,3
3065.259681,62,68,0.2,6,0.033333333,3
3062.623793,54,74,0.69,20,0.0345,3
3061.429972,60,65,0.17,5,0.034,3
3061.09671,51,83,0.91,32,0.0284375,3
3061.09671,50,84,0.97,34,0.028529412,3
3059.611487,37,94,0.15,57,0.002631579,3
3057.782162,61,68,0.23,7,0.032857143,3
3057.782162,61,69,0.26,8,0.0325,3
3057.782162,59,71,0.39,12,0.0325,3
3055.430127,59,71,0.36,12,0.03,3
3055.247298,52,81,0.83,29,0.02862069,3
3054.590032,55,73,0.62,18,0.034444444,3
3052.358556,55,70,0.52,15,0.034666667,3
3052.351207,57,76,0.53,19,0.027894737,3
3050.684795,57,74,0.55,17,0.032352941,3
3050.316864,63,67,0.13,4,0.0325,3
3049.824507,64,66,0.06,2,0.03,3
3049.824507,62,68,0.18,6,0.03,3
3049.824507,61,69,0.24,8,0.03,3
3049.824507,60,70,0.3,10,0.03,3
3047.995554,59,74,0.42,15,0.028,3
3047.834865,59,67,0.27,8,0.03375,3
3045.487095,50,84,0.96,34,0.028235294,3
3044.94524,52,77,0.84,25,0.0336,3
3044.497249,58,72,0.42,14,0.03,3
3044.045248,51,82,0.89,31,0.028709677,3
3042.803277,41,55,0.45,14,0.032142857,3
3041.447958,57,73,0.53,16,0.033125,3
3041.385168,55,74,0.64,19,0.033684211,3
3041.028567,35,63,0.89,28,0.031785714,3
3032.856235,56,73,0.57,17,0.033529412,3
3031.857248,52,83,0.85,31,0.027419355,3
3031.676062,58,70,0.41,12,0.034166667,3
3030.890802,52,81,0.82,29,0.028275862,3
3029.772862,59,71,0.4,12,0.033333333,3
3029.693655,35,99,0.15,64,0.00234375,3
3027.282883,50,82,0.94,32,0.029375,3
3027.059215,36,53,0.6,17,0.035294118,3
3026.080942,57,71,0.48,14,0.034285714,3
3026.080942,56,72,0.55,16,0.034375,3
3024.272481,54,75,0.71,21,0.033809524,3
3024.272481,53,76,0.78,23,0.033913043,3
3023.470797,59,69,0.34,10,0.034,3
3023.250817,54,77,0.75,23,0.032608696,3
3022.743845,56,73,0.56,17,0.032941176,3
3022.743845,54,76,0.72,22,0.032727273,3
3022.463088,53,77,0.8,24,0.033333333,3
3022.463088,52,78,0.87,26,0.033461538,3
3021.618134,51,84,0.91,33,0.027575758,3
3021.559251,33,55,0.77,22,0.035,3
3020.635561,50,85,0.97,35,0.027714286,3
3020.3264,53,78,0.82,25,0.0328,3
3020.07136,51,79,0.94,28,0.033571429,3
3019.336412,52,78,0.88,26,0.033846154,3
3019.336412,51,79,0.95,28,0.033928571,3
3019.045715,52,77,0.86,25,0.0344,3
3018.690589,52,77,0.85,25,0.034,3
3018.362018,36,96,0.15,60,0.0025,3
3018.138577,55,76,0.62,21,0.02952381,3
3018.138577,54,77,0.68,23,0.029565217,3
3016.655146,52,84,0.87,32,0.0271875,3
3016.309115,57,72,0.5,15,0.033333333,3
3016.309115,54,75,0.7,21,0.033333333,3
3015.650497,55,72,0.57,17,0.033529412,3
3015.361381,56,74,0.59,18,0.032777778,3
3015.361381,55,76,0.68,21,0.032380952,3
3015.361381,53,77,0.79,24,0.032916667,3
3014.153964,54,71,0.59,17,0.034705882,3
3013.229958,50,79,0.99,29,0.034137931,3
3012.311394,53,77,0.81,24,0.03375,3
3011.763557,58,71,0.43,13,0.033076923,3
3011.763557,55,74,0.63,19,0.033157895,3
3011.511424,37,96,0.11,59,0.001864407,3
3010.958049,51,80,0.96,29,0.033103448,3
3009.263902,51,79,0.93,28,0.033214286,3
3008.941863,52,78,0.86,26,0.033076923,3
3008.491389,51,78,0.92,27,0.034074074,3
3005.834565,38,52,0.48,14,0.034285714,3
3005.128907,39,49,0.36,10,0.036,3
3004.407051,58,72,0.46,14,0.032857143,3
3004.407051,55,75,0.66,20,0.033,3
3004.135819,55,78,0.65,23,0.02826087,3
3003.110778,38,59,0.67,21,0.031904762,3
3003.092062,55,69,0.49,14,0.035,3
3002.080988,51,81,0.88,30,0.029333333,3
3001.995373,51,83,0.89,32,0.0278125,3
3000.552378,34,55,0.75,21,0.035714286,3
3000.552378,33,56,0.83,23,0.036086957,3
2999.453662,36,62,0.84,26,0.032307692,3
2997.271541,62,67,0.17,5,0.034,3
2997.101222,55,77,0.64,22,0.029090909,3
2996.103137,52,82,0.83,30,0.027666667,3
2995.960397,54,79,0.71,25,0.0284,3
2995.940224,36,62,0.82,26,0.031538462,3
2995.116324,50,85,0.95,35,0.027142857,3
2994.944744,59,78,0.57,19,0.03,3
2994.917343,57,80,0.7,23,0.030434783,3
2993.807989,58,75,0.48,17,0.028235294,3
2993.396361,58,68,0.34,10,0.034,3
2992.823954,36,98,0.11,62,0.001774194,3
2992.533948,55,80,0.68,25,0.0272,3
2991.861597,63,66,0.1,3,0.033333333,3
2991.861597,60,69,0.3,9,0.033333333,3
2991.380173,57,76,0.54,19,0.028421053,3
2989.998362,52,85,0.88,33,0.026666667,3
2989.237332,52,79,0.89,27,0.032962963,3
2989.036606,54,73,0.64,19,0.033684211,3
2988.94473,57,75,0.52,18,0.028888889,3
2988.898105,56,76,0.58,20,0.029,3
2988.120205,61,67,0.2,6,0.033333333,3
2986.916222,51,74,0.8,23,0.034782609,3
2985.859323,58,72,0.47,14,0.033571429,3
2985.823432,58,73,0.44,15,0.029333333,3
2985.823432,57,74,0.5,17,0.029411765,3
2985.823432,56,75,0.56,19,0.029473684,3
2985.823432,54,78,0.7,24,0.029166667,3
2985.823432,53,79,0.76,26,0.029230769,3
2985.823432,52,80,0.82,28,0.029285714,3
2985.781223,59,68,0.3,9,0.033333333,3
2985.560862,57,68,0.38,11,0.034545455,3
2985.174272,51,86,0.94,35,0.026857143,3
2985.158107,54,79,0.72,25,0.0288,3
2983.509219,60,73,0.36,13,0.027692308,3
2982.079727,37,60,0.74,23,0.032173913,3
2981.823375,38,94,0.1,56,0.001785714,3
2980.067219,59,72,0.38,13,0.029230769,3
2977.522721,53,83,0.81,30,0.027,3
2976.881735,57,71,0.47,14,0.033571429,3
2976.789022,54,76,0.73,22,0.033181818,3
2975.852804,53,80,0.77,27,0.028518519,3
2975.106221,61,63,0.07,2,0.035,3
2975.106221,60,64,0.14,4,0.035,3
2975.106221,59,65,0.21,6,0.035,3
2975.106221,58,66,0.28,8,0.035,3
2975.106221,57,67,0.35,10,0.035,3
2974.526576,57,78,0.65,21,0.030952381,3
2974.524222,37,95,0.15,58,0.002586207,3
2974.480281,35,99,0.18,64,0.0028125,3
2972.477128,60,68,0.27,8,0.03375,3
2972.305429,56,77,0.6,21,0.028571429,3
2971.788495,37,94,0.16,57,0.002807018,3
2971.010921,59,73,0.4,14,0.028571429,3
2971.010921,58,74,0.46,16,0.02875,3
2970.971212,56,68,0.42,12,0.035,3
2969.574201,63,67,0.12,4,0.03,3
2968.345655,53,76,0.77,23,0.033478261,3
2968.108802,41,51,0.32,10,0.032,3
2966.51223,38,93,0.1,55,0.001818182,3
2966.458356,36,97,0.15,61,0.002459016,3
2963.675122,56,72,0.53,16,0.033125,3
2963.340075,36,52,0.58,16,0.03625,3
2962.540909,52,82,0.85,30,0.028333333,3
2962.193566,40,56,0.52,16,0.0325,3
2961.692436,35,99,0.16,64,0.0025,3
2960.694239,51,76,0.87,25,0.0348,3
2959.472891,51,75,0.83,24,0.034583333,3
2959.472891,50,76,0.9,26,0.034615385,3
2959.264587,36,98,0.14,62,0.002258065,3
2958.641943,35,98,0.15,63,0.002380952,3
2957.284853,53,74,0.71,21,0.033809524,3
2957.228761,53,81,0.77,28,0.0275,3
2956.718973,60,75,0.46,15,0.030666667,3
2956.70702,36,61,0.82,25,0.0328,3
2956.668164,53,88,0.98,35,0.028,3
2956.024003,59,66,0.24,7,0.034285714,3
2955.834495,32,56,0.92,24,0.038333333,3
2955.309537,36,62,0.83,26,0.031923077,3
2955.109364,36,97,0.11,61,0.001803279,3
2954.962812,53,72,0.66,19,0.034736842,3
2954.962812,52,73,0.73,21,0.034761905,3
2954.726733,61,71,0.29,10,0.029,3
2954.553211,51,78,0.91,27,0.033703704,3
2953.838008,38,58,0.66,20,0.033,3
2952.661445,37,93,0.16,56,0.002857143,3
2950.993515,50,86,0.98,36,0.027222222,3
2950.606832,35,97,0.17,62,0.002741935,3
2949.170009,51,87,0.96,36,0.026666667,3
2948.245347,36,95,0.16,59,0.002711864,3
2946.76986,56,77,0.59,21,0.028095238,3
2945.573029,68,69,0.03,1,0.03,3
2945.573029,67,70,0.09,3,0.03,3
2945.573029,66,71,0.15,5,0.03,3
2945.573029,65,72,0.21,7,0.03,3
2945.33162,30,84,0.17,54,0.003148148,3
2945.18393,34,65,0.98,31,0.031612903,3
2944.998945,61,74,0.4,13,0.030769231,3
2944.379434,33,55,0.83,22,0.037727273,3
2944.371848,64,73,0.27,9,0.03,3
2944.371848,63,74,0.33,11,0.03,3
2944.371848,62,75,0.39,13,0.03,3
2944.371848,61,76,0.45,15,0.03,3
2944.371848,60,77,0.51,17,0.03,3
2944.017598,35,99,0.19,64,0.00296875,3
2943.669964,51,79,0.96,28,0.034285714,3
2943.551406,58,68,0.35,10,0.035,3
2943.541015,30,86,0.17,56,0.003035714,3
2943.4926,58,67,0.31,9,0.034444444,3
2942.895442,37,50,0.48,13,0.036923077,3
2942.198863,61,73,0.37,12,0.030833333,3
2941.89528,62,64,0.07,2,0.035,3
2941.89528,61,65,0.14,4,0.035,3
2941.89528,60,66,0.21,6,0.035,3
2941.89528,59,67,0.28,8,0.035,3
2941.848784,41,48,0.25,7,0.035714286,3
2941.616275,37,96,0.09,59,0.001525424,3
2941.057153,58,76,0.56,18,0.031111111,3
2940.389844,60,69,0.31,9,0.034444444,3
2940.389844,53,77,0.82,24,0.034166667,3
2940.389844,52,78,0.89,26,0.034230769,3
2940.210333,55,76,0.69,21,0.032857143,3
2939.666701,37,96,0.1,59,0.001694915,3
2938.540141,35,54,0.69,19,0.036315789,3
2937.860752,55,78,0.66,23,0.028695652,3
2936.884044,53,78,0.84,25,0.0336,3
2935.863293,57,69,0.42,12,0.035,3
2935.760625,62,70,0.23,8,0.02875,3
2935.751787,41,46,0.19,5,0.038,3
2935.636693,52,79,0.92,27,0.034074074,3
2935.364739,56,75,0.62,19,0.032631579,3
2934.908444,40,86,0.36,46,0.007826087,3
2934.691365,34,65,0.97,31,0.031290323,3
2934.514167,62,71,0.28,9,0.031111111,3
2934.286389,56,74,0.61,18,0.033888889,3
2933.977709,36,95,0.17,59,0.002881356,3
2933.45138,39,57,0.59,18,0.032777778,3
2933.204197,62,72,0.31,10,0.031,3
2933.033717,56,70,0.49,14,0.035,3
2933.033717,55,71,0.56,16,0.035,3
2933.033717,54,72,0.63,18,0.035,3
2932.951645,42,49,0.23,7,0.032857143,3
2932.666584,61,68,0.24,7,0.034285714,3
2932.666584,55,75,0.68,20,0.034,3
2932.666584,54,76,0.75,22,0.034090909,3
2932.315153,59,76,0.52,17,0.030588235,3
2932.245492,40,48,0.29,8,0.03625,3
2932.078406,42,47,0.18,5,0.036,3
2931.458282,52,79,0.91,27,0.033703704,3
2929.393556,61,69,0.27,8,0.03375,3
2929.021667,52,75,0.78,23,0.033913043,3
2928.154773,35,79,0.08,44,0.001818182,3
2927.961647,54,87,0.92,33,0.027878788,3
2926.732375,30,83,0.23,53,0.004339623,3
2926.129474,57,69,0.41,12,0.034166667,3
2925.986582,57,75,0.53,18,0.029444444,3
2925.554932,29,89,0.17,60,0.002833333,3
2924.958125,34,54,0.76,20,0.038,3
2924.666581,34,56,0.75,22,0.034090909,3
2924.556436,58,72,0.48,14,0.034285714,3
2923.811535,56,70,0.48,14,0.034285714,3
2923.768689,58,73,0.49,15,0.032666667,3
2923.190265,50,85,0.96,35,0.027428571,3
2923.176213,33,78,0.15,45,0.003333333,3
2921.653801,56,66,0.24,10,0.024,3
2921.522378,63,71,0.25,8,0.03125,3
2921.042542,51,84,0.9,33,0.027272727,3
2920.458648,38,51,0.47,13,0.036153846,3
2920.115162,37,60,0.75,23,0.032608696,3
2919.491685,51,78,0.93,27,0.034444444,3
2919.484932,54,81,0.74,27,0.027407407,3
2919.380657,38,94,0.09,56,0.001607143,3
2919.23538,35,64,0.91,29,0.03137931,3
2919.143924,51,85,0.93,34,0.027352941,3
2918.515735,33,57,0.86,24,0.035833333,3
2918.265853,36,53,0.61,17,0.035882353,3
2917.952347,54,82,0.87,28,0.031071429,3
2917.705035,33,56,0.82,23,0.035652174,3
2917.566366,39,50,0.39,11,0.035454545,3
2917.103629,65,66,0.03,1,0.03,3
2917.103629,64,67,0.09,3,0.03,3
2916.277546,63,70,0.22,7,0.031428571,3
2916.277546,59,74,0.47,15,0.031333333,3
2915.976039,57,76,0.6,19,0.031578947,3
2915.858731,59,77,0.55,18,0.030555556,3
2915.313551,38,54,0.52,16,0.0325,3
2914.712452,56,81,0.76,25,0.0304,3
2914.509432,62,73,0.34,11,0.030909091,3
2914.429704,61,73,0.38,12,0.031666667,3
2913.842893,56,76,0.59,20,0.0295,3
2913.079768,36,98,0.13,62,0.002096774,3
2912.081951,51,80,0.98,29,0.033793103,3
2911.9691,57,74,0.56,17,0.032941176,3
2911.777009,63,69,0.17,6,0.028333333,3
2910.909521,35,63,0.9,28,0.032142857,3
2909.99242,55,79,0.66,24,0.0275,3
2909.968927,36,94,0.18,58,0.003103448,3
2909.852397,50,83,0.96,33,0.029090909,3
2909.706573,57,76,0.61,19,0.032105263,3
2909.438703,57,73,0.54,16,0.03375,3
2909.405723,55,78,0.74,23,0.032173913,3
2909.073343,56,75,0.63,19,0.033157895,3
2908.622424,36,97,0.2,61,0.003278689,3
2908.357583,63,69,0.19,6,0.031666667,3
2907.298646,31,82,0.2,51,0.003921569,3
2907.293443,35,99,0.17,64,0.00265625,3
2906.884474,35,98,0.16,63,0.002539683,3
2906.555353,53,80,0.78,27,0.028888889,3
2905.337311,50,84,0.95,34,0.027941176,3
2904.978794,37,55,0.59,18,0.032777778,3
2904.621456,34,99,0.17,65,0.002615385,3
2904.331073,37,92,0.17,55,0.003090909,3
2903.591561,39,51,0.41,12,0.034166667,3
2903.579549,36,96,0.16,60,0.002666667,3
2903.498186,59,75,0.5,16,0.03125,3
2903.383956,50,86,0.99,36,0.0275,3
2903.35323,60,74,0.44,14,0.031428571,3
2903.134061,58,76,0.57,18,0.031666667,3
2903.134061,56,79,0.72,23,0.031304348,3
2902.651074,50,87,0.99,37,0.026756757,3
2902.629337,40,49,0.32,9,0.035555556,3
2902.582641,35,75,0.14,40,0.0035,3
2902.278668,51,85,0.92,34,0.027058824,3
2901.579564,63,68,0.16,5,0.032,3
2901.429441,65,71,0.18,6,0.03,3
2901.429441,64,72,0.24,8,0.03,3
2900.894441,35,65,0.88,30,0.029333333,3
2900.087708,30,84,0.16,54,0.002962963,3
2899.61408,35,99,0.13,64,0.00203125,3
2899.308012,53,83,0.94,30,0.031333333,3
2899.027089,36,94,0.17,58,0.002931034,3
2898.958413,34,56,0.76,22,0.034545455,3
2898.591667,52,81,0.84,29,0.028965517,3
2897.869854,39,48,0.33,9,0.036666667,3
2897.124646,31,81,0.18,50,0.0036,3
2897.054533,55,73,0.6,18,0.033333333,3
2897.005921,57,78,0.66,21,0.031428571,3
2896.830737,58,78,0.61,20,0.0305,3
2896.666505,64,69,0.16,5,0.032,3
2896.32281,52,83,0.86,31,0.027741935,3
2895.515076,51,88,0.97,37,0.026216216,3
2895.226315,31,81,0.17,50,0.0034,3
2894.902856,52,79,0.9,27,0.033333333,3
2894.869431,51,84,0.92,33,0.027878788,3
2894.623214,60,71,0.36,11,0.032727273,3
2892.983231,34,54,0.74,20,0.037,3
2892.531257,36,96,0.2,60,0.003333333,3
2892.511337,55,71,0.55,16,0.034375,3
2892.511337,54,72,0.62,18,0.034444444,3
2892.365039,32,80,0.15,48,0.003125,3
2892.323124,54,77,0.76,23,0.033043478,3
2892.323124,53,78,0.83,25,0.0332,3
2892.292438,52,86,0.9,34,0.026470588,3
2891.888809,30,85,0.13,55,0.002363636,3
2890.992123,60,76,0.49,16,0.030625,3
2889.817548,56,78,0.61,22,0.027727273,3
2889.794719,37,93,0.17,56,0.003035714,3
2888.579951,55,78,0.67,23,0.029130435,3
2888.26429,59,72,0.43,13,0.033076923,3
2887.777931,58,77,0.59,19,0.031052632,3
2887.777931,55,80,0.78,25,0.0312,3
2887.696541,35,99,0.1,64,0.0015625,3
2887.618191,54,81,0.85,27,0.031481481,3
2887.573767,38,51,0.46,13,0.035384615,3
2887.358127,31,82,0.16,51,0.003137255,3
2887.273252,34,99,0.16,65,0.002461538,3
2886.353511,63,73,0.3,10,0.03,3
2886.065596,52,84,0.86,32,0.026875,3
2885.437423,61,72,0.35,11,0.031818182,3
2885.437423,59,74,0.48,15,0.032,3
2885.437423,55,79,0.76,24,0.031666667,3
2885.087979,35,96,0.19,61,0.003114754,3
2883.27074,60,72,0.35,12,0.029166667,3
2883.048189,52,85,0.89,33,0.026969697,3
2882.007587,36,97,0.18,61,0.00295082,3
2880.884648,53,89,0.99,36,0.0275,3
2880.258519,30,82,0.21,52,0.004038462,3
2879.10899,36,97,0.14,61,0.002295082,3
2878.931272,35,99,0.14,64,0.0021875,3
2878.588131,51,80,0.97,29,0.033448276,3
2878.139314,57,77,0.55,20,0.0275,3
2878.074383,35,54,0.67,19,0.035263158,3
2877.820711,29,89,0.19,60,0.003166667,3
2877.597813,52,83,0.98,31,0.031612903,3
2877.414412,52,74,0.76,22,0.034545455,3
2876.213539,53,88,0.99,35,0.028285714,3
2875.783917,32,82,0.12,50,0.0024,3
2874.29208,59,76,0.53,17,0.031176471,3
2874.096409,54,79,0.74,25,0.0296,3
2874.066945,54,84,0.8,30,0.026666667,3
2874.066945,52,86,0.91,34,0.026764706,3
2873.396063,32,56,0.91,24,0.037916667,3
2873.053877,36,98,0.12,62,0.001935484,3
2872.015481,37,95,0.12,58,0.002068966,3
2871.735176,60,73,0.41,13,0.031538462,3
2871.466609,42,45,0.11,3,0.036666667,3
2871.410735,35,96,0.18,61,0.00295082,3
2870.862235,55,76,0.7,21,0.033333333,3
2870.040792,37,96,0.12,59,0.002033898,3
2869.796247,56,78,0.7,22,0.031818182,3
2869.70554,39,88,0.38,49,0.007755102,3
2868.919999,52,75,0.79,23,0.034347826,3
2868.919999,51,76,0.86,25,0.0344,3
2868.054782,51,77,0.9,26,0.034615385,3
2867.606918,32,79,0.17,47,0.003617021,3
2867.478436,31,82,0.18,51,0.003529412,3
2867.096483,51,81,0.98,30,0.032666667,3
2866.439737,54,73,0.66,19,0.034736842,3
2866.439737,52,76,0.83,24,0.034583333,3
2865.76778,37,95,0.16,58,0.002758621,3
2865.509366,36,97,0.22,61,0.003606557,3
2864.846953,53,73,0.69,20,0.0345,3
2863.920452,31,82,0.17,51,0.003333333,3
2863.751071,37,95,0.14,58,0.002413793,3
2863.694206,30,83,0.18,53,0.003396226,3
2863.522472,32,80,0.17,48,0.003541667,3
2863.428821,38,50,0.42,12,0.035,3
2863.234455,27,93,0.39,66,0.005909091,3
2863.126405,37,52,0.53,15,0.035333333,3
2863.122227,65,78,0.34,13,0.026153846,3
2863.071025,31,81,0.19,50,0.0038,3
2862.947121,33,99,0.2,66,0.003030303,3
2862.631442,55,80,0.79,25,0.0316,3
2862.631442,53,82,0.92,29,0.031724138,3
2860.637255,54,82,0.76,28,0.027142857,3
2860.306719,37,95,0.17,58,0.002931034,3
2860.211297,32,57,0.9,25,0.036,3
2859.039575,57,79,0.68,22,0.030909091,3
2858.978879,36,97,0.13,61,0.002131148,3
2858.609685,56,80,0.65,24,0.027083333,3
2858.563511,53,82,0.91,29,0.03137931,3
2858.479734,36,97,0.12,61,0.001967213,3
2857.920589,37,51,0.49,14,0.035,3
2857.187019,55,87,0.89,32,0.0278125,3
2857.052604,38,94,0.08,56,0.001428571,3
2856.396369,58,78,0.54,20,0.027,3
2856.396369,56,81,0.67,25,0.0268,3
2856.396369,54,83,0.78,29,0.026896552,3
2855.585698,63,72,0.28,9,0.031111111,3
2855.252857,56,78,0.69,22,0.031363636,3
2854.760501,35,98,0.18,63,0.002857143,3
2854.573505,37,92,0.11,55,0.002,3
2854.500599,44,51,0.23,7,0.032857143,3
2854.357219,36,97,0.16,61,0.002622951,3
2853.779662,54,88,0.95,34,0.027941176,3
2853.281453,52,75,0.8,23,0.034782609,3
2853.131622,30,84,0.18,54,0.003333333,3
2852.423547,36,98,0.15,62,0.002419355,3
2852.244052,58,74,0.47,16,0.029375,3
2852.036735,34,97,0.19,63,0.003015873,3
2851.674446,53,74,0.73,21,0.034761905,3
2851.463473,31,84,0.16,53,0.003018868,3
2851.277772,32,57,0.86,25,0.0344,3
2851.275526,36,98,0.1,62,0.001612903,3
2851.2694,34,55,0.74,21,0.035238095,3
2851.115795,37,96,0.13,59,0.00220339,3
2851.037396,51,83,0.92,32,0.02875,3
2851.037396,50,84,0.98,34,0.028823529,3
2850.268756,61,75,0.43,14,0.030714286,3
2849.824262,59,73,0.41,14,0.029285714,3
2849.729608,32,81,0.12,49,0.00244898,3
2849.638168,42,48,0.2,6,0.033333333,3
2849.407166,56,82,0.69,26,0.026538462,3
2849.279947,38,54,0.51,16,0.031875,3
2849.113175,41,53,0.43,12,0.035833333,3
2848.998614,54,79,0.73,25,0.0292,3
2848.054382,56,80,0.74,24,0.030833333,3
2847.058214,38,49,0.41,11,0.037272727,3
2846.775984,54,80,0.83,26,0.031923077,3
2846.481425,52,82,0.96,30,0.032,3
2845.361463,41,56,0.48,15,0.032,3
2845.039147,30,86,0.18,56,0.003214286,3
2844.845851,61,66,0.17,5,0.034,3
2844.107162,34,99,0.18,65,0.002769231,3
2843.020849,50,85,0.98,35,0.028,3
2842.773486,54,78,0.79,24,0.032916667,3
2842.59881,32,58,0.94,26,0.036153846,3
2842.390725,62,69,0.23,7,0.032857143,3
2841.784369,58,69,0.38,11,0.034545455,3
2841.784369,57,70,0.45,13,0.034615385,3
2841.566202,55,77,0.72,22,0.032727273,3
2841.211645,47,64,0.42,17,0.024705882,3
2841.210076,35,97,0.15,62,0.002419355,3
2839.631025,55,72,0.59,17,0.034705882,3
2839.406848,56,76,0.68,20,0.034,3
2839.248926,53,92,0.99,39,0.025384615,3
2839.199325,35,53,0.66,18,0.036666667,3
2838.956466,57,77,0.63,20,0.0315,3
2838.72793,64,68,0.13,4,0.0325,3
2838.662688,53,81,0.89,28,0.031785714,3
2838.434175,62,70,0.26,8,0.0325,3
2838.434175,60,72,0.39,12,0.0325,3
2838.20867,64,70,0.19,6,0.031666667,3
2838.179463,31,80,0.17,49,0.003469388,3
2838.068298,31,84,0.17,53,0.003207547,3
2837.605896,32,81,0.15,49,0.003061224,3
2837.518389,50,77,0.93,27,0.034444444,3
2837.364001,40,57,0.54,17,0.031764706,3
2837.141567,56,77,0.68,21,0.032380952,3
2836.960575,56,75,0.57,19,0.03,3
2836.261226,38,90,0.4,52,0.007692308,3
2835.886711,66,78,0.31,12,0.025833333,3
2835.886711,65,79,0.36,14,0.025714286,3
2835.579621,34,99,0.19,65,0.002923077,3
2835.273815,31,82,0.19,51,0.00372549,3
2835.236066,36,98,0.09,62,0.001451613,3
2834.870023,36,63,0.81,27,0.03,3
2834.483507,37,52,0.54,15,0.036,3
2833.821035,52,79,0.81,27,0.03,3
2833.703159,29,88,0.18,59,0.003050847,3
2833.659897,33,55,0.84,22,0.038181818,3
2833.582451,56,86,0.83,30,0.027666667,3
2833.397747,47,52,0.14,5,0.028,3
2833.189264,35,98,0.14,63,0.002222222,3
2832.911214,54,77,0.69,23,0.03,3
2832.911214,53,78,0.75,25,0.03,3
2832.893628,65,80,0.38,15,0.025333333,3
2832.893628,64,81,0.43,17,0.025294118,3
2832.32855,32,80,0.16,48,0.003333333,3
2832.198567,30,86,0.16,56,0.002857143,3
2832.163715,56,71,0.52,15,0.034666667,3
2832.028477,57,75,0.57,18,0.031666667,3
2831.806654,55,77,0.65,22,0.029545455,3
2831.579056,53,90,0.99,37,0.026756757,3
2830.201939,32,58,0.95,26,0.036538462,3
2830.117012,53,80,0.88,27,0.032592593,3
2829.991757,53,75,0.75,22,0.034090909,3
2828.716075,67,69,0.06,2,0.03,3
2828.716075,66,70,0.12,4,0.03,3
2828.100575,58,70,0.4,12,0.033333333,3
2827.423301,58,74,0.52,16,0.0325,3
2827.423301,56,76,0.65,20,0.0325,3
2827.136737,39,68,0.1,29,0.003448276,3
2826.37822,55,81,0.81,26,0.031153846,3
2826.210203,33,77,0.2,44,0.004545455,3
2826.147132,30,83,0.2,53,0.003773585,3
2825.84304,54,79,0.81,25,0.0324,3
2825.537408,29,86,0.18,57,0.003157895,3
2825.437416,36,96,0.14,60,0.002333333,3
2825.243426,36,95,0.2,59,0.003389831,3
2825.020261,41,49,0.27,8,0.03375,3
2824.756971,52,76,0.82,24,0.034166667,3
2824.756971,51,77,0.89,26,0.034230769,3
2823.937264,52,81,0.85,29,0.029310345,3
2823.937264,51,82,0.91,31,0.029354839,3
2823.90203,56,77,0.67,21,0.031904762,3
2823.873213,53,78,0.85,25,0.034,3
2823.756034,53,84,0.83,31,0.026774194,3
2823.206442,34,66,0.96,32,0.03,3
2823.192987,47,67,0.48,20,0.024,3
2822.507257,62,74,0.37,12,0.030833333,3
2822.28618,46,65,0.47,19,0.024736842,3
2822.107522,31,81,0.2,50,0.004,3
2822.054784,30,83,0.19,53,0.003584906,3
2821.867877,53,91,0.99,38,0.026052632,3
2821.568793,55,82,0.72,27,0.026666667,3
2821.540675,53,80,0.79,27,0.029259259,3
2821.290736,37,57,0.75,20,0.0375,3
2821.225114,60,72,0.38,12,0.031666667,3
2821.194315,30,85,0.16,55,0.002909091,3
2821.191786,38,55,0.54,17,0.031764706,3
2820.756108,56,79,0.73,23,0.03173913,3
2820.161396,57,75,0.58,18,0.032222222,3
2819.648677,40,45,0.19,5,0.038,3
2819.502175,51,82,0.9,31,0.029032258,3
2819.472432,59,68,0.31,9,0.034444444,3
2819.306325,53,57,0.1,4,0.025,3
2819.306325,52,58,0.15,6,0.025,3
2819.042319,34,64,0.98,30,0.032666667,3
2818.94656,40,56,0.53,16,0.033125,3
2818.618391,61,70,0.29,9,0.032222222,3
2818.459512,59,75,0.46,16,0.02875,3
2818.328941,32,78,0.18,46,0.003913043,3
2818.223854,50,82,0.95,32,0.0296875,3
2818.087604,38,50,0.44,12,0.036666667,3
2818.02795,37,95,0.13,58,0.002241379,3
2817.999883,59,85,0.67,26,0.025769231,3
2817.939246,59,77,0.56,18,0.031111111,3
2817.77897,55,76,0.63,21,0.03,3
2817.111627,30,82,0.19,52,0.003653846,3
2816.956448,56,79,0.63,23,0.027391304,3
2816.893931,36,97,0.17,61,0.002786885,3
2816.445931,54,77,0.78,23,0.033913043,3
2816.359296,53,80,0.8,27,0.02962963,3
2815.673087,36,97,0.09,61,0.00147541,3
2815.631591,63,73,0.31,10,0.031,3
2815.516467,32,80,0.19,48,0.003958333,3
2815.440451,31,84,0.18,53,0.003396226,3
2815.409939,66,74,0.23,8,0.02875,3
2815.324409,33,78,0.16,45,0.003555556,3
2815.136207,52,84,0.88,32,0.0275,3
2815.136207,51,85,0.94,34,0.027647059,3
2815.025036,58,86,0.72,28,0.025714286,3
2814.797716,39,52,0.45,13,0.034615385,3
2814.366271,50,86,0.97,36,0.026944444,3
2814.302962,50,62,0.29,12,0.024166667,3
2814.296846,43,50,0.22,7,0.031428571,3
2814.004562,31,86,0.16,55,0.002909091,3
2813.936989,61,75,0.38,14,0.027142857,3
2813.853583,34,76,0.18,42,0.004285714,3
2813.853421,40,55,0.53,15,0.035333333,3
2813.841329,52,80,0.91,28,0.0325,3
2813.347386,34,60,0.86,26,0.033076923,3
2812.424838,40,52,0.38,12,0.031666667,3
2812.374691,53,85,0.85,32,0.0265625,3
2812.298886,57,75,0.61,18,0.033888889,3
2811.785261,36,95,0.15,59,0.002542373,3
2811.641223,33,78,0.14,45,0.003111111,3
2809.776474,60,67,0.24,7,0.034285714,3
2809.624531,37,94,0.17,57,0.002982456,3
2808.967394,35,96,0.16,61,0.002622951,3
2808.912395,57,78,0.57,21,0.027142857,3
2808.912395,55,81,0.7,26,0.026923077,3
2808.531454,54,78,0.71,24,0.029583333,3
2808.531454,53,79,0.77,26,0.029615385,3
2808.531454,52,80,0.83,28,0.029642857,3
2808.448991,58,69,0.37,11,0.033636364,3
2808.448991,54,74,0.67,20,0.0335,3
2808.419956,37,97,0.04,60,0.000666667,3
2808.323189,63,71,0.23,8,0.02875,3
2808.107511,37,95,0.09,58,0.001551724,3
2808.085824,38,93,0.11,55,0.002,3
2807.876006,58,75,0.54,17,0.031764706,3
2807.832228,61,72,0.32,11,0.029090909,3
2807.757884,36,65,0.8,29,0.027586207,3
2807.585335,61,71,0.32,10,0.032,3
2807.585335,59,73,0.45,14,0.032142857,3
2807.258293,51,77,0.88,26,0.033846154,3
2807.220233,53,81,0.9,28,0.032142857,3
2807.153227,39,50,0.38,11,0.034545455,3
2807.153227,38,51,0.45,13,0.034615385,3
2807.007575,51,82,0.92,31,0.029677419,3
2807.007575,50,83,0.98,33,0.02969697,3
2806.371891,57,74,0.57,17,0.033529412,3
2806.038635,62,73,0.3,11,0.027272727,3
2805.120536,53,79,0.85,26,0.032692308,3
2805.119173,38,50,0.43,12,0.035833333,3
2804.859405,37,58,0.65,21,0.030952381,3
2804.168001,30,85,0.14,55,0.002545455,3
2803.943606,51,60,0.22,9,0.024444444,3
2803.885871,56,75,0.64,19,0.033684211,3
2803.885871,55,76,0.71,21,0.033809524,3
2803.774909,55,79,0.67,24,0.027916667,3
2803.758168,63,73,0.27,10,0.027,3
2803.383302,31,84,0.12,53,0.002264151,3
2803.276161,64,76,0.34,12,0.028333333,3
2803.143797,61,79,0.51,18,0.028333333,3
2803.05035,32,79,0.16,47,0.003404255,3
2802.904285,53,82,0.8,29,0.027586207,3
2802.787974,56,85,0.81,29,0.027931034,3
2802.694007,35,98,0.17,63,0.002698413,3
2802.433588,37,52,0.52,15,0.034666667,3
2802.082975,52,83,0.84,31,0.027096774,3
2801.843277,52,81,0.86,29,0.029655172,3
2801.833543,33,79,0.16,46,0.003478261,3
2801.688286,56,72,0.54,16,0.03375,3
2801.496218,54,80,0.73,26,0.028076923,3
2801.496218,53,81,0.79,28,0.028214286,3
2801.496218,53,82,0.81,29,0.027931034,3
2800.196837,67,73,0.17,6,0.028333333,3
2799.525119,50,84,0.99,34,0.029117647,3
2799.457095,32,57,0.93,25,0.0372,3
2799.124355,51,85,0.91,34,0.026764706,3
2799.004165,54,56,0.05,2,0.025,3
2798.941454,36,60,0.74,24,0.030833333,3
2798.412198,33,99,0.49,66,0.007424242,3
2798.371515,51,81,0.89,30,0.029666667,3
2798.24588,58,73,0.5,15,0.033333333,3
2798.053477,30,85,0.15,55,0.002727273,3
2797.903065,29,85,0.19,56,0.003392857,3
2797.897001,33,62,0.94,29,0.032413793,3
2797.876124,36,95,0.18,59,0.003050847,3
2797.776071,59,83,0.65,24,0.027083333,3
2797.200345,69,73,0.11,4,0.0275,3
2797.200345,67,75,0.22,8,0.0275,3
2797.200345,65,77,0.33,12,0.0275,3
2797.144635,30,85,0.17,55,0.003090909,3
2797.134253,42,77,0.84,35,0.024,3
2797.105349,39,55,0.5,16,0.03125,3
2796.471305,54,77,0.77,23,0.033478261,3
2796.356267,54,59,0.16,5,0.032,3
2796.164563,41,95,0.07,54,0.001296296,3
2795.977883,50,61,0.27,11,0.024545455,3
2795.824449,59,75,0.51,16,0.031875,3
2795.819205,32,57,0.91,25,0.0364,3
2795.665732,60,81,0.58,21,0.027619048,3
2795.539338,28,89,0.23,61,0.003770492,3
2795.274031,35,99,0.22,64,0.0034375,3
2795.110951,44,46,0.07,2,0.035,3
2795.034901,59,71,0.41,12,0.034166667,3
2794.994798,54,78,0.77,24,0.032083333,3
2794.960808,36,96,0.13,60,0.002166667,3
2794.570748,55,73,0.61,18,0.033888889,3
2794.530107,35,64,0.92,29,0.031724138,3
2794.505746,57,84,0.75,27,0.027777778,3
2794.317304,64,69,0.14,5,0.028,3
2794.281367,48,63,0.37,15,0.024666667,3
2794.260848,50,83,0.97,33,0.029393939,3
2794.239972,54,81,0.86,27,0.031851852,3
2794.148349,53,75,0.76,22,0.034545455,3
2793.738773,60,75,0.41,15,0.027333333,3
2793.637465,57,70,0.44,13,0.033846154,3
2793.637465,56,71,0.51,15,0.034,3
2793.637465,53,75,0.74,22,0.033636364,3
2793.637465,52,76,0.81,24,0.03375,3
2793.474988,36,97,0.08,61,0.001311475,3
2793.449515,65,69,0.11,4,0.0275,3
2793.449515,63,71,0.22,8,0.0275,3
2793.449515,61,73,0.33,12,0.0275,3
2793.449515,58,77,0.52,19,0.027368421,3
2793.21157,54,88,0.93,34,0.027352941,3
2792.829218,31,80,0.18,49,0.003673469,3
2792.217757,55,86,0.87,31,0.028064516,3
2791.740335,54,87,0.93,33,0.028181818,3
2791.550946,30,87,0.14,57,0.00245614,3
2790.3452,53,79,0.84,26,0.032307692,3
2790.344861,60,73,0.38,13,0.029230769,3
2790.037215,41,55,0.46,14,0.032857143,3
2789.885921,30,84,0.24,54,0.004444444,3
2789.876494,52,87,0.92,35,0.026285714,3
2789.484625,31,83,0.19,52,0.003653846,3
2788.776773,34,56,0.74,22,0.033636364,3
2788.561548,57,83,0.74,26,0.028461538,3
2788.363711,35,98,0.13,63,0.002063492,3
2787.975806,58,76,0.52,18,0.028888889,3
2787.972805,57,85,0.77,28,0.0275,3
2787.680875,60,70,0.34,10,0.034,3
2787.299161,38,92,0.16,54,0.002962963,3
2787.079774,57,75,0.59,18,0.032777778,3
2786.962685,60,83,0.63,23,0.027391304,3
2786.680058,36,96,0.18,60,0.003,3
2786.668585,38,56,0.67,18,0.037222222,3
2786.376915,63,79,0.44,16,0.0275,3
2786.333347,66,75,0.25,9,0.027777778,3
2786.233802,59,72,0.42,13,0.032307692,3
2786.150867,37,56,0.61,19,0.032105263,3
2785.946403,33,80,0.09,47,0.001914894,3
2785.319804,52,80,0.95,28,0.033928571,3
2785.121958,40,57,0.49,17,0.028823529,3
2784.672469,31,83,0.12,52,0.002307692,3
2784.456431,35,95,0.19,60,0.003166667,3
2784.35307,54,60,0.19,6,0.031666667,3
2784.300861,31,80,0.2,49,0.004081633,3
2784.245694,33,99,0.21,66,0.003181818,3
2784.233416,61,81,0.54,20,0.027,3
2784.119197,53,80,0.87,27,0.032222222,3
2783.944078,50,58,0.2,8,0.025,3
2783.91482,35,98,0.19,63,0.003015873,3
2783.697065,53,82,0.79,29,0.027241379,3
2783.593115,52,83,0.87,31,0.028064516,3
2783.44813,46,68,0.52,22,0.023636364,3
2783.003354,35,67,0.88,32,0.0275,3
2782.878241,36,56,0.67,20,0.0335,3
2782.618394,52,83,0.99,31,0.031935484,3
2782.360079,39,87,0.39,48,0.008125,3
2782.044417,35,96,0.22,61,0.003606557,3
2781.958371,62,78,0.46,16,0.02875,3
2781.788959,57,85,0.76,28,0.027142857,3
2781.788959,55,87,0.87,32,0.0271875,3
2781.271249,62,71,0.29,9,0.032222222,3
2781.025645,37,50,0.49,13,0.037692308,3
2780.970815,35,97,0.19,62,0.003064516,3
2780.61355,60,75,0.47,15,0.031333333,3
2780.609083,36,97,0.21,61,0.003442623,3
2780.495512,60,73,0.42,13,0.032307692,3
2780.495511,50,79,0.98,29,0.033793103,3
2780.266627,31,82,0.15,51,0.002941176,3
2780.220181,37,75,0.1,38,0.002631579,3
2779.998206,52,80,0.92,28,0.032857143,3
2779.824887,57,77,0.64,20,0.032,3
2779.78386,54,92,0.95,38,0.025,3
2779.518676,58,78,0.62,20,0.031,3
2779.394071,32,85,0.12,53,0.002264151,3
2779.386147,38,73,0.1,35,0.002857143,3
2779.383122,39,46,0.27,7,0.038571429,3
2779.348581,41,75,0.86,34,0.025294118,3
2779.280801,62,72,0.29,10,0.029,3
2779.220762,50,78,0.96,28,0.034285714,3
2779.118405,31,80,0.19,49,0.003877551,3
2778.959533,59,74,0.5,15,0.033333333,3
2778.921824,31,80,0.21,49,0.004285714,3
2778.840036,51,88,0.98,37,0.026486486,3
2778.80222,29,88,0.21,59,0.003559322,3
2778.522168,56,78,0.6,22,0.027272727,3
2778.274799,51,59,0.2,8,0.025,3
2778.274799,50,60,0.25,10,0.025,3
2778.12833,45,69,0.57,24,0.02375,3
2778.089211,35,98,0.12,63,0.001904762,3
2777.605493,31,83,0.13,52,0.0025,3
2777.444247,57,89,0.8,32,0.025,3
2777.229768,60,73,0.43,13,0.033076923,3
2777.229768,57,76,0.63,19,0.033157895,3
2777.100666,37,51,0.52,14,0.037142857,3
2776.990665,39,91,0.14,52,0.002692308,3
2776.925696,54,74,0.68,20,0.034,3
2776.769763,57,65,0.3,8,0.0375,3
2776.521048,31,83,0.11,52,0.002115385,3
2776.349767,29,88,0.19,59,0.003220339,3
2776.089023,60,84,0.63,24,0.02625,3
2775.780862,60,81,0.6,21,0.028571429,3
2775.658159,54,80,0.85,26,0.032692308,3
2775.549455,38,89,0.4,51,0.007843137,3
2775.455071,36,97,0.19,61,0.003114754,3
2775.255471,58,82,0.69,24,0.02875,3
2774.970686,59,74,0.44,15,0.029333333,3
2774.919949,35,96,0.2,61,0.003278689,3
2774.667926,55,91,0.9,36,0.025,3
2774.277869,37,95,0.1,58,0.001724138,3
2774.230765,51,89,0.99,38,0.026052632,3
2773.972317,36,52,0.6,16,0.0375,3
2773.654083,47,59,0.31,12,0.025833333,3
2773.595386,32,81,0.16,49,0.003265306,3
2773.399719,49,63,0.34,14,0.024285714,3
2773.390497,62,81,0.5,19,0.026315789,3
2773.161104,31,60,0.98,29,0.033793103,3
2772.485867,62,71,0.25,9,0.027777778,3
2772.194602,35,98,0.28,63,0.004444444,3
2772.077581,56,67,0.26,11,0.023636364,3
2771.95031,33,59,0.89,26,0.034230769,3
2771.234704,33,55,0.82,22,0.037272727,3
2771.226601,30,82,0.24,52,0.004615385,3
2771.002448,56,77,0.7,21,0.033333333,3
2770.493886,35,80,0.07,45,0.001555556,3
2770.202885,58,75,0.55,17,0.032352941,3
2769.99497,59,81,0.63,22,0.028636364,3
2769.894369,64,79,0.4,15,0.026666667,3
2769.894369,62,81,0.51,19,0.026842105,3
2769.40813,39,87,0.38,48,0.007916667,3
2769.298076,42,52,0.36,10,0.036,3
2769.071885,41,69,0.07,28,0.0025,3
2769.008272,50,78,0.95,28,0.033928571,3
2768.985006,63,77,0.4,14,0.028571429,3
2768.668025,36,78,0.07,42,0.001666667,3
2768.538689,38,69,0.11,31,0.003548387,3
2768.382781,52,59,0.17,7,0.024285714,3
2768.117912,64,77,0.37,13,0.028461538,3
2768.063577,44,49,0.18,5,0.036,3
2767.973777,38,93,0.15,55,0.002727273,3
2767.583469,39,54,0.57,15,0.038,3
2767.264754,31,83,0.17,52,0.003269231,3
2766.885501,58,74,0.51,16,0.031875,3
2766.694621,56,90,0.85,34,0.025,3
2766.656325,42,54,0.38,12,0.031666667,3
2766.519191,66,98,0.6,32,0.01875,3
2766.398064,56,85,0.82,29,0.028275862,3
2766.348801,53,86,0.87,33,0.026363636,3
2766.31481,34,99,0.15,65,0.002307692,3
2766.119785,35,63,0.91,28,0.0325,3
2766.096602,52,81,0.94,29,0.032413793,3
2766.031571,60,63,0.07,3,0.023333333,3
2765.78262,33,57,0.83,24,0.034583333,3
2765.689925,62,83,0.54,21,0.025714286,3
2765.344461,58,86,0.74,28,0.026428571,3
2765.229873,61,81,0.57,20,0.0285,3
2764.964628,31,58,0.99,27,0.036666667,3
2764.925725,54,92,0.96,38,0.025263158,3
2764.864955,35,98,0.22,63,0.003492063,3
2764.822912,38,57,0.59,19,0.031052632,3
2764.535058,31,87,0.15,56,0.002678571,3
2764.505215,57,87,0.8,30,0.026666667,3
2764.382397,39,54,0.47,15,0.031333333,3
2763.819996,57,78,0.6,21,0.028571429,3
2763.646365,59,85,0.69,26,0.026538462,3
2763.036836,60,74,0.45,14,0.032142857,3
2763.036836,58,76,0.58,18,0.032222222,3
2763.036836,56,78,0.71,22,0.032272727,3
2762.953368,37,96,0.08,59,0.001355932,3
2762.630314,34,59,0.83,25,0.0332,3
2762.587784,35,74,0.17,39,0.004358974,3
2762.360718,39,50,0.4,11,0.036363636,3
2762.342405,43,76,0.79,33,0.023939394,3
2762.324943,49,62,0.32,13,0.024615385,3
2762.176753,38,92,0.15,54,0.002777778,3
2762.124646,37,74,0.11,37,0.002972973,3
2761.686197,35,99,0.12,64,0.001875,3
2761.682979,36,67,0.84,31,0.027096774,3
2761.661524,66,98,0.61,32,0.0190625,3
2761.645981,67,97,0.55,30,0.018333333,3
2761.581019,53,87,0.98,34,0.028823529,3
2761.49122,55,72,0.58,17,0.034117647,3
2761.440113,31,79,0.21,48,0.004375,3
2760.911688,35,78,0.11,43,0.00255814,3
2760.765162,62,73,0.31,11,0.028181818,3
2760.470482,58,75,0.56,17,0.032941176,3
2760.373263,52,82,0.98,30,0.032666667,3
2760.266177,54,89,0.93,35,0.026571429,3
2760.072956,54,89,0.94,35,0.026857143,3
2760.020308,36,55,0.65,19,0.034210526,3
2760.001788,35,97,0.18,62,0.002903226,3
2759.975605,57,83,0.75,26,0.028846154,3
2759.826789,54,81,0.73,27,0.027037037,3
2759.420236,38,93,0.14,55,0.002545455,3
2759.140341,55,79,0.77,24,0.032083333,3
2758.824761,60,80,0.57,20,0.0285,3
2758.798471,28,86,0.37,58,0.00637931,3
2758.451097,62,82,0.52,20,0.026,3
2758.451097,61,84,0.59,23,0.025652174,3
2758.106505,60,83,0.61,23,0.026521739,3
2757.939872,54,78,0.78,24,0.0325,3
2757.811864,45,70,0.59,25,0.0236,3
2757.59239,64,75,0.3,11,0.027272727,3
2757.59239,62,77,0.41,15,0.027333333,3
2757.11497,54,79,0.83,25,0.0332,3
2757.077871,62,79,0.47,17,0.027647059,3
2757.047796,36,76,0.11,40,0.00275,3
2756.567873,41,52,0.42,11,0.038181818,3
2756.505828,53,80,0.89,27,0.032962963,3
2756.345535,54,86,0.92,32,0.02875,3
2756.238168,34,82,0.08,48,0.001666667,3
2756.098816,69,94,0.46,25,0.0184,3
2755.579224,55,85,0.86,30,0.028666667,3
2755.547968,33,99,0.22,66,0.003333333,3
2755.26766,64,71,0.19,7,0.027142857,3
2755.26245,29,86,0.19,57,0.003333333,3
2755.105678,54,73,0.65,19,0.034210526,3
2755.105678,53,74,0.72,21,0.034285714,3
2755.085263,34,68,0.94,34,0.027647059,3
2754.965152,52,80,0.93,28,0.033214286,3
2754.961498,42,51,0.34,9,0.037777778,3
2754.882995,36,98,0.08,62,0.001290323,3
2754.671083,53,80,0.9,27,0.033333333,3
2754.056907,54,88,0.94,34,0.027647059,3
2753.803928,59,84,0.67,25,0.0268,3
2753.586069,52,81,0.97,29,0.033448276,3
2753.585622,40,52,0.39,12,0.0325,3
2753.126418,37,59,0.67,22,0.030454545,3
2753.036353,51,86,0.95,35,0.027142857,3
2752.791217,31,87,0.16,56,0.002857143,3
2752.63847,38,63,0.69,25,0.0276,3
2752.617503,63,70,0.23,7,0.032857143,3
2752.514802,58,86,0.75,28,0.026785714,3
2752.302335,52,82,0.97,30,0.032333333,3
2752.000385,55,86,0.88,31,0.028387097,3
2751.580017,35,98,0.27,63,0.004285714,3
2751.53327,59,75,0.52,16,0.0325,3
2751.53327,57,77,0.65,20,0.0325,3
2751.53327,55,79,0.78,24,0.0325,3
2751.264488,36,54,0.6,18,0.033333333,3
2751.064081,37,55,0.61,18,0.033888889,3
2751.019707,40,53,0.49,13,0.037692308,3
2750.997922,36,98,0.07,62,0.001129032,3
2750.984969,37,77,0.07,40,0.00175,3
2750.813513,44,68,0.59,24,0.024583333,3
2750.795628,58,77,0.6,19,0.031578947,3
2750.761375,29,89,0.2,60,0.003333333,3
2750.617596,60,82,0.61,22,0.027727273,3
2750.541137,64,80,0.41,16,0.025625,3
2750.397965,57,84,0.76,27,0.028148148,3
2750.3098,59,82,0.66,23,0.028695652,3
2750.279349,35,97,0.21,62,0.003387097,3
2749.950033,56,86,0.82,30,0.027333333,3
2749.949705,67,96,0.56,29,0.019310345,3
2749.92342,35,52,0.64,17,0.037647059,3
2749.794099,57,87,0.81,30,0.027,3
2749.794099,56,88,0.87,32,0.0271875,3
2749.794099,55,90,0.94,35,0.026857143,3
2749.66264,38,47,0.35,9,0.038888889,3
2749.649436,34,59,0.84,25,0.0336,3
2749.603433,37,61,0.74,24,0.030833333,3
2749.546196,53,79,0.86,26,0.033076923,3
2749.416582,39,97,0.1,58,0.001724138,3
2748.90186,34,81,0.09,47,0.001914894,3
2748.707682,68,95,0.51,27,0.018888889,3
2748.707682,67,96,0.55,29,0.018965517,3
2748.707682,65,99,0.64,34,0.018823529,3
2748.366663,70,92,0.41,22,0.018636364,3
2748.135198,52,80,0.94,28,0.033571429,3
2747.789379,36,96,0.19,60,0.003166667,3
2747.1941,60,84,0.64,24,0.026666667,3
2747.12945,34,58,0.81,24,0.03375,3
2746.919727,29,87,0.18,58,0.003103448,3
2746.802174,32,82,0.13,50,0.0026,3
2746.712078,35,98,0.23,63,0.003650794,3
2746.554688,49,64,0.36,15,0.024,3
2746.340497,54,80,0.82,26,0.031538462,3
2746.340441,62,82,0.53,20,0.0265,3
2746.340441,59,86,0.71,27,0.026296296,3
2746.32535,33,99,0.19,66,0.002878788,3
2746.316835,33,98,0.22,65,0.003384615,3
2746.276559,56,77,0.61,21,0.029047619,3
2745.713232,59,82,0.64,23,0.027826087,3
2745.59439,46,61,0.41,15,0.027333333,3
2745.496544,68,95,0.5,27,0.018518519,3
2744.917429,43,51,0.29,8,0.03625,3
2744.847451,31,83,0.18,52,0.003461538,3
2744.631045,62,72,0.32,10,0.032,3
2744.547031,60,82,0.62,22,0.028181818,3
2744.465123,56,84,0.8,28,0.028571429,3
2744.379397,55,81,0.71,26,0.027307692,3
2744.095073,54,82,0.77,28,0.0275,3
2744.095073,53,83,0.82,30,0.027333333,3
2744.091712,58,73,0.51,15,0.034,3
2743.884164,53,79,0.88,26,0.033846154,3
2743.879668,63,69,0.2,6,0.033333333,3
2743.879668,60,72,0.4,12,0.033333333,3
2743.878476,32,78,0.17,46,0.003695652,3
2743.802921,60,71,0.37,11,0.033636364,3
2743.799582,75,85,0.19,10,0.019,3
2743.749427,35,56,0.72,21,0.034285714,3
2743.595394,57,75,0.6,18,0.033333333,3
2743.540186,51,61,0.24,10,0.024,3
2743.530468,57,87,0.82,30,0.027333333,3
2743.385479,36,62,0.81,26,0.031153846,3
2743.03735,58,83,0.7,25,0.028,3
2743.018169,62,80,0.5,18,0.027777778,3
2743.018169,59,84,0.69,25,0.0276,3
2742.991069,63,82,0.48,19,0.025263158,3
2742.991069,62,83,0.53,21,0.025238095,3
2742.414933,55,78,0.73,23,0.03173913,3
2742.414529,39,99,0.09,60,0.0015,3
2742.332669,45,63,0.47,18,0.026111111,3
2742.322626,35,97,0.16,62,0.002580645,3
2742.251537,53,84,0.84,31,0.027096774,3
2742.215514,66,76,0.28,10,0.028,3
2742.215514,61,81,0.56,20,0.028,3
2742.156233,36,96,0.17,60,0.002833333,3
2742.153916,36,60,0.73,24,0.030416667,3
2742.115878,41,59,0.5,18,0.027777778,3
2742.077308,42,58,0.44,16,0.0275,3
2742.067077,56,89,0.87,33,0.026363636,3
2741.991325,55,67,0.29,12,0.024166667,3
2741.878615,55,99,0.9,44,0.020454545,3
2741.77928,39,61,0.61,22,0.027727273,3
2741.695348,55,86,0.89,31,0.028709677,3
2741.695348,54,87,0.95,33,0.028787879,3
2741.543362,56,88,0.88,32,0.0275,3
2741.514031,36,95,0.21,59,0.003559322,3
2741.22903,55,78,0.76,23,0.033043478,3
2741.200696,55,88,0.91,33,0.027575758,3
2741.186606,33,98,0.49,65,0.007538462,3
2741.15781,54,89,0.97,35,0.027714286,3
2741.152354,54,78,0.8,24,0.033333333,3
2741.152354,53,79,0.87,26,0.033461538,3
2741.152106,50,63,0.31,13,0.023846154,3
2741.036044,57,87,0.78,30,0.026,3
2740.959277,76,81,0.09,5,0.018,3
2740.959277,72,86,0.25,14,0.017857143,3
2740.945021,52,81,0.96,29,0.033103448,3
2740.743939,43,49,0.19,6,0.031666667,3
2740.74393,36,79,0.07,43,0.001627907,3
2740.663569,31,80,0.16,49,0.003265306,3
2740.403922,54,87,0.94,33,0.028484848,3
2740.361195,31,84,0.14,53,0.002641509,3
2740.342902,65,70,0.14,5,0.028,3
2740.237352,68,73,0.14,5,0.028,3
2740.237352,63,78,0.42,15,0.028,3
2740.166847,54,91,0.94,37,0.025405405,3
2740.026672,36,52,0.56,16,0.035,3
2739.977142,59,75,0.44,16,0.0275,3
2739.970866,61,82,0.56,21,0.026666667,3
2739.892017,63,81,0.46,18,0.025555556,3
2739.195764,46,52,0.17,6,0.028333333,3
2739.123324,36,72,0.16,36,0.004444444,3
2739.088067,34,76,0.15,42,0.003571429,3
2739.007669,59,86,0.7,27,0.025925926,3
2738.779209,36,51,0.56,15,0.037333333,3
2738.754043,33,77,0.16,44,0.003636364,3
2738.722121,59,72,0.44,13,0.033846154,3
2738.575967,50,73,0.84,23,0.036521739,3
2738.514965,56,76,0.67,20,0.0335,3
2738.416486,33,60,0.92,27,0.034074074,3
2738.176379,34,99,0.2,65,0.003076923,3
2738.139659,55,90,0.9,35,0.025714286,3
2738.126504,63,79,0.43,16,0.026875,3
2737.8131,37,54,0.58,17,0.034117647,3
2737.6254,35,99,0.11,64,0.00171875,3
2737.443502,55,89,0.94,34,0.027647059,3
2737.004814,38,90,0.41,52,0.007884615,3
2736.943653,59,73,0.47,14,0.033571429,3
2736.940886,34,98,0.23,64,0.00359375,3
2736.907534,29,86,0.25,57,0.004385965,3
2736.817903,57,96,0.8,39,0.020512821,3
2736.776934,56,89,0.84,33,0.025454545,3
2736.776934,55,90,0.89,35,0.025428571,3
2736.684213,38,56,0.56,18,0.031111111,3
2736.660072,55,77,0.74,22,0.033636364,3
2736.660072,54,78,0.81,24,0.03375,3
2736.558494,41,45,0.15,4,0.0375,3
2735.759616,59,73,0.46,14,0.032857143,3
2735.717435,57,86,0.79,29,0.027241379,3
2735.601259,37,53,0.56,16,0.035,3
2735.600874,53,81,0.91,28,0.0325,3
2735.492079,51,83,0.93,32,0.0290625,3
2735.257639,29,87,0.22,58,0.003793103,3
2735.117624,51,81,0.99,30,0.033,3
2735.074933,56,76,0.64,20,0.032,3
2735.071935,30,85,0.12,55,0.002181818,3
2734.891961,40,47,0.26,7,0.037142857,3
2734.784913,44,69,0.61,25,0.0244,3
2734.619449,61,72,0.36,11,0.032727273,3
2734.619449,59,74,0.49,15,0.032666667,3
2734.558429,42,47,0.17,5,0.034,3
2734.533397,33,66,0.98,33,0.02969697,3
2734.418102,37,52,0.55,15,0.036666667,3
2734.40131,34,77,0.14,43,0.003255814,3
2734.204898,29,86,0.17,57,0.002982456,3
2734.152151,39,88,0.06,49,0.00122449,3
2734.106951,54,89,0.95,35,0.027142857,3
2734.061115,66,79,0.33,13,0.025384615,3
2734.011063,32,82,0.11,50,0.0022,3
2733.984388,55,87,0.91,32,0.0284375,3
2733.607346,30,82,0.2,52,0.003846154,3
2733.110845,36,72,0.13,36,0.003611111,3
2733.018115,58,84,0.74,26,0.028461538,3
2732.983243,59,78,0.51,19,0.026842105,3
2732.857245,55,90,0.93,35,0.026571429,3
2732.761895,29,86,0.24,57,0.004210526,3
2732.532815,36,51,0.57,15,0.038,3
2732.421719,34,66,0.99,32,0.0309375,3
2732.19683,59,76,0.47,17,0.027647059,3
2732.133065,57,76,0.62,19,0.032631579,3
2732.118218,57,85,0.8,28,0.028571429,3
2731.849965,55,78,0.75,23,0.032608696,3
2731.849867,38,74,0.09,36,0.0025,3
2731.762002,32,58,0.9,26,0.034615385,3
2731.597059,45,69,0.76,24,0.031666667,3
2731.185933,57,74,0.58,17,0.034117647,3
2731.153425,64,78,0.39,14,0.027857143,3
2731.153425,58,85,0.75,27,0.027777778,3
2730.89721,55,77,0.73,22,0.033181818,3
2730.787486,54,81,0.75,27,0.027777778,3
2730.785093,66,98,0.59,32,0.0184375,3
2730.586117,58,84,0.71,26,0.027307692,3
2730.554517,30,89,0.16,59,0.002711864,3
2730.435353,30,84,0.19,54,0.003518519,3
2730.372355,33,78,0.19,45,0.004222222,3
2730.351464,43,52,0.3,9,0.033333333,3
2730.313626,59,76,0.48,17,0.028235294,3
2730.279983,63,68,0.17,5,0.034,3
2730.155292,54,91,0.99,37,0.026756757,3
2730.05328,58,83,0.65,25,0.026,3
2729.938746,55,80,0.69,25,0.0276,3
2729.924139,29,83,0.2,54,0.003703704,3
2729.850511,63,79,0.45,16,0.028125,3
2729.850231,31,83,0.14,52,0.002692308,3
2729.692411,30,84,0.15,54,0.002777778,3
2729.050412,51,80,0.87,29,0.03,3
2728.788632,38,69,0.12,31,0.003870968,3
2728.659086,39,76,0.98,37,0.026486486,3
2728.24943,40,86,0.05,46,0.001086957,3
2727.935857,31,86,0.17,55,0.003090909,3
2727.908693,62,78,0.42,16,0.02625,3
2727.817305,35,97,0.22,62,0.003548387,3
2727.583892,60,82,0.6,22,0.027272727,3
2727.583892,60,83,0.62,23,0.026956522,3
2727.583892,58,85,0.73,27,0.027037037,3
2727.53104,60,83,0.64,23,0.027826087,3
2727.284423,48,65,0.41,17,0.024117647,3
2726.725433,57,88,0.82,31,0.026451613,3
2726.44917,72,89,0.32,17,0.018823529,3
2726.448452,76,85,0.17,9,0.018888889,3
2726.448452,74,86,0.23,12,0.019166667,3
2726.448452,71,90,0.36,19,0.018947368,3
2726.448452,69,93,0.45,24,0.01875,3
2726.432811,61,80,0.54,19,0.028421053,3
2726.328014,29,85,0.33,56,0.005892857,3
2726.094712,35,57,0.75,22,0.034090909,3
2726.017578,30,85,0.18,55,0.003272727,3
2725.887546,36,97,0.1,61,0.001639344,3
2725.876612,35,98,0.21,63,0.003333333,3
2725.86428,37,94,0.14,57,0.00245614,3
2725.347307,32,82,0.1,50,0.002,3
2725.227343,28,91,0.21,63,0.003333333,3
2725.217108,35,51,0.61,16,0.038125,3
2725.075427,30,84,0.23,54,0.004259259,3
2724.904562,36,53,0.62,17,0.036470588,3
2724.461903,35,57,0.74,22,0.033636364,3
2724.39826,65,76,0.31,11,0.028181818,3
2724.39826,62,79,0.48,17,0.028235294,3
2724.217348,39,63,0.65,24,0.027083333,3
2724.199281,54,80,0.84,26,0.032307692,3
2724.1344,36,98,0.17,62,0.002741935,3
2723.948157,65,78,0.35,13,0.026923077,3
2723.948157,63,80,0.46,17,0.027058824,3
2723.587389,35,79,0.09,44,0.002045455,3
2723.37158,55,77,0.71,22,0.032272727,3
2723.37158,54,79,0.8,25,0.032,3
2723.37158,52,81,0.93,29,0.032068966,3
2722.970068,31,83,0.15,52,0.002884615,3
2722.915808,37,94,0.13,57,0.002280702,3
2722.781661,41,68,0.08,27,0.002962963,3
2722.744356,58,74,0.54,16,0.03375,3
2722.553954,29,87,0.21,58,0.00362069,3
2722.537852,32,59,0.91,27,0.033703704,3
2722.425338,66,76,0.21,10,0.021,3
2722.361448,44,64,0.54,20,0.027,3
2722.334654,29,89,0.18,60,0.003,3
2722.328594,68,95,0.52,27,0.019259259,3
2722.283796,40,48,0.28,8,0.035,3
2722.274189,56,88,0.86,32,0.026875,3
2722.090604,55,67,0.45,12,0.0375,3
2722.083257,59,83,0.67,24,0.027916667,3
2722.021422,56,79,0.64,23,0.027826087,3
2721.858472,31,86,0.15,55,0.002727273,3
2721.421245,35,99,0.09,64,0.00140625,3
2721.336763,32,85,0.1,53,0.001886792,3
2721.286806,45,68,0.56,23,0.024347826,3
2721.226018,40,69,0.09,29,0.003103448,3
2721.222615,32,79,0.18,47,0.003829787,3
2721.175309,57,78,0.58,21,0.027619048,3
2721.138783,31,81,0.16,50,0.0032,3
2721.136817,45,68,0.55,23,0.023913043,3
2720.534934,55,89,0.88,34,0.025882353,3
2720.367535,31,79,0.19,48,0.003958333,3
2720.24507,57,86,0.82,29,0.028275862,3
2720.170775,53,90,0.95,37,0.025675676,3
2720.126859,36,68,0.86,32,0.026875,3
2720.071575,44,65,0.54,21,0.025714286,3
2719.962973,30,83,0.22,53,0.004150943,3
2719.934795,64,67,0.1,3,0.033333333,3
2719.934795,61,70,0.3,9,0.033333333,3
2719.714807,34,81,0.1,47,0.00212766,3
2719.703152,27,93,0.37,66,0.005606061,3
2719.34663,57,79,0.6,22,0.027272727,3
2719.332517,36,59,0.72,23,0.031304348,3
2719.218544,41,52,0.35,11,0.031818182,3
2719.092512,34,76,0.14,42,0.003333333,3
2718.822279,36,96,0.21,60,0.0035,3
2718.728302,50,70,0.04,20,0.002,3
2718.722982,39,62,0.63,23,0.027391304,3
2718.607637,34,98,0.18,64,0.0028125,3
2718.272895,34,58,0.82,24,0.034166667,3
2718.080662,66,73,0.19,7,0.027142857,3
2718.079286,40,47,0.25,7,0.035714286,3
2717.915821,61,71,0.33,10,0.033,3
2717.874244,57,90,0.82,33,0.024848485,3
2717.858542,65,99,0.63,34,0.018529412,3
2717.818028,62,72,0.28,10,0.028,3
2717.818028,59,75,0.45,16,0.028125,3
2717.72491,63,80,0.45,17,0.026470588,3
2717.710184,56,77,0.69,21,0.032857143,3
2717.634142,58,74,0.53,16,0.033125,3
2717.634142,56,76,0.66,20,0.033,3
2717.579464,46,67,0.51,21,0.024285714,3
2717.531605,34,79,0.13,45,0.002888889,3
2717.469235,27,92,0.23,65,0.003538462,3
2717.428525,54,79,0.82,25,0.0328,3
2717.292773,30,86,0.15,56,0.002678571,3
2717.167665,44,55,0.31,11,0.028181818,3
2717.157551,34,99,0.33,65,0.005076923,3
2716.859312,47,66,0.46,19,0.024210526,3
2716.825663,45,64,0.48,19,0.025263158,3
2716.568864,30,88,0.17,58,0.002931034,3
2716.307261,30,87,0.17,57,0.002982456,3
2716.143725,59,77,0.5,18,0.027777778,3
2716.130506,35,80,0.08,45,0.001777778,3
2715.904382,31,83,0.16,52,0.003076923,3
2715.825316,36,99,0.09,63,0.001428571,3
2715.518706,33,99,0.23,66,0.003484848,3
2715.418061,34,54,0.7,20,0.035,3
2715.416963,56,91,0.92,35,0.026285714,3
2715.245053,34,57,0.81,23,0.035217391,3
2715.220883,52,81,0.95,29,0.032758621,3
2714.884228,59,84,0.66,25,0.0264,3
2714.811938,59,84,0.7,25,0.028,3
2714.811938,56,87,0.87,31,0.028064516,3
2714.811938,55,89,0.95,34,0.027941176,3
2714.191217,68,96,0.49,28,0.0175,3
2714.137149,32,61,0.99,29,0.034137931,3
2714.007903,43,52,0.31,9,0.034444444,3
2714.007903,42,53,0.38,11,0.034545455,3
2713.969344,58,86,0.76,28,0.027142857,3
2713.884858,44,63,0.52,19,0.027368421,3
2713.648712,35,97,0.14,62,0.002258065,3
2713.4986,41,50,0.3,9,0.033333333,3
2713.388538,27,87,0.35,60,0.005833333,3
2713.382901,67,78,0.28,11,0.025454545,3
2713.235328,41,85,0.05,44,0.001136364,3
2713.13567,36,63,0.82,27,0.03037037,3
2713.051765,56,89,0.88,33,0.026666667,3
2712.917647,33,77,0.14,44,0.003181818,3
2712.894228,29,85,0.25,56,0.004464286,3
2712.893097,40,49,0.31,9,0.034444444,3
2712.750406,34,53,0.72,19,0.037894737,3
2712.680982,31,81,0.21,50,0.0042,3
2712.593379,32,81,0.19,49,0.003877551,3
2712.592099,54,89,0.9,35,0.025714286,3
2712.504793,57,86,0.81,29,0.027931034,3
2712.504793,56,88,0.89,32,0.0278125,3
2712.452028,36,95,0.22,59,0.003728814,3
2712.198688,55,87,0.83,32,0.0259375,3
2712.035868,67,77,0.26,10,0.026,3
2711.79905,46,62,0.41,16,0.025625,3
2711.730766,36,57,0.66,21,0.031428571,3
2711.535331,35,53,0.68,18,0.037777778,3
2711.378828,47,61,0.36,14,0.025714286,3
2711.372712,42,73,0.99,31,0.031935484,3
2711.365038,39,59,0.6,20,0.03,3
2711.299248,40,55,0.49,15,0.032666667,3
2711.248759,62,71,0.26,9,0.028888889,3
2710.778142,38,50,0.45,12,0.0375,3
2710.685881,48,64,0.39,16,0.024375,3
2710.6593,37,96,0.15,59,0.002542373,3
2710.489304,32,60,0.97,28,0.034642857,3
2710.420652,31,59,0.97,28,0.034642857,3
2710.416664,71,92,0.37,21,0.017619048,3
2710.180209,61,72,0.31,11,0.028181818,3
2710.173763,54,91,0.95,37,0.025675676,3
2710.125774,51,84,0.93,33,0.028181818,3
2710.125774,50,85,0.99,35,0.028285714,3
2710.009932,49,59,0.25,10,0.025,3
2710.009932,48,60,0.3,12,0.025,3
2709.864332,35,62,0.9,27,0.033333333,3
2709.683679,55,87,0.88,32,0.0275,3
2709.495036,50,55,0.13,5,0.026,3
2709.357143,35,56,0.73,21,0.034761905,3
2709.18682,43,47,0.14,4,0.035,3
2708.937381,56,87,0.85,31,0.027419355,3
2708.937381,55,89,0.92,34,0.027058824,3
2708.841101,58,88,0.79,30,0.026333333,3
2708.791036,35,53,0.63,18,0.035,3
2708.700811,57,78,0.67,21,0.031904762,3
2708.162047,42,57,0.42,15,0.028,3
2707.974965,60,73,0.37,13,0.028461538,3
2707.974965,60,74,0.39,14,0.027857143,3
2707.974965,57,77,0.56,20,0.028,3
2707.974965,56,78,0.62,22,0.028181818,3
2707.880911,33,60,0.91,27,0.033703704,3
2707.837848,36,96,0.11,60,0.001833333,3
2707.564034,61,80,0.53,19,0.027894737,3
2707.381919,30,83,0.25,53,0.004716981,3
2707.380443,58,64,0.22,6,0.036666667,3
2707.380443,52,71,0.69,19,0.036315789,3
2707.374931,59,83,0.68,24,0.028333333,3
2707.374931,58,85,0.76,27,0.028148148,3
2707.233862,31,58,0.98,27,0.036296296,3
2707.060795,39,78,0.96,39,0.024615385,3
2707.053932,70,92,0.43,22,0.019545455,3
2706.957662,43,49,0.23,6,0.038333333,3
2706.938607,56,88,0.83,32,0.0259375,3
2706.865778,49,74,0.92,25,0.0368,3
2706.755362,66,77,0.29,11,0.026363636,3
2706.755362,63,81,0.47,18,0.026111111,3
2706.405557,62,81,0.52,19,0.027368421,3
2706.366847,35,61,0.8,26,0.030769231,3
2706.336231,33,76,0.19,43,0.004418605,3
2706.098492,58,77,0.54,19,0.028421053,3
2706.056438,37,51,0.53,14,0.037857143,3
2705.89818,61,83,0.59,22,0.026818182,3
2705.77071,59,77,0.49,18,0.027222222,3
2705.672518,26,92,0.42,66,0.006363636,3
2705.603781,56,65,0.34,9,0.037777778,3
2705.424367,55,91,0.94,36,0.026111111,3
2705.344326,56,77,0.62,21,0.02952381,3
2705.344326,55,78,0.68,23,0.029565217,3
2705.189059,53,99,0.97,46,0.021086957,3
2705.146753,59,92,0.7,33,0.021212121,3
2704.909846,56,87,0.88,31,0.028387097,3
2704.865065,61,82,0.58,21,0.027619048,3
2704.808197,29,85,0.26,56,0.004642857,3
2704.675668,32,79,0.19,47,0.004042553,3
2704.484674,29,88,0.2,59,0.003389831,3
2704.204601,33,65,0.97,32,0.0303125,3
2703.961463,60,84,0.62,24,0.025833333,3
2703.876721,67,96,0.54,29,0.01862069,3
2703.514766,30,87,0.13,57,0.002280702,3
2703.506633,45,67,0.54,22,0.024545455,3
2703.486559,31,84,0.15,53,0.002830189,3
2703.398386,37,56,0.74,19,0.038947368,3
2703.256017,29,89,0.16,60,0.002666667,3
2703.185191,54,94,0.99,40,0.02475,3
2703.176531,66,99,0.57,33,0.017272727,3
2703.155825,29,88,0.22,59,0.003728814,3
2703.031419,56,66,0.37,10,0.037,3
2703.031419,51,72,0.77,21,0.036666667,3
2702.706827,33,84,0.09,51,0.001764706,3
2702.682915,33,58,0.88,25,0.0352,3
2702.542778,35,62,0.82,27,0.03037037,3
2702.470168,57,95,0.79,38,0.020789474,3
2702.035882,40,71,0.09,31,0.002903226,3
2702.011405,35,96,0.23,61,0.003770492,3
2701.913224,40,70,0.08,30,0.002666667,3
2701.728225,55,88,0.89,33,0.026969697,3
2701.710968,55,92,0.98,37,0.026486486,3
2701.62784,35,98,0.3,63,0.004761905,3
2701.60555,39,71,0.09,32,0.0028125,3
2701.550084,55,92,0.92,37,0.024864865,3
2701.550084,54,93,0.97,39,0.024871795,3
2701.507335,34,82,0.1,48,0.002083333,3
2701.461984,37,95,0.18,58,0.003103448,3
2701.441151,39,52,0.43,13,0.033076923,3
2701.403752,58,84,0.73,26,0.028076923,3
2701.27062,34,64,0.9,30,0.03,3
2701.102875,57,88,0.79,31,0.025483871,3
2701.102875,55,91,0.91,36,0.025277778,3
2700.939499,38,92,0.1,54,0.001851852,3
2700.682042,44,51,0.24,7,0.034285714,3
2700.331815,39,49,0.35,10,0.035,3
2699.97356,39,91,0.15,52,0.002884615,3
2699.91144,58,85,0.72,27,0.026666667,3
2699.91144,56,88,0.84,32,0.02625,3
2699.804511,61,83,0.57,22,0.025909091,3
2699.804511,57,88,0.8,31,0.025806452,3
2699.768853,36,94,0.44,58,0.007586207,3
2699.718578,30,81,0.22,51,0.004313725,3
2699.587933,38,58,0.61,20,0.0305,3
2699.44538,56,87,0.82,31,0.026451613,3
2699.44538,54,90,0.94,36,0.026111111,3
2699.382363,29,85,0.18,56,0.003214286,3
2699.357527,32,78,0.15,46,0.00326087,3
2699.141765,56,78,0.64,22,0.029090909,3
2698.721777,37,93,0.15,56,0.002678571,3
2698.70693,42,74,0.81,32,0.0253125,3
2698.622625,33,79,0.14,46,0.003043478,3
2698.207806,31,85,0.17,54,0.003148148,3
2698.154436,68,93,0.49,25,0.0196,3
2698.026075,70,93,0.41,23,0.017826087,3
2697.954033,35,53,0.65,18,0.036111111,3
2697.684832,44,70,0.84,26,0.032307692,3
2697.624631,36,99,0.13,63,0.002063492,3
2697.46904,34,97,0.2,63,0.003174603,3
2697.078231,64,80,0.42,16,0.02625,3
2697.078231,61,83,0.58,22,0.026363636,3
2696.847464,57,77,0.58,20,0.029,3
2696.715637,51,60,0.21,9,0.023333333,3
2696.274589,34,62,0.87,28,0.031071429,3
2696.273514,38,53,0.53,15,0.035333333,3
2696.180586,35,95,0.45,60,0.0075,3
2696.163218,38,95,0.09,57,0.001578947,3
2696.041777,33,98,0.5,65,0.007692308,3
2695.967145,68,94,0.49,26,0.018846154,3
2695.889622,64,71,0.22,7,0.031428571,3
2695.826842,36,98,0.16,62,0.002580645,3
2695.707015,34,99,0.14,65,0.002153846,3
2695.70666,37,96,0.07,59,0.001186441,3
2695.68499,53,55,0.05,2,0.025,3
2695.681691,52,70,0.67,18,0.037222222,3
2695.67931,40,76,0.92,36,0.025555556,3
2695.472277,50,73,0.85,23,0.036956522,3
2695.472015,56,91,0.87,35,0.024857143,3
2695.120998,39,51,0.4,12,0.033333333,3
2694.882408,53,81,0.8,28,0.028571429,3
2694.725147,32,81,0.14,49,0.002857143,3
2694.667544,48,73,0.05,25,0.002,3
2694.6091,44,66,0.56,22,0.025454545,3
2694.515271,38,89,0.41,51,0.008039216,3
2694.339128,31,83,0.21,52,0.004038462,3
2694.304656,54,91,0.98,37,0.026486486,3
2694.041841,54,88,0.96,34,0.028235294,3
2693.850143,33,59,0.9,26,0.034615385,3
2693.632874,56,97,0.85,41,0.020731707,3
2693.499845,46,54,0.22,8,0.0275,3
2693.397046,33,76,0.2,43,0.004651163,3
2693.32902,30,83,0.17,53,0.003207547,3
2693.190456,73,87,0.27,14,0.019285714,3
2692.763104,63,78,0.43,15,0.028666667,3
2692.724675,33,85,0.15,52,0.002884615,3
2692.261202,60,86,0.68,26,0.026153846,3
2692.183133,31,79,0.2,48,0.004166667,3
2692.008082,55,89,0.89,34,0.026176471,3
2691.942264,30,88,0.16,58,0.002758621,3
2691.825812,60,85,0.65,25,0.026,3
2691.825812,58,87,0.76,29,0.026206897,3
2691.790171,35,98,0.11,63,0.001746032,3
2691.74616,58,75,0.5,17,0.029411765,3
2691.74616,57,76,0.56,19,0.029473684,3
2691.642032,36,61,0.76,25,0.0304,3
2690.983348,54,90,0.98,36,0.027222222,3
2690.844418,61,74,0.37,13,0.028461538,3
2690.708913,53,85,0.86,32,0.026875,3
2690.708913,52,87,0.93,35,0.026571429,3
2690.648916,55,79,0.68,24,0.028333333,3
2690.581262,29,88,0.17,59,0.002881356,3
2690.300769,38,62,0.67,24,0.027916667,3
2690.267554,37,91,0.41,54,0.007592593,3
2690.055445,32,80,0.14,48,0.002916667,3
2689.94017,36,93,0.43,57,0.00754386,3
2689.733636,28,87,0.26,59,0.00440678,3
2689.707011,48,60,0.31,12,0.025833333,3
2689.523077,33,98,0.24,65,0.003692308,3
2689.344934,58,86,0.73,28,0.026071429,3
2689.344934,56,89,0.85,33,0.025757576,3
2689.256492,32,78,0.14,46,0.003043478,3
2689.190288,36,98,0.06,62,0.000967742,3
2689.146561,32,81,0.13,49,0.002653061,3
2688.982262,32,84,0.13,52,0.0025,3
2688.878397,34,75,0.19,41,0.004634146,3
2688.810707,38,61,0.68,23,0.029565217,3
2688.558436,36,96,0.12,60,0.002,3
2688.401614,38,68,0.14,30,0.004666667,3
2688.337273,45,50,0.17,5,0.034,3
2688.302389,65,80,0.39,15,0.026,3
2688.217572,34,99,0.32,65,0.004923077,3
2687.740866,46,64,0.45,18,0.025,3
2687.653528,67,74,0.2,7,0.028571429,3
2687.511261,57,84,0.71,27,0.026296296,3
2687.47976,54,80,0.74,26,0.028461538,3
2687.163746,33,79,0.19,46,0.004130435,3
2687.117239,61,73,0.35,12,0.029166667,3
2687.059323,35,77,0.13,42,0.003095238,3
2687.012979,37,95,0.11,58,0.001896552,3
2686.879314,58,76,0.5,18,0.027777778,3
2686.874423,49,74,0.93,25,0.0372,3
2686.749006,33,82,0.11,49,0.002244898,3
2686.659711,56,85,0.83,29,0.02862069,3
2686.622405,31,86,0.11,55,0.002,3
2686.576461,52,70,0.45,18,0.025,3
2686.551587,34,64,0.99,30,0.033,3
2686.516353,57,85,0.79,28,0.028214286,3
2686.423711,35,98,0.29,63,0.004603175,3
2686.324036,49,64,0.48,15,0.032,3
2686.123597,37,71,0.12,34,0.003529412,3
2685.922149,55,80,0.73,25,0.0292,3
2685.83788,36,73,0.08,37,0.002162162,3
2685.442076,59,81,0.59,22,0.026818182,3
2685.442076,56,85,0.77,29,0.026551724,3
2685.103618,66,98,0.56,32,0.0175,3
2685.093367,34,82,0.09,48,0.001875,3
2684.905759,61,81,0.55,20,0.0275,3
2684.794725,51,72,0.49,21,0.023333333,3
2684.793239,33,61,0.92,28,0.032857143,3
2684.480367,36,78,0.08,42,0.001904762,3
2684.363464,46,65,0.48,19,0.025263158,3
2684.327884,33,57,0.81,24,0.03375,3
2684.326283,34,77,0.18,43,0.004186047,3
2684.290412,38,56,0.57,18,0.031666667,3
2683.971763,40,61,0.58,21,0.027619048,3
2683.904451,51,71,0.75,20,0.0375,3
2683.865626,56,88,0.85,32,0.0265625,3
2683.689926,43,75,0.78,32,0.024375,3
2683.582424,35,75,0.12,40,0.003,3
2683.361966,29,85,0.2,56,0.003571429,3
2683.352651,34,98,0.22,64,0.0034375,3
2683.341257,34,96,0.21,62,0.003387097,3
2683.28053,35,54,0.66,19,0.034736842,3
2683.247841,37,94,0.12,57,0.002105263,3
2682.756976,66,74,0.21,8,0.02625,3
2682.614242,32,77,0.2,45,0.004444444,3
2682.553904,59,82,0.6,23,0.026086957,3
2682.426466,43,72,0.91,29,0.03137931,3
2682.27397,34,99,0.23,65,0.003538462,3
2682.267224,46,48,0.07,2,0.035,3
2682.267224,45,49,0.14,4,0.035,3
2682.267224,44,50,0.21,6,0.035,3
2682.248514,34,81,0.08,47,0.001702128,3
2682.217018,36,51,0.58,15,0.038666667,3
2681.812035,43,71,0.9,28,0.032142857,3
2681.690969,29,85,0.34,56,0.006071429,3
2681.455682,32,79,0.15,47,0.003191489,3
2681.310719,65,78,0.27,13,0.020769231,3
2681.303443,57,90,0.86,33,0.026060606,3
2681.18434,33,99,0.24,66,0.003636364,3
2680.875858,36,76,0.1,40,0.0025,3
2680.760002,55,90,0.92,35,0.026285714,3
2680.66797,35,58,0.77,23,0.033478261,3
2680.619945,34,82,0.07,48,0.001458333,3
2680.615527,54,90,0.96,36,0.026666667,3
2680.455308,59,82,0.61,23,0.026521739,3
2680.455308,57,84,0.72,27,0.026666667,3
2680.403704,38,92,0.09,54,0.001666667,3
2680.311669,40,58,0.54,18,0.03,3
2680.23949,42,52,0.33,10,0.033,3
2680.210489,38,98,0.11,60,0.001833333,3
2680.093107,50,82,0.99,32,0.0309375,3
2680.043805,32,78,0.16,46,0.003478261,3
2679.753405,60,74,0.41,14,0.029285714,3
2679.602429,60,75,0.43,15,0.028666667,3
2679.477266,46,66,0.49,20,0.0245,3
2679.299973,69,94,0.44,25,0.0176,3
2678.662499,30,82,0.18,52,0.003461538,3
2678.589143,32,84,0.11,52,0.002115385,3
2678.536603,34,57,0.8,23,0.034782609,3
2678.389374,68,75,0.19,7,0.027142857,3
2677.937704,47,65,0.44,18,0.024444444,3
2677.82548,74,88,0.25,14,0.017857143,3
2677.82548,69,93,0.43,24,0.017916667,3
2677.82548,68,95,0.48,27,0.017777778,3
2677.82548,65,98,0.59,33,0.017878788,3
2677.770407,31,87,0.14,56,0.0025,3
2677.6705,56,86,0.85,30,0.028333333,3
2677.511139,38,61,0.69,23,0.03,3
2677.510736,48,59,0.28,11,0.025454545,3
2677.453865,54,91,0.96,37,0.025945946,3
2677.452855,54,57,0.07,3,0.023333333,3
2677.255746,64,77,0.36,13,0.027692308,3
2677.242837,37,71,0.15,34,0.004411765,3
2677.232903,40,96,0.09,56,0.001607143,3
2677.207658,62,80,0.51,18,0.028333333,3
2676.901264,46,52,0.18,6,0.03,3
2676.898569,36,60,0.78,24,0.0325,3
2676.849305,35,55,0.67,20,0.0335,3
2676.680059,73,88,0.29,15,0.019333333,3
2676.680059,69,93,0.46,24,0.019166667,3
2676.680059,68,94,0.5,26,0.019230769,3
2676.501877,33,99,0.5,66,0.007575758,3
2676.498376,33,77,0.19,44,0.004318182,3
2676.458064,41,73,0.82,32,0.025625,3
2676.272632,44,56,0.33,12,0.0275,3
2676.240101,26,92,0.4,66,0.006060606,3
2675.747507,41,53,0.4,12,0.033333333,3
2675.662338,28,90,0.22,62,0.003548387,3
2675.574672,59,68,0.32,9,0.035555556,3
2675.452473,27,91,0.25,64,0.00390625,3
2675.356559,56,90,0.86,34,0.025294118,3
2675.305915,43,71,0.91,28,0.0325,3
2675.077791,35,80,0.09,45,0.002,3
2674.836652,71,91,0.36,20,0.018,3
2674.660197,33,76,0.16,43,0.00372093,3
2674.604973,29,89,0.21,60,0.0035,3
2674.423004,60,80,0.54,20,0.027,3
2674.138957,37,76,0.08,39,0.002051282,3
2674.087871,66,98,0.57,32,0.0178125,3
2673.965329,37,62,0.75,25,0.03,3
2673.923858,55,86,0.81,31,0.026129032,3
2673.735709,56,89,0.86,33,0.026060606,3
2673.735709,54,92,0.98,38,0.025789474,3
2673.72143,54,88,0.88,34,0.025882353,3
2673.681487,55,88,0.93,33,0.028181818,3
2673.681487,54,89,0.99,35,0.028285714,3
2673.676408,55,88,0.88,33,0.026666667,3
2673.428675,52,56,0.1,4,0.025,3
2673.428675,51,57,0.15,6,0.025,3
2673.40547,46,66,0.52,20,0.026,3
2673.40389,34,71,0.99,37,0.026756757,3
2673.32626,63,77,0.37,14,0.026428571,3
2673.266828,47,60,0.33,13,0.025384615,3
2673.225789,37,91,0.42,54,0.007777778,3
2673.128025,47,55,0.06,8,0.0075,3
2672.977072,32,77,0.21,45,0.004666667,3
2672.975747,55,83,0.75,28,0.026785714,3
2672.864327,55,79,0.71,24,0.029583333,3
2672.864327,54,80,0.77,26,0.029615385,3
2672.864327,53,81,0.83,28,0.029642857,3
2672.750242,69,94,0.45,25,0.018,3
2672.592661,37,63,0.76,26,0.029230769,3
2672.582514,56,78,0.63,22,0.028636364,3
2672.561995,44,64,0.52,20,0.026,3
2672.540663,55,79,0.69,24,0.02875,3
2672.536604,40,46,0.23,6,0.038333333,3
2672.465306,53,83,0.83,30,0.027666667,3
2672.198851,58,94,0.75,36,0.020833333,3
2672.017791,35,63,0.84,28,0.03,3
2671.976567,51,87,0.97,36,0.026944444,3
2671.835189,43,57,0.39,14,0.027857143,3
2671.785122,42,68,0.07,26,0.002692308,3
2671.679432,54,92,0.97,38,0.025526316,3
2671.572576,58,75,0.49,17,0.028823529,3
2671.530741,57,76,0.55,19,0.028947368,3
2671.443988,30,84,0.2,54,0.003703704,3
2671.389415,36,77,0.1,41,0.002439024,3
2671.371527,31,84,0.13,53,0.00245283,3
2671.14967,36,52,0.61,16,0.038125,3
2670.986808,34,83,0.09,49,0.001836735,3
2670.940295,53,69,0.6,16,0.0375,3
2670.789966,56,78,0.65,22,0.029545455,3
2670.749204,33,54,0.85,21,0.04047619,3
2670.720299,64,79,0.41,15,0.027333333,3
2670.652609,35,64,0.89,29,0.030689655,3
2670.643213,36,50,0.53,14,0.037857143,3
2670.532632,40,96,0.1,56,0.001785714,3
2670.461444,35,94,0.45,59,0.007627119,3
2670.40279,52,71,0.44,19,0.023157895,3
2670.210515,54,88,0.89,34,0.026176471,3
2670.197778,30,83,0.24,53,0.004528302,3
2670.184683,74,87,0.24,13,0.018461538,3
2670.184683,70,91,0.39,21,0.018571429,3
2669.903072,64,99,0.63,35,0.018,3
2669.837485,52,85,0.9,33,0.027272727,3
2669.737582,50,59,0.23,9,0.025555556,3
2669.009289,40,51,0.37,11,0.033636364,3
2668.951575,39,79,0.97,40,0.02425,3
2668.922571,66,97,0.57,31,0.018387097,3
2668.921868,65,98,0.61,33,0.018484848,3
2668.84473,59,75,0.47,16,0.029375,3
2668.779454,50,81,0.93,31,0.03,3
2668.630035,35,67,0.93,32,0.0290625,3
2668.564433,31,59,0.96,28,0.034285714,3
2668.470045,56,71,0.54,15,0.036,3
2668.415699,45,53,0.24,8,0.03,3
2668.368582,51,81,0.93,30,0.031,3
2668.264986,33,77,0.17,44,0.003863636,3
2668.099277,50,60,0.33,10,0.033,3
2668.085245,50,57,0.18,7,0.025714286,3
2667.960629,34,65,0.92,31,0.029677419,3
2667.838727,38,69,0.14,31,0.004516129,3
2667.82774,65,77,0.34,12,0.028333333,3
2667.812198,27,91,0.24,64,0.00375,3
2667.787146,35,98,0.2,63,0.003174603,3
2667.720572,66,96,0.56,30,0.018666667,3
2667.657022,60,74,0.4,14,0.028571429,3
2667.631703,64,71,0.2,7,0.028571429,3
2667.59139,33,79,0.15,46,0.00326087,3
2667.551716,33,77,0.13,44,0.002954545,3
2667.487942,57,69,0.27,12,0.0225,3
2667.137227,56,87,0.83,31,0.026774194,3
2667.132896,32,56,0.9,24,0.0375,3
2666.899128,43,72,0.93,29,0.032068966,3
2666.796947,32,84,0.16,52,0.003076923,3
2666.775099,37,74,0.1,37,0.002702703,3
2666.660283,51,84,0.94,33,0.028484848,3
2666.626907,68,77,0.23,9,0.025555556,3
2666.315175,31,83,0.22,52,0.004230769,3
2666.30757,57,86,0.77,29,0.026551724,3
2666.30757,55,89,0.9,34,0.026470588,3
2666.30757,54,90,0.95,36,0.026388889,3
2666.29897,61,85,0.61,24,0.025416667,3
2666.29897,60,86,0.66,26,0.025384615,3
2666.25769,38,64,0.71,26,0.027307692,3
2666.145977,49,61,0.3,12,0.025,3
2666.145977,48,62,0.35,14,0.025,3
2666.137796,30,87,0.16,57,0.002807018,3
2665.894277,30,86,0.14,56,0.0025,3
2665.85605,61,73,0.39,12,0.0325,3
2665.720592,54,81,0.79,27,0.029259259,3
2665.352565,51,85,0.98,34,0.028823529,3
2665.289238,55,87,0.84,32,0.02625,3
2665.255519,49,60,0.28,11,0.025454545,3
2664.988315,58,87,0.74,29,0.025517241,3
2664.882293,35,55,0.71,20,0.0355,3
2664.717331,40,52,0.47,12,0.039166667,3
