% profit,ema1,ema2,threshold,diff,thresh / diff,ID
3943.70728,41,51,0.38,10,0.038,20
3943.167673,42,51,0.33,9,0.036666667,20
3924.419629,40,52,0.46,12,0.038333333,20
3914.849391,44,48,0.15,4,0.0375,20
3890.892116,61,70,0.28,9,0.031111111,20
3885.82021,34,53,0.76,19,0.04,20
3879.018751,34,53,0.75,19,0.039473684,20
3848.940286,35,52,0.66,17,0.038823529,20
3848.940286,34,53,0.74,19,0.038947368,20
3847.160574,44,49,0.18,5,0.036,20
3842.925698,37,49,0.48,12,0.04,20
3824.018237,40,53,0.48,13,0.036923077,20
3821.548573,40,46,0.23,6,0.038333333,20
3815.930818,39,47,0.31,8,0.03875,20
3815.028661,33,54,0.84,21,0.04,20
3810.759517,38,48,0.39,10,0.039,20
3805.75635,36,51,0.6,15,0.04,20
3788.868251,42,50,0.3,8,0.0375,20
3780.056669,44,49,0.19,5,0.038,20
3780.053357,41,52,0.4,11,0.036363636,20
3774.942125,39,48,0.35,9,0.038888889,20
3754.922558,61,71,0.31,10,0.031,20
3750.517943,40,47,0.27,7,0.038571429,20
3749.734977,39,53,0.54,14,0.038571429,20
3740.89763,35,52,0.68,17,0.04,20
3736.671092,38,49,0.43,11,0.039090909,20
3731.985032,60,72,0.37,12,0.030833333,20
3725.598391,58,75,0.52,17,0.030588235,20
3724.748747,32,55,0.93,23,0.040434783,20
3723.937855,33,54,0.83,21,0.03952381,20
3722.323996,42,43,0.04,1,0.04,20
3718.586404,37,49,0.47,12,0.039166667,20
3717.069138,37,50,0.51,13,0.039230769,20
3717.069138,36,51,0.59,15,0.039333333,20
3711.209399,59,74,0.46,15,0.030666667,20
3711.101624,41,46,0.19,5,0.038,20
3708.297169,36,50,0.56,14,0.04,20
3708.234704,36,52,0.61,16,0.038125,20
3684.442818,38,50,0.45,12,0.0375,20
3683.137657,40,54,0.49,14,0.035,20
3679.643786,38,49,0.42,11,0.038181818,20
3678.201865,39,55,0.57,16,0.035625,20
3675.515608,32,55,0.92,23,0.04,20
3673.718986,35,52,0.67,17,0.039411765,20
3671.115469,41,44,0.12,3,0.04,20
3663.62858,40,46,0.24,6,0.04,20
3663.62858,39,47,0.32,8,0.04,20
3663.62858,38,48,0.4,10,0.04,20
3655.758455,39,48,0.34,9,0.037777778,20
3655.633002,39,55,0.61,16,0.038125,20
3651.331957,33,55,0.85,22,0.038636364,20
3649.937248,42,44,0.08,2,0.04,20
3649.937248,41,45,0.16,4,0.04,20
3647.202072,37,50,0.5,13,0.038461538,20
3642.679101,34,54,0.77,20,0.0385,20
3635.937727,37,50,0.52,13,0.04,20
3635.666359,37,51,0.53,14,0.037857143,20
3628.572963,43,50,0.25,7,0.035714286,20
3625.57641,32,56,0.94,24,0.039166667,20
3624.64186,38,54,0.62,16,0.03875,20
3620.486847,41,52,0.41,11,0.037272727,20
3615.129035,36,50,0.57,14,0.040714286,20
3612.342086,45,48,0.11,3,0.036666667,20
3611.271377,51,76,0.84,25,0.0336,20
3606.226225,62,68,0.19,6,0.031666667,20
3604.640936,60,73,0.4,13,0.030769231,20
3601.86487,39,46,0.28,7,0.04,20
3600.093982,39,54,0.55,15,0.036666667,20
3599.88417,39,49,0.38,10,0.038,20
3598.729826,40,45,0.2,5,0.04,20
3596.96013,42,46,0.15,4,0.0375,20
3596.24342,43,50,0.26,7,0.037142857,20
3593.238026,43,51,0.28,8,0.035,20
3590.995612,45,50,0.18,5,0.036,20
3589.254012,36,51,0.58,15,0.038666667,20
3588.922139,43,49,0.23,6,0.038333333,20
3585.247906,42,52,0.35,10,0.035,20
3581.862584,40,55,0.5,15,0.033333333,20
3578.433819,54,73,0.63,19,0.033157895,20
3574.034345,59,71,0.38,12,0.031666667,20
3573.861258,41,53,0.42,12,0.035,20
3569.315119,38,47,0.36,9,0.04,20
3566.909345,42,53,0.4,11,0.036363636,20
3559.059223,62,67,0.16,5,0.032,20
3555.663198,62,65,0.1,3,0.033333333,20
3551.864448,41,54,0.48,13,0.036923077,20
3546.784223,55,72,0.56,17,0.032941176,20
3545.295206,35,51,0.64,16,0.04,20
3543.744628,37,58,0.78,21,0.037142857,20
3542.79759,42,51,0.34,9,0.037777778,20
3538.53603,37,57,0.72,20,0.036,20
3538.417406,53,75,0.73,22,0.033181818,20
3537.420562,35,53,0.69,18,0.038333333,20
3534.618082,60,69,0.29,9,0.032222222,20
3531.904228,63,74,0.32,11,0.029090909,20
3531.668934,35,61,0.96,26,0.036923077,20
3531.09514,41,75,0.9,34,0.026470588,20
3530.351076,36,53,0.63,17,0.037058824,20
3529.667371,59,68,0.3,9,0.033333333,20
3528.58777,47,49,0.07,2,0.035,20
3528.58777,46,50,0.14,4,0.035,20
3528.58777,45,51,0.21,6,0.035,20
3525.284475,58,73,0.47,15,0.031333333,20
3525.013846,61,76,0.44,15,0.029333333,20
3524.739835,43,52,0.33,9,0.036666667,20
3523.683141,52,76,0.8,24,0.033333333,20
3522.07325,44,52,0.28,8,0.035,20
3521.514468,44,53,0.31,9,0.034444444,20
3521.080395,60,67,0.23,7,0.032857143,20
3521.080395,56,72,0.52,16,0.0325,20
3520.974481,35,50,0.61,15,0.040666667,20
3518.761345,34,52,0.72,18,0.04,20
3518.205104,62,75,0.38,13,0.029230769,20
3515.012646,45,52,0.24,7,0.034285714,20
3514.909705,67,68,0.03,1,0.03,20
3512.499106,36,50,0.55,14,0.039285714,20
3512.360619,67,69,0.06,2,0.03,20
3512.360619,66,70,0.12,4,0.03,20
3512.360619,65,71,0.18,6,0.03,20
3512.360619,64,72,0.24,8,0.03,20
3512.360619,63,73,0.3,10,0.03,20
3511.616107,34,52,0.73,18,0.040555556,20
3511.545371,35,53,0.68,18,0.037777778,20
3508.911716,40,48,0.3,8,0.0375,20
3507.652608,54,74,0.66,20,0.033,20
3507.652608,51,77,0.86,26,0.033076923,20
3506.539087,35,51,0.66,16,0.04125,20
3506.215041,38,55,0.64,17,0.037647059,20
3505.467832,64,74,0.29,10,0.029,20
3503.81793,40,54,0.52,14,0.037142857,20
3503.613305,33,53,0.81,20,0.0405,20
3503.568129,57,73,0.51,16,0.031875,20
3501.918448,38,56,0.64,18,0.035555556,20
3498.407288,36,52,0.6,16,0.0375,20
3495.202657,56,75,0.6,19,0.031578947,20
3494.982102,43,44,0.04,1,0.04,20
3494.982102,42,45,0.12,3,0.04,20
3494.982102,41,46,0.2,5,0.04,20
3494.950152,62,73,0.33,11,0.03,20
3494.950152,61,74,0.39,13,0.03,20
3494.714426,60,75,0.45,15,0.03,20
3492.924264,53,74,0.7,21,0.033333333,20
3492.576241,39,54,0.56,15,0.037333333,20
3492.21868,40,53,0.49,13,0.037692308,20
3492.128994,55,72,0.57,17,0.033529412,20
3489.471761,41,53,0.45,12,0.0375,20
3487.387467,45,49,0.15,4,0.0375,20
3486.988313,53,77,0.78,24,0.0325,20
3486.944051,36,49,0.53,13,0.040769231,20
3486.540048,58,79,0.62,21,0.02952381,20
3485.856045,32,55,0.94,23,0.040869565,20
3485.250317,43,51,0.3,8,0.0375,20
3484.030765,35,54,0.72,19,0.037894737,20
3482.574527,72,73,0.02,1,0.02,20
3482.574527,71,74,0.06,3,0.02,20
3482.297072,39,61,0.75,22,0.034090909,20
3482.297072,38,62,0.82,24,0.034166667,20
3481.536438,55,75,0.64,20,0.032,20
3481.536438,54,76,0.71,22,0.032272727,20
3481.536438,52,78,0.84,26,0.032307692,20
3481.307678,37,58,0.73,21,0.034761905,20
3478.965299,59,78,0.56,19,0.029473684,20
3478.417047,42,50,0.31,8,0.03875,20
3478.374231,56,71,0.5,15,0.033333333,20
3478.341378,43,54,0.38,11,0.034545455,20
3476.59825,62,74,0.36,12,0.03,20
3476.59825,61,75,0.42,14,0.03,20
3476.254293,70,75,0.1,5,0.02,20
3476.254293,69,76,0.14,7,0.02,20
3476.254293,68,77,0.18,9,0.02,20
3474.646397,66,68,0.06,2,0.03,20
3474.646397,65,69,0.12,4,0.03,20
3474.646397,64,70,0.18,6,0.03,20
3474.646397,59,76,0.51,17,0.03,20
3474.2985,44,70,0.7,26,0.026923077,20
3473.793359,33,54,0.85,21,0.04047619,20
3471.524421,66,69,0.09,3,0.03,20
3471.524421,65,70,0.15,5,0.03,20
3471.524421,64,71,0.21,7,0.03,20
3471.524421,63,72,0.27,9,0.03,20
3468.807467,42,55,0.45,13,0.034615385,20
3468.196463,57,70,0.43,13,0.033076923,20
3468.196463,55,73,0.59,18,0.032777778,20
3468.196463,52,76,0.79,24,0.032916667,20
3467.374581,52,75,0.77,23,0.033478261,20
3462.656402,38,49,0.44,11,0.04,20
3457.059662,40,56,0.58,16,0.03625,20
3456.384744,60,76,0.48,16,0.03,20
3456.125523,52,79,0.87,27,0.032222222,20
3455.968973,41,47,0.23,6,0.038333333,20
3454.379297,38,56,0.67,18,0.037222222,20
3448.666764,53,79,0.82,26,0.031538462,20
3448.600475,52,80,0.89,28,0.031785714,20
3447.093824,49,78,0.99,29,0.034137931,20
3444.846575,65,73,0.23,8,0.02875,20
3442.642369,53,78,0.8,25,0.032,20
3441.3442,46,49,0.11,3,0.036666667,20
3440.808875,63,71,0.24,8,0.03,20
3440.808875,62,72,0.3,10,0.03,20
3439.904826,60,77,0.5,17,0.029411765,20
3439.392321,32,56,0.95,24,0.039583333,20
3438.757589,48,65,0.43,17,0.025294118,20
3437.16932,40,47,0.28,7,0.04,20
3437.083009,42,54,0.43,12,0.035833333,20
3436.748335,56,80,0.72,24,0.03,20
3436.372463,37,57,0.73,20,0.0365,20
3435.738305,39,55,0.59,16,0.036875,20
3434.78363,49,64,0.41,15,0.027333333,20
3434.030441,40,59,0.66,19,0.034736842,20
3433.540581,67,78,0.22,11,0.02,20
3431.380346,59,67,0.27,8,0.03375,20
3431.086571,37,49,0.49,12,0.040833333,20
3430.675573,38,58,0.65,20,0.0325,20
3428.741435,41,53,0.43,12,0.035833333,20
3427.51126,37,52,0.55,15,0.036666667,20
3426.768189,57,78,0.64,21,0.03047619,20
3426.209608,41,74,0.88,33,0.026666667,20
3425.104208,41,57,0.55,16,0.034375,20
3423.244154,46,68,0.55,22,0.025,20
3422.989877,58,79,0.63,21,0.03,20
3422.759332,44,54,0.34,10,0.034,20
3422.759332,43,55,0.41,12,0.034166667,20
3422.759332,42,56,0.48,14,0.034285714,20
3422.134711,56,79,0.7,23,0.030434783,20
3421.462514,54,77,0.73,23,0.03173913,20
3420.441749,64,80,0.33,16,0.020625,20
3419.751326,34,59,0.88,25,0.0352,20
3419.591192,39,60,0.73,21,0.034761905,20
3419.252829,40,54,0.51,14,0.036428571,20
3419.160249,41,58,0.58,17,0.034117647,20
3414.04513,38,50,0.46,12,0.038333333,20
3413.701863,59,77,0.54,18,0.03,20
3413.701863,58,78,0.6,20,0.03,20
3413.701863,57,79,0.66,22,0.03,20
3412.845744,35,56,0.75,21,0.035714286,20
3412.842188,40,59,0.65,19,0.034210526,20
3411.641979,66,77,0.23,11,0.020909091,20
3410.675399,39,54,0.57,15,0.038,20
3410.512086,39,49,0.37,10,0.037,20
3410.115437,38,56,0.66,18,0.036666667,20
3409.922012,57,80,0.69,23,0.03,20
3409.183003,33,55,0.86,22,0.039090909,20
3407.40117,58,77,0.58,19,0.030526316,20
3406.305168,38,56,0.68,18,0.037777778,20
3405.437539,45,69,0.6,24,0.025,20
3405.364241,39,56,0.58,17,0.034117647,20
3403.230775,55,82,0.81,27,0.03,20
3398.726656,47,67,0.5,20,0.025,20
3397.965322,59,70,0.35,11,0.031818182,20
3396.681042,38,55,0.65,17,0.038235294,20
3396.536877,43,54,0.39,11,0.035454545,20
3396.097217,54,73,0.64,19,0.033684211,20
3395.378601,35,51,0.65,16,0.040625,20
3395.032361,41,52,0.42,11,0.038181818,20
3394.985033,39,55,0.6,16,0.0375,20
3392.908807,60,74,0.43,14,0.030714286,20
3391.30795,40,54,0.5,14,0.035714286,20
3391.093967,51,80,0.94,29,0.032413793,20
3390.719917,58,77,0.57,19,0.03,20
3390.676142,48,66,0.45,18,0.025,20
3390.333205,51,77,0.87,26,0.033461538,20
3388.794263,59,75,0.49,16,0.030625,20
3388.794263,58,76,0.55,18,0.030555556,20
3388.794263,55,80,0.76,25,0.0304,20
3387.032709,43,52,0.32,9,0.035555556,20
3386.176268,38,56,0.65,18,0.036111111,20
3385.325793,42,55,0.46,13,0.035384615,20
3385.096026,54,82,0.85,28,0.030357143,20
3384.68415,58,68,0.34,10,0.034,20
3384.68415,57,69,0.41,12,0.034166667,20
3384.68415,53,74,0.71,21,0.033809524,20
3384.68415,52,75,0.78,23,0.033913043,20
3384.245813,62,83,0.43,21,0.02047619,20
3382.39469,41,71,0.92,30,0.030666667,20
3381.866159,61,84,0.47,23,0.020434783,20
3380.162235,37,57,0.75,20,0.0375,20
3379.843574,63,81,0.37,18,0.020555556,20
3379.475931,35,60,0.91,25,0.0364,20
3379.338511,37,51,0.54,14,0.038571429,20
3378.938954,50,78,0.94,28,0.033571429,20
3378.901821,42,72,0.81,30,0.027,20
3378.431963,35,57,0.83,22,0.037727273,20
3378.383162,32,59,0.99,27,0.036666667,20
3376.841477,52,78,0.85,26,0.032692308,20
3376.393531,55,71,0.55,16,0.034375,20
3376.393531,54,72,0.62,18,0.034444444,20
3376.039707,41,56,0.53,15,0.035333333,20
3373.780466,57,77,0.61,20,0.0305,20
3373.298201,37,56,0.73,19,0.038421053,20
3373.049278,41,73,0.87,32,0.0271875,20
3370.662004,50,78,0.95,28,0.033928571,20
3370.54501,56,70,0.48,14,0.034285714,20
3370.54501,50,77,0.92,27,0.034074074,20
3370.374319,40,74,0.93,34,0.027352941,20
3370.140284,38,62,0.83,24,0.034583333,20
3370.138679,40,74,0.94,34,0.027647059,20
3369.60451,66,79,0.26,13,0.02,20
3369.478142,38,47,0.37,9,0.041111111,20
3368.221927,53,93,0.99,40,0.02475,20
3367.285693,62,84,0.44,22,0.02,20
3367.200889,39,55,0.58,16,0.03625,20
3367.039804,56,88,0.81,32,0.0253125,20
3366.519772,52,76,0.81,24,0.03375,20
3366.519772,51,77,0.88,26,0.033846154,20
3366.433584,40,57,0.61,17,0.035882353,20
3366.433584,39,58,0.68,19,0.035789474,20
3366.402917,51,76,0.85,25,0.034,20
3366.277613,41,72,0.86,31,0.027741935,20
3366.151247,35,54,0.71,19,0.037368421,20
3365.728842,36,59,0.87,23,0.037826087,20
3364.476724,34,56,0.81,22,0.036818182,20
3364.368664,42,48,0.25,6,0.041666667,20
3363.583073,53,91,0.97,38,0.025526316,20
3362.761537,51,79,0.92,28,0.032857143,20
3362.376769,36,60,0.83,24,0.034583333,20
3361.664422,57,72,0.49,15,0.032666667,20
3361.428503,40,54,0.53,14,0.037857143,20
3361.419065,37,58,0.74,21,0.035238095,20
3361.25805,37,57,0.74,20,0.037,20
3359.381408,39,48,0.36,9,0.04,20
3358.354771,38,57,0.68,19,0.035789474,20
3356.860439,35,62,0.92,27,0.034074074,20
3355.899113,41,58,0.59,17,0.034705882,20
3355.181525,40,55,0.56,15,0.037333333,20
3354.293401,42,72,0.8,30,0.026666667,20
3353.724591,53,92,0.97,39,0.024871795,20
3353.680294,35,61,0.95,26,0.036538462,20
3353.537928,55,74,0.62,19,0.032631579,20
3353.32344,43,53,0.36,10,0.036,20
3351.25458,41,50,0.34,9,0.037777778,20
3350.766409,56,77,0.65,21,0.030952381,20
3350.712189,57,75,0.56,18,0.031111111,20
3350.501406,36,53,0.64,17,0.037647059,20
3350.495942,42,56,0.49,14,0.035,20
3350.370719,41,55,0.51,14,0.036428571,20
3349.149403,38,59,0.76,21,0.036190476,20
3349.13084,49,65,0.4,16,0.025,20
3347.906222,54,92,0.93,38,0.024473684,20
3345.482996,36,56,0.75,20,0.0375,20
3344.938608,54,90,0.94,36,0.026111111,20
3344.195626,43,64,0.61,21,0.029047619,20
3344.109922,38,57,0.65,19,0.034210526,20
3344.104439,33,61,0.98,28,0.035,20
3344.099048,44,70,0.69,26,0.026538462,20
3343.667911,56,81,0.75,25,0.03,20
3343.373116,37,58,0.77,21,0.036666667,20
3343.182932,44,51,0.25,7,0.035714286,20
3343.114991,57,79,0.67,22,0.030454545,20
3343.079603,39,52,0.49,13,0.037692308,20
3342.02244,57,72,0.48,15,0.032,20
3341.775859,36,56,0.71,20,0.0355,20
3341.628817,35,61,0.97,26,0.037307692,20
3341.408379,39,56,0.64,17,0.037647059,20
3341.102762,68,80,0.23,12,0.019166667,20
3340.571328,48,64,0.4,16,0.025,20
3340.178734,71,73,0.04,2,0.02,20
3338.470574,55,89,0.86,34,0.025294118,20
3338.470574,53,92,0.98,39,0.025128205,20
3337.855184,42,52,0.38,10,0.038,20
3336.998742,44,63,0.55,19,0.028947368,20
3336.748784,70,74,0.08,4,0.02,20
3336.748784,69,75,0.12,6,0.02,20
3336.748784,68,76,0.16,8,0.02,20
3336.748784,67,77,0.2,10,0.02,20
3335.170459,37,58,0.76,21,0.036190476,20
3334.759791,50,80,0.98,30,0.032666667,20
3333.986266,39,56,0.59,17,0.034705882,20
3333.986266,38,57,0.66,19,0.034736842,20
3333.472473,40,58,0.63,18,0.035,20
3332.412698,57,76,0.59,19,0.031052632,20
3332.354101,34,57,0.83,23,0.036086957,20
3331.489018,51,81,0.96,30,0.032,20
3331.390008,44,53,0.32,9,0.035555556,20
3331.036824,47,66,0.48,19,0.025263158,20
3330.992421,49,63,0.35,14,0.025,20
3330.411128,33,55,0.88,22,0.04,20
3330.041574,60,70,0.32,10,0.032,20
3329.364759,42,71,0.8,29,0.027586207,20
3328.69478,42,48,0.23,6,0.038333333,20
3328.452392,55,88,0.87,33,0.026363636,20
3328.452392,54,89,0.93,35,0.026571429,20
3327.943103,38,48,0.41,10,0.041,20
3327.84578,55,77,0.69,22,0.031363636,20
3327.30825,39,59,0.7,20,0.035,20
3327.155225,49,62,0.33,13,0.025384615,20
3326.717622,37,58,0.79,21,0.037619048,20
3326.256537,39,57,0.66,18,0.036666667,20
3325.028426,41,57,0.56,16,0.035,20
3324.994338,39,50,0.41,11,0.037272727,20
3323.450632,36,59,0.82,23,0.035652174,20
3323.153014,39,57,0.64,18,0.035555556,20
3323.132855,34,60,0.91,26,0.035,20
3322.916315,44,69,0.69,25,0.0276,20
3322.684525,56,86,0.8,30,0.026666667,20
3322.068778,62,70,0.25,8,0.03125,20
3321.881696,40,72,0.99,32,0.0309375,20
3321.069022,36,60,0.86,24,0.035833333,20
3320.93109,36,61,0.82,25,0.0328,20
3320.929313,63,85,0.43,22,0.019545455,20
3320.737287,54,75,0.69,21,0.032857143,20
3319.615107,33,55,0.87,22,0.039545455,20
3319.207629,51,62,0.3,11,0.027272727,20
3318.224031,36,58,0.82,22,0.037272727,20
3317.890534,35,61,0.91,26,0.035,20
3317.267024,34,55,0.83,21,0.03952381,20
3317.026918,34,54,0.78,20,0.039,20
3316.041755,36,59,0.86,23,0.037391304,20
3315.959662,36,54,0.67,18,0.037222222,20
3315.767462,35,61,0.98,26,0.037692308,20
3315.67459,36,59,0.83,23,0.036086957,20
3315.263916,38,53,0.57,15,0.038,20
3314.835984,51,79,0.91,28,0.0325,20
3314.223048,52,77,0.82,25,0.0328,20
3313.203216,38,51,0.49,13,0.037692308,20
3313.030514,58,74,0.5,16,0.03125,20
3312.879796,40,72,0.98,32,0.030625,20
3312.840949,65,79,0.29,14,0.020714286,20
3312.61748,38,50,0.47,12,0.039166667,20
3312.517293,66,82,0.31,16,0.019375,20
3311.922446,37,53,0.58,16,0.03625,20
3310.351337,37,51,0.52,14,0.037142857,20
3309.601733,62,86,0.47,24,0.019583333,20
3308.881266,43,55,0.42,12,0.035,20
3308.493748,50,61,0.28,11,0.025454545,20
3308.401697,33,57,0.94,24,0.039166667,20
3307.996374,36,50,0.58,14,0.041428571,20
3307.288592,62,69,0.22,7,0.031428571,20
3307.288592,59,72,0.41,13,0.031538462,20
3306.801076,58,71,0.42,13,0.032307692,20
3306.379047,65,83,0.35,18,0.019444444,20
3306.379047,64,84,0.39,20,0.0195,20
3305.89948,38,57,0.67,19,0.035263158,20
3305.776269,43,52,0.3,9,0.033333333,20
3305.550295,33,57,0.89,24,0.037083333,20
3305.537174,56,80,0.73,24,0.030416667,20
3305.205373,34,55,0.79,21,0.037619048,20
3303.838095,44,52,0.29,8,0.03625,20
3303.436768,55,87,0.86,32,0.026875,20
3302.970536,71,75,0.08,4,0.02,20
3302.970536,70,76,0.12,6,0.02,20
3302.970536,69,77,0.16,8,0.02,20
3302.312976,51,78,0.89,27,0.032962963,20
3302.212834,35,55,0.73,20,0.0365,20
3301.567698,35,58,0.81,23,0.035217391,20
3301.151104,56,72,0.53,16,0.033125,20
3300.276373,58,72,0.45,14,0.032142857,20
3299.269829,62,87,0.49,25,0.0196,20
3299.269829,61,88,0.53,27,0.01962963,20
3298.976443,46,68,0.58,22,0.026363636,20
3298.72611,67,81,0.27,14,0.019285714,20
3298.715032,61,86,0.5,25,0.02,20
3298.708194,62,66,0.13,4,0.0325,20
3298.708194,60,68,0.26,8,0.0325,20
3298.708194,58,70,0.39,12,0.0325,20
3298.639238,37,56,0.71,19,0.037368421,20
3297.88883,33,58,0.93,25,0.0372,20
3297.798377,45,68,0.63,23,0.027391304,20
3297.460556,38,57,0.72,19,0.037894737,20
3295.921109,51,82,0.98,31,0.031612903,20
3295.879272,34,54,0.79,20,0.0395,20
3295.085739,32,56,0.96,24,0.04,20
3294.957131,43,71,0.76,28,0.027142857,20
3294.56806,45,61,0.47,16,0.029375,20
3294.555908,56,74,0.58,18,0.032222222,20
3294.392135,65,82,0.33,17,0.019411765,20
3294.051775,40,48,0.31,8,0.03875,20
3293.691494,64,85,0.41,21,0.01952381,20
3293.691494,63,86,0.45,23,0.019565217,20
3293.362431,35,55,0.75,20,0.0375,20
3293.274224,47,65,0.45,18,0.025,20
3293.173078,38,62,0.84,24,0.035,20
3293.090802,55,90,0.87,35,0.024857143,20
3293.090802,53,93,0.98,40,0.0245,20
3292.715344,68,78,0.2,10,0.02,20
3292.715344,67,79,0.24,12,0.02,20
3292.715344,66,80,0.28,14,0.02,20
3292.672171,38,54,0.58,16,0.03625,20
3292.609256,33,60,0.96,27,0.035555556,20
3292.573409,35,61,0.93,26,0.035769231,20
3292.407241,35,54,0.75,19,0.039473684,20
3292.32318,36,60,0.84,24,0.035,20
3291.603503,33,54,0.86,21,0.040952381,20
3291.500705,55,81,0.79,26,0.030384615,20
3291.302693,65,81,0.32,16,0.02,20
3290.313035,44,67,0.71,23,0.030869565,20
3289.446863,34,59,0.94,25,0.0376,20
3289.415203,56,91,0.85,35,0.024285714,20
3288.165925,33,59,0.93,26,0.035769231,20
3288.133676,36,56,0.72,20,0.036,20
3288.034616,40,53,0.5,13,0.038461538,20
3287.807823,33,56,0.87,23,0.037826087,20
3287.523815,43,70,0.75,27,0.027777778,20
3287.344281,36,57,0.74,21,0.035238095,20
3286.72886,54,79,0.78,25,0.0312,20
3286.653339,39,46,0.29,7,0.041428571,20
3286.534535,33,57,0.9,24,0.0375,20
3286.48935,37,63,0.91,26,0.035,20
3285.726461,59,70,0.36,11,0.032727273,20
3285.68716,58,73,0.48,15,0.032,20
3285.344238,50,62,0.3,12,0.025,20
3285.194788,34,53,0.77,19,0.040526316,20
3284.848218,42,73,0.96,31,0.030967742,20
3284.400401,43,53,0.35,10,0.035,20
3284.394914,40,51,0.42,11,0.038181818,20
3283.595068,38,55,0.63,17,0.037058824,20
3282.871823,42,72,0.82,30,0.027333333,20
3282.464317,47,64,0.44,17,0.025882353,20
3282.284155,55,78,0.72,23,0.031304348,20
3282.284155,53,80,0.85,27,0.031481481,20
3282.184011,53,90,0.98,37,0.026486486,20
3281.849559,46,60,0.41,14,0.029285714,20
3281.464381,34,54,0.8,20,0.04,20
3281.314734,35,53,0.7,18,0.038888889,20
3279.853566,36,58,0.81,22,0.036818182,20
3279.385036,37,52,0.56,15,0.037333333,20
3279.286027,41,73,0.88,32,0.0275,20
3279.224606,35,62,0.93,27,0.034444444,20
3278.137707,57,71,0.46,14,0.032857143,20
3277.788973,35,58,0.87,23,0.037826087,20
3277.720838,60,71,0.35,11,0.031818182,20
3277.720838,57,74,0.54,17,0.031764706,20
3277.720838,56,76,0.63,20,0.0315,20
3277.720838,54,78,0.76,24,0.031666667,20
3277.120022,42,53,0.41,11,0.037272727,20
3276.254379,72,74,0.04,2,0.02,20
3275.672498,45,53,0.28,8,0.035,20
3275.672498,44,54,0.35,10,0.035,20
3275.490244,62,82,0.5,20,0.025,20
3275.335087,53,59,0.15,6,0.025,20
3275.335087,52,60,0.2,8,0.025,20
3275.295233,45,71,0.64,26,0.024615385,20
3275.240628,51,61,0.25,10,0.025,20
3274.028123,35,51,0.68,16,0.0425,20
3273.867781,34,57,0.84,23,0.036521739,20
3273.791335,41,50,0.33,9,0.036666667,20
3273.256532,54,91,0.93,37,0.025135135,20
3273.053478,37,57,0.76,20,0.038,20
3272.973746,37,59,0.73,22,0.033181818,20
3272.90921,41,55,0.49,14,0.035,20
3272.639376,39,54,0.51,15,0.034,20
3272.636053,37,58,0.75,21,0.035714286,20
3272.636053,36,60,0.85,24,0.035416667,20
3272.636053,35,61,0.92,26,0.035384615,20
3272.608344,48,63,0.38,15,0.025333333,20
3272.603075,36,59,0.84,23,0.036521739,20
3272.091303,59,73,0.44,14,0.031428571,20
3272.091303,57,75,0.57,18,0.031666667,20
3272.049639,55,76,0.67,21,0.031904762,20
3271.701749,43,46,0.11,3,0.036666667,20
3270.867821,41,49,0.31,8,0.03875,20
3270.579081,36,64,0.99,28,0.035357143,20
3270.205271,38,58,0.71,20,0.0355,20
3270.109088,41,54,0.43,13,0.033076923,20
3269.955362,64,83,0.37,19,0.019473684,20
3269.786497,41,56,0.54,15,0.036,20
3269.775594,36,55,0.72,19,0.037894737,20
3269.305459,44,69,0.68,25,0.0272,20
3267.83387,55,92,0.91,37,0.024594595,20
3267.475789,41,54,0.47,13,0.036153846,20
3267.219671,73,74,0.02,1,0.02,20
3267.219671,72,75,0.06,3,0.02,20
3267.219671,71,76,0.1,5,0.02,20
3267.076824,63,82,0.39,19,0.020526316,20
3266.472906,61,83,0.55,22,0.025,20
3266.338768,40,49,0.33,9,0.036666667,20
3265.792861,33,58,0.91,25,0.0364,20
3265.525539,39,49,0.39,10,0.039,20
3265.458285,37,55,0.68,18,0.037777778,20
3265.178963,60,67,0.24,7,0.034285714,20
3264.801455,54,88,0.91,34,0.026764706,20
3264.426732,35,99,0.15,64,0.00234375,20
3264.395659,42,54,0.42,12,0.035,20
3263.915479,35,60,0.92,25,0.0368,20
3263.003672,44,51,0.23,7,0.032857143,20
3262.619912,36,52,0.62,16,0.03875,20
3261.816663,62,85,0.46,23,0.02,20
3261.542741,45,52,0.25,7,0.035714286,20
3260.769406,36,63,0.86,27,0.031851852,20
3260.764008,34,52,0.74,18,0.041111111,20
3260.721212,35,51,0.67,16,0.041875,20
3260.561562,38,61,0.81,23,0.035217391,20
3260.301494,54,91,0.92,37,0.024864865,20
3259.881143,39,46,0.3,7,0.042857143,20
3259.694912,60,84,0.5,24,0.020833333,20
3259.610752,37,55,0.66,18,0.036666667,20
3259.450587,33,56,0.9,23,0.039130435,20
3259.390007,42,75,0.86,33,0.026060606,20
3259.26434,43,47,0.15,4,0.0375,20
3259.23917,62,82,0.41,20,0.0205,20
3258.764971,34,55,0.8,21,0.038095238,20
3258.686801,48,59,0.31,11,0.028181818,20
3258.652428,34,52,0.75,18,0.041666667,20
3258.603372,36,54,0.66,18,0.036666667,20
3258.35495,46,60,0.4,14,0.028571429,20
3258.209039,35,60,0.94,25,0.0376,20
3257.333707,39,59,0.71,20,0.0355,20
3257.021443,45,76,0.9,31,0.029032258,20
3256.644573,65,78,0.27,13,0.020769231,20
3256.551494,37,55,0.67,18,0.037222222,20
3256.45397,35,61,0.9,26,0.034615385,20
3255.97478,53,89,0.97,36,0.026944444,20
3255.483652,33,60,0.97,27,0.035925926,20
3255.169683,32,56,0.92,24,0.038333333,20
3255.062284,42,49,0.26,7,0.037142857,20
3254.899658,55,92,0.9,37,0.024324324,20
3254.763186,35,52,0.69,17,0.040588235,20
3254.475803,36,57,0.75,21,0.035714286,20
3253.908125,49,59,0.26,10,0.026,20
3252.969577,32,56,0.93,24,0.03875,20
3252.824367,39,59,0.63,20,0.0315,20
3252.408531,35,58,0.84,23,0.036521739,20
3252.401107,39,56,0.57,17,0.033529412,20
3252.263371,49,58,0.24,9,0.026666667,20
3251.978302,33,57,0.93,24,0.03875,20
3251.872365,35,59,0.92,24,0.038333333,20
3251.784076,36,58,0.83,22,0.037727273,20
3251.629572,46,67,0.53,21,0.025238095,20
3251.591133,47,61,0.37,14,0.026428571,20
3251.283397,47,66,0.52,19,0.027368421,20
3251.151786,45,46,0.04,1,0.04,20
3251.151786,44,47,0.12,3,0.04,20
3250.497354,36,58,0.84,22,0.038181818,20
3250.463006,66,81,0.3,15,0.02,20
3250.463006,65,82,0.34,17,0.02,20
3250.329677,43,68,0.78,25,0.0312,20
3249.63061,38,51,0.48,13,0.036923077,20
3249.586325,40,73,0.92,33,0.027878788,20
3249.466215,45,62,0.48,17,0.028235294,20
3249.351389,34,56,0.82,22,0.037272727,20
3249.186407,36,98,0.14,62,0.002258065,20
3249.067949,64,83,0.38,19,0.02,20
3248.981033,36,53,0.66,17,0.038823529,20
3248.428125,35,61,0.94,26,0.036153846,20
3248.366532,38,58,0.74,20,0.037,20
3248.338213,40,56,0.52,16,0.0325,20
3247.602421,37,54,0.65,17,0.038235294,20
3247.339528,40,56,0.55,16,0.034375,20
3247.073032,35,60,0.93,25,0.0372,20
3246.99157,36,57,0.8,21,0.038095238,20
3246.926126,38,58,0.72,20,0.036,20
3246.745057,35,53,0.71,18,0.039444444,20
3246.305223,58,65,0.24,7,0.034285714,20
3246.305223,57,66,0.31,9,0.034444444,20
3245.994721,37,47,0.44,10,0.044,20
3245.437838,61,66,0.17,5,0.034,20
3245.172373,52,73,0.51,21,0.024285714,20
3245.092855,52,59,0.18,7,0.025714286,20
3245.048689,46,67,0.58,21,0.027619048,20
3244.401909,36,63,0.97,27,0.035925926,20
3244.033442,54,94,0.97,40,0.02425,20
3243.550276,56,73,0.55,17,0.032352941,20
3243.550276,54,75,0.68,21,0.032380952,20
3243.550276,53,76,0.75,23,0.032608696,20
3243.284012,52,55,0.08,3,0.026666667,20
3243.093527,36,59,0.85,23,0.036956522,20
3242.629348,42,53,0.36,11,0.032727273,20
3242.504743,39,50,0.43,11,0.039090909,20
3242.309163,38,47,0.39,9,0.043333333,20
3242.109132,55,57,0.05,2,0.025,20
3242.109132,54,58,0.1,4,0.025,20
3241.966254,37,47,0.41,10,0.041,20
3241.168503,35,60,0.89,25,0.0356,20
3241.106113,40,44,0.17,4,0.0425,20
3240.840425,41,55,0.45,14,0.032142857,20
3240.724841,37,51,0.55,14,0.039285714,20
3240.325581,34,56,0.84,22,0.038181818,20
3239.820118,41,52,0.37,11,0.033636364,20
3239.488861,35,55,0.74,20,0.037,20
3239.301031,35,54,0.74,19,0.038947368,20
3239.034411,34,63,0.99,29,0.034137931,20
3238.93908,55,90,0.88,35,0.025142857,20
3238.93908,54,92,0.95,38,0.025,20
3238.915888,60,89,0.57,29,0.019655172,20
3238.640734,39,60,0.74,21,0.035238095,20
3238.380839,39,52,0.5,13,0.038461538,20
3238.128261,34,59,0.95,25,0.038,20
3238.021223,36,54,0.7,18,0.038888889,20
3237.390264,43,51,0.29,8,0.03625,20
3236.493678,42,70,0.86,28,0.030714286,20
3236.36078,44,51,0.26,7,0.037142857,20
3235.890241,34,62,0.98,28,0.035,20
3235.873755,36,64,0.87,28,0.031071429,20
3235.765676,33,60,0.95,27,0.035185185,20
3235.423598,63,84,0.42,21,0.02,20
3234.290141,33,57,0.91,24,0.037916667,20
3234.258536,34,56,0.83,22,0.037727273,20
3234.239296,36,56,0.77,20,0.0385,20
3234.239296,35,57,0.85,22,0.038636364,20
3233.821077,35,65,0.95,30,0.031666667,20
3233.525264,55,93,0.92,38,0.024210526,20
3233.443092,34,58,0.92,24,0.038333333,20
3232.675573,37,47,0.43,10,0.043,20
3232.391474,41,73,0.86,32,0.026875,20
3231.674387,40,51,0.41,11,0.037272727,20
3231.273181,40,56,0.56,16,0.035,20
3230.502277,36,60,0.88,24,0.036666667,20
3230.026542,35,58,0.86,23,0.037391304,20
3229.982279,42,71,0.79,29,0.027241379,20
3229.809024,66,81,0.29,15,0.019333333,20
3229.803788,38,56,0.69,18,0.038333333,20
3229.406379,38,58,0.66,20,0.033,20
3229.091846,47,65,0.46,18,0.025555556,20
3229.010097,34,61,0.98,27,0.036296296,20
3228.892774,54,89,0.92,35,0.026285714,20
3228.892774,53,90,0.97,37,0.026216216,20
3228.892774,53,91,0.99,38,0.026052632,20
3228.622123,36,59,0.81,23,0.035217391,20
3228.331646,40,59,0.67,19,0.035263158,20
3227.745826,58,69,0.37,11,0.033636364,20
3227.709303,56,87,0.81,31,0.026129032,20
3227.091779,39,57,0.59,18,0.032777778,20
3227.076362,32,58,0.98,26,0.037692308,20
3227.005842,37,62,0.89,25,0.0356,20
3226.988935,34,58,0.91,24,0.037916667,20
3226.956427,42,73,0.81,31,0.026129032,20
3226.738726,44,69,0.83,25,0.0332,20
3226.115839,56,89,0.82,33,0.024848485,20
3226.115839,55,91,0.88,36,0.024444444,20
3225.790081,41,50,0.36,9,0.04,20
3225.617371,55,77,0.71,22,0.032272727,20
3224.977834,53,92,0.99,39,0.025384615,20
3224.937408,40,53,0.44,13,0.033846154,20
3224.300607,38,54,0.59,16,0.036875,20
3223.872211,42,74,0.83,32,0.0259375,20
3223.605663,56,73,0.56,17,0.032941176,20
3223.377633,58,74,0.51,16,0.031875,20
3223.269416,37,64,0.91,27,0.033703704,20
3223.090685,36,98,0.12,62,0.001935484,20
3222.99068,40,52,0.43,12,0.035833333,20
3222.923069,45,67,0.56,22,0.025454545,20
3222.400529,42,72,0.99,30,0.033,20
3221.035098,37,62,0.78,25,0.0312,20
3220.791904,40,55,0.55,15,0.036666667,20
3220.47676,38,54,0.6,16,0.0375,20
3219.989478,36,56,0.74,20,0.037,20
3219.94992,59,86,0.67,27,0.024814815,20
3219.94992,57,89,0.79,32,0.0246875,20
3219.846989,34,52,0.76,18,0.042222222,20
3219.667606,39,58,0.66,19,0.034736842,20
3219.122026,38,46,0.35,8,0.04375,20
3218.980797,37,55,0.69,18,0.038333333,20
3218.912824,54,95,0.99,41,0.024146341,20
3217.953713,36,63,0.87,27,0.032222222,20
3217.923227,39,58,0.69,19,0.036315789,20
3217.370106,39,56,0.62,17,0.036470588,20
3217.331649,54,77,0.76,23,0.033043478,20
3217.099823,53,97,0.96,44,0.021818182,20
3216.994159,57,70,0.44,13,0.033846154,20
3216.744038,51,60,0.23,9,0.025555556,20
3216.2143,37,56,0.65,19,0.034210526,20
3216.188648,35,50,0.62,15,0.041333333,20
3216.150464,34,52,0.77,18,0.042777778,20
3215.803271,53,76,0.76,23,0.033043478,20
3215.780328,40,54,0.47,14,0.033571429,20
3215.698671,34,62,0.99,28,0.035357143,20
3215.509097,37,52,0.59,15,0.039333333,20
3215.342851,55,91,0.89,36,0.024722222,20
3215.342851,54,92,0.94,38,0.024736842,20
3214.53286,36,49,0.54,13,0.041538462,20
3214.499925,36,99,0.15,63,0.002380952,20
3214.424517,41,53,0.4,12,0.033333333,20
3214.404008,39,52,0.48,13,0.036923077,20
3214.137163,55,94,0.94,39,0.024102564,20
3214.094157,35,55,0.78,20,0.039,20
3213.946154,51,58,0.18,7,0.025714286,20
3213.784307,64,82,0.36,18,0.02,20
3213.784307,63,83,0.4,20,0.02,20
3213.68702,70,77,0.14,7,0.02,20
3213.68702,69,78,0.18,9,0.02,20
3213.630932,47,63,0.41,16,0.025625,20
3213.456889,53,90,0.99,37,0.026756757,20
3213.449062,53,76,0.78,23,0.033913043,20
3213.449062,51,79,0.94,28,0.033571429,20
3212.869299,36,57,0.81,21,0.038571429,20
3212.609253,33,56,0.88,23,0.03826087,20
3212.606775,34,60,0.89,26,0.034230769,20
3212.342881,53,79,0.84,26,0.032307692,20
3211.802763,57,74,0.56,17,0.032941176,20
3211.802763,53,79,0.85,26,0.032692308,20
3211.802763,52,80,0.92,28,0.032857143,20
3211.553839,48,61,0.34,13,0.026153846,20
3211.35573,50,79,0.96,29,0.033103448,20
3210.905499,57,73,0.54,16,0.03375,20
3210.495129,42,54,0.44,12,0.036666667,20
3209.942323,35,58,0.85,23,0.036956522,20
3209.919165,56,76,0.64,20,0.032,20
3208.868427,42,71,0.81,29,0.027931034,20
3208.642779,36,51,0.61,15,0.040666667,20
3208.597838,38,51,0.51,13,0.039230769,20
3208.491456,34,58,0.85,24,0.035416667,20
3208.468919,52,53,0.03,1,0.03,20
3208.468919,51,54,0.09,3,0.03,20
3208.468919,50,55,0.15,5,0.03,20
3208.468919,49,56,0.21,7,0.03,20
3208.468919,48,57,0.27,9,0.03,20
3208.334108,50,58,0.21,8,0.02625,20
3208.268124,50,87,0.97,37,0.026216216,20
3208.230647,47,64,0.43,17,0.025294118,20
3208.168271,54,88,0.92,34,0.027058824,20
3207.566663,48,62,0.48,14,0.034285714,20
3207.451549,37,52,0.57,15,0.038,20
3207.44668,50,77,0.64,27,0.023703704,20
3207.43316,53,78,0.83,25,0.0332,20
3207.256534,34,55,0.81,21,0.038571429,20
3207.004986,35,57,0.82,22,0.037272727,20
3206.795744,47,63,0.5,16,0.03125,20
3206.677203,58,72,0.47,14,0.033571429,20
3205.857365,44,64,0.56,20,0.028,20
3205.825474,51,80,0.97,29,0.033448276,20
3205.510674,34,51,0.71,17,0.041764706,20
3205.217215,55,89,0.87,34,0.025588235,20
3205.217215,54,90,0.92,36,0.025555556,20
3204.757965,60,70,0.33,10,0.033,20
3204.713251,51,81,0.99,30,0.033,20
3204.59523,51,82,0.99,31,0.031935484,20
3204.583467,54,82,0.74,28,0.026428571,20
3204.583467,51,86,0.92,35,0.026285714,20
3204.371626,37,56,0.72,19,0.037894737,20
3203.943532,45,69,0.64,24,0.026666667,20
3203.836523,40,52,0.45,12,0.0375,20
3203.767548,61,82,0.44,21,0.020952381,20
3203.535423,55,72,0.58,17,0.034117647,20
3203.423962,39,52,0.47,13,0.036153846,20
3202.881144,60,72,0.35,12,0.029166667,20
3202.800935,40,57,0.59,17,0.034705882,20
3202.714546,68,79,0.22,11,0.02,20
3202.714546,67,80,0.26,13,0.02,20
3202.665513,59,63,0.14,4,0.035,20
3202.416565,32,57,0.98,25,0.0392,20
3202.28762,43,49,0.22,6,0.036666667,20
3202.220305,45,66,0.65,21,0.030952381,20
3202.217517,59,71,0.4,12,0.033333333,20
3202.069734,46,64,0.47,18,0.026111111,20
3201.923168,43,72,0.76,29,0.026206897,20
3201.879974,52,79,0.9,27,0.033333333,20
3201.566039,36,57,0.76,21,0.036190476,20
3201.446712,39,59,0.72,20,0.036,20
3201.23717,54,89,0.91,35,0.026,20
3201.23717,53,91,0.98,38,0.025789474,20
3201.081049,42,49,0.25,7,0.035714286,20
3200.743938,54,73,0.65,19,0.034210526,20
3200.612366,58,71,0.44,13,0.033846154,20
3200.169876,44,53,0.29,9,0.032222222,20
3200.136729,52,80,0.9,28,0.032142857,20
3199.869062,35,54,0.73,19,0.038421053,20
3199.592656,56,71,0.51,15,0.034,20
3199.41393,53,89,0.98,36,0.027222222,20
3199.008612,38,61,0.72,23,0.031304348,20
3198.987985,56,67,0.38,11,0.034545455,20
3198.978977,35,65,0.93,30,0.031,20
3198.723785,60,62,0.07,2,0.035,20
3198.723785,55,68,0.45,13,0.034615385,20
3198.723785,54,69,0.52,15,0.034666667,20
3198.693202,65,83,0.36,18,0.02,20
3198.693202,64,84,0.4,20,0.02,20
3198.587911,36,56,0.76,20,0.038,20
3198.509474,32,57,0.96,25,0.0384,20
3197.991111,38,57,0.7,19,0.036842105,20
3197.897487,41,53,0.44,12,0.036666667,20
3197.885204,44,47,0.11,3,0.036666667,20
3197.845819,35,58,0.83,23,0.036086957,20
3197.563263,40,51,0.45,11,0.040909091,20
3197.465879,62,68,0.2,6,0.033333333,20
3196.673088,56,74,0.6,18,0.033333333,20
3196.673088,55,75,0.67,20,0.0335,20
3196.272729,39,60,0.75,21,0.035714286,20
3195.922661,60,84,0.6,24,0.025,20
3195.922661,59,85,0.65,26,0.025,20
3195.922661,58,87,0.72,29,0.024827586,20
3195.922661,57,88,0.77,31,0.02483871,20
3195.863038,54,76,0.74,22,0.033636364,20
3195.863038,53,77,0.81,24,0.03375,20
3195.777223,40,56,0.57,16,0.035625,20
3195.755663,37,55,0.64,18,0.035555556,20
3195.606291,36,53,0.67,17,0.039411765,20
3195.212639,61,68,0.23,7,0.032857143,20
3195.174388,63,68,0.16,5,0.032,20
3195.174388,56,75,0.61,19,0.032105263,20
3195.174388,55,77,0.7,22,0.031818182,20
3195.109726,62,67,0.17,5,0.034,20
3194.865536,55,76,0.69,21,0.032857143,20
3194.764508,38,60,0.79,22,0.035909091,20
3194.69142,35,57,0.78,22,0.035454545,20
3194.595794,55,75,0.65,20,0.0325,20
3194.595794,54,77,0.74,23,0.032173913,20
3193.904278,37,48,0.44,11,0.04,20
3193.412088,56,79,0.62,23,0.026956522,20
3193.330845,40,45,0.21,5,0.042,20
3193.053827,66,83,0.33,17,0.019411765,20
3192.978714,50,63,0.33,13,0.025384615,20
3192.978714,49,64,0.38,15,0.025333333,20
3192.950414,41,48,0.25,7,0.035714286,20
3192.820716,53,83,0.8,30,0.026666667,20
3192.796599,54,93,0.96,39,0.024615385,20
3192.700859,43,48,0.19,5,0.038,20
3192.372826,42,72,0.98,30,0.032666667,20
3192.158879,41,71,0.93,30,0.031,20
3192.028499,43,71,0.77,28,0.0275,20
3191.990164,41,51,0.37,10,0.037,20
3191.958874,63,67,0.13,4,0.0325,20
3191.958874,59,72,0.42,13,0.032307692,20
3191.958874,57,74,0.55,17,0.032352941,20
3191.865216,35,59,0.9,24,0.0375,20
3191.591917,44,68,0.74,24,0.030833333,20
3191.548743,33,53,0.86,20,0.043,20
3191.543841,35,59,0.91,24,0.037916667,20
3191.265387,58,73,0.49,15,0.032666667,20
3191.104126,54,78,0.77,24,0.032083333,20
3191.059548,33,52,0.79,19,0.041578947,20
3190.711408,45,61,0.48,16,0.03,20
3190.460973,37,60,0.81,23,0.035217391,20
3190.322783,38,54,0.61,16,0.038125,20
3190.033635,36,57,0.78,21,0.037142857,20
3189.759056,46,66,0.51,20,0.0255,20
3189.682431,60,72,0.38,12,0.031666667,20
3189.669606,53,83,0.81,30,0.027,20
3189.431071,37,48,0.46,11,0.041818182,20
3189.415948,54,78,0.78,24,0.0325,20
3188.74853,42,55,0.42,13,0.032307692,20
3188.639341,38,60,0.71,22,0.032272727,20
3188.639341,37,61,0.78,24,0.0325,20
3188.508707,50,86,0.97,36,0.026944444,20
3188.306744,34,58,0.93,24,0.03875,20
3188.250184,44,62,0.54,18,0.03,20
3188.165488,33,58,0.94,25,0.0376,20
3187.968492,42,55,0.47,13,0.036153846,20
3187.753624,40,51,0.4,11,0.036363636,20
3187.753624,38,53,0.55,15,0.036666667,20
3187.371892,38,46,0.34,8,0.0425,20
3187.131736,50,60,0.26,10,0.026,20
3187.084943,31,55,0.99,24,0.04125,20
3187.021239,57,87,0.76,30,0.025333333,20
3186.82487,56,75,0.62,19,0.032631579,20
3186.557172,42,53,0.39,11,0.035454545,20
3186.472276,61,70,0.29,9,0.032222222,20
3186.380064,53,72,0.46,19,0.024210526,20
3186.26494,40,55,0.54,15,0.036,20
3185.807365,43,69,0.8,26,0.030769231,20
3185.765771,36,55,0.73,19,0.038421053,20
3185.596937,52,57,0.13,5,0.026,20
3185.528118,55,74,0.63,19,0.033157895,20
3185.384708,43,71,0.88,28,0.031428571,20
3185.345022,35,60,0.9,25,0.036,20
3185.142803,54,75,0.71,21,0.033809524,20
3185.115228,58,89,0.76,31,0.024516129,20
3185.115228,57,90,0.81,33,0.024545455,20
3185.115228,56,92,0.88,36,0.024444444,20
3185.115228,55,93,0.93,38,0.024473684,20
3185.115228,54,94,0.98,40,0.0245,20
3185.109788,53,98,0.97,45,0.021555556,20
3185.038911,33,61,0.97,28,0.034642857,20
3184.788856,41,50,0.37,9,0.041111111,20
3184.733416,33,60,0.99,27,0.036666667,20
3184.60121,32,58,0.99,26,0.038076923,20
3184.528305,37,48,0.45,11,0.040909091,20
3183.938424,59,89,0.6,30,0.02,20
3183.844639,59,73,0.41,14,0.029285714,20
3183.844639,58,74,0.47,16,0.029375,20
3183.844639,57,75,0.53,18,0.029444444,20
3183.844639,56,76,0.59,20,0.0295,20
3183.807501,46,60,0.42,14,0.03,20
3183.807501,45,62,0.5,17,0.029411765,20
3183.712701,35,99,0.16,64,0.0025,20
3183.676147,35,59,0.89,24,0.037083333,20
3183.46446,36,55,0.74,19,0.038947368,20
3183.248435,51,81,0.97,30,0.032333333,20
3183.054312,39,53,0.56,14,0.04,20
3182.376476,38,59,0.77,21,0.036666667,20
3181.938664,35,98,0.15,63,0.002380952,20
3181.643875,34,64,0.97,30,0.032333333,20
3181.510907,55,73,0.6,18,0.033333333,20
3181.493804,42,49,0.27,7,0.038571429,20
3181.338793,39,57,0.67,18,0.037222222,20
3181.264534,63,66,0.1,3,0.033333333,20
3181.264534,60,69,0.3,9,0.033333333,20
3181.221988,59,70,0.37,11,0.033636364,20
3181.221988,55,74,0.64,19,0.033684211,20
3181.197891,37,59,0.8,22,0.036363636,20
3181.145513,53,78,0.81,25,0.0324,20
3181.041425,35,58,0.8,23,0.034782609,20
3180.597601,40,58,0.64,18,0.035555556,20
3180.37998,40,56,0.59,16,0.036875,20
3180.24518,38,60,0.76,22,0.034545455,20
3180.150568,54,93,0.95,39,0.024358974,20
3180.142495,44,50,0.2,6,0.033333333,20
3180.022604,38,53,0.58,15,0.038666667,20
3179.7868,37,55,0.65,18,0.036111111,20
3179.72357,38,54,0.57,16,0.035625,20
3179.713149,44,71,0.72,27,0.026666667,20
3179.464636,52,80,0.91,28,0.0325,20
3179.422908,51,81,0.98,30,0.032666667,20
3179.068084,36,55,0.68,19,0.035789474,20
3179.003775,37,62,0.9,25,0.036,20
3178.493144,39,56,0.63,17,0.037058824,20
3178.430567,56,77,0.61,21,0.029047619,20
3178.331058,55,77,0.65,22,0.029545455,20
3178.328275,40,53,0.47,13,0.036153846,20
3178.316639,45,68,0.74,23,0.032173913,20
3178.005443,41,48,0.27,7,0.038571429,20
3177.849207,35,57,0.8,22,0.036363636,20
3177.815116,52,77,0.83,25,0.0332,20
3177.815116,51,78,0.9,27,0.033333333,20
3177.696226,65,77,0.32,12,0.026666667,20
3177.3044,50,88,0.98,38,0.025789474,20
3177.032753,49,61,0.31,12,0.025833333,20
3176.94736,33,53,0.83,20,0.0415,20
3176.929448,40,50,0.39,10,0.039,20
3176.566909,37,59,0.79,22,0.035909091,20
3176.500682,32,53,0.88,21,0.041904762,20
3176.472615,35,63,0.96,28,0.034285714,20
3176.419607,33,58,0.92,25,0.0368,20
3176.386345,42,52,0.36,10,0.036,20
3176.162177,54,79,0.79,25,0.0316,20
3176.162177,52,81,0.92,29,0.031724138,20
3176.154408,57,91,0.82,34,0.024117647,20
3176.072839,53,77,0.79,24,0.032916667,20
3175.591951,37,60,0.85,23,0.036956522,20
3175.219216,37,62,0.79,25,0.0316,20
3175.174767,34,59,0.87,25,0.0348,20
3175.137321,36,62,0.88,26,0.033846154,20
3174.870167,40,76,0.9,36,0.025,20
3174.190253,52,84,0.86,32,0.026875,20
3173.974804,50,76,0.63,26,0.024230769,20
3173.816138,65,84,0.37,19,0.019473684,20
3173.58003,41,56,0.52,15,0.034666667,20
3173.550923,65,80,0.3,15,0.02,20
3173.550923,64,81,0.34,17,0.02,20
3173.522495,39,51,0.47,12,0.039166667,20
3173.479564,37,60,0.79,23,0.034347826,20
3173.354037,61,69,0.26,8,0.0325,20
3173.354037,55,76,0.68,21,0.032380952,20
3172.880524,52,83,0.85,31,0.027419355,20
3172.250528,48,62,0.36,14,0.025714286,20
3171.957002,35,60,0.95,25,0.038,20
3171.854461,39,59,0.64,20,0.032,20
3171.795823,37,61,0.87,24,0.03625,20
3171.757802,35,50,0.64,15,0.042666667,20
3171.742037,53,79,0.83,26,0.031923077,20
3171.486196,35,57,0.79,22,0.035909091,20
3171.379665,42,47,0.18,5,0.036,20
3171.184583,34,59,0.92,25,0.0368,20
3170.990446,66,78,0.25,12,0.020833333,20
3170.493684,50,87,0.98,37,0.026486486,20
3170.46688,34,57,0.88,23,0.03826087,20
3170.291455,36,49,0.55,13,0.042307692,20
3170.235504,33,57,0.92,24,0.038333333,20
3170.204506,36,53,0.65,17,0.038235294,20
3170.135041,47,62,0.39,15,0.026,20
3170.043549,38,53,0.56,15,0.037333333,20
3169.778619,63,85,0.44,22,0.02,20
3169.526457,56,90,0.84,34,0.024705882,20
3168.94264,33,60,0.98,27,0.036296296,20
3168.694211,38,61,0.82,23,0.035652174,20
3168.03255,46,55,0.28,9,0.031111111,20
3167.85807,59,71,0.39,12,0.0325,20
3167.85807,57,73,0.52,16,0.0325,20
3167.85807,54,76,0.72,22,0.032727273,20
3167.85807,52,79,0.88,27,0.032592593,20
3167.66685,39,53,0.52,14,0.037142857,20
3167.574361,46,65,0.49,19,0.025789474,20
3167.565352,43,85,0.05,42,0.001190476,20
3167.3363,35,59,0.82,24,0.034166667,20
3167.30415,34,61,0.96,27,0.035555556,20
3166.908341,51,80,0.96,29,0.033103448,20
3166.681897,33,61,0.99,28,0.035357143,20
3166.513694,47,59,0.34,12,0.028333333,20
3165.537167,58,77,0.51,19,0.026842105,20
3165.37249,42,69,0.85,27,0.031481481,20
3165.240591,43,54,0.36,11,0.032727273,20
3165.106907,35,64,0.93,29,0.032068966,20
3165.050104,36,48,0.53,12,0.044166667,20
3165.010296,41,54,0.49,13,0.037692308,20
3164.988513,37,56,0.67,19,0.035263158,20
3164.113669,39,57,0.63,18,0.035,20
3164.050475,57,73,0.53,16,0.033125,20
3164.050475,54,76,0.73,22,0.033181818,20
3164.050475,53,78,0.82,25,0.0328,20
3164.050475,52,79,0.89,27,0.032962963,20
3163.439082,45,70,0.62,25,0.0248,20
3163.369929,42,73,0.83,31,0.026774194,20
3163.225,36,57,0.79,21,0.037619048,20
3163.0188,43,71,0.9,28,0.032142857,20
3162.546819,51,85,0.91,34,0.026764706,20
3162.343489,36,61,0.81,25,0.0324,20
3162.144211,47,52,0.16,5,0.032,20
3162.063805,37,54,0.63,17,0.037058824,20
3161.732218,55,94,0.86,39,0.022051282,20
3161.560525,36,61,0.86,25,0.0344,20
3161.062838,55,90,0.9,35,0.025714286,20
3161.004141,43,48,0.18,5,0.036,20
3160.639466,37,63,0.89,26,0.034230769,20
3160.557947,59,69,0.33,10,0.033,20
3159.846639,37,54,0.64,17,0.037647059,20
3159.613541,40,57,0.62,17,0.036470588,20
3159.267483,46,66,0.55,20,0.0275,20
3159.074141,53,82,0.79,29,0.027241379,20
3158.801649,34,58,0.9,24,0.0375,20
3158.665637,53,75,0.74,22,0.033636364,20
3158.362351,40,58,0.62,18,0.034444444,20
3158.362351,39,59,0.69,20,0.0345,20
3158.278144,42,69,0.84,27,0.031111111,20
3158.197627,55,70,0.36,15,0.024,20
3158.197627,54,71,0.41,17,0.024117647,20
3157.658045,41,74,0.89,33,0.026969697,20
3157.658045,40,75,0.95,35,0.027142857,20
3157.420191,35,58,0.82,23,0.035652174,20
3157.3658,50,69,0.49,19,0.025789474,20
3157.181801,32,54,0.91,22,0.041363636,20
3157.063186,53,77,0.8,24,0.033333333,20
3157.063186,52,78,0.87,26,0.033461538,20
3156.702364,47,67,0.54,20,0.027,20
3156.625747,47,65,0.59,18,0.032777778,20
3156.614218,40,49,0.35,9,0.038888889,20
3156.471824,56,80,0.63,24,0.02625,20
3156.465625,54,96,0.91,42,0.021666667,20
3156.230693,39,61,0.74,22,0.033636364,20
3156.170287,33,58,0.96,25,0.0384,20
3156.084632,50,80,0.99,30,0.033,20
3155.694722,44,67,0.78,23,0.033913043,20
3155.285088,54,92,0.97,38,0.025526316,20
3155.207457,36,59,0.89,23,0.038695652,20
3154.482139,36,61,0.87,25,0.0348,20
3154.333923,38,51,0.47,13,0.036153846,20
3154.31097,56,73,0.57,17,0.033529412,20
3154.285304,58,72,0.46,14,0.032857143,20
3154.269521,38,61,0.83,23,0.036086957,20
3154.081545,44,49,0.17,5,0.034,20
3153.607966,36,65,0.98,29,0.033793103,20
3153.598716,45,68,0.58,23,0.025217391,20
3153.38653,56,93,0.89,37,0.024054054,20
3153.262459,44,69,0.67,25,0.0268,20
3153.152668,39,60,0.76,21,0.036190476,20
3152.689733,39,53,0.5,14,0.035714286,20
3152.255635,34,59,0.93,25,0.0372,20
3151.961419,38,59,0.74,21,0.035238095,20
3151.527923,45,51,0.22,6,0.036666667,20
3151.294556,47,59,0.36,12,0.03,20
3150.902345,44,69,0.7,25,0.028,20
3150.847872,38,55,0.67,17,0.039411765,20
3150.629985,33,59,0.99,26,0.038076923,20
3150.464783,37,62,0.8,25,0.032,20
3150.423466,61,72,0.32,11,0.029090909,20
3150.423466,60,73,0.38,13,0.029230769,20
3150.301751,38,63,0.84,25,0.0336,20
3150.24645,39,53,0.51,14,0.036428571,20
3150.054212,67,77,0.21,10,0.021,20
3149.905843,43,79,0.89,36,0.024722222,20
3149.427926,42,56,0.5,14,0.035714286,20
3149.317411,51,76,0.59,25,0.0236,20
3149.248059,39,56,0.61,17,0.035882353,20
3149.150367,36,58,0.79,22,0.035909091,20
3149.095622,56,88,0.83,32,0.0259375,20
3149.082523,50,87,0.99,37,0.026756757,20
3148.830172,44,69,0.82,25,0.0328,20
3148.780016,57,72,0.5,15,0.033333333,20
3148.780016,55,75,0.66,20,0.033,20
3148.698773,36,56,0.73,20,0.0365,20
3148.380059,35,62,0.96,27,0.035555556,20
3148.30405,47,68,0.52,21,0.024761905,20
3148.222149,45,76,0.78,31,0.02516129,20
3148.12735,39,57,0.65,18,0.036111111,20
3148.027724,39,51,0.42,12,0.035,20
3147.684267,37,48,0.47,11,0.042727273,20
3147.570952,46,65,0.64,19,0.033684211,20
3147.570952,45,66,0.71,21,0.033809524,20
3147.44369,34,59,0.96,25,0.0384,20
3147.22372,48,63,0.5,15,0.033333333,20
3147.219253,44,50,0.22,6,0.036666667,20
3147.137467,34,59,0.89,25,0.0356,20
3146.941716,60,68,0.19,8,0.02375,20
3146.63915,54,83,0.76,29,0.026206897,20
3146.63915,52,86,0.88,34,0.025882353,20
3146.442128,36,62,0.95,26,0.036538462,20
3146.431329,55,78,0.67,23,0.029130435,20
3146.431329,54,79,0.73,25,0.0292,20
3146.431329,53,81,0.81,28,0.028928571,20
3146.218736,43,69,0.87,26,0.033461538,20
3145.999085,40,50,0.36,10,0.036,20
3145.802133,37,62,0.91,25,0.0364,20
3145.337273,36,98,0.13,62,0.002096774,20
3145.334547,34,53,0.78,19,0.041052632,20
3145.182065,42,52,0.33,10,0.033,20
3145.146741,35,60,0.88,25,0.0352,20
3145.144728,35,59,0.88,24,0.036666667,20
3145.143717,32,57,0.97,25,0.0388,20
3144.918953,67,75,0.17,8,0.02125,20
3144.771948,33,53,0.82,20,0.041,20
3144.766267,41,57,0.57,16,0.035625,20
3144.705257,47,71,0.8,24,0.033333333,20
3144.699346,57,79,0.58,22,0.026363636,20
3144.699204,51,86,0.93,35,0.026571429,20
3144.510527,35,63,0.95,28,0.033928571,20
3144.434509,55,73,0.42,18,0.023333333,20
3144.336544,53,73,0.48,20,0.024,20
3144.27651,34,51,0.73,17,0.042941176,20
3144.179753,54,82,0.75,28,0.026785714,20
3144.025219,34,55,0.82,21,0.039047619,20
3143.915299,56,89,0.83,33,0.025151515,20
3143.77455,33,56,0.89,23,0.038695652,20
3143.631643,43,51,0.27,8,0.03375,20
3143.589425,69,80,0.21,11,0.019090909,20
3143.467024,46,51,0.18,5,0.036,20
3143.208551,49,57,0.23,8,0.02875,20
3143.161056,40,58,0.65,18,0.036111111,20
3142.97143,36,63,0.99,27,0.036666667,20
3142.669073,38,47,0.38,9,0.042222222,20
3142.378365,46,64,0.56,18,0.031111111,20
3142.109965,54,96,0.92,42,0.021904762,20
3141.863688,36,56,0.7,20,0.035,20
3141.726151,38,61,0.73,23,0.03173913,20
3141.570135,50,79,0.97,29,0.033448276,20
3141.342553,35,58,0.89,23,0.038695652,20
3141.257886,41,55,0.5,14,0.035714286,20
3141.244196,49,76,0.97,27,0.035925926,20
3141.160601,52,78,0.86,26,0.033076923,20
3141.160601,51,79,0.93,28,0.033214286,20
3140.86065,44,63,0.54,19,0.028421053,20
3140.784663,37,65,0.85,28,0.030357143,20
3140.518297,59,67,0.19,8,0.02375,20
3139.738843,45,67,0.68,22,0.030909091,20
3139.672657,42,83,0.99,41,0.024146341,20
3139.629028,46,66,0.66,20,0.033,20
3139.629028,45,67,0.73,22,0.033181818,20
3139.372728,37,59,0.83,22,0.037727273,20
3139.293543,37,56,0.69,19,0.036315789,20
3138.856223,52,75,0.54,23,0.023478261,20
3138.584386,34,56,0.86,22,0.039090909,20
3138.459113,37,57,0.78,20,0.039,20
3138.143777,41,70,0.9,29,0.031034483,20
3137.952273,36,54,0.69,18,0.038333333,20
3137.68872,43,70,0.9,27,0.033333333,20
3137.495384,34,57,0.85,23,0.036956522,20
3137.336714,60,86,0.64,26,0.024615385,20
3137.269038,36,99,0.14,63,0.002222222,20
3137.214059,35,57,0.84,22,0.038181818,20
3136.865669,42,72,0.83,30,0.027666667,20
3136.865669,41,73,0.89,32,0.0278125,20
3136.595706,59,86,0.56,27,0.020740741,20
3135.997869,41,56,0.49,15,0.032666667,20
3135.893383,54,77,0.75,23,0.032608696,20
3135.633814,41,47,0.22,6,0.036666667,20
3135.632724,34,59,0.9,25,0.036,20
3135.231212,41,57,0.51,16,0.031875,20
3135.231212,40,58,0.58,18,0.032222222,20
3135.094129,34,51,0.7,17,0.041176471,20
3134.904927,43,79,0.9,36,0.025,20
3134.883474,62,82,0.42,20,0.021,20
3134.883474,61,83,0.46,22,0.020909091,20
3134.808214,33,53,0.84,20,0.042,20
3134.565464,39,58,0.65,19,0.034210526,20
3134.56436,51,78,0.63,27,0.023333333,20
3134.399626,55,71,0.38,16,0.02375,20
3134.276288,56,92,0.87,36,0.024166667,20
3134.184669,52,85,0.86,33,0.026060606,20
3134.184669,51,87,0.93,36,0.025833333,20
3134.106199,63,81,0.45,18,0.025,20
3134.102711,56,74,0.59,18,0.032777778,20
3133.984076,35,56,0.77,21,0.036666667,20
3133.984076,33,59,0.95,26,0.036538462,20
3133.632501,33,98,0.19,65,0.002923077,20
3133.623159,36,61,0.88,25,0.0352,20
3133.524323,62,71,0.26,9,0.028888889,20
3133.424316,48,82,0.79,34,0.023235294,20
3133.36329,54,72,0.43,18,0.023888889,20
3133.322978,35,49,0.6,14,0.042857143,20
3132.995866,38,56,0.71,18,0.039444444,20
3132.848261,50,86,0.98,36,0.027222222,20
3132.42177,34,61,0.99,27,0.036666667,20
3132.392057,46,51,0.16,5,0.032,20
3132.181017,41,72,0.87,31,0.028064516,20
3132.052919,36,63,0.98,27,0.036296296,20
3131.698913,63,80,0.36,17,0.021176471,20
3131.558775,38,56,0.63,18,0.035,20
3131.045881,51,80,0.95,29,0.032758621,20
3130.963102,32,55,0.91,23,0.039565217,20
3130.582523,53,84,0.81,31,0.026129032,20
3130.582523,50,88,0.99,38,0.026052632,20
3130.492986,35,99,0.14,64,0.0021875,20
3130.460313,58,71,0.43,13,0.033076923,20
3130.335418,37,93,0.13,56,0.002321429,20
3129.973061,40,60,0.67,20,0.0335,20
3129.239826,42,66,0.69,24,0.02875,20
3129.151475,55,69,0.34,14,0.024285714,20
3129.09855,57,86,0.75,29,0.025862069,20
3129.044139,38,58,0.73,20,0.0365,20
3129.010555,58,73,0.45,15,0.03,20
3129.010555,57,74,0.51,17,0.03,20
3129.010555,56,75,0.57,19,0.03,20
3128.918012,41,48,0.26,7,0.037142857,20
3128.568823,41,51,0.36,10,0.036,20
3128.289135,37,54,0.66,17,0.038823529,20
3127.911662,43,71,0.75,28,0.026785714,20
3127.838555,40,75,0.96,35,0.027428571,20
3127.833637,51,85,0.92,34,0.027058824,20
3127.791732,35,99,0.19,64,0.00296875,20
3127.603525,43,70,0.91,27,0.033703704,20
3127.582932,49,81,0.74,32,0.023125,20
3126.976203,40,76,0.95,36,0.026388889,20
3126.847206,55,81,0.69,26,0.026538462,20
3126.692229,45,69,0.65,24,0.027083333,20
3126.54981,34,58,0.89,24,0.037083333,20
3126.492479,32,57,0.99,25,0.0396,20
3126.471008,36,99,0.13,63,0.002063492,20
3126.421836,38,60,0.8,22,0.036363636,20
3126.319051,36,60,0.87,24,0.03625,20
3126.251887,62,81,0.4,19,0.021052632,20
3126.028614,39,53,0.53,14,0.037857143,20
3125.466556,62,83,0.52,21,0.024761905,20
3125.466556,61,84,0.57,23,0.024782609,20
3125.466556,60,85,0.62,25,0.0248,20
3125.466556,59,87,0.69,28,0.024642857,20
3125.466556,58,88,0.74,30,0.024666667,20
3125.226273,46,69,0.57,23,0.024782609,20
3125.101284,34,59,0.91,25,0.0364,20
3124.616348,42,70,0.87,28,0.031071429,20
3124.540763,43,54,0.35,11,0.031818182,20
3124.52243,37,58,0.7,21,0.033333333,20
3124.125417,56,91,0.86,35,0.024571429,20
3124.02269,37,53,0.59,16,0.036875,20
3123.576455,55,76,0.63,21,0.03,20
3123.205595,42,71,0.97,29,0.033448276,20
3122.727266,50,61,0.34,11,0.030909091,20
3122.725431,35,56,0.82,21,0.039047619,20
3122.688755,38,57,0.69,19,0.036315789,20
3122.13092,37,60,0.82,23,0.035652174,20
3121.9123,62,84,0.45,22,0.020454545,20
3121.791642,43,55,0.43,12,0.035833333,20
3121.784291,39,76,0.97,37,0.026216216,20
3121.737615,37,98,0.12,61,0.001967213,20
3121.562544,36,66,0.93,30,0.031,20
3121.496729,40,60,0.68,20,0.034,20
3121.262608,37,57,0.79,20,0.0395,20
3121.02291,46,52,0.2,6,0.033333333,20
3120.794467,42,73,0.82,31,0.026451613,20
3120.430795,36,63,0.85,27,0.031481481,20
3120.27613,58,86,0.71,28,0.025357143,20
3120.165145,40,58,0.61,18,0.033888889,20
3119.689883,38,56,0.7,18,0.038888889,20
3119.506259,36,64,0.88,28,0.031428571,20
3119.352874,41,58,0.53,17,0.031176471,20
3118.668783,41,67,0.75,26,0.028846154,20
3118.647688,34,60,0.99,26,0.038076923,20
3118.068305,58,76,0.52,18,0.028888889,20
3117.981888,67,76,0.19,9,0.021111111,20
3117.969452,47,64,0.57,17,0.033529412,20
3117.905674,51,88,0.95,37,0.025675676,20
3117.780049,55,58,0.07,3,0.023333333,20
3117.722883,49,57,0.24,8,0.03,20
3117.722883,48,58,0.3,10,0.03,20
3117.721431,39,51,0.46,12,0.038333333,20
3117.721431,38,52,0.54,14,0.038571429,20
3117.6341,37,64,0.9,27,0.033333333,20
3117.103982,51,87,0.94,36,0.026111111,20
3117.016755,49,62,0.44,13,0.033846154,20
3116.887751,36,61,0.94,25,0.0376,20
3116.629562,44,68,0.8,24,0.033333333,20
3116.207212,34,64,0.99,30,0.033,20
3116.058271,60,65,0.12,5,0.024,20
3115.958999,48,81,0.77,33,0.023333333,20
3115.561832,42,50,0.29,8,0.03625,20
3115.432966,37,63,0.87,26,0.033461538,20
3115.389575,39,54,0.53,15,0.035333333,20
3115.144823,54,83,0.77,29,0.026551724,20
3115.069115,33,59,0.97,26,0.037307692,20
3114.903647,66,81,0.38,15,0.025333333,20
3114.887564,57,76,0.55,19,0.028947368,20
3114.885638,64,80,0.4,16,0.025,20
3114.669201,34,63,0.97,29,0.033448276,20
3113.964994,41,55,0.46,14,0.032857143,20
3113.75071,51,68,0.44,17,0.025882353,20
3113.657142,34,60,0.93,26,0.035769231,20
3113.538799,53,85,0.83,32,0.0259375,20
3113.447667,52,74,0.53,22,0.024090909,20
3113.086216,38,55,0.58,17,0.034117647,20
3113.012106,35,66,0.95,31,0.030645161,20
3112.898483,44,65,0.58,21,0.027619048,20
3112.420839,59,75,0.46,16,0.02875,20
3112.179894,35,57,0.81,22,0.036818182,20
3112.16941,44,52,0.26,8,0.0325,20
3112.134894,37,48,0.48,11,0.043636364,20
3111.848063,61,71,0.29,10,0.029,20
3111.723792,62,86,0.48,24,0.02,20
3111.723792,61,87,0.52,26,0.02,20
3111.723792,60,88,0.56,28,0.02,20
3111.642741,58,64,0.21,6,0.035,20
3111.642741,52,71,0.66,19,0.034736842,20
3111.424584,39,59,0.65,20,0.0325,20
3111.40852,46,84,0.89,38,0.023421053,20
3111.320014,35,55,0.77,20,0.0385,20
3111.073789,52,77,0.58,25,0.0232,20
3110.980364,50,61,0.37,11,0.033636364,20
3110.939071,54,80,0.75,26,0.028846154,20
3110.724344,44,78,0.84,34,0.024705882,20
3110.487299,54,90,0.93,36,0.025833333,20
3110.443181,43,70,0.89,27,0.032962963,20
3110.443181,42,71,0.96,29,0.033103448,20
3110.402599,42,65,0.68,23,0.029565217,20
3110.181382,41,70,0.91,29,0.03137931,20
3109.985529,43,55,0.38,12,0.031666667,20
3109.776935,58,75,0.49,17,0.028823529,20
3109.75109,36,48,0.52,12,0.043333333,20
3109.428156,33,99,0.19,66,0.002878788,20
3109.296568,42,80,0.95,38,0.025,20
3109.25143,37,63,0.96,26,0.036923077,20
3109.195161,41,52,0.44,11,0.04,20
3109.072488,60,76,0.42,16,0.02625,20
3109.072488,57,80,0.6,23,0.026086957,20
3109.038695,67,80,0.33,13,0.025384615,20
3109.003048,35,59,0.87,24,0.03625,20
3108.507474,40,52,0.44,12,0.036666667,20
3107.861835,39,57,0.58,18,0.032222222,20
3107.809647,53,70,0.59,17,0.034705882,20
3107.426826,32,53,0.9,21,0.042857143,20
3107.396777,36,64,0.97,28,0.034642857,20
3107.289318,36,65,0.96,29,0.033103448,20
3107.286357,55,88,0.86,33,0.026060606,20
3107.082958,41,50,0.35,9,0.038888889,20
3106.925674,38,59,0.72,21,0.034285714,20
3106.921022,39,54,0.59,15,0.039333333,20
3106.749484,41,75,0.85,34,0.025,20
3106.500751,52,85,0.88,33,0.026666667,20
3106.337738,34,62,0.96,28,0.034285714,20
3106.309834,56,66,0.25,10,0.025,20
3106.309834,55,67,0.3,12,0.025,20
3106.112119,49,79,0.71,30,0.023666667,20
3105.949136,32,54,0.9,22,0.040909091,20
3105.925374,48,73,0.63,25,0.0252,20
3105.859006,44,83,0.05,39,0.001282051,20
3105.743416,54,91,0.94,37,0.025405405,20
3105.556473,37,59,0.81,22,0.036818182,20
3105.517589,51,72,0.52,21,0.024761905,20
3105.517589,50,73,0.57,23,0.024782609,20
3105.396955,36,58,0.87,22,0.039545455,20
3104.95666,42,80,0.96,38,0.025263158,20
3104.935531,59,83,0.53,24,0.022083333,20
3104.774988,39,55,0.56,16,0.035,20
3104.678379,60,62,0.05,2,0.025,20
3104.678379,59,63,0.1,4,0.025,20
3104.678379,58,64,0.15,6,0.025,20
3104.678379,57,65,0.2,8,0.025,20
3104.646218,39,45,0.26,6,0.043333333,20
3104.48992,41,51,0.4,10,0.04,20
3104.462318,39,50,0.4,11,0.036363636,20
3104.44618,36,50,0.59,14,0.042142857,20
3104.408792,37,63,0.92,26,0.035384615,20
3104.394444,44,77,0.97,33,0.029393939,20
3103.961376,42,51,0.32,9,0.035555556,20
3103.947657,57,65,0.28,8,0.035,20
3103.947657,56,66,0.35,10,0.035,20
3103.947657,55,67,0.42,12,0.035,20
3103.947657,54,68,0.49,14,0.035,20
3103.843758,59,74,0.44,15,0.029333333,20
3103.060784,35,53,0.72,18,0.04,20
3103.010384,46,63,0.47,17,0.027647059,20
3102.988025,56,80,0.64,24,0.026666667,20
3102.84654,52,80,0.85,28,0.030357143,20
3102.828062,35,65,0.94,30,0.031333333,20
3102.557027,37,55,0.63,18,0.035,20
3102.521394,36,61,0.91,25,0.0364,20
3102.279516,42,69,0.93,27,0.034444444,20
3102.21326,52,81,0.87,29,0.03,20
3102.13677,64,78,0.37,14,0.026428571,20
3102.13677,61,81,0.53,20,0.0265,20
3102.13677,58,85,0.71,27,0.026296296,20
3102.13677,57,86,0.77,29,0.026551724,20
3102.13677,55,89,0.89,34,0.026176471,20
3101.974005,56,83,0.71,27,0.026296296,20
3101.834301,38,62,0.74,24,0.030833333,20
3101.749438,43,56,0.44,13,0.033846154,20
3101.557867,51,62,0.26,11,0.023636364,20
3101.555783,44,78,0.85,34,0.025,20
3101.193424,52,85,0.87,33,0.026363636,20
3101.121562,36,57,0.77,21,0.036666667,20
3101.036691,47,61,0.39,14,0.027857143,20
3100.910267,34,60,0.92,26,0.035384615,20
3100.903272,57,88,0.78,31,0.02516129,20
3100.844544,48,64,0.43,16,0.026875,20
3100.827553,45,68,0.64,23,0.027826087,20
3100.76877,61,73,0.37,12,0.030833333,20
3100.42437,58,75,0.5,17,0.029411765,20
3100.313888,63,72,0.28,9,0.031111111,20
3100.104418,38,58,0.75,20,0.0375,20
3100.098152,50,82,0.98,32,0.030625,20
3100.068984,63,78,0.42,15,0.028,20
3100.053794,41,52,0.39,11,0.035454545,20
3099.600066,42,56,0.45,14,0.032142857,20
3099.509482,43,81,0.92,38,0.024210526,20
3099.487562,49,71,0.56,22,0.025454545,20
3099.37304,37,56,0.7,19,0.036842105,20
3099.297517,35,56,0.76,21,0.036190476,20
3099.178783,36,98,0.15,62,0.002419355,20
3099.164491,48,81,0.78,33,0.023636364,20
3098.946736,45,67,0.74,22,0.033636364,20
3098.908126,53,98,0.96,45,0.021333333,20
3098.856826,52,84,0.87,32,0.0271875,20
3098.374114,43,64,0.62,21,0.02952381,20
3098.253252,62,81,0.5,19,0.026315789,20
3098.253252,59,85,0.68,26,0.026153846,20
3098.096855,60,81,0.47,21,0.022380952,20
3097.983641,43,72,0.78,29,0.026896552,20
3097.973115,38,59,0.73,21,0.034761905,20
3097.967782,39,59,0.73,20,0.0365,20
3097.88421,43,56,0.41,13,0.031538462,20
3097.842723,51,85,0.94,34,0.027647059,20
3097.834871,36,62,0.96,26,0.036923077,20
3097.489941,34,58,0.86,24,0.035833333,20
3097.470992,43,71,0.74,28,0.026428571,20
3097.037117,62,86,0.6,24,0.025,20
3097.025831,62,80,0.48,18,0.026666667,20
3096.95897,37,63,0.9,26,0.034615385,20
3096.926327,55,89,0.88,34,0.025882353,20
3096.694073,42,54,0.39,12,0.0325,20
3096.45393,42,72,0.79,30,0.026333333,20
3096.321682,62,69,0.21,7,0.03,20
3096.321682,61,70,0.27,9,0.03,20
3096.273599,38,52,0.55,14,0.039285714,20
3096.141529,40,59,0.68,19,0.035789474,20
3096.122975,42,57,0.48,15,0.032,20
3096.03794,57,78,0.57,21,0.027142857,20
3095.711005,40,58,0.57,18,0.031666667,20
3095.695619,38,62,0.85,24,0.035416667,20
3095.538845,39,78,0.96,39,0.024615385,20
3095.531901,35,68,0.99,33,0.03,20
3095.241365,39,77,0.96,38,0.025263158,20
3095.145707,56,83,0.79,27,0.029259259,20
3095.095041,41,69,0.79,28,0.028214286,20
3095.027827,60,75,0.4,15,0.026666667,20
3094.914369,41,71,0.94,30,0.031333333,20
3094.631654,36,65,0.97,29,0.033448276,20
3094.601212,37,59,0.75,22,0.034090909,20
3094.33281,57,76,0.56,19,0.029473684,20
3093.391344,40,55,0.57,15,0.038,20
3093.352588,41,68,0.77,27,0.028518519,20
3093.215156,36,66,0.91,30,0.030333333,20
3093.148511,63,80,0.45,17,0.026470588,20
3093.072774,37,61,0.88,24,0.036666667,20
3092.865012,42,49,0.29,7,0.041428571,20
3092.74997,39,60,0.66,21,0.031428571,20
3092.467323,44,68,0.81,24,0.03375,20
3092.467323,43,69,0.88,26,0.033846154,20
3092.076069,42,50,0.32,8,0.04,20
3091.881108,37,56,0.68,19,0.035789474,20
3091.785386,35,61,0.86,26,0.033076923,20
3091.654024,55,96,0.85,41,0.020731707,20
3091.515377,36,52,0.63,16,0.039375,20
3091.463465,34,57,0.87,23,0.037826087,20
3091.403844,70,80,0.19,10,0.019,20
3091.357726,38,60,0.81,22,0.036818182,20
3091.320502,37,61,0.77,24,0.032083333,20
3090.999908,46,79,0.04,33,0.001212121,20
3090.955053,60,71,0.33,11,0.03,20
3090.955053,59,72,0.39,13,0.03,20
3090.954722,49,61,0.4,12,0.033333333,20
3090.819613,47,73,0.66,26,0.025384615,20
3090.591836,36,60,0.82,24,0.034166667,20
3090.423378,46,71,0.74,25,0.0296,20
3090.306548,44,63,0.56,19,0.029473684,20
3090.049822,37,60,0.86,23,0.037391304,20
3090.034067,42,68,0.73,26,0.028076923,20
3090.009113,54,68,0.35,14,0.025,20
3090.009113,53,69,0.4,16,0.025,20
3089.971036,35,67,0.99,32,0.0309375,20
3089.907324,38,54,0.65,16,0.040625,20
3089.739006,33,59,0.96,26,0.036923077,20
3089.662856,52,79,0.83,27,0.030740741,20
3089.44341,54,79,0.74,25,0.0296,20
3089.44341,53,80,0.8,27,0.02962963,20
3089.204885,37,97,0.11,60,0.001833333,20
3089.201922,43,71,0.71,28,0.025357143,20
3089.006677,35,59,0.84,24,0.035,20
3088.631106,40,71,0.97,31,0.031290323,20
3088.574216,43,70,0.92,27,0.034074074,20
3088.571346,41,69,0.87,28,0.031071429,20
3088.358528,35,65,0.96,30,0.032,20
3088.31449,37,60,0.8,23,0.034782609,20
3087.862458,36,54,0.65,18,0.036111111,20
3087.858769,39,58,0.67,19,0.035263158,20
3087.793735,42,67,0.71,25,0.0284,20
3087.364606,68,81,0.25,13,0.019230769,20
3087.364606,67,82,0.29,15,0.019333333,20
3087.105943,34,56,0.85,22,0.038636364,20
3087.095323,46,66,0.67,20,0.0335,20
3087.091941,53,84,0.82,31,0.026451613,20
3086.955017,62,72,0.28,10,0.028,20
3086.86223,52,87,0.9,35,0.025714286,20
3086.802066,35,62,0.91,27,0.033703704,20
3086.500408,59,80,0.6,21,0.028571429,20
3086.474239,48,61,0.36,13,0.027692308,20
3086.376519,54,81,0.77,27,0.028518519,20
3086.376519,53,82,0.83,29,0.02862069,20
3086.261228,54,97,0.9,43,0.020930233,20
3086.034633,33,58,0.95,25,0.038,20
3086.004434,35,55,0.76,20,0.038,20
3085.980221,38,51,0.5,13,0.038461538,20
3085.94373,48,59,0.32,11,0.029090909,20
3085.794761,55,80,0.68,25,0.0272,20
3085.748203,41,58,0.54,17,0.031764706,20
3085.339753,33,55,0.84,22,0.038181818,20
3085.255617,41,49,0.3,8,0.0375,20
3085.245795,43,65,0.63,22,0.028636364,20
3085.187716,58,78,0.53,20,0.0265,20
3085.131396,41,55,0.52,14,0.037142857,20
3085.12991,60,74,0.4,14,0.028571429,20
3085.085049,34,56,0.87,22,0.039545455,20
3085.080348,37,53,0.62,16,0.03875,20
3085.011259,36,58,0.8,22,0.036363636,20
3084.983549,38,55,0.61,17,0.035882353,20
3084.750869,40,50,0.38,10,0.038,20
3084.660214,39,53,0.49,14,0.035,20
3084.660214,38,54,0.56,16,0.035,20
3084.607266,48,82,0.78,34,0.022941176,20
3084.284084,52,83,0.89,31,0.028709677,20
3084.230051,40,59,0.61,19,0.032105263,20
3084.138002,33,59,0.94,26,0.036153846,20
3084.095596,54,74,0.47,20,0.0235,20
3084.088329,54,78,0.72,24,0.03,20
3084.088329,53,79,0.78,26,0.03,20
3084.040584,36,64,0.96,28,0.034285714,20
3084.011828,35,62,0.95,27,0.035185185,20
3083.92664,44,66,0.69,22,0.031363636,20
3083.621315,56,75,0.58,19,0.030526316,20
3083.529033,57,77,0.57,20,0.0285,20
3083.508539,56,78,0.63,22,0.028636364,20
3083.508539,55,79,0.69,24,0.02875,20
3083.460073,33,56,0.91,23,0.039565217,20
3083.112182,61,72,0.34,11,0.030909091,20
3082.643507,56,79,0.72,23,0.031304348,20
3082.596442,48,80,0.76,32,0.02375,20
3082.490939,37,64,0.92,27,0.034074074,20
3082.346259,59,82,0.52,23,0.022608696,20
3082.340827,52,54,0.06,2,0.03,20
3082.340827,51,55,0.12,4,0.03,20
3082.340827,50,56,0.18,6,0.03,20
3082.250631,37,54,0.61,17,0.035882353,20
3082.226407,49,59,0.28,10,0.028,20
3082.173471,66,82,0.32,16,0.02,20
3081.982521,54,77,0.7,23,0.030434783,20
3081.91209,51,86,0.94,35,0.026857143,20
3081.831303,42,68,0.81,26,0.031153846,20
3081.795765,39,53,0.57,14,0.040714286,20
3081.647865,45,71,0.8,26,0.030769231,20
3081.538826,36,61,0.9,25,0.036,20
3081.379985,39,59,0.68,20,0.034,20
3081.284721,39,58,0.7,19,0.036842105,20
3081.083821,44,52,0.27,8,0.03375,20
3080.868014,37,98,0.13,61,0.002131148,20
3080.529889,33,54,0.82,21,0.039047619,20
3080.058255,33,97,0.21,64,0.00328125,20
3080.041999,45,72,0.81,27,0.03,20
3079.879069,55,82,0.71,27,0.026296296,20
3079.845755,51,85,0.93,34,0.027352941,20
3079.712776,57,70,0.31,13,0.023846154,20
3079.341761,34,99,0.17,65,0.002615385,20
3079.146681,43,65,0.62,22,0.028181818,20
3079.062591,35,95,0.14,60,0.002333333,20
3078.973786,36,61,0.89,25,0.0356,20
3078.925804,34,60,0.94,26,0.036153846,20
3078.850337,37,65,0.87,28,0.031071429,20
3078.717247,49,67,0.54,18,0.03,20
3078.691622,32,54,0.88,22,0.04,20
3078.645361,42,48,0.22,6,0.036666667,20
3078.554177,51,58,0.22,7,0.031428571,20
3078.500319,35,96,0.14,61,0.002295082,20
3078.480106,58,72,0.43,14,0.030714286,20
3078.368222,53,75,0.52,22,0.023636364,20
3078.129871,39,53,0.48,14,0.034285714,20
3078.104067,33,59,0.98,26,0.037692308,20
3077.977549,40,71,0.96,31,0.030967742,20
3077.950203,43,53,0.37,10,0.037,20
3077.553281,43,64,0.6,21,0.028571429,20
3077.341002,44,54,0.32,10,0.032,20
3077.267803,49,80,0.72,31,0.023225806,20
3077.001142,66,75,0.2,9,0.022222222,20
3076.993444,46,48,0.07,2,0.035,20
3076.895875,64,77,0.29,13,0.022307692,20
3076.825572,35,67,0.98,32,0.030625,20
3076.697995,33,52,0.81,19,0.042631579,20
3076.627564,53,78,0.76,25,0.0304,20
3076.593112,44,58,0.43,14,0.030714286,20
3076.523157,36,59,0.9,23,0.039130435,20
3076.27224,41,86,0.06,45,0.001333333,20
3076.222626,31,56,0.98,25,0.0392,20
3076.220847,57,77,0.58,20,0.029,20
3076.220847,56,78,0.64,22,0.029090909,20
3076.220847,55,79,0.7,24,0.029166667,20
3076.102312,55,77,0.66,22,0.03,20
3076.099065,38,62,0.81,24,0.03375,20
3076.088439,52,84,0.88,32,0.0275,20
3076.06606,66,69,0.08,3,0.026666667,20
3076.06606,63,72,0.24,9,0.026666667,20
3075.952561,61,66,0.12,5,0.024,20
3075.808294,56,93,0.81,37,0.021891892,20
3075.757766,53,76,0.53,23,0.023043478,20
3075.28122,42,57,0.51,15,0.034,20
3075.213445,37,54,0.62,17,0.036470588,20
3075.095722,55,70,0.46,15,0.030666667,20
3075.035956,47,67,0.53,20,0.0265,20
3074.947692,42,52,0.37,10,0.037,20
3074.947186,59,77,0.55,18,0.030555556,20
3074.834601,51,75,0.58,24,0.024166667,20
3074.764898,60,84,0.62,24,0.025833333,20
3074.677118,41,54,0.46,13,0.035384615,20
3074.663731,38,57,0.63,19,0.033157895,20
3074.623244,35,50,0.63,15,0.042,20
3074.321608,58,69,0.26,11,0.023636364,20
3074.27935,67,73,0.17,6,0.028333333,20
3074.27935,64,76,0.34,12,0.028333333,20
3074.221511,60,76,0.49,16,0.030625,20
3074.119097,38,55,0.68,17,0.04,20
3073.977799,57,89,0.8,32,0.025,20
3073.839483,38,55,0.62,17,0.036470588,20
3073.798916,39,57,0.62,18,0.034444444,20
3073.798916,38,58,0.69,20,0.0345,20
3073.743896,38,52,0.51,14,0.036428571,20
3073.739214,40,53,0.46,13,0.035384615,20
3073.698805,60,82,0.59,22,0.026818182,20
3073.650333,40,50,0.37,10,0.037,20
3073.650333,38,52,0.52,14,0.037142857,20
3073.582104,52,62,0.23,10,0.023,20
3073.321226,41,72,0.85,31,0.027419355,20
3073.312023,41,49,0.29,8,0.03625,20
3073.175808,70,78,0.16,8,0.02,20
3073.175808,69,79,0.2,10,0.02,20
3073.175808,68,80,0.24,12,0.02,20
3073.175808,67,81,0.28,14,0.02,20
3073.144296,65,78,0.34,13,0.026153846,20
3073.144296,62,82,0.52,20,0.026,20
3073.144296,61,83,0.57,22,0.025909091,20
3073.137813,44,77,0.84,33,0.025454545,20
3073.024377,44,69,0.76,25,0.0304,20
3072.931815,37,63,0.93,26,0.035769231,20
3072.772881,33,51,0.79,18,0.043888889,20
3072.630964,51,87,0.95,36,0.026388889,20
3072.366102,54,71,0.52,17,0.030588235,20
3072.035316,61,75,0.37,14,0.026428571,20
3072.035316,58,79,0.55,21,0.026190476,20
3072.035316,56,81,0.66,25,0.0264,20
3071.490715,38,60,0.77,22,0.035,20
3071.168423,48,65,0.47,17,0.027647059,20
3071.126959,43,71,0.89,28,0.031785714,20
3070.689916,51,81,0.91,30,0.030333333,20
3070.62665,41,59,0.57,18,0.031666667,20
3070.615609,52,73,0.74,21,0.035238095,20
3070.421463,34,60,0.96,26,0.036923077,20
3070.419264,44,70,0.71,26,0.027307692,20
3070.34306,40,59,0.64,19,0.033684211,20
3070.308383,66,77,0.28,11,0.025454545,20
3070.069209,51,71,0.5,20,0.025,20
3069.881122,35,56,0.81,21,0.038571429,20
3069.849776,68,74,0.16,6,0.026666667,20
3069.827234,44,65,0.66,21,0.031428571,20
3069.744902,51,82,0.93,31,0.03,20
3069.455077,51,59,0.25,8,0.03125,20
3069.447387,42,82,0.98,40,0.0245,20
3069.164667,42,47,0.19,5,0.038,20
3069.114911,37,52,0.58,15,0.038666667,20
3069.044311,47,53,0.19,6,0.031666667,20
3069.016024,65,66,0.03,1,0.03,20
3069.016024,64,67,0.09,3,0.03,20
3069.016024,63,68,0.15,5,0.03,20
3068.968486,41,76,0.87,35,0.024857143,20
3068.921695,66,76,0.22,10,0.022,20
3068.819722,47,69,0.66,22,0.03,20
3068.718171,61,81,0.44,20,0.022,20
3068.638048,58,87,0.73,29,0.025172414,20
3068.60339,38,59,0.78,21,0.037142857,20
3068.59981,42,81,0.96,39,0.024615385,20
3068.578384,58,87,0.75,29,0.025862069,20
3068.442045,51,84,0.92,33,0.027878788,20
3068.433811,51,61,0.27,10,0.027,20
3068.386427,40,57,0.55,17,0.032352941,20
3068.386427,39,58,0.62,19,0.032631579,20
3068.345875,51,83,0.9,32,0.028125,20
3068.345875,50,84,0.96,34,0.028235294,20
3068.100025,69,74,0.13,5,0.026,20
3068.079631,66,77,0.29,11,0.026363636,20
3068.029098,40,53,0.52,13,0.04,20
3067.977964,34,60,0.9,26,0.034615385,20
3067.935072,37,61,0.89,24,0.037083333,20
3067.539761,45,74,0.96,29,0.033103448,20
3067.509547,35,56,0.78,21,0.037142857,20
3067.501184,39,78,0.97,39,0.024871795,20
3067.411107,42,57,0.5,15,0.033333333,20
3067.378891,38,61,0.8,23,0.034782609,20
3067.366061,63,74,0.29,11,0.026363636,20
3067.288037,37,57,0.71,20,0.0355,20
3066.927732,42,52,0.34,10,0.034,20
3066.565731,38,57,0.71,19,0.037368421,20
3066.367188,34,51,0.74,17,0.043529412,20
3066.288917,46,79,0.05,33,0.001515152,20
3065.983292,33,98,0.21,65,0.003230769,20
3065.981892,33,52,0.8,19,0.042105263,20
3065.368644,40,74,0.92,34,0.027058824,20
3065.313017,37,59,0.74,22,0.033636364,20
3064.887015,43,68,0.86,25,0.0344,20
3064.429639,37,55,0.7,18,0.038888889,20
3064.369402,40,71,0.99,31,0.031935484,20
3064.332402,43,54,0.4,11,0.036363636,20
3064.328669,41,57,0.58,16,0.03625,20
3064.285745,39,54,0.6,15,0.04,20
3064.202876,36,65,0.91,29,0.03137931,20
3063.945355,50,65,0.45,15,0.03,20
3063.82295,40,55,0.53,15,0.035333333,20
3063.739651,57,85,0.62,28,0.022142857,20
3063.7034,52,70,0.45,18,0.025,20
3063.664817,50,75,0.89,25,0.0356,20
3063.569228,42,70,0.95,28,0.033928571,20
3063.567069,42,71,0.78,29,0.026896552,20
3063.521007,60,84,0.63,24,0.02625,20
3063.182525,35,50,0.65,15,0.043333333,20
3063.156833,34,61,0.93,27,0.034444444,20
3063.055886,53,80,0.79,27,0.029259259,20
3063.055886,52,82,0.87,30,0.029,20
3063.055886,51,83,0.93,32,0.0290625,20
3062.969586,50,70,0.51,20,0.0255,20
3062.95626,63,78,0.34,15,0.022666667,20
3062.920533,41,76,0.92,35,0.026285714,20
3062.802924,54,90,0.95,36,0.026388889,20
3062.368096,34,50,0.69,16,0.043125,20
3062.251998,39,51,0.44,12,0.036666667,20
3061.965954,57,83,0.73,26,0.028076923,20
3061.965954,56,84,0.79,28,0.028214286,20
3061.904485,59,76,0.53,17,0.031176471,20
3061.089256,63,71,0.23,8,0.02875,20
3061.031555,39,60,0.71,21,0.033809524,20
3060.963452,46,67,0.56,21,0.026666667,20
3060.688773,63,84,0.54,21,0.025714286,20
3060.623615,47,68,0.64,21,0.03047619,20
3060.60941,66,70,0.11,4,0.0275,20
3060.60941,64,72,0.22,8,0.0275,20
3060.295429,38,55,0.6,17,0.035294118,20
3060.104939,50,64,0.35,14,0.025,20
3060.087063,36,55,0.69,19,0.036315789,20
3060.072498,32,55,0.95,23,0.041304348,20
3060.05447,34,57,0.86,23,0.037391304,20
3059.994254,36,60,0.79,24,0.032916667,20
3059.959559,46,65,0.53,19,0.027894737,20
3059.687201,39,61,0.68,22,0.030909091,20
3059.66803,40,55,0.51,15,0.034,20
3059.515561,48,63,0.51,15,0.034,20
3059.40654,33,98,0.2,65,0.003076923,20
3059.261398,62,79,0.38,17,0.022352941,20
3059.049676,54,81,0.74,27,0.027407407,20
3058.86273,41,72,0.95,31,0.030645161,20
3058.793208,37,53,0.61,16,0.038125,20
3058.713277,63,86,0.44,23,0.019130435,20
3058.603405,42,86,0.06,44,0.001363636,20
3058.482961,62,63,0.03,1,0.03,20
3058.482961,61,64,0.09,3,0.03,20
3058.482961,60,65,0.15,5,0.03,20
3058.482961,59,66,0.21,7,0.03,20
3058.482961,58,67,0.27,9,0.03,20
3058.482961,57,68,0.33,11,0.03,20
3058.476963,49,78,0.7,29,0.024137931,20
3058.401315,51,84,0.91,33,0.027575758,20
3058.318855,37,54,0.71,17,0.041764706,20
3058.161905,57,78,0.66,21,0.031428571,20
3058.161905,54,81,0.85,27,0.031481481,20
3057.765914,57,92,0.88,35,0.025142857,20
3057.74511,52,81,0.85,29,0.029310345,20
3057.436506,40,49,0.34,9,0.037777778,20
3057.416866,54,82,0.86,28,0.030714286,20
3057.21812,42,82,0.99,40,0.02475,20
3057.110273,55,85,0.86,30,0.028666667,20
3057.110273,54,86,0.92,32,0.02875,20
3057.100511,39,76,0.99,37,0.026756757,20
3056.89039,39,50,0.42,11,0.038181818,20
3056.460705,43,67,0.68,24,0.028333333,20
3056.460705,42,68,0.74,26,0.028461538,20
3056.177713,55,78,0.68,23,0.029565217,20
3056.133266,34,58,0.87,24,0.03625,20
3056.120467,46,75,0.73,29,0.025172414,20
3056.100896,44,71,0.71,27,0.026296296,20
3055.792355,40,77,0.91,37,0.024594595,20
3055.702867,36,62,0.93,26,0.035769231,20
3055.67056,31,56,0.99,25,0.0396,20
3055.464338,44,73,0.88,29,0.030344828,20
3055.367191,52,86,0.89,34,0.026176471,20
3055.31896,35,59,0.81,24,0.03375,20
3055.092876,58,78,0.56,20,0.028,20
3055.072565,60,76,0.45,16,0.028125,20
3055.072565,57,78,0.6,21,0.028571429,20
3055.072565,57,79,0.62,22,0.028181818,20
3055.072565,56,79,0.66,23,0.028695652,20
3055.072565,56,80,0.68,24,0.028333333,20
3055.072565,55,81,0.74,26,0.028461538,20
3054.944105,35,63,0.97,28,0.034642857,20
3054.797034,37,64,0.83,27,0.030740741,20
3054.462047,68,73,0.14,5,0.028,20
3054.316873,38,61,0.78,23,0.033913043,20
3054.086301,73,75,0.04,2,0.02,20
3054.086301,72,76,0.08,4,0.02,20
3054.086301,71,77,0.12,6,0.02,20
3054.061623,34,98,0.18,64,0.0028125,20
3053.794064,40,51,0.44,11,0.04,20
3053.648355,65,85,0.39,20,0.0195,20
3053.613654,39,62,0.77,23,0.033478261,20
3053.575408,44,79,0.86,35,0.024571429,20
3053.575408,43,80,0.91,37,0.024594595,20
3053.505094,40,74,0.91,34,0.026764706,20
3053.151124,35,56,0.8,21,0.038095238,20
3053.009921,52,81,0.86,29,0.029655172,20
3052.92173,43,83,0.06,40,0.0015,20
3052.856232,51,89,0.97,38,0.025526316,20
3052.759455,40,61,0.7,21,0.033333333,20
3052.552132,62,71,0.28,9,0.031111111,20
3052.420541,67,83,0.31,16,0.019375,20
3052.304352,35,62,0.88,27,0.032592593,20
3052.140404,42,51,0.35,9,0.038888889,20
3051.868736,39,56,0.56,17,0.032941176,20
3051.720632,35,99,0.17,64,0.00265625,20
3051.590674,37,49,0.5,12,0.041666667,20
3051.496456,61,77,0.42,16,0.02625,20
3051.482819,57,67,0.31,10,0.031,20
3051.228636,56,87,0.82,31,0.026451613,20
3051.223754,36,65,0.99,29,0.034137931,20
3051.178208,37,53,0.6,16,0.0375,20
3051.075388,62,73,0.31,11,0.028181818,20
3051.075388,59,76,0.48,17,0.028235294,20
3051.075181,47,64,0.58,17,0.034117647,20
3051.075181,46,65,0.65,19,0.034210526,20
3051.012762,45,61,0.46,16,0.02875,20
3050.794912,45,66,0.72,21,0.034285714,20
3050.794912,44,67,0.79,23,0.034347826,20
3050.775913,46,80,0.05,34,0.001470588,20
3050.719264,40,70,0.94,30,0.031333333,20
3050.596961,36,98,0.18,62,0.002903226,20
3050.481836,61,80,0.53,19,0.027894737,20
3050.475585,40,57,0.6,17,0.035294118,20
3050.45026,67,75,0.21,8,0.02625,20
3050.239983,55,79,0.74,24,0.030833333,20
3050.200797,64,69,0.16,5,0.032,20
3050.107596,56,77,0.62,21,0.02952381,20
3050.085371,58,77,0.54,19,0.028421053,20
3049.635029,36,99,0.11,63,0.001746032,20
3049.521059,39,61,0.7,22,0.031818182,20
3049.186546,54,96,0.9,42,0.021428571,20
3049.174376,37,61,0.84,24,0.035,20
3049.121433,54,77,0.69,23,0.03,20
3048.887973,42,81,0.97,39,0.024871795,20
3048.866428,56,85,0.79,29,0.027241379,20
3048.866428,54,89,0.94,35,0.026857143,20
3048.718583,51,83,0.95,32,0.0296875,20
3048.440557,47,67,0.55,20,0.0275,20
3048.095808,34,57,0.89,23,0.038695652,20
3048.086777,58,84,0.69,26,0.026538462,20
3047.958943,38,63,0.78,25,0.0312,20
3047.752389,43,79,0.91,36,0.025277778,20
3047.633119,35,51,0.69,16,0.043125,20
3047.444358,53,83,0.92,30,0.030666667,20
3047.267664,35,54,0.7,19,0.036842105,20
3047.26453,46,70,0.73,24,0.030416667,20
3047.071922,44,68,0.82,24,0.034166667,20
3046.887768,53,82,0.8,29,0.027586207,20
3046.887768,50,86,0.99,36,0.0275,20
3046.880787,47,83,0.84,36,0.023333333,20
3046.472577,66,84,0.35,18,0.019444444,20
3046.39954,67,70,0.08,3,0.026666667,20
3046.39954,64,73,0.24,9,0.026666667,20
3046.39954,62,75,0.35,13,0.026923077,20
3046.39954,59,79,0.53,20,0.0265,20
3046.381892,62,78,0.46,16,0.02875,20
3046.353343,63,77,0.32,14,0.022857143,20
3046.275,54,81,0.83,27,0.030740741,20
3046.198951,59,83,0.64,24,0.026666667,20
3046.169534,41,87,0.07,46,0.001521739,20
3046.093743,54,91,0.95,37,0.025675676,20
3046.018737,40,51,0.39,11,0.035454545,20
3045.919871,61,82,0.55,21,0.026190476,20
3045.919871,57,87,0.78,30,0.026,20
3045.919871,56,88,0.84,32,0.02625,20
3045.919871,54,91,0.96,37,0.025945946,20
3045.868813,61,67,0.2,6,0.033333333,20
3045.708641,41,70,0.92,29,0.031724138,20
3045.70328,55,83,0.73,28,0.026071429,20
3045.38107,39,61,0.76,22,0.034545455,20
3045.341721,59,85,0.56,26,0.021538462,20
3045.149107,57,77,0.55,20,0.0275,20
3045.12094,52,58,0.2,6,0.033333333,20
3045.012486,36,60,0.89,24,0.037083333,20
3044.855102,69,81,0.23,12,0.019166667,20
3044.854513,56,78,0.7,22,0.031818182,20
3044.574075,43,49,0.24,6,0.04,20
3044.445447,35,58,0.88,23,0.03826087,20
3044.234236,55,80,0.72,25,0.0288,20
3044.144964,58,80,0.59,22,0.026818182,20
3044.016272,40,60,0.63,20,0.0315,20
3043.885946,41,69,0.88,28,0.031428571,20
3043.831873,54,97,0.91,43,0.021162791,20
3043.81652,50,78,0.66,28,0.023571429,20
3043.703633,43,81,0.96,38,0.025263158,20
3043.702066,61,80,0.43,19,0.022631579,20
3043.65148,43,50,0.27,7,0.038571429,20
3043.530893,48,68,0.6,20,0.03,20
3043.512998,60,83,0.59,23,0.025652174,20
3043.512998,56,88,0.82,32,0.025625,20
3043.47247,37,63,0.82,26,0.031538462,20
3043.433258,51,62,0.28,11,0.025454545,20
3043.34641,55,95,0.86,40,0.0215,20
3043.239419,32,54,0.93,22,0.042272727,20
3043.155814,37,62,0.84,25,0.0336,20
3043.141133,44,71,0.67,27,0.024814815,20
3043.112329,44,55,0.35,11,0.031818182,20
3043.107305,61,74,0.37,13,0.028461538,20
3042.797614,37,91,0.15,54,0.002777778,20
3042.711572,38,63,0.85,25,0.034,20
3042.484922,57,71,0.33,14,0.023571429,20
3042.346204,37,62,0.85,25,0.034,20
3042.276809,59,84,0.53,25,0.0212,20
3042.255378,40,77,0.97,37,0.026216216,20
3042.066851,47,74,0.69,27,0.025555556,20
3042.033069,57,86,0.63,29,0.021724138,20
3041.894347,36,57,0.73,21,0.034761905,20
3041.769167,38,59,0.75,21,0.035714286,20
3041.679417,34,95,0.2,61,0.003278689,20
3041.593662,55,80,0.79,25,0.0316,20
3041.491741,34,96,0.15,62,0.002419355,20
3041.452286,57,87,0.77,30,0.025666667,20
3041.342117,36,62,0.97,26,0.037307692,20
3041.188587,58,69,0.36,11,0.032727273,20
3041.17857,60,86,0.67,26,0.025769231,20
3041.17857,58,89,0.79,31,0.025483871,20
3041.136314,61,84,0.48,23,0.020869565,20
3040.994856,33,99,0.2,66,0.003030303,20
3040.978355,44,68,0.7,24,0.029166667,20
3040.950869,35,94,0.17,59,0.002881356,20
3040.589387,58,83,0.71,25,0.0284,20
3040.574632,58,70,0.4,12,0.033333333,20
3040.571802,52,64,0.29,12,0.024166667,20
3040.533644,57,84,0.74,27,0.027407407,20
3040.533644,55,86,0.85,31,0.027419355,20
3040.533644,55,87,0.87,32,0.0271875,20
3040.397714,35,67,0.97,32,0.0303125,20
3040.276624,64,80,0.34,16,0.02125,20
3040.163791,46,65,0.59,19,0.031052632,20
3040.111977,42,65,0.67,23,0.029130435,20
3040.075242,45,70,0.67,25,0.0268,20
3039.834051,43,46,0.13,3,0.043333333,20
3039.834051,40,49,0.39,9,0.043333333,20
3039.828508,39,60,0.67,21,0.031904762,20
3039.821127,32,55,0.9,23,0.039130435,20
3039.729523,64,85,0.4,21,0.019047619,20
3039.710761,36,59,0.77,23,0.033478261,20
3039.637781,34,51,0.72,17,0.042352941,20
3039.601285,48,61,0.37,13,0.028461538,20
3039.416302,60,87,0.71,27,0.026296296,20
3039.411803,60,82,0.48,22,0.021818182,20
3039.291074,55,76,0.64,21,0.03047619,20
3039.199559,71,74,0.08,3,0.026666667,20
3039.199559,68,77,0.24,9,0.026666667,20
3039.199559,65,81,0.42,16,0.02625,20
3039.183532,57,73,0.49,16,0.030625,20
3039.171316,45,56,0.34,11,0.030909091,20
3039.110309,53,97,0.95,44,0.021590909,20
3039.013684,40,77,0.92,37,0.024864865,20
3038.834273,43,70,0.82,27,0.03037037,20
3038.730887,52,86,0.94,34,0.027647059,20
3038.730887,52,86,0.95,34,0.027941176,20
3038.67036,56,76,0.6,20,0.03,20
3038.647746,44,65,0.6,21,0.028571429,20
3038.62393,59,77,0.48,18,0.026666667,20
3038.504093,33,53,0.79,20,0.0395,20
3038.495626,64,74,0.26,10,0.026,20
3038.434638,56,86,0.67,30,0.022333333,20
3038.398818,65,79,0.39,14,0.027857143,20
3038.301506,36,64,0.89,28,0.031785714,20
3038.278644,62,84,0.59,22,0.026818182,20
3038.266592,61,82,0.46,21,0.021904762,20
3038.236421,39,50,0.48,11,0.043636364,20
3038.113597,31,55,0.96,24,0.04,20
3037.952441,42,71,0.98,29,0.033793103,20
3037.804313,39,75,0.97,36,0.026944444,20
3037.770181,34,58,0.88,24,0.036666667,20
3037.714948,55,95,0.87,40,0.02175,20
3037.714948,54,97,0.93,43,0.021627907,20
3037.582412,60,75,0.47,15,0.031333333,20
3037.560229,43,80,0.92,37,0.024864865,20
3037.545836,65,80,0.41,15,0.027333333,20
3037.391021,59,75,0.44,16,0.0275,20
3037.224977,42,75,0.8,33,0.024242424,20
3037.059546,38,54,0.55,16,0.034375,20
3036.905012,65,77,0.33,12,0.0275,20
3036.842227,58,78,0.61,20,0.0305,20
3036.777001,34,64,0.96,30,0.032,20
3036.760813,50,63,0.36,13,0.027692308,20
3036.667933,59,84,0.55,25,0.022,20
3036.429465,48,62,0.44,14,0.031428571,20
3036.429465,46,64,0.57,18,0.031666667,20
3036.39291,43,68,0.79,25,0.0316,20
3036.358294,45,65,0.63,20,0.0315,20
3036.348784,34,54,0.76,20,0.038,20
3036.095779,57,77,0.63,20,0.0315,20
3035.70973,69,73,0.11,4,0.0275,20
3035.70973,67,75,0.22,8,0.0275,20
3035.576451,33,57,0.95,24,0.039583333,20
3035.303015,46,68,0.56,22,0.025454545,20
3035.132758,53,75,0.75,22,0.034090909,20
3035.102106,40,52,0.48,12,0.04,20
3035.090403,40,71,0.98,31,0.031612903,20
3034.964124,55,81,0.8,26,0.030769231,20
3034.87738,37,56,0.66,19,0.034736842,20
3034.789307,40,55,0.52,15,0.034666667,20
3034.76359,57,79,0.59,22,0.026818182,20
3034.754095,35,55,0.72,20,0.036,20
3034.74072,54,97,0.92,43,0.021395349,20
3034.559849,42,73,0.84,31,0.027096774,20
3034.522227,37,57,0.7,20,0.035,20
3034.508602,55,80,0.69,25,0.0276,20
3034.470559,58,70,0.41,12,0.034166667,20
3034.407711,36,67,0.94,31,0.030322581,20
3034.342215,56,87,0.86,31,0.027741935,20
3034.301286,60,82,0.62,22,0.028181818,20
3034.27663,56,79,0.63,23,0.027391304,20
3034.218579,48,69,0.51,21,0.024285714,20
3034.164192,51,75,0.83,24,0.034583333,20
3034.124121,67,74,0.2,7,0.028571429,20
3034.061566,35,56,0.79,21,0.037619048,20
3034.031859,38,52,0.53,14,0.037857143,20
3034.031859,36,55,0.71,19,0.037368421,20
3033.845012,50,83,0.99,33,0.03,20
3033.78436,33,58,0.97,25,0.0388,20
3033.774658,59,88,0.74,29,0.025517241,20
3033.72115,55,82,0.76,27,0.028148148,20
3033.531174,58,85,0.59,27,0.021851852,20
3033.342636,37,63,0.94,26,0.036153846,20
3033.215317,64,78,0.3,14,0.021428571,20
3033.215317,62,80,0.39,18,0.021666667,20
3033.131761,54,69,0.37,15,0.024666667,20
3033.075294,39,76,0.98,37,0.026486486,20
3032.843065,39,54,0.54,15,0.036,20
3032.753278,56,71,0.36,15,0.024,20
3032.74879,34,62,0.93,28,0.033214286,20
3032.699086,54,84,0.81,30,0.027,20
3032.636639,55,84,0.77,29,0.026551724,20
3032.401471,68,73,0.11,5,0.022,20
3032.349334,55,92,0.92,37,0.024864865,20
3032.338433,36,55,0.7,19,0.036842105,20
3032.3354,59,86,0.69,27,0.025555556,20
3032.283552,43,70,0.74,27,0.027407407,20
3032.181377,39,60,0.72,21,0.034285714,20
3032.04273,68,82,0.27,14,0.019285714,20
3031.771358,47,69,0.67,22,0.030454545,20
3031.651366,50,85,0.97,35,0.027714286,20
3031.584611,43,81,0.93,38,0.024473684,20
3031.543795,36,62,0.84,26,0.032307692,20
3031.526177,64,70,0.19,6,0.031666667,20
3031.526177,61,73,0.38,12,0.031666667,20
3031.526177,58,76,0.57,18,0.031666667,20
3031.366678,50,66,0.39,16,0.024375,20
3031.31342,41,56,0.55,15,0.036666667,20
3031.303998,43,69,0.89,26,0.034230769,20
3031.303998,42,70,0.96,28,0.034285714,20
3031.208637,53,76,0.54,23,0.023478261,20
3031.133519,37,59,0.72,22,0.032727273,20
3031.097481,35,66,0.98,31,0.031612903,20
3031.069153,41,51,0.39,10,0.039,20
3030.961468,66,78,0.31,12,0.025833333,20
3030.905451,54,86,0.93,32,0.0290625,20
3030.905451,53,87,0.99,34,0.029117647,20
3030.787422,57,78,0.65,21,0.030952381,20
3030.787422,56,79,0.71,23,0.030869565,20
3030.70541,37,60,0.83,23,0.036086957,20
3030.567585,33,62,0.98,29,0.033793103,20
3030.56702,40,69,0.84,29,0.028965517,20
3030.526072,47,50,0.11,3,0.036666667,20
3030.519019,40,70,0.86,30,0.028666667,20
3030.480333,42,66,0.7,24,0.029166667,20
3030.451194,40,52,0.41,12,0.034166667,20
3030.409604,62,82,0.43,20,0.0215,20
3030.399015,39,58,0.63,19,0.033157895,20
3030.180569,41,77,0.88,36,0.024444444,20
3030.052067,42,84,0.06,42,0.001428571,20
3030.03401,63,79,0.35,16,0.021875,20
3029.971138,56,94,0.82,38,0.021578947,20
3029.961471,54,80,0.84,26,0.032307692,20
3029.908196,60,88,0.71,28,0.025357143,20
3029.865757,55,97,0.99,42,0.023571429,20
3029.76017,63,72,0.25,9,0.027777778,20
3029.76017,62,74,0.33,12,0.0275,20
3029.76017,60,76,0.44,16,0.0275,20
3029.676588,48,72,0.61,24,0.025416667,20
3029.656757,57,88,0.81,31,0.026129032,20
3029.611371,47,66,0.53,19,0.027894737,20
3029.52838,68,75,0.15,7,0.021428571,20
3029.39758,36,65,0.89,29,0.030689655,20
3029.272007,54,83,0.81,29,0.027931034,20
3029.272007,53,84,0.87,31,0.028064516,20
3029.197666,44,53,0.33,9,0.036666667,20
3029.095681,63,80,0.37,17,0.021764706,20
3029.085495,52,82,0.84,30,0.028,20
3029.065319,45,67,0.75,22,0.034090909,20
3029.026844,63,73,0.27,10,0.027,20
3029.026844,61,75,0.38,14,0.027142857,20
3029.026844,59,78,0.51,19,0.026842105,20
3029.026844,57,80,0.62,23,0.026956522,20
3028.964231,56,69,0.39,13,0.03,20
3028.964231,55,70,0.45,15,0.03,20
3028.956006,40,57,0.54,17,0.031764706,20
3028.903418,54,80,0.76,26,0.029230769,20
3028.816746,55,87,0.91,32,0.0284375,20
3028.684064,54,81,0.78,27,0.028888889,20
3028.496286,59,76,0.47,17,0.027647059,20
3028.4114,54,84,0.78,30,0.026,20
3028.218588,67,74,0.19,7,0.027142857,20
3028.218588,63,79,0.43,16,0.026875,20
3028.179903,37,61,0.85,24,0.035416667,20
3028.166779,58,85,0.68,27,0.025185185,20
3028.085637,57,86,0.76,29,0.026206897,20
3027.921703,60,75,0.46,15,0.030666667,20
3027.898302,37,59,0.76,22,0.034545455,20
3027.842123,54,94,0.99,40,0.02475,20
3027.442655,35,71,0.23,36,0.006388889,20
3027.397131,58,82,0.67,24,0.027916667,20
3027.397131,56,85,0.8,29,0.027586207,20
3027.397131,55,86,0.86,31,0.027741935,20
3027.397131,54,88,0.93,34,0.027352941,20
3026.994333,58,86,0.73,28,0.026071429,20
3026.923484,60,87,0.66,27,0.024444444,20
3026.923484,59,88,0.71,29,0.024482759,20
3026.599803,40,73,0.99,33,0.03,20
3026.504278,47,74,0.68,27,0.025185185,20
3026.456254,68,77,0.23,9,0.025555556,20
3026.456254,63,82,0.49,19,0.025789474,20
3026.456254,62,83,0.54,21,0.025714286,20
3026.456254,61,84,0.59,23,0.025652174,20
3026.456254,60,85,0.65,25,0.026,20
3026.456254,59,86,0.7,27,0.025925926,20
3026.456254,59,87,0.72,28,0.025714286,20
3026.456254,58,88,0.77,30,0.025666667,20
3026.456254,57,89,0.82,32,0.025625,20
3026.456254,57,90,0.84,33,0.025454545,20
3026.456254,56,90,0.87,34,0.025588235,20
3026.456254,56,91,0.89,35,0.025428571,20
3026.455025,37,51,0.56,14,0.04,20
3026.378178,46,74,0.72,28,0.025714286,20
3026.366064,64,78,0.31,14,0.022142857,20
3026.291887,32,53,0.89,21,0.042380952,20
3026.252265,36,58,0.77,22,0.035,20
3026.207837,61,73,0.34,12,0.028333333,20
3026.19157,35,62,0.9,27,0.033333333,20
3026.093363,33,52,0.82,19,0.043157895,20
3026.067516,52,71,0.47,19,0.024736842,20
3025.94586,40,59,0.6,19,0.031578947,20
3025.929629,40,58,0.67,18,0.037222222,20
3025.917973,52,77,0.59,25,0.0236,20
3025.854805,61,74,0.36,13,0.027692308,20
3025.814466,52,83,0.98,31,0.031612903,20
3025.697233,57,84,0.77,27,0.028518519,20
3025.697233,56,85,0.83,29,0.02862069,20
3025.541601,57,75,0.54,18,0.03,20
3025.51351,55,63,0.21,8,0.02625,20
3025.329576,59,77,0.49,18,0.027222222,20
3025.307516,56,79,0.65,23,0.02826087,20
3025.204971,58,80,0.57,22,0.025909091,20
3025.06053,51,84,0.96,33,0.029090909,20
3025.047913,57,86,0.73,29,0.025172414,20
3025.041683,65,78,0.33,13,0.025384615,20
3025.001558,35,64,0.95,29,0.032758621,20
3024.939023,58,84,0.57,26,0.021923077,20
3024.935647,60,83,0.49,23,0.021304348,20
3024.867841,59,69,0.34,10,0.034,20
3024.859988,34,63,0.94,29,0.032413793,20
3024.852343,42,55,0.48,13,0.036923077,20
3024.533615,37,59,0.78,22,0.035454545,20
3024.523998,36,62,0.91,26,0.035,20
3024.503998,38,58,0.7,20,0.035,20
3024.406281,37,63,0.88,26,0.033846154,20
3024.38668,45,71,0.79,26,0.030384615,20
3024.345956,42,84,0.07,42,0.001666667,20
3024.325596,54,82,0.79,28,0.028214286,20
3024.277367,52,85,0.93,33,0.028181818,20
3024.277367,51,86,0.99,35,0.028285714,20
3024.264443,55,81,0.7,26,0.026923077,20
3024.237876,44,69,0.81,25,0.0324,20
3024.232514,45,47,0.08,2,0.04,20
3024.123178,34,63,0.95,29,0.032758621,20
3024.121662,36,54,0.68,18,0.037777778,20
3023.957589,53,81,0.82,28,0.029285714,20
3023.947925,53,79,0.79,26,0.030384615,20
3023.926574,52,83,0.86,31,0.027741935,20
3023.706615,33,53,0.85,20,0.0425,20
3023.64947,53,74,0.5,21,0.023809524,20
3023.593689,57,87,0.75,30,0.025,20
3023.362432,41,66,0.73,25,0.0292,20
3023.242783,64,77,0.35,13,0.026923077,20
3023.242783,62,79,0.46,17,0.027058824,20
3023.128946,54,80,0.73,26,0.028076923,20
3023.128946,54,81,0.75,27,0.027777778,20
3022.961413,63,82,0.47,19,0.024736842,20
3022.882536,38,53,0.54,15,0.036,20
3022.840029,55,87,0.9,32,0.028125,20
3022.838791,38,61,0.79,23,0.034347826,20
3022.823093,60,82,0.58,22,0.026363636,20
3022.816926,61,72,0.35,11,0.031818182,20
3022.815861,60,83,0.6,23,0.026086957,20
3022.804564,60,74,0.44,14,0.031428571,20
3022.581496,52,59,0.17,7,0.024285714,20
3022.499653,43,72,0.73,29,0.025172414,20
3022.494828,57,87,0.79,30,0.026333333,20
3022.494828,56,89,0.86,33,0.026060606,20
3022.494828,55,90,0.91,35,0.026,20
3022.424081,57,91,0.83,34,0.024411765,20
3022.399632,35,62,0.97,27,0.035925926,20
3022.39768,45,64,0.54,19,0.028421053,20
3022.308071,40,78,0.92,38,0.024210526,20
3022.003329,60,83,0.61,23,0.026521739,20
3021.932427,46,51,0.17,5,0.034,20
3021.760707,65,82,0.43,17,0.025294118,20
3021.754479,59,75,0.5,16,0.03125,20
3021.754479,54,81,0.84,27,0.031111111,20
3021.663287,53,69,0.56,16,0.035,20
3021.593318,45,66,0.59,21,0.028095238,20
3021.466108,67,77,0.26,10,0.026,20
3021.466108,64,80,0.42,16,0.02625,20
3021.466108,64,81,0.44,17,0.025882353,20
3021.466108,63,81,0.47,18,0.026111111,20
3021.452357,60,68,0.27,8,0.03375,20
3021.406595,51,88,0.97,37,0.026216216,20
3021.304616,48,65,0.44,17,0.025882353,20
3020.982412,58,84,0.73,26,0.028076923,20
3020.897592,51,65,0.34,14,0.024285714,20
3020.878239,60,85,0.69,25,0.0276,20
3020.828557,47,65,0.5,18,0.027777778,20
3020.694601,54,85,0.8,31,0.025806452,20
3020.694601,53,86,0.85,33,0.025757576,20
3020.694601,52,88,0.92,36,0.025555556,20
3020.472,41,52,0.43,11,0.039090909,20
3020.472,40,53,0.51,13,0.039230769,20
3020.216939,34,57,0.9,23,0.039130435,20
3020.209395,67,78,0.3,11,0.027272727,20
3020.128827,57,85,0.75,28,0.026785714,20
3020.120776,52,82,0.88,30,0.029333333,20
3020.120776,51,83,0.94,32,0.029375,20
3019.974901,57,71,0.47,14,0.033571429,20
3019.940444,65,76,0.3,11,0.027272727,20
3019.928909,61,82,0.56,21,0.026666667,20
3019.81578,56,72,0.54,16,0.03375,20
3019.774981,55,79,0.76,24,0.031666667,20
3019.734745,61,67,0.14,6,0.023333333,20
3019.726475,54,88,0.96,34,0.028235294,20
3019.647342,41,67,0.76,26,0.029230769,20
3019.609144,49,60,0.35,11,0.031818182,20
3019.338851,53,83,0.85,30,0.028333333,20
3019.299863,59,74,0.48,15,0.032,20
3019.242688,47,76,0.72,29,0.024827586,20
3019.22437,36,94,0.14,58,0.002413793,20
3019.176477,63,79,0.44,16,0.0275,20
3019.087043,63,83,0.51,20,0.0255,20
3019.057335,53,84,0.83,31,0.026774194,20
3019.056771,55,84,0.85,29,0.029310345,20
3019.040544,54,80,0.82,26,0.031538462,20
3019.040544,53,82,0.91,29,0.03137931,20
3018.937328,51,75,0.81,24,0.03375,20
3018.830285,35,62,0.98,27,0.036296296,20
3018.757132,40,71,0.87,31,0.028064516,20
3018.594779,48,61,0.41,13,0.031538462,20
3018.477674,45,65,0.68,20,0.034,20
3018.393406,36,50,0.6,14,0.042857143,20
3018.358124,36,63,0.84,27,0.031111111,20
3018.215388,42,86,0.07,44,0.001590909,20
3018.196422,36,62,0.86,26,0.033076923,20
3017.633554,54,78,0.71,24,0.029583333,20
3017.633554,53,79,0.77,26,0.029615385,20
3017.535787,62,81,0.41,19,0.021578947,20
3017.522708,66,77,0.24,11,0.021818182,20
3017.433744,59,75,0.51,16,0.031875,20
3017.305576,43,66,0.73,23,0.03173913,20
3017.305576,42,67,0.8,25,0.032,20
3017.251659,47,64,0.53,17,0.031176471,20
3017.246558,52,84,0.99,32,0.0309375,20
3017.168726,64,79,0.33,15,0.022,20
3017.161416,61,74,0.35,13,0.026923077,20
3017.161416,59,76,0.46,17,0.027058824,20
3016.938206,57,77,0.64,20,0.032,20
3016.922075,43,72,0.72,29,0.024827586,20
3016.856314,53,85,0.84,32,0.02625,20
3016.856314,52,87,0.91,35,0.026,20
3016.856314,51,88,0.96,37,0.025945946,20
3016.856314,51,89,0.98,38,0.025789474,20
3016.699611,56,87,0.78,31,0.02516129,20
3016.699611,55,88,0.84,33,0.025454545,20
3016.677311,52,85,0.89,33,0.026969697,20
3016.655962,37,64,0.85,27,0.031481481,20
3016.650152,52,57,0.17,5,0.034,20
3016.444485,39,61,0.69,22,0.031363636,20
3016.432587,35,66,0.97,31,0.031290323,20
3016.301468,45,53,0.27,8,0.03375,20
3016.205239,37,62,0.86,25,0.0344,20
3015.698031,41,76,0.86,35,0.024571429,20
3015.652167,54,74,0.68,20,0.034,20
3015.62403,42,75,0.81,33,0.024545455,20
3015.620389,44,68,0.66,24,0.0275,20
3015.541055,48,75,0.67,27,0.024814815,20
3015.519113,59,84,0.66,25,0.0264,20
3015.292736,36,62,0.89,26,0.034230769,20
3015.263207,37,61,0.82,24,0.034166667,20
3015.129917,52,72,0.49,20,0.0245,20
3014.931082,46,50,0.13,4,0.0325,20
3014.880985,36,59,0.8,23,0.034782609,20
3014.702583,32,55,0.97,23,0.042173913,20
3014.49912,56,78,0.61,22,0.027727273,20
3014.475305,47,77,0.04,30,0.001333333,20
3014.393718,63,83,0.41,20,0.0205,20
3014.348763,58,79,0.57,21,0.027142857,20
3014.348763,56,81,0.68,25,0.0272,20
3014.347773,41,75,0.89,34,0.026176471,20
3014.323261,56,78,0.71,22,0.032272727,20
3014.193153,44,68,0.65,24,0.027083333,20
3014.095838,66,78,0.24,12,0.02,20
3014.095838,65,79,0.28,14,0.02,20
3014.013795,41,56,0.5,15,0.033333333,20
3013.923056,47,70,0.56,23,0.024347826,20
3013.877012,35,64,0.92,29,0.031724138,20
3013.827494,37,61,0.83,24,0.034583333,20
3013.800983,50,79,0.67,29,0.023103448,20
3013.677528,43,82,0.94,39,0.024102564,20
3013.561534,40,69,0.92,29,0.031724138,20
3013.521784,43,74,0.75,31,0.024193548,20
3013.463716,42,69,0.75,27,0.027777778,20
3013.3095,38,60,0.7,22,0.031818182,20
3013.26152,59,76,0.52,17,0.030588235,20
3013.226076,49,75,0.82,26,0.031538462,20
3012.961655,36,58,0.78,22,0.035454545,20
3012.943757,39,57,0.68,18,0.037777778,20
3012.861213,53,73,0.67,20,0.0335,20
3012.716755,71,73,0.05,2,0.025,20
3012.716755,70,74,0.1,4,0.025,20
3012.716755,69,75,0.15,6,0.025,20
3012.716755,68,76,0.2,8,0.025,20
3012.716755,67,77,0.25,10,0.025,20
3012.716755,66,78,0.3,12,0.025,20
3012.569252,57,80,0.61,23,0.026521739,20
3012.493514,50,84,0.99,34,0.029117647,20
3012.442873,35,55,0.79,20,0.0395,20
3012.395965,40,58,0.66,18,0.036666667,20
3012.390006,60,73,0.41,13,0.031538462,20
3012.079915,33,58,0.98,25,0.0392,20
3012.007309,56,88,0.8,32,0.025,20
3012.007309,55,89,0.85,34,0.025,20
3011.966147,65,71,0.16,6,0.026666667,20
3011.966147,62,74,0.32,12,0.026666667,20
3011.948439,38,55,0.59,17,0.034705882,20
3011.933638,55,73,0.61,18,0.033888889,20
3011.700864,36,49,0.56,13,0.043076923,20
3011.690958,56,77,0.69,21,0.032857143,20
3011.672702,66,76,0.27,10,0.027,20
3011.428653,41,58,0.57,17,0.033529412,20
3011.402388,60,85,0.52,25,0.0208,20
3011.347067,43,66,0.66,23,0.028695652,20
3011.219471,34,99,0.16,65,0.002461538,20
3011.176026,56,72,0.38,16,0.02375,20
3011.129941,48,76,0.68,28,0.024285714,20
3011.043783,55,72,0.4,17,0.023529412,20
3011.039174,58,86,0.6,28,0.021428571,20
3011.01924,42,83,0.06,41,0.001463415,20
3010.904124,56,91,0.94,35,0.026857143,20
3010.854009,58,85,0.58,27,0.021481481,20
3010.830265,39,74,0.98,35,0.028,20
3010.819018,58,75,0.48,17,0.028235294,20
3010.819018,55,79,0.67,24,0.027916667,20
3010.768988,40,69,0.94,29,0.032413793,20
3010.588798,61,73,0.33,12,0.0275,20
3010.49783,31,55,0.97,24,0.040416667,20
3010.395911,49,80,0.73,31,0.023548387,20
3010.386308,61,74,0.4,13,0.030769231,20
3010.372433,54,90,0.91,36,0.025277778,20
3010.360895,41,74,0.99,33,0.03,20
3010.324065,43,75,0.83,32,0.0259375,20
3010.139334,42,74,0.8,32,0.025,20
3010.104398,47,65,0.49,18,0.027222222,20
3010.054144,44,82,0.05,38,0.001315789,20
3010.044932,35,64,0.94,29,0.032413793,20
3009.994099,61,80,0.54,19,0.028421053,20
3009.974179,48,79,0.75,31,0.024193548,20
3009.830929,55,80,0.71,25,0.0284,20
3009.797234,35,66,0.96,31,0.030967742,20
3009.788217,56,89,0.84,33,0.025454545,20
3009.788217,54,92,0.96,38,0.025263158,20
3009.675389,62,73,0.34,11,0.030909091,20
3009.640722,45,80,0.05,35,0.001428571,20
3009.606634,45,68,0.7,23,0.030434783,20
3009.590067,40,78,0.93,38,0.024473684,20
3009.441639,60,82,0.49,22,0.022272727,20
3009.439743,40,55,0.49,15,0.032666667,20
3009.321162,43,70,0.73,27,0.027037037,20
3009.179415,46,69,0.71,23,0.030869565,20
3009.100646,55,78,0.73,23,0.03173913,20
3009.081263,61,85,0.61,24,0.025416667,20
3009.081263,55,92,0.94,37,0.025405405,20
3008.988303,61,85,0.49,24,0.020416667,20
3008.988303,60,86,0.53,26,0.020384615,20
3008.844206,38,64,0.86,26,0.033076923,20
3008.715743,35,61,0.89,26,0.034230769,20
3008.637204,61,76,0.4,15,0.026666667,20
3008.637204,57,81,0.64,24,0.026666667,20
3008.628563,57,82,0.65,25,0.026,20
3008.570243,39,59,0.74,20,0.037,20
3008.524044,58,77,0.59,19,0.031052632,20
3008.524044,55,80,0.78,25,0.0312,20
3008.505979,62,87,0.6,25,0.024,20
3008.401643,54,74,0.67,20,0.0335,20
3008.398601,36,99,0.16,63,0.002539683,20
3008.380817,35,63,0.91,28,0.0325,20
3008.230367,40,57,0.63,17,0.037058824,20
3008.20102,45,49,0.14,4,0.035,20
3008.20102,44,50,0.21,6,0.035,20
3008.159138,36,63,0.95,27,0.035185185,20
3007.967313,60,85,0.64,25,0.0256,20
3007.93347,62,80,0.4,18,0.022222222,20
3007.734777,65,80,0.39,15,0.026,20
3007.709976,63,70,0.22,7,0.031428571,20
3007.709976,58,76,0.56,18,0.031111111,20
3007.589523,47,78,0.03,31,0.000967742,20
3007.583547,64,81,0.35,17,0.020588235,20
3007.555242,37,65,0.86,28,0.030714286,20
3007.46455,52,74,0.74,22,0.033636364,20
3007.390291,44,81,0.06,37,0.001621622,20
3007.378607,47,78,0.97,31,0.031290323,20
3007.373361,35,98,0.16,63,0.002539683,20
3007.294072,41,74,0.83,33,0.025151515,20
3007.226471,42,69,0.76,27,0.028148148,20
3007.183801,47,66,0.49,19,0.025789474,20
3006.908002,37,50,0.53,13,0.040769231,20
3006.721241,53,98,0.98,45,0.021777778,20
3006.591149,52,85,0.9,33,0.027272727,20
3006.591149,52,86,0.92,34,0.027058824,20
3006.591149,51,88,0.99,37,0.026756757,20
3006.510803,56,78,0.68,22,0.030909091,20
3006.493262,37,62,0.92,25,0.0368,20
3006.440181,46,66,0.58,20,0.029,20
3006.440181,45,67,0.64,22,0.029090909,20
3006.409686,60,77,0.46,17,0.027058824,20
3006.306769,55,70,0.51,15,0.034,20
3006.29026,55,82,0.75,27,0.027777778,20
3006.215613,58,91,0.66,33,0.02,20
3006.206277,46,49,0.1,3,0.033333333,20
3006.015864,49,77,0.99,28,0.035357143,20
3005.997991,39,50,0.38,11,0.034545455,20
3005.923462,58,81,0.66,23,0.028695652,20
3005.905938,52,89,0.94,37,0.025405405,20
3005.905938,51,90,0.99,39,0.025384615,20
3005.896142,43,72,0.77,29,0.026551724,20
3005.807699,35,94,0.18,59,0.003050847,20
3005.740015,47,78,0.04,31,0.001290323,20
3005.59686,37,63,0.81,26,0.031153846,20
3005.546094,36,64,0.98,28,0.035,20
3005.477997,61,83,0.47,22,0.021363636,20
3005.460373,65,69,0.11,4,0.0275,20
3005.460373,63,71,0.22,8,0.0275,20
3005.366178,64,82,0.46,18,0.025555556,20
3005.15031,61,72,0.36,11,0.032727273,20
3005.133228,34,60,0.88,26,0.033846154,20
3005.120519,39,69,0.99,30,0.033,20
3005.016023,63,77,0.4,14,0.028571429,20
3004.998406,61,89,0.54,28,0.019285714,20
3004.964939,53,83,0.82,30,0.027333333,20
3004.962385,46,66,0.54,20,0.027,20
3004.857119,64,79,0.32,15,0.021333333,20
3004.857119,61,82,0.45,21,0.021428571,20
3004.857119,60,84,0.51,24,0.02125,20
3004.7941,60,87,0.55,27,0.02037037,20
3004.756406,60,86,0.7,26,0.026923077,20
3004.74262,57,77,0.56,20,0.028,20
3004.736893,43,69,0.76,26,0.029230769,20
3004.720653,54,80,0.83,26,0.031923077,20
3004.585029,41,71,0.91,30,0.030333333,20
3004.536082,33,53,0.8,20,0.04,20
3004.404537,48,76,0.04,28,0.001428571,20
3004.377445,43,69,0.72,26,0.027692308,20
3004.355292,39,47,0.33,8,0.04125,20
3004.255832,41,56,0.56,15,0.037333333,20
3004.053337,55,88,0.92,33,0.027878788,20
3004.053337,54,89,0.98,35,0.028,20
3004.029314,56,89,0.85,33,0.025757576,20
3004.012805,57,85,0.79,28,0.028214286,20
3004.012805,56,86,0.85,30,0.028333333,20
3003.984028,43,52,0.34,9,0.037777778,20
3003.911802,52,84,0.91,32,0.0284375,20
3003.911802,51,85,0.97,34,0.028529412,20
3003.908429,55,78,0.76,23,0.033043478,20
3003.865258,38,60,0.82,22,0.037272727,20
3003.820045,54,93,0.97,39,0.024871795,20
3003.809702,68,78,0.26,10,0.026,20
3003.587006,51,83,0.92,32,0.02875,20
3003.587006,51,84,0.94,33,0.028484848,20
3003.492804,52,81,0.84,29,0.028965517,20
3003.492804,51,82,0.9,31,0.029032258,20
3003.348629,42,74,0.84,32,0.02625,20
3003.259752,56,90,0.85,34,0.025,20
3003.243991,61,85,0.65,24,0.027083333,20
3002.954264,49,67,0.44,18,0.024444444,20
3002.837204,43,69,0.81,26,0.031153846,20
3002.772371,52,69,0.55,17,0.032352941,20
3002.614977,56,68,0.37,12,0.030833333,20
3002.614977,53,72,0.58,19,0.030526316,20
3002.578776,59,84,0.54,25,0.0216,20
3002.54248,32,54,0.89,22,0.040454545,20
3002.536124,36,66,0.99,30,0.033,20
3002.504717,51,84,0.95,33,0.028787879,20
3002.496205,45,51,0.2,6,0.033333333,20
3002.447474,38,90,0.08,52,0.001538462,20
3002.444819,57,88,0.8,31,0.025806452,20
3002.361042,53,91,0.96,38,0.025263158,20
3002.342666,54,89,0.9,35,0.025714286,20
3002.328713,52,76,0.56,24,0.023333333,20
3002.313989,52,80,0.84,28,0.03,20
3002.306566,36,67,0.93,31,0.03,20
3002.289225,49,77,0.98,28,0.035,20
3002.120568,39,62,0.71,23,0.030869565,20
3002.084442,38,60,0.75,22,0.034090909,20
3002.046884,66,78,0.34,12,0.028333333,20
3002.039256,34,66,0.99,32,0.0309375,20
3001.993916,52,61,0.28,9,0.031111111,20
3001.987677,36,66,0.92,30,0.030666667,20
3001.926478,63,81,0.38,18,0.021111111,20
3001.920244,39,56,0.6,17,0.035294118,20
3001.894774,59,86,0.57,27,0.021111111,20
3001.873989,43,70,0.72,27,0.026666667,20
3001.753006,60,87,0.68,27,0.025185185,20
3001.638409,42,80,0.97,38,0.025526316,20
3001.492711,56,96,0.94,40,0.0235,20
3001.443758,54,95,0.91,41,0.022195122,20
3001.380176,55,81,0.73,26,0.028076923,20
3001.380176,52,85,0.92,33,0.027878788,20
3001.318259,37,62,0.87,25,0.0348,20
3001.172602,65,78,0.28,13,0.021538462,20
3001.145473,49,62,0.38,13,0.029230769,20
3001.014993,55,68,0.32,13,0.024615385,20
3000.893767,36,63,0.91,27,0.033703704,20
3000.893767,35,64,0.98,29,0.033793103,20
3000.872578,41,48,0.24,7,0.034285714,20
3000.810476,36,62,0.92,26,0.035384615,20
3000.686946,58,68,0.28,10,0.028,20
3000.613557,61,89,0.55,28,0.019642857,20
3000.601615,41,59,0.61,18,0.033888889,20
3000.586589,44,61,0.51,17,0.03,20
3000.534555,52,82,0.97,30,0.032333333,20
3000.520519,56,80,0.65,24,0.027083333,20
3000.497196,70,79,0.19,9,0.021111111,20
3000.397718,62,72,0.31,10,0.031,20
3000.359256,53,87,0.87,34,0.025588235,20
3000.260641,59,66,0.17,7,0.024285714,20
3000.243953,45,81,0.06,36,0.001666667,20
3000.235354,40,56,0.6,16,0.0375,20
3000.230809,60,83,0.5,23,0.02173913,20
3000.149619,53,70,0.42,17,0.024705882,20
3000.043084,62,72,0.32,10,0.032,20
3000.007224,42,71,0.99,29,0.034137931,20
