% profit,ema1,ema2,threshold,diff,thresh / diff,ID
4156.152701,54,71,0.58,17,0.034117647,41
4148.048625,55,73,0.59,18,0.032777778,41
4144.735955,56,70,0.47,14,0.033571429,41
4144.022047,57,79,0.67,22,0.030454545,41
4142.683996,55,70,0.51,15,0.034,41
4139.522915,57,69,0.4,12,0.033333333,41
4126.53809,56,80,0.73,24,0.030416667,41
4123.144423,55,71,0.54,16,0.03375,41
4118.685741,57,70,0.43,13,0.033076923,41
4118.599854,58,78,0.61,20,0.0305,41
4116.129351,54,72,0.61,18,0.033888889,41
4116.129351,50,77,0.91,27,0.033703704,41
4114.675789,60,66,0.2,6,0.033333333,41
4114.041123,55,81,0.79,26,0.030384615,41
4107.977374,61,74,0.4,13,0.030769231,41
4107.643434,51,76,0.84,25,0.0336,41
4105.455564,53,76,0.75,23,0.032608696,41
4103.624312,54,73,0.63,19,0.033157895,41
4103.483295,60,65,0.17,5,0.034,41
4101.432188,58,70,0.39,12,0.0325,41
4093.901057,53,72,0.65,19,0.034210526,41
4084.585436,63,73,0.3,10,0.03,41
4084.585436,62,74,0.36,12,0.03,41
4084.585436,61,75,0.42,14,0.03,41
4084.585436,60,76,0.48,16,0.03,41
4082.261408,54,74,0.66,20,0.033,41
4081.745006,64,72,0.24,8,0.03,41
4078.995351,59,77,0.54,18,0.03,41
4072.063814,58,77,0.58,19,0.030526316,41
4071.122042,60,67,0.23,7,0.032857143,41
4069.878954,58,69,0.36,11,0.032727273,41
4064.989571,59,76,0.52,17,0.030588235,41
4057.647234,52,77,0.82,25,0.0328,41
4050.386024,53,73,0.68,20,0.034,41
4050.386024,52,74,0.75,22,0.034090909,41
4048.897685,60,75,0.46,15,0.030666667,41
4040.181982,60,75,0.45,15,0.03,41
4034.25252,53,83,0.92,30,0.030666667,41
4032.672328,58,78,0.6,20,0.03,41
4031.480145,53,74,0.7,21,0.033333333,41
4031.480145,52,75,0.77,23,0.033478261,41
4030.265473,57,78,0.64,21,0.03047619,41
4011.133265,52,76,0.8,24,0.033333333,41
4007.098712,51,77,0.87,26,0.033461538,41
4004.107614,62,75,0.38,13,0.029230769,41
4004.107614,61,76,0.44,15,0.029333333,41
4004.107614,60,77,0.5,17,0.029411765,41
4002.858676,53,75,0.73,22,0.033181818,41
3999.986165,50,76,0.89,26,0.034230769,41
3999.777691,51,75,0.82,24,0.034166667,41
3995.561774,59,71,0.38,12,0.031666667,41
3993.391934,50,79,0.96,29,0.033103448,41
3992.196573,67,68,0.03,1,0.03,41
3992.196573,66,69,0.09,3,0.03,41
3992.196573,65,70,0.15,5,0.03,41
3992.196573,64,71,0.21,7,0.03,41
3992.196573,63,72,0.27,9,0.03,41
3992.196573,62,73,0.33,11,0.03,41
3991.505557,57,79,0.66,22,0.03,41
3984.229699,58,71,0.42,13,0.032307692,41
3984.229699,56,73,0.55,17,0.032352941,41
3981.570627,56,79,0.71,23,0.030869565,41
3980.240748,54,82,0.86,28,0.030714286,41
3978.59454,51,78,0.89,27,0.032962963,41
3957.670565,57,71,0.46,14,0.032857143,41
3956.091495,57,76,0.59,19,0.031052632,41
3952.062916,61,74,0.39,13,0.03,41
3951.414481,55,74,0.62,19,0.032631579,41
3942.113879,62,66,0.13,4,0.0325,41
3942.113879,60,68,0.26,8,0.0325,41
3926.576125,62,70,0.25,8,0.03125,41
3921.946099,60,73,0.4,13,0.030769231,41
3917.067043,51,76,0.85,25,0.034,41
3897.679161,50,78,0.94,28,0.033571429,41
3896.4256,49,77,0.96,28,0.034285714,41
3890.039942,58,73,0.47,15,0.031333333,41
3887.669836,55,77,0.69,22,0.031363636,41
3880.655491,55,73,0.6,18,0.033333333,41
3878.622398,54,74,0.67,20,0.0335,41
3876.545992,59,69,0.33,10,0.033,41
3876.545992,56,72,0.53,16,0.033125,41
3876.214882,59,67,0.27,8,0.03375,41
3876.114803,61,70,0.28,9,0.031111111,41
3872.749671,60,72,0.37,12,0.030833333,41
3863.238423,57,75,0.56,18,0.031111111,41
3860.364579,58,70,0.4,12,0.033333333,41
3860.224473,59,74,0.46,15,0.030666667,41
3857.024168,55,72,0.57,17,0.033529412,41
3854.253758,58,67,0.31,9,0.034444444,41
3854.052694,59,66,0.24,7,0.034285714,41
3850.473011,49,78,0.99,29,0.034137931,41
3849.059758,56,71,0.5,15,0.033333333,41
3845.001626,61,71,0.31,10,0.031,41
3844.520797,62,72,0.31,10,0.031,41
3842.131535,62,69,0.22,7,0.031428571,41
3842.131535,58,74,0.5,16,0.03125,41
3841.378343,59,77,0.55,18,0.030555556,41
3839.959549,67,69,0.06,2,0.03,41
3839.959549,66,70,0.12,4,0.03,41
3839.959549,65,71,0.18,6,0.03,41
3837.714651,56,77,0.65,21,0.030952381,41
3835.062748,58,69,0.37,11,0.033636364,41
3834.784118,62,65,0.1,3,0.033333333,41
3834.784118,59,68,0.3,9,0.033333333,41
3832.246539,58,76,0.55,18,0.030555556,41
3830.23466,50,77,0.92,27,0.034074074,41
3828.270685,61,73,0.37,12,0.030833333,41
3827.989364,53,76,0.76,23,0.033043478,41
3827.989364,52,77,0.83,25,0.0332,41
3824.306862,57,68,0.38,11,0.034545455,41
3824.306862,56,69,0.45,13,0.034615385,41
3823.934235,54,75,0.69,21,0.032857143,41
3821.994473,66,68,0.06,2,0.03,41
3821.994473,65,69,0.12,4,0.03,41
3821.994473,64,70,0.18,6,0.03,41
3814.799157,55,71,0.55,16,0.034375,41
3814.799157,54,72,0.62,18,0.034444444,41
3801.883963,58,75,0.53,17,0.031176471,41
3800.748188,61,67,0.2,6,0.033333333,41
3798.671488,56,70,0.48,14,0.034285714,41
3798.47325,57,69,0.41,12,0.034166667,41
3796.866331,54,73,0.64,19,0.033684211,41
3794.160021,58,68,0.34,10,0.034,41
3793.563902,53,74,0.71,21,0.033809524,41
3781.532031,56,78,0.68,22,0.030909091,41
3778.408036,54,81,0.83,27,0.030740741,41
3772.286312,61,72,0.34,11,0.030909091,41
3769.820819,55,80,0.77,25,0.0308,41
3764.974157,55,79,0.74,24,0.030833333,41
3764.73986,52,75,0.78,23,0.033913043,41
3763.889143,57,70,0.44,13,0.033846154,41
3763.423389,57,77,0.62,20,0.031,41
3761.757872,7,11,0.21,4,0.0525,41
3760.541156,56,79,0.7,23,0.030434783,41
3751.426425,62,71,0.28,9,0.031111111,41
3742.220236,61,66,0.17,5,0.034,41
3736.98148,60,74,0.43,14,0.030714286,41
3725.622076,59,75,0.49,16,0.030625,41
3700.347212,55,72,0.58,17,0.034117647,41
3700.153974,56,71,0.51,15,0.034,41
3694.601442,57,71,0.47,14,0.033571429,41
3690.896083,51,78,0.9,27,0.033333333,41
3662.94826,54,75,0.7,21,0.033333333,41
3659.759321,60,68,0.27,8,0.03375,41
3658.519372,57,78,0.65,21,0.030952381,41
3656.025605,56,72,0.54,16,0.03375,41
3652.37328,64,70,0.19,6,0.031666667,41
3639.678836,61,73,0.38,12,0.031666667,41
3639.64368,59,76,0.53,17,0.031176471,41
3639.64368,56,79,0.72,23,0.031304348,41
3636.491326,62,73,0.34,11,0.030909091,41
3636.491326,58,77,0.59,19,0.031052632,41
3622.795922,53,75,0.74,22,0.033636364,41
3621.319957,60,71,0.35,11,0.031818182,41
3617.402364,56,73,0.56,17,0.032941176,41
3610.125408,60,69,0.29,9,0.032222222,41
3606.130416,60,67,0.24,7,0.034285714,41
3606.119803,62,67,0.16,5,0.032,41
3603.329734,58,72,0.45,14,0.032142857,41
3603.329734,56,74,0.58,18,0.032222222,41
3600.556949,63,71,0.25,8,0.03125,41
3600.246812,55,80,0.78,25,0.0312,41
3592.561502,54,73,0.65,19,0.034210526,41
3590.976083,56,76,0.63,20,0.0315,41
3581.662466,54,77,0.74,23,0.032173913,41
3572.298359,54,76,0.71,22,0.032272727,41
3572.298359,53,78,0.8,25,0.032,41
3571.43225,55,75,0.64,20,0.032,41
3557.873499,59,70,0.36,11,0.032727273,41
3557.873499,55,75,0.65,20,0.0325,41
3552.571152,60,70,0.32,10,0.032,41
3552.0447,57,72,0.49,15,0.032666667,41
3550.381937,53,72,0.66,19,0.034736842,41
3550.373041,51,81,0.96,30,0.032,41
3549.682524,55,73,0.61,18,0.033888889,41
3549.496947,53,76,0.77,23,0.033478261,41
3549.496947,52,77,0.84,25,0.0336,41
3543.582686,57,73,0.51,16,0.031875,41
3541.075082,59,69,0.34,10,0.034,41
3538.838786,56,68,0.42,12,0.035,41
3537.430361,57,74,0.54,17,0.031764706,41
3537.430361,55,76,0.67,21,0.031904762,41
3537.141415,55,82,0.81,27,0.03,41
3533.387342,55,69,0.49,14,0.035,41
3533.387342,54,70,0.56,16,0.035,41
3532.173071,52,76,0.81,24,0.03375,41
3530.55105,53,77,0.78,24,0.0325,41
3529.817111,53,85,0.95,32,0.0296875,41
3529.289459,52,79,0.87,27,0.032222222,41
3528.479155,56,75,0.6,19,0.031578947,41
3518.382218,56,81,0.75,25,0.03,41
3514.479245,55,84,0.83,29,0.02862069,41
3509.315078,54,83,0.88,29,0.030344828,41
3509.273005,52,78,0.85,26,0.032692308,41
3507.516755,60,62,0.07,2,0.035,41
3507.516755,59,63,0.14,4,0.035,41
3505.623305,51,77,0.88,26,0.033846154,41
3501.57781,62,68,0.19,6,0.031666667,41
3501.01689,54,74,0.68,20,0.034,41
3501.01689,53,75,0.75,22,0.034090909,41
3501.01689,51,78,0.91,27,0.033703704,41
3501.01689,50,79,0.98,29,0.033793103,41
3500.849732,53,87,0.96,34,0.028235294,41
3498.307016,54,85,0.89,31,0.028709677,41
3498.307016,53,86,0.95,33,0.028787879,41
3490.575073,53,84,0.94,31,0.030322581,41
3490.016483,54,78,0.76,24,0.031666667,41
3488.760545,51,79,0.89,28,0.031785714,41
3478.74649,59,72,0.41,13,0.031538462,41
3478.72691,57,75,0.57,18,0.031666667,41
3477.216203,59,70,0.35,11,0.031818182,41
3475.792542,58,71,0.43,13,0.033076923,41
3475.611392,51,80,0.94,29,0.032413793,41
3473.009576,57,67,0.34,10,0.034,41
3472.102385,51,79,0.92,28,0.032857143,41
3471.359346,52,79,0.88,27,0.032592593,41
3470.500505,56,73,0.54,17,0.031764706,41
3470.319274,56,68,0.41,12,0.034166667,41
3467.667565,53,77,0.79,24,0.032916667,41
3461.276734,57,72,0.47,15,0.031333333,41
3457.940449,61,68,0.22,7,0.031428571,41
3456.219194,60,72,0.38,12,0.031666667,41
3456.219194,59,73,0.44,14,0.031428571,41
3456.219194,59,74,0.47,15,0.031333333,41
3456.219194,55,78,0.72,23,0.031304348,41
3454.069679,50,79,0.97,29,0.033448276,41
3453.564267,52,78,0.82,26,0.031538462,41
3452.678062,7,12,0.24,5,0.048,41
3451.908284,57,68,0.37,11,0.033636364,41
3450.907307,53,89,0.96,36,0.026666667,41
3448.819754,53,81,0.88,28,0.031428571,41
3448.207957,53,77,0.73,24,0.030416667,41
3447.994603,60,64,0.14,4,0.035,41
3447.994603,59,65,0.21,6,0.035,41
3446.849553,52,73,0.73,21,0.034761905,41
3446.849553,51,74,0.8,23,0.034782609,41
3445.818805,54,76,0.72,22,0.032727273,41
3443.5373,53,84,0.95,31,0.030645161,41
3443.417184,55,81,0.8,26,0.030769231,41
3443.378237,7,11,0.2,4,0.05,41
3442.679255,61,63,0.07,2,0.035,41
3442.316316,55,74,0.6,19,0.031578947,41
3441.612485,50,75,0.87,25,0.0348,41
3441.612485,49,76,0.94,27,0.034814815,41
3441.361921,55,77,0.71,22,0.032272727,41
3441.361921,53,79,0.84,26,0.032307692,41
3440.737035,61,68,0.23,7,0.032857143,41
3440.572706,63,68,0.16,5,0.032,41
3440.254417,54,80,0.81,26,0.031153846,41
3438.997794,58,71,0.41,13,0.031538462,41
3437.298811,58,76,0.56,18,0.031111111,41
3435.620963,55,69,0.48,14,0.034285714,41
3435.620963,54,70,0.55,16,0.034375,41
3435.376795,63,69,0.19,6,0.031666667,41
3435.325032,54,81,0.84,27,0.031111111,41
3435.325032,52,83,0.97,31,0.031290323,41
3434.589277,53,78,0.81,25,0.0324,41
3433.717899,60,69,0.28,9,0.031111111,41
3431.860504,61,67,0.19,6,0.031666667,41
3427.218633,63,72,0.28,9,0.031111111,41
3426.420504,56,77,0.66,21,0.031428571,41
3425.783605,58,75,0.54,17,0.031764706,41
3425.783605,56,77,0.67,21,0.031904762,41
3425.783605,54,79,0.8,25,0.032,41
3425.783605,52,82,0.95,30,0.031666667,41
3424.536255,50,78,0.95,28,0.033928571,41
3422.945928,54,80,0.82,26,0.031538462,41
3422.792622,53,82,0.91,29,0.03137931,41
3419.089204,59,73,0.45,14,0.032142857,41
3419.089204,57,75,0.58,18,0.032222222,41
3418.962828,57,73,0.52,16,0.0325,41
3418.467644,55,74,0.63,19,0.033157895,41
3417.31612,63,70,0.22,7,0.031428571,41
3416.785932,51,79,0.86,28,0.030714286,41
3416.254058,56,69,0.44,13,0.033846154,41
3415.456211,55,78,0.73,23,0.03173913,41
3414.814687,56,82,0.76,26,0.029230769,41
3414.287627,56,75,0.62,19,0.032631579,41
3414.234614,57,76,0.6,19,0.031578947,41
3412.756631,49,76,0.95,27,0.035185185,41
3412.006238,61,71,0.32,10,0.032,41
3412.006238,53,80,0.86,27,0.031851852,41
3411.959454,54,71,0.59,17,0.034705882,41
3410.315165,60,82,0.63,22,0.028636364,41
3410.315165,59,83,0.69,24,0.02875,41
3410.146703,59,75,0.51,16,0.031875,41
3409.876299,62,79,0.49,17,0.028823529,41
3409.726661,57,72,0.46,15,0.030666667,41
3409.685109,58,73,0.48,15,0.032,41
3407.39681,54,76,0.67,22,0.030454545,41
3407.177806,55,77,0.7,22,0.031818182,41
3407.177806,52,81,0.92,29,0.031724138,41
3404.18225,56,74,0.59,18,0.032777778,41
3403.777243,50,80,0.92,30,0.030666667,41
3402.957693,50,76,0.9,26,0.034615385,41
3402.39278,50,80,0.93,30,0.031,41
3402.262986,61,70,0.29,9,0.032222222,41
3402.262986,56,76,0.64,20,0.032,41
3402.262986,54,78,0.77,24,0.032083333,41
3401.572975,50,75,0.88,25,0.0352,41
3400.854019,58,66,0.28,8,0.035,41
3400.854019,57,67,0.35,10,0.035,41
3400.332974,60,74,0.44,14,0.031428571,41
3400.282326,58,76,0.57,18,0.031666667,41
3400.06976,58,64,0.21,6,0.035,41
3400.06976,57,65,0.28,8,0.035,41
3400.06976,56,66,0.35,10,0.035,41
3398.825962,59,72,0.42,13,0.032307692,41
3398.825962,57,74,0.55,17,0.032352941,41
3398.825962,51,82,0.99,31,0.031935484,41
3398.791977,52,82,0.94,30,0.031333333,41
3395.758092,58,85,0.77,27,0.028518519,41
3395.758092,57,86,0.83,29,0.02862069,41
3395.498753,58,73,0.49,15,0.032666667,41
3394.314574,64,78,0.4,14,0.028571429,41
3393.79638,61,81,0.57,20,0.0285,41
3390.249282,66,75,0.26,9,0.028888889,41
3389.791923,56,73,0.57,17,0.033529412,41
3389.682736,51,75,0.83,24,0.034583333,41
3388.496999,55,79,0.75,24,0.03125,41
3387.582925,64,69,0.16,5,0.032,41
3387.00677,57,76,0.61,19,0.032105263,41
3386.938603,49,81,0.99,32,0.0309375,41
3386.143486,59,71,0.39,12,0.0325,41
3386.021603,63,74,0.33,11,0.03,41
3386.021603,62,75,0.39,13,0.03,41
3386.021603,61,76,0.45,15,0.03,41
3386.021603,60,77,0.51,17,0.03,41
3385.689332,53,82,0.9,29,0.031034483,41
3385.27967,54,75,0.65,21,0.030952381,41
3385.120084,54,79,0.79,25,0.0316,41
3382.417002,65,75,0.29,10,0.029,41
3382.048061,65,76,0.32,11,0.029090909,41
3382.048061,60,81,0.61,21,0.029047619,41
3381.964581,53,85,0.94,32,0.029375,41
3381.612729,64,76,0.35,12,0.029166667,41
3381.612729,63,77,0.41,14,0.029285714,41
3380.952878,63,78,0.43,15,0.028666667,41
3380.804626,60,73,0.41,13,0.031538462,41
3380.236175,58,74,0.51,16,0.031875,41
3379.830892,59,78,0.57,19,0.03,41
3379.824945,59,84,0.71,25,0.0284,41
3379.601079,55,83,0.82,28,0.029285714,41
3379.601079,54,84,0.88,30,0.029333333,41
3379.59507,56,78,0.69,22,0.031363636,41
3379.566566,53,80,0.85,27,0.031481481,41
3379.029916,53,76,0.72,23,0.031304348,41
3378.808244,56,82,0.77,26,0.029615385,41
3377.38866,55,79,0.76,24,0.031666667,41
3377.313245,62,76,0.41,14,0.029285714,41
3376.349713,52,78,0.8,26,0.030769231,41
3376.292032,63,79,0.46,16,0.02875,41
3375.853927,50,79,0.91,29,0.03137931,41
3374.366675,53,71,0.62,18,0.034444444,41
3374.108506,61,80,0.55,19,0.028947368,41
3372.456711,53,79,0.83,26,0.031923077,41
3371.817851,55,67,0.42,12,0.035,41
3371.180592,55,84,0.85,29,0.029310345,41
3371.174076,54,77,0.75,23,0.032608696,41
3370.998024,55,75,0.61,20,0.0305,41
3370.705169,51,78,0.84,27,0.031111111,41
3370.25863,52,77,0.78,25,0.0312,41
3370.159606,39,67,0.95,28,0.033928571,41
3368.499355,55,70,0.52,15,0.034666667,41
3368.447786,49,82,0.99,33,0.03,41
3368.412644,52,72,0.71,20,0.0355,41
3365.29751,59,74,0.48,15,0.032,41
3364.727642,52,78,0.79,26,0.030384615,41
3363.024178,57,81,0.71,24,0.029583333,41
3362.94776,58,84,0.75,26,0.028846154,41
3361.515708,58,71,0.4,13,0.030769231,41
3361.032554,53,76,0.71,23,0.030869565,41
3360.950893,58,72,0.46,14,0.032857143,41
3360.82672,62,78,0.47,16,0.029375,41
3360.517126,59,75,0.5,16,0.03125,41
3358.455014,54,68,0.49,14,0.035,41
3358.322813,61,72,0.35,11,0.031818182,41
3358.322813,57,77,0.63,20,0.0315,41
3357.759313,57,72,0.5,15,0.033333333,41
3357.601126,56,78,0.7,22,0.031818182,41
3357.192826,53,87,0.97,34,0.028529412,41
3356.928301,57,81,0.72,24,0.03,41
3356.928301,56,82,0.78,26,0.03,41
3356.928301,55,83,0.84,28,0.03,41
3356.720177,54,86,0.9,32,0.028125,41
3356.248518,49,77,0.97,28,0.034642857,41
3354.81069,59,82,0.67,23,0.029130435,41
3354.272683,53,86,0.98,33,0.02969697,41
3353.466192,67,74,0.2,7,0.028571429,41
3353.466192,62,80,0.51,18,0.028333333,41
3353.30523,52,80,0.9,28,0.032142857,41
3353.037281,52,73,0.72,21,0.034285714,41
3352.300198,51,79,0.85,28,0.030357143,41
3351.707748,50,81,0.93,31,0.03,41
3351.567507,54,75,0.66,21,0.031428571,41
3351.050183,60,71,0.36,11,0.032727273,41
3350.789257,55,84,0.86,29,0.029655172,41
3350.789257,54,85,0.92,31,0.029677419,41
3349.916251,55,76,0.68,21,0.032380952,41
3349.82398,51,74,0.79,23,0.034347826,41
3349.282924,49,81,0.98,32,0.030625,41
3348.926203,51,73,0.78,22,0.035454545,41
3348.368506,53,77,0.74,24,0.030833333,41
3347.181051,61,77,0.47,16,0.029375,41
3347.181051,56,83,0.79,27,0.029259259,41
3345.437983,56,73,0.53,17,0.031176471,41
3345.437983,52,78,0.81,26,0.031153846,41
3345.293447,51,78,0.85,27,0.031481481,41
3344.699319,55,74,0.59,19,0.031052632,41
3344.619893,60,72,0.39,12,0.0325,41
3344.619893,58,74,0.52,16,0.0325,41
3344.619893,56,76,0.65,20,0.0325,41
3343.572087,58,80,0.66,22,0.03,41
3341.530619,55,73,0.57,18,0.031666667,41
3339.656034,65,77,0.34,12,0.028333333,41
3339.219249,54,74,0.64,20,0.032,41
3339.081029,60,78,0.53,18,0.029444444,41
3339.081029,59,79,0.59,20,0.0295,41
3339.081029,58,80,0.65,22,0.029545455,41
3338.791852,51,79,0.87,28,0.031071429,41
3338.154572,68,74,0.17,6,0.028333333,41
3337.471072,51,79,0.88,28,0.031428571,41
3337.137464,54,85,0.91,31,0.029354839,41
3337.137464,53,86,0.97,33,0.029393939,41
3336.997955,56,87,0.89,31,0.028709677,41
3336.321403,56,67,0.38,11,0.034545455,41
3335.465371,51,73,0.76,22,0.034545455,41
3335.435495,63,67,0.13,4,0.0325,41
3335.435495,61,69,0.26,8,0.0325,41
3335.435495,56,75,0.61,19,0.032105263,41
3335.290686,52,72,0.69,20,0.0345,41
3334.717776,50,74,0.85,24,0.035416667,41
3333.191187,53,76,0.73,23,0.03173913,41
3332.585113,50,79,0.92,29,0.031724138,41
3332.585113,49,80,0.99,31,0.031935484,41
3332.388713,50,80,0.94,30,0.031333333,41
3332.264059,62,69,0.23,7,0.032857143,41
3331.642421,50,80,0.95,30,0.031666667,41
3331.606545,53,88,0.96,35,0.027428571,41
3331.591147,64,74,0.29,10,0.029,41
3330.055396,53,75,0.7,22,0.031818182,41
3327.755427,51,80,0.95,29,0.032758621,41
3327.045975,51,74,0.81,23,0.035217391,41
3325.044797,53,77,0.75,24,0.03125,41
3324.95409,52,82,0.96,30,0.032,41
3323.926284,62,70,0.26,8,0.0325,41
3323.298693,49,80,0.98,31,0.031612903,41
3322.742942,39,68,0.95,29,0.032758621,41
3321.449477,64,68,0.13,4,0.0325,41
3319.943724,55,83,0.83,28,0.029642857,41
3319.943724,54,84,0.89,30,0.029666667,41
3317.477708,60,68,0.25,8,0.03125,41
3316.604486,51,77,0.83,26,0.031923077,41
3316.205435,57,66,0.31,9,0.034444444,41
3315.214516,68,71,0.09,3,0.03,41
3315.214516,67,72,0.15,5,0.03,41
3315.214516,66,73,0.21,7,0.03,41
3314.794362,54,85,0.93,31,0.03,41
3314.503678,55,68,0.45,13,0.034615385,41
3314.503678,54,69,0.52,15,0.034666667,41
3314.503678,53,70,0.59,17,0.034705882,41
3314.034299,61,81,0.58,20,0.029,41
3314.027753,69,70,0.03,1,0.03,41
3312.817216,53,90,0.97,37,0.026216216,41
3310.68386,60,82,0.64,22,0.029090909,41
3310.405085,56,87,0.88,31,0.028387097,41
3310.366569,60,69,0.3,9,0.033333333,41
3309.97871,57,85,0.8,28,0.028571429,41
3309.004162,58,79,0.64,21,0.03047619,41
3308.603534,40,66,0.88,26,0.033846154,41
3306.855897,58,79,0.63,21,0.03,41
3306.855897,57,80,0.69,23,0.03,41
3305.658659,59,78,0.58,19,0.030526316,41
3305.658659,56,82,0.79,26,0.030384615,41
3305.658659,55,83,0.85,28,0.030357143,41
3305.153796,59,70,0.34,11,0.030909091,41
3304.152029,57,71,0.44,14,0.031428571,41
3303.248434,56,74,0.54,18,0.03,41
3303.241963,53,86,0.99,33,0.03,41
3302.562257,53,73,0.69,20,0.0345,41
3302.429692,57,82,0.72,25,0.0288,41
3302.230362,62,79,0.5,17,0.029411765,41
3302.230362,61,80,0.56,19,0.029473684,41
3299.524653,64,77,0.38,13,0.029230769,41
3299.062849,62,80,0.52,18,0.028888889,41
3298.559374,55,78,0.74,23,0.032173913,41
3298.318812,54,84,0.9,30,0.03,41
3298.284612,57,73,0.53,16,0.033125,41
3297.471352,57,80,0.7,23,0.030434783,41
3297.471352,54,84,0.91,30,0.030333333,41
3296.842649,69,71,0.06,2,0.03,41
3296.842649,68,72,0.12,4,0.03,41
3296.842649,67,73,0.18,6,0.03,41
3296.743538,50,75,0.86,25,0.0344,41
3296.262333,55,89,0.96,34,0.028235294,41
3296.229774,55,75,0.66,20,0.033,41
3296.188453,63,78,0.44,15,0.029333333,41
3296.026063,62,71,0.29,9,0.032222222,41
3295.60315,52,77,0.79,25,0.0316,41
3295.60315,51,78,0.86,27,0.031851852,41
3294.926051,49,75,0.93,26,0.035769231,41
3294.322979,53,77,0.8,24,0.033333333,41
3294.129006,57,86,0.82,29,0.028275862,41
3293.435521,39,67,0.96,28,0.034285714,41
3293.246959,68,69,0.03,1,0.03,41
3293.246959,67,70,0.09,3,0.03,41
3293.246959,66,71,0.15,5,0.03,41
3293.131938,65,72,0.21,7,0.03,41
3293.131938,64,73,0.27,9,0.03,41
3292.463671,66,76,0.28,10,0.028,41
3292.016521,60,78,0.54,18,0.03,41
3291.330804,58,70,0.38,12,0.031666667,41
3290.83711,53,80,0.87,27,0.032222222,41
3290.561225,65,75,0.28,10,0.028,41
3289.053149,56,72,0.51,16,0.031875,41
3284.31887,53,85,0.96,32,0.03,41
3284.162652,49,76,0.96,27,0.035555556,41
3284.01228,53,81,0.89,28,0.031785714,41
3284.01228,52,81,0.93,29,0.032068966,41
3283.903446,62,68,0.2,6,0.033333333,41
3282.872544,53,81,0.9,28,0.032142857,41
3281.522096,55,75,0.6,20,0.03,41
3280.699591,63,66,0.1,3,0.033333333,41
3280.699591,60,70,0.33,10,0.033,41
3280.292771,57,85,0.81,28,0.028928571,41
3279.171386,56,88,0.89,32,0.0278125,41
3278.729147,58,85,0.76,27,0.028148148,41
3278.729147,55,89,0.95,34,0.027941176,41
3278.43553,61,85,0.66,24,0.0275,41
3278.057639,54,80,0.83,26,0.031923077,41
3276.990494,52,78,0.86,26,0.033076923,41
3276.535811,58,84,0.74,26,0.028461538,41
3274.128638,51,79,0.93,28,0.033214286,41
3273.978063,68,70,0.06,2,0.03,41
3273.978063,67,71,0.12,4,0.03,41
3273.418076,39,65,0.94,26,0.036153846,41
3273.033252,40,66,0.89,26,0.034230769,41
3271.097942,51,81,0.97,30,0.032333333,41
3270.830816,56,86,0.82,30,0.027333333,41
3270.438081,54,78,0.78,24,0.0325,41
3268.193964,56,83,0.8,27,0.02962963,41
3267.950225,66,74,0.23,8,0.02875,41
3266.569542,59,81,0.64,22,0.029090909,41
3266.569542,58,82,0.7,24,0.029166667,41
3265.902584,62,79,0.46,17,0.027058824,41
3265.314415,52,80,0.91,28,0.0325,41
3263.191369,59,79,0.6,20,0.03,41
3263.173831,51,79,0.94,28,0.033571429,41
3263.002823,52,78,0.87,26,0.033461538,41
3262.730018,64,76,0.34,12,0.028333333,41
3262.379204,52,81,0.94,29,0.032413793,41
3262.072225,60,80,0.58,20,0.029,41
3262.072225,57,84,0.78,27,0.028888889,41
3262.072225,56,85,0.84,29,0.028965517,41
3262.072225,55,86,0.9,31,0.029032258,41
3259.198829,50,81,0.92,31,0.029677419,41
3258.845446,64,80,0.45,16,0.028125,41
3258.658938,57,83,0.76,26,0.029230769,41
3258.638468,57,84,0.75,27,0.027777778,41
3258.638468,56,84,0.79,28,0.028214286,41
3257.418135,8,10,0.1,2,0.05,41
3257.353967,52,74,0.76,22,0.034545455,41
3257.286595,54,86,0.94,32,0.029375,41
3257.223163,56,83,0.78,27,0.028888889,41
3257.223163,55,84,0.84,29,0.028965517,41
3257.223163,54,85,0.9,31,0.029032258,41
3256.404564,49,77,0.98,28,0.035,41
3255.826572,57,87,0.8,30,0.026666667,41
3255.826572,54,91,0.98,37,0.026486486,41
3254.358447,65,79,0.39,14,0.027857143,41
3252.883347,62,72,0.32,10,0.032,41
3252.753215,55,89,0.91,34,0.026764706,41
3252.223474,59,84,0.7,25,0.028,41
3251.858036,56,90,0.94,34,0.027647059,41
3251.461079,63,75,0.35,12,0.029166667,41
3248.00061,53,79,0.85,26,0.032692308,41
3247.443914,58,90,0.86,32,0.026875,41
3247.443914,56,92,0.97,36,0.026944444,41
3246.698565,59,81,0.61,22,0.027727273,41
3246.698565,58,82,0.67,24,0.027916667,41
3246.698565,56,85,0.8,29,0.027586207,41
3246.698565,55,86,0.86,31,0.027741935,41
3246.698565,55,87,0.88,32,0.0275,41
3245.770498,54,75,0.71,21,0.033809524,41
3245.770498,53,76,0.78,23,0.033913043,41
3245.711253,57,83,0.73,26,0.028076923,41
3245.711253,54,87,0.92,33,0.027878788,41
3245.711253,54,88,0.94,34,0.027647059,41
3245.600374,55,74,0.64,19,0.033684211,41
3245.584046,36,52,0.65,16,0.040625,41
3245.564383,59,88,0.79,29,0.027241379,41
3245.267064,54,79,0.81,25,0.0324,41
3243.293276,63,76,0.38,13,0.029230769,41
3242.847158,56,77,0.68,21,0.032380952,41
3242.723873,51,80,0.86,29,0.029655172,41
3242.251792,60,76,0.49,16,0.030625,41
3242.138499,55,82,0.82,27,0.03037037,41
3241.336063,62,77,0.44,15,0.029333333,41
3241.336063,61,78,0.5,17,0.029411765,41
3240.849535,63,79,0.44,16,0.0275,41
3240.849535,61,81,0.55,20,0.0275,41
3240.528485,52,88,0.99,36,0.0275,41
3240.219273,53,88,0.98,35,0.028,41
3239.983124,61,75,0.43,14,0.030714286,41
3239.983124,56,81,0.76,25,0.0304,41
3239.983124,53,85,0.97,32,0.0303125,41
3239.79861,57,87,0.79,30,0.026333333,41
3239.350276,50,73,0.84,23,0.036521739,41
3239.239157,60,83,0.64,23,0.027826087,41
3239.191969,58,65,0.25,7,0.035714286,41
3238.971798,54,83,0.89,29,0.030689655,41
3238.540276,64,77,0.37,13,0.028461538,41
3238.540276,63,79,0.45,16,0.028125,41
3238.210168,50,74,0.86,24,0.035833333,41
3237.976524,59,83,0.68,24,0.028333333,41
3237.903849,34,55,0.83,21,0.03952381,41
3237.789894,64,77,0.36,13,0.027692308,41
3237.444823,65,74,0.27,9,0.03,41
3237.444823,64,75,0.33,11,0.03,41
3237.444823,63,76,0.39,13,0.03,41
3237.444823,62,77,0.45,15,0.03,41
3237.444823,61,78,0.51,17,0.03,41
3236.478466,57,82,0.73,25,0.0292,41
3236.039322,67,73,0.17,6,0.028333333,41
3235.592766,6,13,0.35,7,0.05,41
3234.919515,60,81,0.6,21,0.028571429,41
3234.917949,57,74,0.56,17,0.032941176,41
3234.052151,69,73,0.11,4,0.0275,41
3234.052151,67,75,0.22,8,0.0275,41
3234.052151,65,77,0.33,12,0.0275,41
3234.052151,60,83,0.63,23,0.027391304,41
3233.534746,54,89,0.95,35,0.027142857,41
3233.30076,54,76,0.73,22,0.033181818,41
3232.310918,58,84,0.72,26,0.027692308,41
3232.255874,60,87,0.73,27,0.027037037,41
3232.255874,57,91,0.91,34,0.026764706,41
3230.883956,7,11,0.22,4,0.055,41
3230.700614,60,85,0.7,25,0.028,41
3230.294497,67,74,0.19,7,0.027142857,41
3229.733397,54,79,0.82,25,0.0328,41
3229.502574,66,75,0.25,9,0.027777778,41
3229.502574,61,80,0.53,19,0.027894737,41
3228.96385,57,77,0.64,20,0.032,41
3228.916784,39,67,0.97,28,0.034642857,41
3228.57931,58,85,0.74,27,0.027407407,41
3228.300178,55,79,0.77,24,0.032083333,41
3227.956836,60,86,0.72,26,0.027692308,41
3227.687333,40,64,0.87,24,0.03625,41
3227.652045,58,86,0.74,28,0.026428571,41
3227.652045,56,88,0.85,32,0.0265625,41
3227.652045,55,90,0.92,35,0.026285714,41
3227.652045,54,91,0.97,37,0.026216216,41
3226.944002,55,77,0.72,22,0.032727273,41
3226.87019,54,87,0.95,33,0.028787879,41
3226.757418,55,85,0.87,30,0.029,41
3226.757418,54,86,0.93,32,0.0290625,41
3225.784719,60,79,0.57,19,0.03,41
3225.687231,60,73,0.42,13,0.032307692,41
3225.549648,37,51,0.56,14,0.04,41
3225.088404,68,72,0.11,4,0.0275,41
3225.04739,64,78,0.39,14,0.027857143,41
3224.843933,65,76,0.3,11,0.027272727,41
3224.786602,60,82,0.62,22,0.028181818,41
3224.604491,58,85,0.72,27,0.026666667,41
3224.369856,55,85,0.85,30,0.028333333,41
3224.225172,56,87,0.87,31,0.028064516,41
3223.678109,61,79,0.52,18,0.028888889,41
3223.587699,60,85,0.69,25,0.0276,41
3223.587699,57,89,0.88,32,0.0275,41
3222.70394,55,78,0.75,23,0.032608696,41
3222.621623,54,87,0.96,33,0.029090909,41
3222.205806,59,84,0.67,25,0.0268,41
3222.046842,57,87,0.82,30,0.027333333,41
3222.046842,56,88,0.88,32,0.0275,41
3221.934233,57,86,0.8,29,0.027586207,41
3221.790732,53,85,0.9,32,0.028125,41
3221.709059,66,72,0.18,6,0.03,41
3221.709059,65,73,0.24,8,0.03,41
3220.932099,40,65,0.89,25,0.0356,41
3220.898299,58,89,0.79,31,0.025483871,41
3219.16324,59,83,0.65,24,0.027083333,41
3219.16324,57,86,0.78,29,0.026896552,41
3219.134634,68,73,0.14,5,0.028,41
3218.905046,53,78,0.82,25,0.0328,41
3218.905046,51,81,0.98,30,0.032666667,41
3218.258523,56,84,0.78,28,0.027857143,41
3218.258523,55,85,0.84,30,0.028,41
3218.136109,60,83,0.65,23,0.02826087,41
3217.733183,54,86,0.91,32,0.0284375,41
3217.444188,63,77,0.42,14,0.03,41
3217.444188,62,78,0.48,16,0.03,41
3216.552434,63,80,0.45,17,0.026470588,41
3216.552434,61,82,0.56,21,0.026666667,41
3216.393341,49,75,0.94,26,0.036153846,41
3216.272671,52,87,0.98,35,0.028,41
3216.186612,39,66,0.96,27,0.035555556,41
3216.094881,63,78,0.42,15,0.028,41
3214.297365,50,80,0.99,30,0.033,41
3214.20077,60,77,0.52,17,0.030588235,41
3214.016405,41,63,0.79,22,0.035909091,41
3213.949809,59,83,0.7,24,0.029166667,41
3213.949809,58,84,0.76,26,0.029230769,41
3213.949809,57,86,0.84,29,0.028965517,41
3213.949809,56,87,0.9,31,0.029032258,41
3213.949809,55,88,0.96,33,0.029090909,41
3213.798609,59,84,0.69,25,0.0276,41
3213.798609,58,85,0.75,27,0.027777778,41
3213.798609,55,89,0.94,34,0.027647059,41
3213.708783,54,88,0.98,34,0.028823529,41
3213.68628,62,80,0.5,18,0.027777778,41
3213.68628,60,82,0.61,22,0.027727273,41
3213.68628,59,83,0.67,24,0.027916667,41
3213.68628,56,87,0.86,31,0.027741935,41
3213.538703,65,76,0.31,11,0.028181818,41
3213.538703,61,81,0.56,20,0.028,41
3213.538703,58,84,0.73,26,0.028076923,41
3213.538703,57,86,0.81,29,0.027931034,41
3213.515045,63,79,0.43,16,0.026875,41
3213.515045,60,82,0.59,22,0.026818182,41
3213.515045,60,83,0.61,23,0.026521739,41
3213.182125,52,81,0.95,29,0.032758621,41
3213.049108,57,81,0.73,24,0.030416667,41
3212.810627,61,82,0.57,21,0.027142857,41
3212.778235,56,86,0.86,30,0.028666667,41
3212.751757,63,78,0.41,15,0.027333333,41
3212.736207,57,74,0.57,17,0.033529412,41
3212.513654,56,93,0.98,37,0.026486486,41
3211.820087,63,69,0.2,6,0.033333333,41
3211.804054,55,90,0.91,35,0.026,41
3211.75077,61,82,0.58,21,0.027619048,41
3211.590657,53,86,0.96,33,0.029090909,41
3210.710672,54,84,0.84,30,0.028,41
3210.504074,61,80,0.54,19,0.028421053,41
3210.391857,62,79,0.48,17,0.028235294,41
3209.744303,58,83,0.72,25,0.0288,41
3209.015574,54,88,0.95,34,0.027941176,41
3208.820473,56,92,0.91,36,0.025277778,41
3208.5079,58,88,0.82,30,0.027333333,41
3208.231379,60,80,0.59,20,0.0295,41
3208.09579,51,72,0.76,21,0.036190476,41
3207.302919,54,89,0.94,35,0.026857143,41
3207.078162,59,88,0.8,29,0.027586207,41
3206.718552,62,81,0.52,19,0.027368421,41
3205.889194,57,87,0.85,30,0.028333333,41
3205.736069,60,81,0.62,21,0.02952381,41
3205.736069,59,82,0.68,23,0.029565217,41
3204.577513,41,64,0.82,23,0.035652174,41
3204.231187,52,89,0.99,37,0.026756757,41
3203.815964,57,90,0.84,33,0.025454545,41
3203.75641,58,81,0.67,23,0.029130435,41
3203.75641,56,84,0.81,28,0.028928571,41
3203.586167,69,75,0.17,6,0.028333333,41
3203.357666,52,80,0.92,28,0.032857143,41
3201.902229,55,76,0.69,21,0.032857143,41
3201.902229,54,77,0.76,23,0.033043478,41
3201.902229,52,79,0.89,27,0.032962963,41
3201.889985,57,84,0.74,27,0.027407407,41
3201.889985,55,87,0.87,32,0.0271875,41
3201.889985,54,88,0.93,34,0.027352941,41
3201.889985,53,89,0.99,36,0.0275,41
3201.277962,61,79,0.54,18,0.03,41
3201.218186,60,63,0.11,3,0.036666667,41
3201.218186,57,66,0.33,9,0.036666667,41
3201.107015,52,80,0.93,28,0.033214286,41
3201.023617,54,72,0.6,18,0.033333333,41
3200.939162,53,79,0.86,26,0.033076923,41
3200.501163,66,74,0.24,8,0.03,41
3200.501163,65,75,0.3,10,0.03,41
3200.501163,64,76,0.36,12,0.03,41
3200.348297,51,80,0.96,29,0.033103448,41
3199.865522,57,85,0.82,28,0.029285714,41
3199.791346,61,69,0.27,8,0.03375,41
3199.728954,55,69,0.51,14,0.036428571,41
3199.728954,52,72,0.73,20,0.0365,41
3199.728954,49,76,0.98,27,0.036296296,41
3199.417256,58,85,0.78,27,0.028888889,41
3199.129049,67,77,0.28,10,0.028,41
3199.085743,58,73,0.5,15,0.033333333,41
3198.787835,64,75,0.32,11,0.029090909,41
3198.486834,53,87,0.99,34,0.029117647,41
3197.773725,55,82,0.76,27,0.028148148,41
3197.702932,58,80,0.67,22,0.030454545,41
3197.092392,52,73,0.74,21,0.035238095,41
3196.425901,62,81,0.54,19,0.028421053,41
3196.060694,61,81,0.54,20,0.027,41
3195.440789,56,84,0.82,28,0.029285714,41
3194.528965,6,13,0.34,7,0.048571429,41
3194.147524,54,69,0.55,15,0.036666667,41
3194.147524,51,73,0.8,22,0.036363636,41
3193.98108,54,70,0.58,16,0.03625,41
3193.442205,62,79,0.47,17,0.027647059,41
3193.442205,59,83,0.66,24,0.0275,41
3193.16425,57,83,0.74,26,0.028461538,41
3193.16425,56,84,0.8,28,0.028571429,41
3193.16425,55,86,0.88,31,0.028387097,41
3192.745706,55,71,0.53,16,0.033125,41
3192.495113,58,66,0.29,8,0.03625,41
3192.438492,62,83,0.59,21,0.028095238,41
3192.156483,55,88,0.88,33,0.026666667,41
3191.901388,54,78,0.8,24,0.033333333,41
3191.734003,61,70,0.3,9,0.033333333,41
3191.648296,55,69,0.5,14,0.035714286,41
3191.118912,64,81,0.47,17,0.027647059,41
3191.118912,61,84,0.64,23,0.027826087,41
3191.083428,61,79,0.53,18,0.029444444,41
3190.818144,58,75,0.55,17,0.032352941,41
3190.16671,58,90,0.85,32,0.0265625,41
3189.750593,53,86,0.92,33,0.027878788,41
3189.572742,60,79,0.56,19,0.029473684,41
3189.572742,59,80,0.62,21,0.02952381,41
3189.572742,58,81,0.68,23,0.029565217,41
3189.465181,56,76,0.66,20,0.033,41
3189.465181,55,77,0.73,22,0.033181818,41
3189.420085,61,72,0.36,11,0.032727273,41
3189.371399,46,58,0.37,12,0.030833333,41
3189.290601,62,83,0.57,21,0.027142857,41
3188.981495,59,72,0.43,13,0.033076923,41
3188.752731,58,86,0.73,28,0.026071429,41
3188.040399,55,76,0.7,21,0.033333333,41
3187.928943,56,75,0.63,19,0.033157895,41
3187.67402,52,86,0.97,34,0.028529412,41
3187.592884,65,79,0.4,14,0.028571429,41
3187.153231,53,73,0.67,20,0.0335,41
3186.509354,63,80,0.46,17,0.027058824,41
3186.18798,70,74,0.11,4,0.0275,41
3186.18798,68,76,0.22,8,0.0275,41
3186.18798,61,84,0.63,23,0.027391304,41
3185.834332,41,64,0.8,23,0.034782609,41
3185.740802,61,82,0.55,21,0.026190476,41
3185.297227,63,81,0.51,18,0.028333333,41
3182.960708,53,80,0.88,27,0.032592593,41
3182.924485,52,87,0.97,35,0.027714286,41
3182.756842,59,85,0.73,26,0.028076923,41
3182.699665,53,77,0.76,24,0.031666667,41
3182.699081,54,86,0.86,32,0.026875,41
3182.660689,54,82,0.81,28,0.028928571,41
3182.15963,61,83,0.49,22,0.022272727,41
3182.010905,55,87,0.92,32,0.02875,41
3181.923165,52,86,0.96,34,0.028235294,41
3181.811289,36,52,0.64,16,0.04,41
3181.32796,64,81,0.37,17,0.021764706,41
3181.321927,58,74,0.48,16,0.03,41
3181.194791,64,77,0.35,13,0.026923077,41
3181.117384,57,75,0.59,18,0.032777778,41
3180.913632,63,80,0.48,17,0.028235294,41
3180.358569,55,85,0.89,30,0.029666667,41
3180.275964,52,85,0.95,33,0.028787879,41
3180.178538,54,78,0.79,24,0.032916667,41
3179.218116,53,86,0.9,33,0.027272727,41
3178.957535,63,82,0.53,19,0.027894737,41
3178.693012,62,74,0.33,12,0.0275,41
3178.460563,51,81,0.94,30,0.031333333,41
3178.443973,57,82,0.74,25,0.0296,41
3178.289882,45,60,0.46,15,0.030666667,41
3178.077551,55,86,0.89,31,0.028709677,41
3178.077551,54,88,0.97,34,0.028529412,41
3178.067083,7,11,0.23,4,0.0575,41
3177.797211,55,89,0.93,34,0.027352941,41
3177.04503,55,84,0.87,29,0.03,41
3176.823569,62,82,0.57,20,0.0285,41
3176.302805,56,85,0.81,29,0.027931034,41
3175.94355,50,75,0.9,25,0.036,41
3175.370567,54,75,0.68,21,0.032380952,41
3175.352336,39,68,0.96,29,0.033103448,41
3175.124822,57,75,0.6,18,0.033333333,41
3174.942528,56,85,0.85,29,0.029310345,41
3174.942528,55,86,0.91,31,0.029354839,41
3174.827092,53,84,0.89,31,0.028709677,41
3174.648416,62,78,0.45,16,0.028125,41
3174.486625,59,83,0.71,24,0.029583333,41
3174.486625,58,84,0.77,26,0.029615385,41
3174.343755,55,88,0.94,33,0.028484848,41
3174.219378,56,74,0.56,18,0.031111111,41
3174.204432,59,73,0.46,14,0.032857143,41
3174.150688,75,84,0.16,9,0.017777778,41
3173.686065,64,67,0.1,3,0.033333333,41
3173.348763,56,87,0.91,31,0.029354839,41
3173.348763,55,88,0.97,33,0.029393939,41
3172.092638,54,85,0.84,31,0.027096774,41
3171.94776,59,82,0.66,23,0.028695652,41
3171.75102,56,86,0.89,30,0.029666667,41
3171.731916,52,85,0.94,33,0.028484848,41
3171.426868,59,74,0.49,15,0.032666667,41
3171.051286,58,74,0.53,16,0.033125,41
3170.92476,55,86,0.87,31,0.028064516,41
3170.402352,50,74,0.87,24,0.03625,41
3170.135773,52,72,0.72,20,0.036,41
3169.879894,55,75,0.62,20,0.031,41
3169.871593,55,84,0.78,29,0.026896552,41
3169.759441,62,81,0.51,19,0.026842105,41
3169.759441,60,83,0.62,23,0.026956522,41
3169.759441,58,86,0.75,28,0.026785714,41
3169.219395,53,89,0.95,36,0.026388889,41
3169.126256,54,85,0.94,31,0.030322581,41
3168.934333,57,85,0.83,28,0.029642857,41
3168.794826,59,84,0.68,25,0.0272,41
3168.794826,57,87,0.81,30,0.027,41
3168.794826,55,89,0.92,34,0.027058824,41
3168.569112,65,66,0.03,1,0.03,41
3168.569112,64,67,0.09,3,0.03,41
3168.569112,63,68,0.15,5,0.03,41
3168.569112,62,69,0.21,7,0.03,41
3168.569112,61,70,0.27,9,0.03,41
3168.569112,60,71,0.33,11,0.03,41
3168.568949,57,81,0.65,24,0.027083333,41
3168.538245,59,78,0.52,19,0.027368421,41
3168.538245,56,81,0.69,25,0.0276,41
3168.538245,56,82,0.71,26,0.027307692,41
3168.4048,57,74,0.52,17,0.030588235,41
3168.4048,56,75,0.58,19,0.030526316,41
3168.4048,54,77,0.71,23,0.030869565,41
3167.887783,52,74,0.74,22,0.033636364,41
3167.882651,51,81,0.99,30,0.033,41
3167.827245,55,85,0.88,30,0.029333333,41
3167.68455,56,84,0.83,28,0.029642857,41
3167.572125,50,81,0.98,31,0.031612903,41
3167.000346,39,66,0.97,27,0.035925926,41
3166.764906,62,80,0.49,18,0.027222222,41
3166.764906,60,82,0.6,22,0.027272727,41
3166.590859,54,77,0.77,23,0.033478261,41
3166.590859,53,78,0.84,25,0.0336,41
3166.39925,53,87,0.92,34,0.027058824,41
3166.39925,52,88,0.98,36,0.027222222,41
3165.968542,54,83,0.87,29,0.03,41
3165.801175,57,86,0.79,29,0.027241379,41
3165.674535,35,53,0.73,18,0.040555556,41
3165.576101,48,55,0.22,7,0.031428571,41
3165.179139,58,81,0.66,23,0.028695652,41
3165.132588,51,78,0.88,27,0.032592593,41
3165.097989,52,87,0.96,35,0.027428571,41
3165.025352,53,87,0.93,34,0.027352941,41
3164.700679,55,85,0.8,30,0.026666667,41
3164.479424,57,85,0.76,28,0.027142857,41
3164.394783,54,87,0.93,33,0.028181818,41
3164.36251,52,77,0.81,25,0.0324,41
3164.311973,68,74,0.16,6,0.026666667,41
3164.311973,62,81,0.5,19,0.026315789,41
3164.311973,59,85,0.68,26,0.026153846,41
3164.138752,53,88,0.99,35,0.028285714,41
3163.583836,55,72,0.56,17,0.032941176,41
3163.541582,58,88,0.83,30,0.027666667,41
3163.429104,56,88,0.87,32,0.0271875,41
3163.280998,63,78,0.45,15,0.03,41
3163.280998,62,79,0.51,17,0.03,41
3163.280998,61,80,0.57,19,0.03,41
3162.631377,56,87,0.84,31,0.027096774,41
3162.62936,57,89,0.87,32,0.0271875,41
3162.409291,62,83,0.58,21,0.027619048,41
3162.36008,56,76,0.6,20,0.03,41
3162.318927,55,76,0.65,21,0.030952381,41
3162.318927,54,76,0.69,22,0.031363636,41
3162.318927,52,79,0.84,27,0.031111111,41
3162.289435,58,82,0.71,24,0.029583333,41
3162.254441,56,83,0.73,27,0.027037037,41
3162.10016,60,70,0.31,10,0.031,41
3162.10016,59,72,0.4,13,0.030769231,41
3162.10016,58,73,0.46,15,0.030666667,41
3161.753961,57,76,0.62,19,0.032631579,41
3161.322427,65,77,0.32,12,0.026666667,41
3161.322427,64,78,0.37,14,0.026428571,41
3161.322427,62,80,0.48,18,0.026666667,41
3161.322427,59,84,0.66,25,0.0264,41
3161.322427,56,88,0.84,32,0.02625,41
3160.948986,50,75,0.89,25,0.0356,41
3160.928283,57,90,0.9,33,0.027272727,41
3160.904519,56,86,0.81,30,0.027,41
3160.904519,54,88,0.92,34,0.027058824,41
3160.904519,53,90,0.99,37,0.026756757,41
3160.819055,55,81,0.74,26,0.028461538,41
3160.664767,54,90,0.95,36,0.026388889,41
3160.662625,53,87,0.91,34,0.026764706,41
3160.457717,59,81,0.65,22,0.029545455,41
3160.067906,55,81,0.75,26,0.028846154,41
3159.795624,51,72,0.77,21,0.036666667,41
3159.708871,50,79,0.95,29,0.032758621,41
3159.641379,54,79,0.75,25,0.03,41
3159.278666,67,75,0.23,8,0.02875,41
3158.841714,59,87,0.77,28,0.0275,41
3158.825768,55,83,0.77,28,0.0275,41
3158.571942,72,88,0.28,16,0.0175,41
3158.325079,49,75,0.95,26,0.036538462,41
3158.194632,54,83,0.82,29,0.028275862,41
3158.173572,61,80,0.52,19,0.027368421,41
3157.521347,61,79,0.5,18,0.027777778,41
3157.521347,58,83,0.69,25,0.0276,41
3157.315116,58,64,0.22,6,0.036666667,41
3157.275828,56,91,0.94,35,0.026857143,41
3157.174316,58,85,0.73,27,0.027037037,41
3157.144478,51,74,0.82,23,0.035652174,41
3156.732394,55,93,0.96,38,0.025263158,41
3156.712904,60,81,0.63,21,0.03,41
3156.107933,57,84,0.76,27,0.028148148,41
3156.070557,57,73,0.54,16,0.03375,41
3156.026027,57,73,0.5,16,0.03125,41
3155.96292,62,78,0.46,16,0.02875,41
3155.960186,62,67,0.17,5,0.034,41
3155.852552,65,74,0.26,9,0.028888889,41
3155.852552,63,77,0.4,14,0.028571429,41
3155.852552,61,79,0.51,18,0.028333333,41
3155.852552,60,80,0.57,20,0.0285,41
3155.852552,58,83,0.71,25,0.0284,41
3155.852552,57,84,0.77,27,0.028518519,41
3155.852552,55,87,0.9,32,0.028125,41
3155.852552,54,88,0.96,34,0.028235294,41
3155.567523,55,86,0.85,31,0.027419355,41
3155.567523,54,87,0.91,33,0.027575758,41
3155.567523,53,89,0.98,36,0.027222222,41
3155.543951,54,76,0.74,22,0.033636364,41
3155.543951,53,77,0.81,24,0.03375,41
3155.543951,51,80,0.97,29,0.033448276,41
3155.413112,56,85,0.83,29,0.02862069,41
3155.378415,52,79,0.9,27,0.033333333,41
3155.249581,58,86,0.79,28,0.028214286,41
3155.222166,53,88,0.97,35,0.027714286,41
3155.176778,56,67,0.4,11,0.036363636,41
3155.11306,59,71,0.4,12,0.033333333,41
3155.11306,56,74,0.6,18,0.033333333,41
3155.11306,55,75,0.67,20,0.0335,41
3155.11306,53,78,0.83,25,0.0332,41
3155.041363,59,82,0.69,23,0.03,41
3155.041363,58,83,0.75,25,0.03,41
3153.550577,58,72,0.47,14,0.033571429,41
3152.990018,51,80,0.88,29,0.030344828,41
3152.85568,57,90,0.87,33,0.026363636,41
3152.193425,50,80,0.96,30,0.032,41
3151.944669,61,82,0.6,21,0.028571429,41
3151.750861,54,71,0.61,17,0.035882353,41
3151.750861,52,73,0.76,21,0.036190476,41
3151.750861,51,74,0.83,23,0.036086957,41
3151.714279,58,80,0.6,22,0.027272727,41
3150.585303,53,89,0.97,36,0.026944444,41
3150.561654,60,84,0.67,24,0.027916667,41
3150.561654,57,88,0.86,31,0.027741935,41
3150.505038,55,75,0.63,20,0.0315,41
3150.397278,74,86,0.21,12,0.0175,41
3150.027549,58,83,0.68,25,0.0272,41
3150.027549,57,85,0.75,28,0.026785714,41
3150.027549,55,87,0.86,32,0.026875,41
3149.993463,55,94,0.98,39,0.025128205,41
3149.85935,56,87,0.81,31,0.026129032,41
3149.657013,51,75,0.85,24,0.035416667,41
3149.409481,58,82,0.68,24,0.028333333,41
3149.409481,55,85,0.86,30,0.028666667,41
3149.409481,54,87,0.94,33,0.028484848,41
3149.188413,58,88,0.81,30,0.027,41
3148.959732,53,84,0.88,31,0.028387097,41
3148.836808,57,75,0.54,18,0.03,41
3148.215613,62,81,0.53,19,0.027894737,41
3148.212535,61,76,0.41,15,0.027333333,41
3148.212535,60,77,0.47,17,0.027647059,41
3148.212535,58,79,0.58,21,0.027619048,41
3148.107019,59,79,0.57,20,0.0285,41
3148.078596,58,72,0.43,14,0.030714286,41
3148.073193,64,79,0.42,15,0.028,41
3148.073193,61,82,0.59,21,0.028095238,41
3148.013268,51,83,0.96,32,0.03,41
3148.012133,36,57,0.76,21,0.036190476,41
3147.852265,58,80,0.63,22,0.028636364,41
3147.832549,53,75,0.72,22,0.032727273,41
3147.531276,61,81,0.59,20,0.0295,41
3147.531276,60,82,0.65,22,0.029545455,41
3147.401958,52,87,0.99,35,0.028285714,41
3147.187062,56,77,0.69,21,0.032857143,41
3147.120378,59,71,0.37,12,0.030833333,41
3147.000762,64,78,0.38,14,0.027142857,41
3146.967541,56,82,0.75,26,0.028846154,41
3146.769069,52,74,0.77,22,0.035,41
3146.402782,57,86,0.85,29,0.029310345,41
3146.361775,59,87,0.75,28,0.026785714,41
3146.361775,56,91,0.93,35,0.026571429,41
3146.361775,55,92,0.99,37,0.026756757,41
3146.309788,66,76,0.27,10,0.027,41
3146.192841,54,90,0.97,36,0.026944444,41
3146.138969,59,80,0.63,21,0.03,41
3146.138969,58,81,0.69,23,0.03,41
3146.132783,60,86,0.71,26,0.027307692,41
3146.132783,58,89,0.84,31,0.027096774,41
3146.132783,57,90,0.89,33,0.026969697,41
3146.132783,56,91,0.95,35,0.027142857,41
3146.086618,55,84,0.79,29,0.027241379,41
3145.954487,55,88,0.95,33,0.028787879,41
3145.920056,51,78,0.87,27,0.032222222,41
3145.841185,60,82,0.58,22,0.026363636,41
3145.469516,54,70,0.57,16,0.035625,41
3145.379619,57,83,0.77,26,0.029615385,41
3145.197673,53,86,0.93,33,0.028181818,41
3145.112117,60,71,0.37,11,0.033636364,41
3144.586786,57,67,0.36,10,0.036,41
3144.586786,53,71,0.65,18,0.036111111,41
3144.531239,51,75,0.84,24,0.035,41
3144.39861,56,84,0.75,28,0.026785714,41
3144.368133,58,81,0.62,23,0.026956522,41
3144.310136,62,84,0.6,22,0.027272727,41
3143.99637,74,85,0.2,11,0.018181818,41
3143.915221,58,82,0.72,24,0.03,41
3143.915221,57,83,0.78,26,0.03,41
3143.781897,39,67,0.98,28,0.035,41
3143.532833,51,83,0.97,32,0.0303125,41
3143.332291,52,82,0.89,30,0.029666667,41
3143.123102,49,76,0.97,27,0.035925926,41
3142.686476,54,84,0.87,30,0.029,41
3142.660079,61,75,0.41,14,0.029285714,41
3142.471379,55,82,0.75,27,0.027777778,41
3142.293782,53,70,0.62,17,0.036470588,41
3141.144104,56,72,0.52,16,0.0325,41
3140.979448,55,88,0.93,33,0.028181818,41
3140.804817,53,79,0.79,26,0.030384615,41
3140.763275,56,88,0.86,32,0.026875,41
3140.763275,54,91,0.99,37,0.026756757,41
3140.485392,55,83,0.81,28,0.028928571,41
3140.292055,53,69,0.59,16,0.036875,41
3139.995955,55,70,0.54,15,0.036,41
3139.788248,57,81,0.69,24,0.02875,41
3139.716321,40,65,0.88,25,0.0352,41
3139.67533,56,88,0.83,32,0.0259375,41
3139.644898,57,87,0.78,30,0.026,41
3139.509906,60,77,0.49,17,0.028823529,41
3139.267854,54,77,0.72,23,0.031304348,41
3139.267854,52,79,0.85,27,0.031481481,41
3139.194454,53,85,0.93,32,0.0290625,41
3139.182148,59,82,0.64,23,0.027826087,41
3138.697567,58,71,0.44,13,0.033846154,41
3138.582889,53,80,0.82,27,0.03037037,41
3138.268906,59,70,0.37,11,0.033636364,41
3138.207474,56,85,0.79,29,0.027241379,41
3137.813138,56,77,0.62,21,0.02952381,41
3137.440382,66,77,0.29,11,0.026363636,41
3137.372741,53,72,0.67,19,0.035263158,41
3136.935823,59,87,0.74,28,0.026428571,41
3136.231051,54,88,0.9,34,0.026470588,41
3136.213493,63,82,0.42,19,0.022105263,41
3136.066998,58,87,0.8,29,0.027586207,41
3135.994763,58,88,0.8,30,0.026666667,41
3135.598693,57,81,0.66,24,0.0275,41
3135.404121,53,72,0.68,19,0.035789474,41
3135.372034,39,66,0.95,27,0.035185185,41
3135.208042,56,68,0.43,12,0.035833333,41
3135.171841,60,79,0.54,19,0.028421053,41
3135.087779,65,78,0.36,13,0.027692308,41
3134.69713,53,86,0.91,33,0.027575758,41
3134.28945,56,66,0.37,10,0.037,41
3134.178923,41,64,0.81,23,0.035217391,41
3134.006933,59,77,0.5,18,0.027777778,41
3134.006933,58,78,0.56,20,0.028,41
3133.865036,58,83,0.7,25,0.028,41
3133.865036,56,86,0.83,30,0.027666667,41
3133.865036,55,87,0.89,32,0.0278125,41
3133.305518,57,90,0.91,33,0.027575758,41
3133.193549,54,87,0.9,33,0.027272727,41
3132.772273,60,72,0.4,12,0.033333333,41
3132.501469,54,85,0.85,31,0.027419355,41
3132.114304,57,80,0.64,23,0.027826087,41
3132.114081,54,84,0.83,30,0.027666667,41
3131.69065,60,78,0.49,18,0.027222222,41
3131.404089,61,75,0.39,14,0.027857143,41
3131.23499,51,73,0.79,22,0.035909091,41
3131.213935,55,83,0.78,28,0.027857143,41
3130.96015,58,68,0.33,10,0.033,41
3130.842012,52,76,0.79,24,0.032916667,41
3130.810809,64,81,0.46,17,0.027058824,41
3130.57938,62,82,0.55,20,0.0275,41
3130.479267,57,71,0.45,14,0.032142857,41
3130.360018,59,64,0.18,5,0.036,41
3130.181792,59,82,0.63,23,0.027391304,41
3130.043629,61,83,0.62,22,0.028181818,41
3130.015073,54,89,0.99,35,0.028285714,41
3129.944298,58,84,0.71,26,0.027307692,41
3129.618174,56,80,0.74,24,0.030833333,41
3129.539899,54,86,0.95,32,0.0296875,41
3129.476486,66,70,0.11,4,0.0275,41
3129.476486,64,72,0.22,8,0.0275,41
3129.376208,52,80,0.87,28,0.031071429,41
3128.453003,59,68,0.29,9,0.032222222,41
3128.377619,57,89,0.89,32,0.0278125,41
3128.288955,55,85,0.81,30,0.027,41
3127.969519,59,87,0.72,28,0.025714286,41
3127.763349,63,82,0.52,19,0.027368421,41
3127.763349,59,87,0.76,28,0.027142857,41
3127.750458,58,84,0.7,26,0.026923077,41
3127.056937,55,87,0.91,32,0.0284375,41
3126.926015,58,83,0.73,25,0.0292,41
3126.926015,56,86,0.87,30,0.029,41
3126.526002,61,71,0.33,10,0.033,41
3126.337262,51,81,0.9,30,0.03,41
3126.16375,59,69,0.32,10,0.032,41
3126.16375,54,75,0.67,21,0.031904762,41
3126.037486,55,78,0.68,23,0.029565217,41
3125.728694,66,77,0.31,11,0.028181818,41
3125.728694,62,82,0.56,20,0.028,41
3125.16784,52,79,0.82,27,0.03037037,41
3125.162117,54,78,0.73,24,0.030416667,41
3124.708108,59,82,0.65,23,0.02826087,41
3124.699033,53,71,0.64,18,0.035555556,41
3124.52696,65,78,0.37,13,0.028461538,41
3124.472479,48,56,0.25,8,0.03125,41
3124.233659,61,85,0.65,24,0.027083333,41
3124.233659,59,88,0.78,29,0.026896552,41
3123.970708,57,84,0.79,27,0.029259259,41
3123.66535,63,76,0.37,13,0.028461538,41
3123.477953,53,76,0.74,23,0.032173913,41
3123.413313,59,80,0.6,21,0.028571429,41
3123.385297,63,83,0.53,20,0.0265,41
3123.324166,56,89,0.92,33,0.027878788,41
3123.294391,60,76,0.47,16,0.029375,41
3123.05293,51,82,0.96,31,0.030967742,41
3122.993348,58,70,0.41,12,0.034166667,41
3122.933975,53,81,0.83,28,0.029642857,41
3122.933975,51,84,0.97,33,0.029393939,41
3122.57511,53,84,0.93,31,0.03,41
3122.548515,57,86,0.76,29,0.026206897,41
3122.548515,55,89,0.89,34,0.026176471,41
3122.423308,65,80,0.41,15,0.027333333,41
3122.287863,53,84,0.92,31,0.029677419,41
3122.287863,52,85,0.98,33,0.02969697,41
3122.057437,56,82,0.72,26,0.027692308,41
3121.796195,54,86,0.92,32,0.02875,41
3121.796195,53,87,0.98,34,0.028823529,41
3121.256028,54,89,0.93,35,0.026571429,41
3121.226088,51,82,0.94,31,0.030322581,41
3121.14541,53,80,0.81,27,0.03,41
3121.010155,37,55,0.67,18,0.037222222,41
3120.091049,57,91,0.92,34,0.027058824,41
3120.091049,56,92,0.98,36,0.027222222,41
3119.792679,52,77,0.85,25,0.034,41
3119.792679,51,78,0.92,27,0.034074074,41
3119.571815,52,82,0.9,30,0.03,41
3119.526457,50,81,0.94,31,0.030322581,41
3119.4073,66,74,0.22,8,0.0275,41
3119.156764,53,78,0.78,25,0.0312,41
3119.156764,51,81,0.93,30,0.031,41
3119.127598,35,58,0.85,23,0.036956522,41
3118.938767,56,87,0.83,31,0.026774194,41
3118.938767,55,89,0.9,34,0.026470588,41
3118.731412,57,85,0.74,28,0.026428571,41
3118.731412,55,87,0.85,32,0.0265625,41
3118.587631,60,76,0.45,16,0.028125,41
3118.587631,56,81,0.7,25,0.028,41
3118.204052,66,78,0.34,12,0.028333333,41
3118.030611,58,89,0.85,31,0.027419355,41
3117.546008,56,81,0.72,25,0.0288,41
3117.449534,54,80,0.76,26,0.029230769,41
3117.09992,52,73,0.75,21,0.035714286,41
3117.09992,50,76,0.92,26,0.035384615,41
3117.062224,62,76,0.42,14,0.03,41
3117.062224,61,77,0.48,16,0.03,41
3117.062224,56,83,0.81,27,0.03,41
3116.859502,59,77,0.53,18,0.029444444,41
3116.837686,49,77,0.99,28,0.035357143,41
3116.596797,55,82,0.78,27,0.028888889,41
3116.596797,54,83,0.84,29,0.028965517,41
3116.46413,49,78,0.98,29,0.033793103,41
3116.408005,55,84,0.81,29,0.027931034,41
3116.266548,60,79,0.55,19,0.028947368,41
3116.266548,59,80,0.61,21,0.029047619,41
3116.229667,57,89,0.83,32,0.0259375,41
3116.229667,56,90,0.88,34,0.025882353,41
3116.229667,56,91,0.9,35,0.025714286,41
3116.229667,55,92,0.95,37,0.025675676,41
3116.191762,55,68,0.47,13,0.036153846,41
3116.063955,40,63,0.8,23,0.034782609,41
3115.893745,54,83,0.81,29,0.027931034,41
3115.893745,53,84,0.87,31,0.028064516,41
3115.880808,57,80,0.67,23,0.029130435,41
3115.83011,59,81,0.66,22,0.03,41
3115.723443,57,83,0.75,26,0.028846154,41
3115.643371,59,87,0.78,28,0.027857143,41
3115.643371,58,89,0.86,31,0.027741935,41
3115.569091,61,81,0.53,20,0.0265,41
3115.569091,58,85,0.71,27,0.026296296,41
3115.560986,57,72,0.48,15,0.032,41
3115.554918,56,71,0.49,15,0.032666667,41
3115.495527,54,82,0.85,28,0.030357143,41
3115.322377,61,69,0.24,8,0.03,41
3115.322377,60,70,0.3,10,0.03,41
3115.322377,55,76,0.63,21,0.03,41
3115.322377,54,77,0.69,23,0.03,41
3115.255901,64,74,0.3,10,0.03,41
3115.255901,63,75,0.36,12,0.03,41
3115.212523,50,77,0.93,27,0.034444444,41
3115.141602,58,77,0.57,19,0.03,41
3114.964079,55,78,0.69,23,0.03,41
3114.778513,57,82,0.68,25,0.0272,41
3114.778291,54,86,0.87,32,0.0271875,41
3114.466039,60,86,0.7,26,0.026923077,41
3114.23578,59,86,0.74,27,0.027407407,41
3114.120822,60,83,0.66,23,0.028695652,41
3113.905088,57,82,0.75,25,0.03,41
3113.698291,51,80,0.91,29,0.03137931,41
3113.697919,64,73,0.26,9,0.028888889,41
3113.670454,55,88,0.89,33,0.026969697,41
3113.670454,54,90,0.96,36,0.026666667,41
3113.456036,62,64,0.07,2,0.035,41
3113.456036,61,65,0.14,4,0.035,41
3113.456036,60,66,0.21,6,0.035,41
3113.440964,61,83,0.61,22,0.027727273,41
3113.43997,53,79,0.8,26,0.030769231,41
3113.43997,52,80,0.86,28,0.030714286,41
3113.407754,57,85,0.78,28,0.027857143,41
3113.287209,55,88,0.98,33,0.02969697,41
3113.105494,61,84,0.51,23,0.022173913,41
3112.98425,56,83,0.76,27,0.028148148,41
3112.947121,56,75,0.59,19,0.031052632,41
3112.617055,54,89,0.92,35,0.026285714,41
3112.380853,54,90,0.94,36,0.026111111,41
3112.335528,54,68,0.5,14,0.035714286,41
3112.127337,56,88,0.91,32,0.0284375,41
3112.081307,50,82,0.96,32,0.03,41
3111.825252,55,74,0.61,19,0.032105263,41
3111.79304,56,76,0.61,20,0.0305,41
3111.79304,55,77,0.67,22,0.030454545,41
3111.579032,58,78,0.59,20,0.0295,41
3111.579032,57,79,0.65,22,0.029545455,41
3111.143834,54,85,0.87,31,0.028064516,41
3111.135177,60,78,0.51,18,0.028333333,41
3111.06228,53,90,0.98,37,0.026486486,41
3110.728818,53,78,0.75,25,0.03,41
3110.683857,66,73,0.2,7,0.028571429,41
3110.629363,63,81,0.4,18,0.022222222,41
3110.54071,52,81,0.85,29,0.029310345,41
3110.54071,51,82,0.91,31,0.029354839,41
3110.434142,45,57,0.41,12,0.034166667,41
3110.185906,52,84,0.98,32,0.030625,41
3109.456475,56,80,0.68,24,0.028333333,41
3109.280186,52,80,0.83,28,0.029642857,41
3109.228458,57,71,0.48,14,0.034285714,41
3109.228458,56,72,0.55,16,0.034375,41
3108.801131,43,59,0.55,16,0.034375,41
3108.654031,57,78,0.66,21,0.031428571,41
3108.654031,54,82,0.87,28,0.031071429,41
3108.476327,55,88,0.92,33,0.027878788,41
3108.460101,56,89,0.86,33,0.026060606,41
3108.437671,60,81,0.57,21,0.027142857,41
3108.339609,52,84,0.99,32,0.0309375,41
3108.201777,57,86,0.77,29,0.026551724,41
3108.026334,53,73,0.7,20,0.035,41
3107.676298,60,81,0.58,21,0.027619048,41
3107.179627,54,71,0.6,17,0.035294118,41
3107.172105,57,87,0.84,30,0.028,41
3107.172105,56,88,0.9,32,0.028125,41
3107.03261,60,86,0.67,26,0.025769231,41
3107.008651,62,83,0.46,21,0.021904762,41
3106.981719,56,77,0.63,21,0.03,41
3106.92788,56,81,0.73,25,0.0292,41
3106.92788,55,82,0.79,27,0.029259259,41
3106.786514,55,84,0.82,29,0.028275862,41
3106.739531,64,81,0.48,17,0.028235294,41
3106.739531,61,84,0.65,23,0.02826087,41
3106.739531,60,86,0.73,26,0.028076923,41
3106.739531,59,87,0.79,28,0.028214286,41
3106.702666,55,73,0.58,18,0.032222222,41
3106.677138,68,77,0.24,9,0.026666667,41
3106.520887,52,81,0.88,29,0.030344828,41
3106.411046,43,59,0.56,16,0.035,41
3106.267079,57,79,0.62,22,0.028181818,41
3106.185848,47,55,0.27,8,0.03375,41
3106.04146,57,70,0.45,13,0.034615385,41
3106.04146,56,71,0.52,15,0.034666667,41
3106.04146,55,72,0.59,17,0.034705882,41
3106.04146,55,73,0.62,18,0.034444444,41
3106.04146,54,74,0.69,20,0.0345,41
3106.04146,53,75,0.76,22,0.034545455,41
3106.04146,52,76,0.83,24,0.034583333,41
3106.04146,51,77,0.9,26,0.034615385,41
3106.04146,50,78,0.97,28,0.034642857,41
3105.840477,54,85,0.88,31,0.028387097,41
3105.840477,53,86,0.94,33,0.028484848,41
3105.81258,54,78,0.74,24,0.030833333,41
3105.780127,58,69,0.38,11,0.034545455,41
3105.679456,58,81,0.64,23,0.027826087,41
3105.679014,52,71,0.69,19,0.036315789,41
3105.501714,60,85,0.65,25,0.026,41
3105.429259,60,81,0.59,21,0.028095238,41
3105.429259,56,86,0.84,30,0.028,41
3105.413525,62,77,0.43,15,0.028666667,41
3105.413525,61,78,0.49,17,0.028823529,41
3105.413525,59,81,0.63,22,0.028636364,41
3105.413525,58,82,0.69,24,0.02875,41
3105.413525,56,85,0.82,29,0.028275862,41
3105.286503,57,85,0.79,28,0.028214286,41
3105.286503,54,89,0.98,35,0.028,41
3105.007103,51,78,0.93,27,0.034444444,41
3104.973112,58,78,0.58,20,0.029,41
3104.945894,52,81,0.89,29,0.030689655,41
3104.745252,56,86,0.85,30,0.028333333,41
3104.360071,54,87,0.99,33,0.03,41
3104.251364,60,85,0.55,25,0.022,41
3104.02761,57,79,0.64,22,0.029090909,41
3104.02761,56,80,0.7,24,0.029166667,41
3103.831725,58,92,0.72,34,0.021176471,41
3103.720503,50,83,0.98,33,0.02969697,41
3103.695428,66,79,0.35,13,0.026923077,41
3103.605757,55,83,0.8,28,0.028571429,41
3103.570548,59,68,0.31,9,0.034444444,41
3103.570548,50,79,0.99,29,0.034137931,41
3103.50306,59,78,0.55,19,0.028947368,41
3103.50306,58,79,0.61,21,0.029047619,41
3103.484145,57,82,0.7,25,0.028,41
3103.364733,64,79,0.4,15,0.026666667,41
3102.827038,50,78,0.93,28,0.033214286,41
3102.676646,52,75,0.76,23,0.033043478,41
3101.924063,53,87,0.95,34,0.027941176,41
3101.775863,59,87,0.61,28,0.021785714,41
3101.694139,52,75,0.79,23,0.034347826,41
3101.4312,57,81,0.68,24,0.028333333,41
3101.4312,56,82,0.74,26,0.028461538,41
3101.428199,54,84,0.85,30,0.028333333,41
3101.428199,53,85,0.91,32,0.0284375,41
3100.670039,58,83,0.74,25,0.0296,41
3100.670039,57,84,0.8,27,0.02962963,41
3100.670039,56,85,0.86,29,0.029655172,41
3100.486674,46,56,0.34,10,0.034,41
3100.119484,51,82,0.95,31,0.030645161,41
3100.077515,49,79,0.98,30,0.032666667,41
3099.904828,57,80,0.66,23,0.028695652,41
3099.899277,56,89,0.87,33,0.026363636,41
3099.606952,58,75,0.5,17,0.029411765,41
3099.079448,39,48,0.37,9,0.041111111,41
3099.058124,61,85,0.67,24,0.027916667,41
3099.058124,58,88,0.84,30,0.028,41
3099.013467,50,76,0.91,26,0.035,41
3098.998466,52,86,0.99,34,0.029117647,41
3098.89413,74,91,0.29,17,0.017058824,41
3098.834951,58,84,0.69,26,0.026538462,41
3098.834951,56,86,0.8,30,0.026666667,41
3098.778131,55,92,0.98,37,0.026486486,41
3098.699289,58,87,0.81,29,0.027931034,41
3098.599762,56,87,0.82,31,0.026451613,41
3098.404857,57,92,0.91,35,0.026,41
3098.404857,56,93,0.97,37,0.026216216,41
3097.857331,63,79,0.47,16,0.029375,41
3097.857331,62,80,0.53,18,0.029444444,41
3097.693327,39,49,0.4,10,0.04,41
3097.693327,38,50,0.48,12,0.04,41
3097.67903,55,77,0.65,22,0.029545455,41
3097.67903,54,78,0.71,24,0.029583333,41
3097.67903,53,79,0.77,26,0.029615385,41
3097.513604,59,76,0.51,17,0.03,41
3097.507625,60,84,0.68,24,0.028333333,41
3097.173478,60,87,0.72,27,0.026666667,41
3096.673305,54,69,0.54,15,0.036,41
3096.48766,59,86,0.6,27,0.022222222,41
3096.353624,60,80,0.6,20,0.03,41
3096.199861,52,88,0.96,36,0.026666667,41
3095.983349,64,74,0.28,10,0.028,41
3095.983349,63,74,0.31,11,0.028181818,41
3095.918656,57,90,0.92,33,0.027878788,41
3095.887235,59,86,0.75,27,0.027777778,41
3095.698465,56,91,0.97,35,0.027714286,41
3095.543269,69,74,0.11,5,0.022,41
3095.368904,61,85,0.62,24,0.025833333,41
3095.368904,57,90,0.85,33,0.025757576,41
3095.368904,55,93,0.97,38,0.025526316,41
3095.352471,50,77,0.89,27,0.032962963,41
3095.327375,63,67,0.12,4,0.03,41
3095.327375,62,68,0.18,6,0.03,41
3095.023659,56,92,0.94,36,0.026111111,41
3094.986075,56,86,0.88,30,0.029333333,41
3094.986075,55,87,0.94,32,0.029375,41
3094.951581,63,72,0.26,9,0.028888889,41
3094.48813,44,58,0.48,14,0.034285714,41
3094.349948,63,82,0.54,19,0.028421053,41
3094.093012,62,82,0.58,20,0.029,41
3093.528922,62,70,0.24,8,0.03,41
3093.528922,61,71,0.3,10,0.03,41
3093.528922,60,72,0.36,12,0.03,41
3093.528922,59,73,0.42,14,0.03,41
3093.435021,57,76,0.56,19,0.029473684,41
3093.323019,53,85,0.89,32,0.0278125,41
3093.241983,51,75,0.86,24,0.035833333,41
3093.160028,53,91,0.99,38,0.026052632,41
3092.919911,59,78,0.54,19,0.028421053,41
3092.870929,56,89,0.91,33,0.027575758,41
3092.757037,6,12,0.32,6,0.053333333,41
3092.672339,51,77,0.86,26,0.033076923,41
3092.620508,58,86,0.78,28,0.027857143,41
3092.620508,55,90,0.97,35,0.027714286,41
3092.598055,50,76,0.93,26,0.035769231,41
3092.47258,76,82,0.11,6,0.018333333,41
3092.47258,73,85,0.22,12,0.018333333,41
3092.47258,70,88,0.33,18,0.018333333,41
3090.925428,54,86,0.88,32,0.0275,41
3090.850202,55,72,0.6,17,0.035294118,41
3090.752607,61,77,0.45,16,0.028125,41
3090.466552,67,77,0.22,10,0.022,41
3090.231305,51,81,0.89,30,0.029666667,41
3090.139167,58,89,0.8,31,0.025806452,41
3090.120185,53,74,0.72,21,0.034285714,41
3089.907291,59,76,0.5,17,0.029411765,41
3089.624835,54,74,0.65,20,0.0325,41
3089.573389,55,70,0.53,15,0.035333333,41
3089.042262,50,83,0.97,33,0.029393939,41
3089.001376,59,81,0.62,22,0.028181818,41
3088.951842,56,90,0.95,34,0.027941176,41
3088.891591,69,74,0.14,5,0.028,41
3088.876214,50,80,0.97,30,0.032333333,41
3088.78863,57,79,0.63,22,0.028636364,41
3088.78863,56,81,0.71,25,0.0284,41
3088.76691,57,85,0.77,28,0.0275,41
3088.73195,55,83,0.79,28,0.028214286,41
3088.712155,55,88,0.87,33,0.026363636,41
3088.712155,54,88,0.91,34,0.026764706,41
3088.296281,62,74,0.35,12,0.029166667,41
3088.222436,55,86,0.82,31,0.026451613,41
3088.134522,56,69,0.46,13,0.035384615,41
3088.111267,51,76,0.83,25,0.0332,41
3088.111267,50,77,0.9,27,0.033333333,41
3088.111267,49,79,0.99,30,0.033,41
3088.060468,65,79,0.31,14,0.022142857,41
3087.970336,64,80,0.35,16,0.021875,41
3087.817427,54,79,0.76,25,0.0304,41
3087.617593,53,83,0.93,30,0.031,41
3087.534786,52,76,0.82,24,0.034166667,41
3087.534786,51,77,0.89,26,0.034230769,41
3087.456561,59,85,0.72,26,0.027692308,41
3087.368715,63,69,0.18,6,0.03,41
3087.103114,55,91,0.94,36,0.026111111,41
3087.083078,50,81,0.95,31,0.030645161,41
3087.063172,52,79,0.81,27,0.03,41
3086.844016,64,80,0.46,16,0.02875,41
3086.844016,62,83,0.6,21,0.028571429,41
3086.796481,65,80,0.4,15,0.026666667,41
3085.791397,54,86,0.89,32,0.0278125,41
3085.731102,53,75,0.77,22,0.035,41
3085.63917,47,57,0.31,10,0.031,41
3085.45373,71,89,0.32,18,0.017777778,41
3084.094377,60,65,0.18,5,0.036,41
3084.002188,62,84,0.59,22,0.026818182,41
3084.002188,58,89,0.83,31,0.026774194,41
3083.980698,56,80,0.71,24,0.029583333,41
3083.83176,59,66,0.25,7,0.035714286,41
3083.532554,56,87,0.85,31,0.027419355,41
3083.532554,54,89,0.96,35,0.027428571,41
3083.429738,64,81,0.45,17,0.026470588,41
3082.66537,62,73,0.32,11,0.029090909,41
3082.66537,59,77,0.52,18,0.028888889,41
3082.560884,61,84,0.5,23,0.02173913,41
3082.226377,56,89,0.9,33,0.027272727,41
3082.058382,54,87,0.97,33,0.029393939,41
3082.037498,55,83,0.76,28,0.027142857,41
3081.962522,51,86,0.99,35,0.028285714,41
3081.826198,77,82,0.09,5,0.018,41
3081.620644,59,74,0.43,15,0.028666667,41
3081.620644,58,75,0.49,17,0.028823529,41
3081.620424,53,81,0.8,28,0.028571429,41
3081.56536,60,86,0.69,26,0.026538462,41
3081.490894,63,83,0.43,20,0.0215,41
3081.307532,58,79,0.6,21,0.028571429,41
3081.064452,65,81,0.34,16,0.02125,41
3081.002314,57,69,0.42,12,0.035,41
3081.002314,56,70,0.49,14,0.035,41
3081.002314,55,71,0.56,16,0.035,41
3081.002314,54,72,0.63,18,0.035,41
3080.824045,39,67,0.99,28,0.035357143,41
3080.492177,56,76,0.59,20,0.0295,41
3080.450612,53,85,0.92,32,0.02875,41
3080.404364,56,90,0.96,34,0.028235294,41
3080.32507,61,85,0.63,24,0.02625,41
3079.95869,52,86,0.95,34,0.027941176,41
3079.880615,62,76,0.39,14,0.027857143,41
3079.880615,59,79,0.56,20,0.028,41
3079.483638,60,73,0.38,13,0.029230769,41
3079.483638,59,74,0.44,15,0.029333333,41
3079.369515,54,83,0.85,29,0.029310345,41
3079.320302,53,87,0.94,34,0.027647059,41
3079.14811,62,75,0.37,13,0.028461538,41
3079.14811,58,80,0.62,22,0.028181818,41
3078.920702,57,70,0.46,13,0.035384615,41
3078.920702,56,71,0.53,15,0.035333333,41
3078.854046,62,74,0.34,12,0.028333333,41
3078.774996,59,80,0.58,21,0.027619048,41
3078.77353,57,90,0.86,33,0.026060606,41
3078.76048,58,87,0.76,29,0.026206897,41
3078.76048,57,88,0.81,31,0.026129032,41
3078.76048,54,92,0.99,38,0.026052632,41
3078.759794,54,80,0.77,26,0.029615385,41
3078.665778,60,86,0.68,26,0.026153846,41
3078.665778,56,91,0.91,35,0.026,41
3078.153161,56,75,0.57,19,0.03,41
3077.985823,63,85,0.49,22,0.022272727,41
3077.879368,50,82,0.97,32,0.0303125,41
3077.434282,61,75,0.4,14,0.028571429,41
3077.250301,44,58,0.49,14,0.035,41
3077.124366,56,91,0.89,35,0.025428571,41
3076.868541,57,68,0.39,11,0.035454545,41
3076.855942,51,87,0.97,36,0.026944444,41
3076.61742,55,86,0.93,31,0.03,41
3076.554239,54,82,0.84,28,0.03,41
3076.554239,53,83,0.9,30,0.03,41
3076.526118,61,74,0.38,13,0.029230769,41
3076.482276,60,90,0.63,30,0.021,41
3076.292458,58,67,0.32,9,0.035555556,41
3076.241063,64,80,0.44,16,0.0275,41
3076.04493,38,49,0.45,11,0.040909091,41
3075.589008,60,75,0.44,15,0.029333333,41
3075.575992,60,77,0.48,17,0.028235294,41
3075.213777,63,82,0.51,19,0.026842105,41
3075.192183,46,55,0.32,9,0.035555556,41
3075.127359,71,95,0.41,24,0.017083333,41
3074.929495,63,81,0.52,18,0.028888889,41
3074.701996,54,73,0.67,19,0.035263158,41
3074.676198,53,83,0.91,30,0.030333333,41
3074.507827,55,89,0.97,34,0.028529412,41
3074.325301,55,90,0.96,35,0.027428571,41
3074.059314,64,72,0.23,8,0.02875,41
3073.985229,63,73,0.29,10,0.029,41
3073.820741,54,74,0.7,20,0.035,41
3073.61916,54,90,0.99,36,0.0275,41
3073.570519,52,82,0.86,30,0.028666667,41
3073.40674,64,77,0.39,13,0.03,41
3073.350524,55,79,0.7,24,0.029166667,41
3073.28794,48,62,0.38,14,0.027142857,41
3073.235963,73,93,0.34,20,0.017,41
3073.22486,55,91,0.99,36,0.0275,41
3073.015643,65,72,0.2,7,0.028571429,41
3072.840832,59,67,0.28,8,0.035,41
3072.840832,58,68,0.35,10,0.035,41
3072.766779,61,76,0.43,15,0.028666667,41
3072.722146,58,78,0.57,20,0.0285,41
3072.722146,58,79,0.59,21,0.028095238,41
3072.722146,57,80,0.65,23,0.02826087,41
3072.619344,56,91,0.92,35,0.026285714,41
3072.545599,54,87,0.98,33,0.02969697,41
3072.513756,57,90,0.88,33,0.026666667,41
3072.511168,55,76,0.64,21,0.03047619,41
3072.483732,56,74,0.57,18,0.031666667,41
3072.365972,52,89,0.98,37,0.026486486,41
3071.99129,55,82,0.77,27,0.028518519,41
3071.861732,53,84,0.9,31,0.029032258,41
3071.861732,52,85,0.96,33,0.029090909,41
3071.805897,57,80,0.68,23,0.029565217,41
3071.761551,51,80,0.87,29,0.03,41
3071.483096,58,87,0.82,29,0.028275862,41
3071.026452,51,77,0.91,26,0.035,41
3070.940354,54,73,0.66,19,0.034736842,41
3070.918963,50,78,0.98,28,0.035,41
3070.836998,58,78,0.55,20,0.0275,41
3070.764271,55,86,0.92,31,0.029677419,41
3070.727531,51,76,0.82,25,0.0328,41
3070.712673,55,88,0.91,33,0.027575758,41
3070.712673,54,89,0.97,35,0.027714286,41
3070.681882,53,74,0.73,21,0.034761905,41
3070.681882,52,75,0.8,23,0.034782609,41
3070.602139,63,74,0.32,11,0.029090909,41
3070.475438,55,91,0.93,36,0.025833333,41
3070.133981,53,84,0.85,31,0.027419355,41
3070.007385,63,82,0.41,19,0.021578947,41
3069.652925,59,78,0.56,19,0.029473684,41
3069.652925,58,79,0.62,21,0.02952381,41
3069.377329,52,85,0.99,33,0.03,41
3069.273833,53,83,0.89,30,0.029666667,41
3069.245977,52,76,0.84,24,0.035,41
3068.19351,78,82,0.07,4,0.0175,41
3068.19351,76,84,0.14,8,0.0175,41
3067.972425,49,77,0.95,28,0.033928571,41
3067.765135,57,84,0.81,27,0.03,41
3067.637688,56,91,0.98,35,0.028,41
3067.089526,42,62,0.72,20,0.036,41
3066.530799,66,77,0.3,11,0.027272727,41
3066.530799,64,79,0.41,15,0.027333333,41
3066.431268,55,93,0.98,38,0.025789474,41
3066.422712,54,84,0.86,30,0.028666667,41
3066.391503,54,77,0.7,23,0.030434783,41
3066.391503,53,78,0.76,25,0.0304,41
3066.391503,51,81,0.91,30,0.030333333,41
3066.329309,51,80,0.89,29,0.030689655,41
3066.231449,60,76,0.44,16,0.0275,41
3066.231449,56,81,0.68,25,0.0272,41
3065.852444,57,76,0.55,19,0.028947368,41
3065.852262,56,82,0.73,26,0.028076923,41
3065.66458,52,75,0.75,23,0.032608696,41
3065.573635,55,81,0.76,26,0.029230769,41
3065.573635,54,82,0.82,28,0.029285714,41
3065.571486,57,80,0.63,23,0.027391304,41
3065.463705,60,76,0.46,16,0.02875,41
3065.457383,52,80,0.85,28,0.030357143,41
3065.387854,56,84,0.84,28,0.03,41
3064.883455,61,83,0.64,22,0.029090909,41
3064.662571,61,71,0.29,10,0.029,41
3064.63377,51,82,0.92,31,0.029677419,41
3064.301229,58,89,0.81,31,0.026129032,41
3064.074259,50,78,0.96,28,0.034285714,41
3063.784465,51,88,0.99,37,0.026756757,41
3062.787478,65,82,0.39,17,0.022941176,41
3062.636853,62,82,0.44,20,0.022,41
3062.343662,55,91,0.98,36,0.027222222,41
3061.935015,49,78,0.97,29,0.033448276,41
3061.513682,51,76,0.86,25,0.0344,41
3061.425006,65,71,0.17,6,0.028333333,41
3061.335717,54,84,0.81,30,0.027,41
3061.18773,37,51,0.57,14,0.040714286,41
3061.148042,57,88,0.87,31,0.028064516,41
3061.042977,65,80,0.39,15,0.026,41
3060.78365,57,91,0.93,34,0.027352941,41
3060.781191,59,86,0.76,27,0.028148148,41
3060.676774,53,86,0.89,33,0.026969697,41
3060.676774,52,87,0.95,35,0.027142857,41
3060.67224,59,86,0.77,27,0.028518519,41
3060.172363,66,78,0.33,12,0.0275,41
3059.920201,56,80,0.72,24,0.03,41
3059.777272,67,76,0.25,9,0.027777778,41
3059.707714,54,90,0.98,36,0.027222222,41
3059.393996,53,82,0.86,29,0.029655172,41
3059.315768,68,75,0.2,7,0.028571429,41
3059.315768,64,79,0.43,15,0.028666667,41
3059.078753,52,88,0.97,36,0.026944444,41
3058.827288,56,90,0.93,34,0.027352941,41
3058.679522,50,81,0.97,31,0.031290323,41
3058.66486,54,91,0.96,37,0.025945946,41
3058.546301,52,83,0.92,31,0.029677419,41
3058.219694,58,72,0.44,14,0.031428571,41
3058.087939,43,60,0.57,17,0.033529412,41
3058.087939,42,61,0.64,19,0.033684211,41
3057.983608,63,77,0.39,14,0.027857143,41
3057.871441,63,80,0.47,17,0.027647059,41
3057.871441,61,83,0.6,22,0.027272727,41
3057.871441,60,84,0.66,24,0.0275,41
3057.871441,58,86,0.77,28,0.0275,41
3057.871441,57,87,0.83,30,0.027666667,41
3057.857259,69,77,0.17,8,0.02125,41
3057.849929,59,72,0.39,13,0.03,41
3057.849929,58,73,0.45,15,0.03,41
3057.64726,72,87,0.27,15,0.018,41
3057.616973,63,81,0.5,18,0.027777778,41
3057.609479,57,77,0.58,20,0.029,41
3057.609479,56,78,0.64,22,0.029090909,41
3057.378423,56,85,0.87,29,0.03,41
3057.051968,60,80,0.56,20,0.028,41
3056.425216,54,84,0.82,30,0.027333333,41
3056.335457,49,78,0.96,29,0.033103448,41
3056.266699,53,78,0.77,25,0.0308,41
3055.895971,66,80,0.3,14,0.021428571,41
3055.80844,55,71,0.57,16,0.035625,41
3055.706779,52,80,0.84,28,0.03,41
3055.399179,58,88,0.85,30,0.028333333,41
3055.326957,47,63,0.44,16,0.0275,41
3055.18146,43,68,0.71,25,0.0284,41
3055.125369,54,87,0.88,33,0.026666667,41
3055.053443,42,61,0.65,19,0.034210526,41
3055.053443,41,62,0.72,21,0.034285714,41
3055.021753,59,85,0.71,26,0.027307692,41
3055.021753,57,88,0.84,31,0.027096774,41
3055.021753,55,90,0.95,35,0.027142857,41
3055.010461,58,88,0.77,30,0.025666667,41
3054.938581,41,62,0.71,21,0.033809524,41
3054.918103,60,73,0.37,13,0.028461538,41
3054.917886,55,79,0.68,24,0.028333333,41
3054.917886,54,80,0.74,26,0.028461538,41
3054.555364,54,76,0.68,22,0.030909091,41
3054.449636,79,86,0.12,7,0.017142857,41
3054.446384,54,85,0.86,31,0.027741935,41
3054.051393,69,90,0.38,21,0.018095238,41
3053.361552,51,84,0.98,33,0.02969697,41
3053.283084,50,81,0.96,31,0.030967742,41
3053.106333,52,74,0.78,22,0.035454545,41
3053.106333,50,77,0.95,27,0.035185185,41
3052.85636,56,87,0.92,31,0.029677419,41
3052.76435,43,61,0.65,18,0.036111111,41
3052.559432,53,88,0.93,35,0.026571429,41
3052.32831,55,87,0.95,32,0.0296875,41
3051.851221,57,73,0.49,16,0.030625,41
3051.035922,51,83,0.93,32,0.0290625,41
3050.645649,54,83,0.83,29,0.02862069,41
3050.411862,56,92,0.96,36,0.026666667,41
3050.304193,51,76,0.87,25,0.0348,41
3050.178369,52,79,0.83,27,0.030740741,41
3050.063472,51,84,0.99,33,0.03,41
3049.85266,50,82,0.95,32,0.0296875,41
3049.834012,55,88,0.9,33,0.027272727,41
3049.417696,51,84,0.95,33,0.028787879,41
3049.20154,59,84,0.72,25,0.0288,41
3049.126554,66,77,0.25,11,0.022727273,41
3049.126554,64,79,0.34,15,0.022666667,41
3048.836652,56,77,0.61,21,0.029047619,41
3048.816986,55,80,0.73,25,0.0292,41
3048.816986,54,81,0.79,27,0.029259259,41
3048.816986,53,82,0.85,29,0.029310345,41
3048.816986,52,84,0.93,32,0.0290625,41
3048.816986,51,85,0.99,34,0.029117647,41
3048.731438,59,71,0.36,12,0.03,41
3048.296233,56,90,0.92,34,0.027058824,41
3048.132851,50,77,0.94,27,0.034814815,41
3047.545784,50,78,0.91,28,0.0325,41
3047.519382,62,86,0.54,24,0.0225,41
3047.307135,71,87,0.29,16,0.018125,41
3047.178367,66,78,0.32,12,0.026666667,41
3047.178367,63,81,0.48,18,0.026666667,41
3047.178367,61,83,0.59,22,0.026818182,41
3046.448279,59,88,0.76,29,0.026206897,41
3046.437154,54,92,0.98,38,0.025789474,41
3046.388607,55,90,0.98,35,0.028,41
3046.249915,59,86,0.72,27,0.026666667,41
3046.125521,53,82,0.84,29,0.028965517,41
3045.767321,55,81,0.77,26,0.029615385,41
3045.323496,55,92,0.94,37,0.025405405,41
3045.283341,41,65,0.79,24,0.032916667,41
3045.237483,66,79,0.34,13,0.026153846,41
3045.226141,66,78,0.26,12,0.021666667,41
3045.226141,65,80,0.32,15,0.021333333,41
3044.996382,64,66,0.06,2,0.03,41
3044.843494,55,91,0.97,36,0.026944444,41
3044.794958,51,80,0.9,29,0.031034483,41
3044.604942,55,91,0.87,36,0.024166667,41
3044.604942,54,92,0.92,38,0.024210526,41
3044.352302,55,77,0.66,22,0.03,41
3043.838882,50,77,0.96,27,0.035555556,41
3043.510004,37,52,0.58,15,0.038666667,41
3043.510004,36,53,0.66,17,0.038823529,41
3043.274728,65,78,0.29,13,0.022307692,41
3042.986127,55,78,0.67,23,0.029130435,41
3042.986127,54,79,0.73,25,0.0292,41
3042.98591,53,80,0.79,27,0.029259259,41
3042.661603,52,82,0.91,30,0.030333333,41
3042.370964,57,81,0.67,24,0.027916667,41
3041.892232,56,91,0.96,35,0.027428571,41
3041.708022,54,72,0.64,18,0.035555556,41
3041.708022,53,73,0.71,20,0.0355,41
3041.708022,53,74,0.74,21,0.035238095,41
3041.708022,52,75,0.81,23,0.035217391,41
3041.708022,51,76,0.88,25,0.0352,41
3041.078909,55,89,0.98,34,0.028823529,41
3040.94524,8,11,0.14,3,0.046666667,41
3040.789491,41,63,0.73,22,0.033181818,41
3040.659981,55,90,0.99,35,0.028285714,41
3040.479402,60,85,0.68,25,0.0272,41
3040.479402,58,87,0.79,29,0.027241379,41
3040.479402,57,88,0.85,31,0.027419355,41
3040.428564,49,79,0.97,30,0.032333333,41
3040.308494,68,76,0.23,8,0.02875,41
3040.272424,51,87,0.98,36,0.027222222,41
3040.095512,62,71,0.26,9,0.028888889,41
3039.954904,64,80,0.43,16,0.026875,41
3039.954904,62,82,0.54,20,0.027,41
3039.954904,60,84,0.65,24,0.027083333,41
3039.848469,68,75,0.19,7,0.027142857,41
3039.715839,54,82,0.83,28,0.029642857,41
3039.715839,53,84,0.91,31,0.029354839,41
3039.715839,52,85,0.97,33,0.029393939,41
3039.470673,56,74,0.55,18,0.030555556,41
3039.378361,57,74,0.51,17,0.03,41
3038.853583,52,84,0.97,32,0.0303125,41
3038.60833,57,88,0.76,31,0.024516129,41
3038.60833,56,89,0.81,33,0.024545455,41
3038.577086,56,78,0.65,22,0.029545455,41
3038.577086,55,79,0.71,24,0.029583333,41
3038.558931,60,87,0.69,27,0.025555556,41
3038.558931,59,88,0.74,29,0.025517241,41
3038.558931,58,90,0.81,32,0.0253125,41
3038.558931,57,91,0.86,34,0.025294118,41
3038.558931,56,92,0.92,36,0.025555556,41
3038.558931,56,93,0.93,37,0.025135135,41
3038.526906,57,91,0.88,34,0.025882353,41
3038.33381,52,84,0.92,32,0.02875,41
3038.321834,51,77,0.84,26,0.032307692,41
3038.043299,52,84,0.96,32,0.03,41
3038.012712,63,70,0.2,7,0.028571429,41
3037.848268,60,87,0.71,27,0.026296296,41
3037.848268,59,89,0.78,30,0.026,41
3037.848268,57,91,0.89,34,0.026176471,41
3037.848268,56,93,0.96,37,0.025945946,41
3037.385664,55,76,0.66,21,0.031428571,41
3037.349611,67,76,0.2,9,0.022222222,41
3037.306787,60,72,0.35,12,0.029166667,41
3037.244571,52,80,0.88,28,0.031428571,41
3037.203956,51,77,0.85,26,0.032692308,41
3037.151167,57,82,0.69,25,0.0276,41
3037.151167,56,83,0.75,27,0.027777778,41
3037.127711,36,55,0.75,19,0.039473684,41
3037.121555,52,86,0.98,34,0.028823529,41
3036.680739,70,73,0.08,3,0.026666667,41
3036.633254,66,76,0.29,10,0.029,41
3036.56088,39,65,0.95,26,0.036538462,41
3036.528636,52,81,0.9,29,0.031034483,41
3036.416927,60,84,0.63,24,0.02625,41
3036.285773,51,84,0.94,33,0.028484848,41
3036.215532,61,84,0.66,23,0.028695652,41
3035.963804,51,56,0.14,5,0.028,41
3035.941998,57,88,0.8,31,0.025806452,41
3035.704202,40,64,0.8,24,0.033333333,41
3035.470112,51,87,0.99,36,0.0275,41
3035.403717,55,87,0.93,32,0.0290625,41
3035.390983,58,88,0.66,30,0.022,41
3035.302927,53,81,0.84,28,0.03,41
3035.12679,57,92,0.88,35,0.025142857,41
3035.012224,61,85,0.64,24,0.026666667,41
3035.012224,58,89,0.82,31,0.026451613,41
3034.800673,58,87,0.78,29,0.026896552,41
3034.800673,56,89,0.89,33,0.026969697,41
3034.142425,66,81,0.34,15,0.022666667,41
3034.07231,58,72,0.42,14,0.03,41
3034.015223,61,86,0.65,25,0.026,41
3033.921807,56,80,0.69,24,0.02875,41
3033.802859,65,78,0.35,13,0.026923077,41
3033.741948,54,78,0.72,24,0.03,41
3033.741948,53,79,0.78,26,0.03,41
3033.422174,57,91,0.87,34,0.025588235,41
3033.422174,55,94,0.99,39,0.025384615,41
3033.143822,59,91,0.68,32,0.02125,41
3032.878353,59,85,0.7,26,0.026923077,41
3032.821679,72,85,0.24,13,0.018461538,41
3032.821168,52,77,0.8,25,0.032,41
3032.55752,61,69,0.25,8,0.03125,41
3032.532229,54,88,0.99,34,0.029117647,41
3032.522879,52,83,0.91,31,0.029354839,41
3032.45064,55,93,0.99,38,0.026052632,41
3032.268119,53,75,0.71,22,0.032272727,41
3031.977292,59,86,0.73,27,0.027037037,41
3031.955871,54,93,0.99,39,0.025384615,41
3031.842045,52,85,0.93,33,0.028181818,41
3031.638237,57,74,0.53,17,0.031176471,41
3031.616895,70,75,0.11,5,0.022,41
3031.616322,67,76,0.26,9,0.028888889,41
3031.616322,65,77,0.35,12,0.029166667,41
3031.616322,63,80,0.49,17,0.028823529,41
3030.919709,50,84,0.99,34,0.029117647,41
3030.756807,52,85,0.92,33,0.027878788,41
3030.430299,50,78,0.9,28,0.032142857,41
3030.326531,56,70,0.5,14,0.035714286,41
3030.138917,62,84,0.58,22,0.026363636,41
3030.101751,56,93,0.94,37,0.025405405,41
3030.098267,55,82,0.74,27,0.027407407,41
3030.098267,54,83,0.8,29,0.027586207,41
3030.068864,57,79,0.61,22,0.027727273,41
3030.068864,53,84,0.86,31,0.027741935,41
3029.949203,39,53,0.51,14,0.036428571,41
3029.663561,56,81,0.74,25,0.0296,41
3029.275582,56,83,0.77,27,0.028518519,41
3029.23429,53,88,0.94,35,0.026857143,41
3029.032242,69,75,0.13,6,0.021666667,41
3028.769127,50,76,0.88,26,0.033846154,41
3028.702927,53,85,0.88,32,0.0275,41
3028.304612,56,89,0.93,33,0.028181818,41
3028.291846,54,86,0.96,32,0.03,41
3027.984265,59,73,0.41,14,0.029285714,41
3027.738933,58,74,0.47,16,0.029375,41
3027.526671,58,75,0.48,17,0.028235294,41
3027.238122,56,93,0.99,37,0.026756757,41
3027.052986,35,54,0.74,19,0.038947368,41
3026.83203,67,78,0.29,11,0.026363636,41
3026.83203,64,82,0.47,18,0.026111111,41
3026.790239,55,85,0.9,30,0.03,41
3026.293253,55,82,0.8,27,0.02962963,41
3026.293253,54,83,0.86,29,0.029655172,41
3026.104946,53,79,0.76,26,0.029230769,41
3026.086429,57,76,0.54,19,0.028421053,41
3025.258405,53,85,0.87,32,0.0271875,41
3025.258405,52,86,0.93,34,0.027352941,41
3024.607549,62,70,0.23,8,0.02875,41
3024.607549,60,71,0.32,11,0.029090909,41
3024.607549,59,72,0.38,13,0.029230769,41
3024.607549,58,73,0.44,15,0.029333333,41
3024.607549,57,74,0.5,17,0.029411765,41
3024.607549,56,75,0.56,19,0.029473684,41
3024.607334,57,75,0.52,18,0.028888889,41
3024.607334,56,76,0.58,20,0.029,41
3024.607334,55,77,0.64,22,0.029090909,41
3024.582624,8,10,0.11,2,0.055,41
3024.56777,57,88,0.9,31,0.029032258,41
3024.553434,40,48,0.32,8,0.04,41
3024.498509,52,81,0.87,29,0.03,41
3024.498509,51,82,0.93,31,0.03,41
3024.498509,50,83,0.99,33,0.03,41
3024.459577,52,83,0.95,31,0.030645161,41
3024.200979,63,81,0.49,18,0.027222222,41
3024.067971,51,85,0.97,34,0.028529412,41
3024.066339,62,84,0.48,22,0.021818182,41
3024.022533,54,83,0.79,29,0.027241379,41
3024.022533,52,86,0.92,34,0.027058824,41
3023.860444,57,89,0.9,32,0.028125,41
3023.765463,56,92,0.99,36,0.0275,41
3023.760068,36,53,0.67,17,0.039411765,41
3023.401596,57,89,0.82,32,0.025625,41
3023.362962,44,59,0.51,15,0.034,41
3023.222354,60,84,0.54,24,0.0225,41
3023.197774,55,78,0.66,23,0.028695652,41
3023.197774,54,79,0.72,25,0.0288,41
3023.131245,59,80,0.59,21,0.028095238,41
3023.075706,64,70,0.17,6,0.028333333,41
3022.936339,50,78,0.92,28,0.032857143,41
3022.93059,60,89,0.63,29,0.021724138,41
3022.93059,58,91,0.72,33,0.021818182,41
3022.93059,57,93,0.78,36,0.021666667,41
3022.747218,59,77,0.51,18,0.028333333,41
3022.743437,58,74,0.46,16,0.02875,41
3022.629838,54,97,0.96,43,0.022325581,41
3022.258604,59,88,0.75,29,0.025862069,41
3022.258604,56,92,0.93,36,0.025833333,41
3022.152768,62,84,0.57,22,0.025909091,41
3022.132126,58,87,0.83,29,0.02862069,41
3022.132126,57,88,0.89,31,0.028709677,41
3022.038443,58,90,0.83,32,0.0259375,41
3022.038443,57,92,0.9,35,0.025714286,41
3021.873376,57,89,0.86,32,0.026875,41
3021.801754,53,78,0.74,25,0.0296,41
3021.801754,52,79,0.8,27,0.02962963,41
3021.417901,70,89,0.34,19,0.017894737,41
3021.371961,58,86,0.76,28,0.027142857,41
3020.933972,61,72,0.32,11,0.029090909,41
3020.933972,59,75,0.46,16,0.02875,41
3020.926887,73,86,0.23,13,0.017692308,41
3020.880301,52,87,0.94,35,0.026857143,41
3020.807553,35,54,0.75,19,0.039473684,41
3020.40178,55,76,0.62,21,0.02952381,41
3020.206658,53,79,0.81,26,0.031153846,41
3019.945085,68,91,0.42,23,0.01826087,41
3019.896917,58,86,0.8,28,0.028571429,41
3019.896917,57,87,0.86,30,0.028666667,41
3019.428896,54,80,0.75,26,0.028846154,41
3019.428896,53,81,0.81,28,0.028928571,41
3019.315471,53,69,0.57,16,0.035625,41
3018.807982,51,75,0.81,24,0.03375,41
3018.803861,55,85,0.82,30,0.027333333,41
3018.502352,70,91,0.37,21,0.017619048,41
3017.685638,57,70,0.42,13,0.032307692,41
3017.685638,55,72,0.55,17,0.032352941,41
3017.47568,58,81,0.65,23,0.02826087,41
3017.47568,57,82,0.71,25,0.0284,41
3017.271579,43,60,0.58,17,0.034117647,41
3017.076291,60,84,0.7,24,0.029166667,41
3017.020492,62,83,0.56,21,0.026666667,41
3016.731484,57,77,0.59,20,0.0295,41
3016.67643,52,76,0.78,24,0.0325,41
3016.117175,44,61,0.53,17,0.031176471,41
3015.944728,52,83,0.88,31,0.028387097,41
3015.897605,6,12,0.33,6,0.055,41
3015.741182,59,88,0.77,29,0.026551724,41
3015.741182,58,90,0.84,32,0.02625,41
3015.741182,57,91,0.9,34,0.026470588,41
3015.741182,56,92,0.95,36,0.026388889,41
3015.537678,57,89,0.91,32,0.0284375,41
3015.537678,56,90,0.97,34,0.028529412,41
3015.320474,58,91,0.75,33,0.022727273,41
3015.09924,64,71,0.2,7,0.028571429,41
3014.982523,61,76,0.42,15,0.028,41
3014.951063,72,89,0.3,17,0.017647059,41
3014.768018,53,74,0.69,21,0.032857143,41
3014.760017,60,75,0.43,15,0.028666667,41
3014.562316,61,72,0.31,11,0.028181818,41
3013.989868,57,71,0.49,14,0.035,41
3013.725905,70,71,0.03,1,0.03,41
3013.621919,69,75,0.16,6,0.026666667,41
3013.621919,61,84,0.61,23,0.026521739,41
3013.49111,56,76,0.62,20,0.031,41
3013.399106,52,81,0.84,29,0.028965517,41
3013.368833,59,83,0.64,24,0.026666667,41
3013.128044,56,78,0.62,22,0.028181818,41
3012.868122,66,71,0.14,5,0.028,41
3012.676961,39,65,0.88,26,0.033846154,41
3012.603763,41,50,0.34,9,0.037777778,41
3012.255122,56,84,0.77,28,0.0275,41
3011.872355,46,58,0.38,12,0.031666667,41
3011.846526,68,77,0.19,9,0.021111111,41
3011.795025,55,90,0.94,35,0.026857143,41
3011.791073,60,85,0.71,25,0.0284,41
3011.680208,56,79,0.66,23,0.028695652,41
3011.680208,55,80,0.72,25,0.0288,41
3011.680208,54,81,0.78,27,0.028888889,41
3011.121817,50,82,0.98,32,0.030625,41
3011.07771,60,87,0.7,27,0.025925926,41
3010.990074,62,76,0.4,14,0.028571429,41
3010.972253,63,83,0.52,20,0.026,41
3010.927993,57,75,0.53,18,0.029444444,41
3010.769606,60,74,0.4,14,0.028571429,41
3010.492522,58,87,0.84,29,0.028965517,41
3010.433962,64,82,0.39,18,0.021666667,41
3010.156355,56,90,0.87,34,0.025588235,41
3010.156355,55,91,0.92,36,0.025555556,41
3010.127139,62,82,0.52,20,0.026,41
3010.127139,59,86,0.7,27,0.025925926,41
3010.127139,58,87,0.75,29,0.025862069,41
3010.072361,45,59,0.47,14,0.033571429,41
3009.819419,51,83,0.94,32,0.029375,41
3009.4049,74,84,0.18,10,0.018,41
3009.358661,55,95,0.9,40,0.0225,41
3009.144941,62,76,0.38,14,0.027142857,41
3009.050101,61,78,0.47,17,0.027647059,41
3008.884049,61,88,0.6,27,0.022222222,41
3008.278827,63,76,0.35,13,0.026923077,41
3008.278827,61,78,0.46,17,0.027058824,41
3008.278827,59,80,0.57,21,0.027142857,41
3008.18215,49,54,0.17,5,0.034,41
3008.097797,53,83,0.87,30,0.029,41
3008.028919,50,79,0.94,29,0.032413793,41
3007.872598,58,76,0.52,18,0.028888889,41
3007.692821,51,82,0.97,31,0.031290323,41
3007.587495,56,88,0.92,32,0.02875,41
3007.5556,56,94,0.85,38,0.022368421,41
3007.519419,59,74,0.42,15,0.028,41
3006.531127,64,79,0.33,15,0.022,41
3006.475475,60,85,0.67,25,0.0268,41
3005.796611,53,82,0.82,29,0.028275862,41
3005.754526,54,73,0.62,19,0.032631579,41
3005.691396,61,84,0.62,23,0.026956522,41
3005.678336,70,75,0.13,5,0.026,41
3005.631159,57,73,0.48,16,0.03,41
3005.557284,52,86,0.94,34,0.027647059,41
3005.440987,57,92,0.89,35,0.025428571,41
3005.440987,56,94,0.96,38,0.025263158,41
3005.316934,66,75,0.27,9,0.03,41
3005.316934,65,76,0.33,11,0.03,41
3005.229311,60,88,0.64,28,0.022857143,41
3004.968701,59,86,0.78,27,0.028888889,41
3004.902057,55,81,0.78,26,0.03,41
3004.680504,52,80,0.81,28,0.028928571,41
3004.65984,54,78,0.7,24,0.029166667,41
3004.44713,57,88,0.83,31,0.026774194,41
3004.051967,56,85,0.77,29,0.026551724,41
3003.965637,6,12,0.34,6,0.056666667,41
3003.889746,60,85,0.72,25,0.0288,41
3003.698728,43,61,0.61,18,0.033888889,41
3003.455103,56,72,0.56,16,0.035,41
3003.455103,55,73,0.63,18,0.035,41
3003.397286,51,81,0.92,30,0.030666667,41
3003.25928,53,80,0.78,27,0.028888889,41
3003.052851,57,83,0.71,26,0.027307692,41
3003.012547,57,77,0.57,20,0.0285,41
3002.711759,50,82,0.99,32,0.0309375,41
3002.613519,40,51,0.42,11,0.038181818,41
3002.495921,58,93,0.75,35,0.021428571,41
3002.451337,66,77,0.24,11,0.021818182,41
3002.01953,52,84,0.94,32,0.029375,41
3001.994392,52,83,0.9,31,0.029032258,41
3001.994178,51,84,0.96,33,0.029090909,41
3001.825491,41,64,0.76,23,0.033043478,41
3001.81711,48,55,0.24,7,0.034285714,41
3001.376201,57,89,0.85,32,0.0265625,41
3001.081626,58,70,0.42,12,0.035,41
3001.047294,60,87,0.58,27,0.021481481,41
3001.047052,51,83,0.95,32,0.0296875,41
3000.481135,54,77,0.68,23,0.029565217,41
3000.481135,52,80,0.82,28,0.029285714,41
3000.481135,51,81,0.88,30,0.029333333,41
3000.112958,64,80,0.36,16,0.0225,41
