% profit,ema1,ema2,threshold,diff,thresh / diff,ID
4153.710246,40,52,0.44,12,0.036666667,18
4130.525096,43,49,0.22,6,0.036666667,18
4055.959405,39,53,0.52,14,0.037142857,18
4046.583275,35,52,0.66,17,0.038823529,18
4008.310662,38,49,0.42,11,0.038181818,18
3966.93697,37,50,0.5,13,0.038461538,18
3961.027836,42,51,0.32,9,0.035555556,18
3957.45672,34,53,0.75,19,0.039473684,18
3940.817013,35,52,0.67,17,0.039411765,18
3910.66358,42,50,0.29,8,0.03625,18
3887.281663,41,51,0.37,10,0.037,18
3880.749531,34,53,0.74,19,0.038947368,18
3868.404379,37,56,0.69,19,0.036315789,18
3866.698756,38,49,0.43,11,0.039090909,18
3866.698756,37,50,0.51,13,0.039230769,18
3866.698756,36,51,0.59,15,0.039333333,18
3849.713407,36,51,0.57,15,0.038,18
3847.174399,36,51,0.58,15,0.038666667,18
3844.363062,40,52,0.45,12,0.0375,18
3838.736406,36,57,0.77,21,0.036666667,18
3838.29479,38,55,0.61,17,0.035882353,18
3820.796993,33,54,0.83,21,0.03952381,18
3815.188128,33,54,0.82,21,0.039047619,18
3788.400392,38,54,0.6,16,0.0375,18
3781.141251,42,52,0.33,10,0.033,18
3777.958462,39,48,0.34,9,0.037777778,18
3777.773893,41,46,0.19,5,0.038,18
3774.696573,37,55,0.68,18,0.037777778,18
3770.188953,35,53,0.68,18,0.037777778,18
3763.24643,35,52,0.65,17,0.038235294,18
3759.821491,34,53,0.73,19,0.038421053,18
3755.902797,42,52,0.37,10,0.037,18
3755.698502,32,56,0.94,24,0.039166667,18
3755.402182,35,53,0.69,18,0.038333333,18
3755.184844,36,52,0.6,16,0.0375,18
3753.607493,43,50,0.26,7,0.037142857,18
3741.663996,32,56,0.93,24,0.03875,18
3735.296649,37,50,0.49,13,0.037692308,18
3731.571092,41,53,0.44,12,0.036666667,18
3729.971043,38,49,0.41,11,0.037272727,18
3724.573916,40,47,0.26,7,0.037142857,18
3722.535567,34,61,0.94,27,0.034814815,18
3720.174426,40,47,0.27,7,0.038571429,18
3716.71235,40,54,0.52,14,0.037142857,18
3713.631494,32,55,0.9,23,0.039130435,18
3711.040678,37,51,0.52,14,0.037142857,18
3708.856988,35,59,0.86,24,0.035833333,18
3708.788559,39,54,0.54,15,0.036,18
3708.643621,31,57,0.97,26,0.037307692,18
3704.367678,42,49,0.27,7,0.038571429,18
3692.143311,34,54,0.78,20,0.039,18
3690.25239,38,50,0.44,12,0.036666667,18
3685.591285,36,58,0.78,22,0.035454545,18
3680.634792,34,54,0.77,20,0.0385,18
3680.123846,33,55,0.83,22,0.037727273,18
3677.680744,34,60,0.94,26,0.036153846,18
3673.116468,39,48,0.35,9,0.038888889,18
3672.244299,35,59,0.87,24,0.03625,18
3672.133184,34,53,0.76,19,0.04,18
3671.792004,34,54,0.73,20,0.0365,18
3664.86283,41,52,0.4,11,0.036363636,18
3663.132548,37,51,0.53,14,0.037857143,18
3660.838045,37,51,0.51,14,0.036428571,18
3658.580655,43,48,0.19,5,0.038,18
3658.562999,33,55,0.81,22,0.036818182,18
3654.686087,36,52,0.59,16,0.036875,18
3652.319129,37,49,0.49,12,0.040833333,18
3647.706533,36,52,0.61,16,0.038125,18
3647.176443,41,50,0.36,9,0.04,18
3647.011336,32,56,0.9,24,0.0375,18
3645.24102,33,56,0.87,23,0.037826087,18
3645.225928,33,55,0.82,22,0.037272727,18
3641.095453,39,76,0.99,37,0.026756757,18
3639.575433,40,53,0.46,13,0.035384615,18
3639.25314,35,53,0.67,18,0.037222222,18
3639.10545,32,57,0.95,25,0.038,18
3638.419969,40,53,0.47,13,0.036153846,18
3635.152074,34,55,0.79,21,0.037619048,18
3631.049242,33,55,0.85,22,0.038636364,18
3629.165718,32,55,0.91,23,0.039565217,18
3627.175266,42,45,0.11,3,0.036666667,18
3626.100462,32,56,0.91,24,0.037916667,18
3624.945584,37,56,0.7,19,0.036842105,18
3623.870614,36,50,0.58,14,0.041428571,18
3623.762591,33,55,0.86,22,0.039090909,18
3622.272635,38,54,0.59,16,0.036875,18
3621.950643,43,51,0.29,8,0.03625,18
3617.405786,36,50,0.57,14,0.040714286,18
3610.204073,49,63,0.46,14,0.032857143,18
3609.71382,37,49,0.48,12,0.04,18
3608.05607,47,66,0.61,19,0.032105263,18
3606.21507,40,48,0.29,8,0.03625,18
3605.301838,36,56,0.75,20,0.0375,18
3604.757656,31,56,0.99,25,0.0396,18
3600.824056,36,56,0.74,20,0.037,18
3600.049357,46,67,0.68,21,0.032380952,18
3598.007876,39,47,0.31,8,0.03875,18
3596.008544,44,49,0.17,5,0.034,18
3595.247153,39,52,0.48,13,0.036923077,18
3594.689478,37,52,0.53,15,0.035333333,18
3593.253787,38,48,0.4,10,0.04,18
3591.347772,41,50,0.33,9,0.036666667,18
3591.244206,40,51,0.44,11,0.04,18
3590.626824,39,53,0.51,14,0.036428571,18
3588.315796,33,56,0.79,23,0.034347826,18
3586.908514,36,57,0.78,21,0.037142857,18
3584.3897,33,55,0.84,22,0.038181818,18
3583.871439,32,56,0.89,24,0.037083333,18
3583.037075,43,70,0.89,27,0.032962963,18
3580.656052,44,48,0.15,4,0.0375,18
3580.656052,42,50,0.3,8,0.0375,18
3579.390103,40,50,0.38,10,0.038,18
3572.402493,34,61,0.96,27,0.035555556,18
3568.72605,34,54,0.76,20,0.038,18
3567.838203,72,74,0.04,2,0.02,18
3566.182083,37,55,0.66,18,0.036666667,18
3566.002367,38,53,0.57,15,0.038,18
3565.216538,35,59,0.88,24,0.036666667,18
3564.675663,38,53,0.56,15,0.037333333,18
3562.031214,35,53,0.66,18,0.036666667,18
3557.427333,71,75,0.08,4,0.02,18
3557.427333,70,76,0.12,6,0.02,18
3556.463176,43,50,0.24,7,0.034285714,18
3556.1633,31,57,0.98,26,0.037692308,18
3550.236218,31,57,0.99,26,0.038076923,18
3550.133464,42,51,0.31,9,0.034444444,18
3547.838854,39,52,0.49,13,0.037692308,18
3546.806476,36,58,0.8,22,0.036363636,18
3544.283495,37,55,0.67,18,0.037222222,18
3543.841658,41,53,0.4,12,0.033333333,18
3542.110619,42,72,0.98,30,0.032666667,18
3541.094718,34,54,0.75,20,0.0375,18
3541.064454,32,56,0.92,24,0.038333333,18
3540.91894,34,60,0.96,26,0.036923077,18
3539.517329,43,50,0.25,7,0.035714286,18
3538.78163,37,57,0.72,20,0.036,18
3536.849068,35,58,0.87,23,0.037826087,18
3534.597599,44,47,0.11,3,0.036666667,18
3532.520637,40,51,0.41,11,0.037272727,18
3531.922393,35,57,0.81,22,0.036818182,18
3530.711172,39,58,0.67,19,0.035263158,18
3530.61628,33,54,0.81,21,0.038571429,18
3530.572931,39,55,0.54,16,0.03375,18
3529.999888,36,57,0.79,21,0.037619048,18
3528.80019,62,85,0.46,23,0.02,18
3525.97739,38,55,0.62,17,0.036470588,18
3524.572006,42,72,0.81,30,0.027,18
3524.100933,38,47,0.38,9,0.042222222,18
3524.022601,41,53,0.43,12,0.035833333,18
3523.835302,61,70,0.29,9,0.032222222,18
3523.835302,57,74,0.55,17,0.032352941,18
3522.382834,35,57,0.83,22,0.037727273,18
3519.467508,36,52,0.58,16,0.03625,18
3518.743461,40,57,0.6,17,0.035294118,18
3517.551314,34,52,0.75,18,0.041666667,18
3517.162546,38,57,0.63,19,0.033157895,18
3513.16732,44,49,0.18,5,0.036,18
3513.131377,39,49,0.36,10,0.036,18
3512.070958,44,69,0.82,25,0.0328,18
3509.147146,38,48,0.41,10,0.041,18
3509.100225,34,58,0.91,24,0.037916667,18
3508.612492,39,54,0.53,15,0.035333333,18
3506.203058,48,64,0.53,16,0.033125,18
3503.916636,40,54,0.47,14,0.033571429,18
3503.448294,40,55,0.49,15,0.032666667,18
3503.423077,55,76,0.68,21,0.032380952,18
3501.847718,41,51,0.36,10,0.036,18
3500.327585,43,47,0.15,4,0.0375,18
3500.017591,37,54,0.64,17,0.037647059,18
3499.341381,39,54,0.55,15,0.036666667,18
3498.405189,42,47,0.21,5,0.042,18
3498.106976,44,50,0.2,6,0.033333333,18
3497.528959,36,56,0.73,20,0.0365,18
3497.02256,34,60,0.97,26,0.037307692,18
3496.899794,63,67,0.13,4,0.0325,18
3495.818885,40,50,0.41,10,0.041,18
3492.746958,33,54,0.84,21,0.04,18
3492.356698,37,58,0.7,21,0.033333333,18
3492.211621,63,69,0.19,6,0.031666667,18
3492.08832,38,53,0.61,15,0.040666667,18
3491.827905,47,65,0.6,18,0.033333333,18
3490.380115,32,57,0.91,25,0.0364,18
3487.653034,59,72,0.42,13,0.032307692,18
3487.653034,56,76,0.64,20,0.032,18
3486.938821,58,73,0.48,15,0.032,18
3486.787611,39,51,0.49,12,0.040833333,18
3485.270487,42,44,0.08,2,0.04,18
3485.270487,41,45,0.16,4,0.04,18
3484.445191,35,51,0.66,16,0.04125,18
3484.334398,39,51,0.46,12,0.038333333,18
3483.045644,35,60,0.9,25,0.036,18
3482.054826,34,59,0.9,25,0.036,18
3481.482416,36,51,0.6,15,0.04,18
3481.14917,54,73,0.65,19,0.034210526,18
3480.993734,38,54,0.58,16,0.03625,18
3479.153132,37,54,0.63,17,0.037058824,18
3479.148013,38,57,0.68,19,0.035789474,18
3477.944102,40,51,0.42,11,0.038181818,18
3477.584691,34,54,0.74,20,0.037,18
3476.639291,63,68,0.16,5,0.032,18
3476.639291,61,69,0.26,8,0.0325,18
3476.639291,59,71,0.39,12,0.0325,18
3473.821799,35,57,0.82,22,0.037272727,18
3471.293093,42,49,0.26,7,0.037142857,18
3470.628067,39,55,0.57,16,0.035625,18
3470.127685,37,55,0.65,18,0.036111111,18
3470.094665,62,71,0.28,9,0.031111111,18
3469.95374,33,60,0.98,27,0.036296296,18
3469.563162,33,54,0.85,21,0.04047619,18
3469.151801,34,58,0.89,24,0.037083333,18
3468.566558,40,46,0.24,6,0.04,18
3467.728907,41,52,0.38,11,0.034545455,18
3467.693538,38,56,0.64,18,0.035555556,18
3467.39355,68,75,0.18,7,0.025714286,18
3467.005497,40,46,0.23,6,0.038333333,18
3466.265487,53,58,0.14,5,0.028,18
3466.206968,35,58,0.84,23,0.036521739,18
3466.136774,41,56,0.52,15,0.034666667,18
3465.556451,69,77,0.16,8,0.02,18
3465.556451,68,78,0.2,10,0.02,18
3465.200621,44,52,0.28,8,0.035,18
3465.200621,43,53,0.35,10,0.035,18
3465.001053,61,83,0.56,22,0.025454545,18
3464.858684,40,51,0.43,11,0.039090909,18
3464.693252,63,81,0.46,18,0.025555556,18
3464.693252,62,82,0.51,20,0.0255,18
3464.540759,39,52,0.5,13,0.038461538,18
3463.886007,39,49,0.37,10,0.037,18
3463.46868,35,52,0.68,17,0.04,18
3462.51686,37,57,0.7,20,0.035,18
3462.302566,57,89,0.8,32,0.025,18
3461.446757,43,52,0.32,9,0.035555556,18
3461.446757,42,53,0.39,11,0.035454545,18
3461.280108,40,54,0.5,14,0.035714286,18
3460.987436,35,54,0.7,19,0.036842105,18
3460.564866,36,55,0.72,19,0.037894737,18
3460.318433,39,53,0.5,14,0.035714286,18
3459.074841,36,53,0.62,17,0.036470588,18
3458.985928,37,57,0.71,20,0.0355,18
3458.983889,36,58,0.77,22,0.035,18
3458.193077,61,84,0.58,23,0.025217391,18
3455.728532,40,45,0.21,5,0.042,18
3455.335768,35,58,0.82,23,0.035652174,18
3454.716191,41,50,0.35,9,0.038888889,18
3454.28278,57,88,0.79,31,0.025483871,18
3453.38293,57,76,0.6,19,0.031578947,18
3453.044276,36,60,0.78,24,0.0325,18
3450.894371,37,56,0.63,19,0.033157895,18
3450.488791,34,60,0.95,26,0.036538462,18
3449.584428,40,51,0.4,11,0.036363636,18
3448.265091,40,52,0.43,12,0.035833333,18
3448.233758,38,55,0.63,17,0.037058824,18
3448.007063,34,55,0.78,21,0.037142857,18
3447.296915,35,53,0.7,18,0.038888889,18
3447.116162,44,46,0.08,2,0.04,18
3447.116162,43,47,0.16,4,0.04,18
3447.116162,42,48,0.24,6,0.04,18
3446.819122,36,50,0.56,14,0.04,18
3445.468525,33,60,0.99,27,0.036666667,18
3445.044044,35,60,0.88,25,0.0352,18
3444.970264,35,58,0.86,23,0.037391304,18
3444.611216,34,58,0.9,24,0.0375,18
3444.081164,38,53,0.55,15,0.036666667,18
3443.31021,39,52,0.53,13,0.040769231,18
3443.179752,55,78,0.73,23,0.03173913,18
3442.392179,39,52,0.47,13,0.036153846,18
3439.780669,32,57,0.98,25,0.0392,18
3439.649335,56,74,0.59,18,0.032777778,18
3439.504839,34,60,0.98,26,0.037692308,18
3439.177259,46,50,0.14,4,0.035,18
3439.177259,45,51,0.21,6,0.035,18
3439.17646,34,62,0.99,28,0.035357143,18
3437.61786,31,58,0.99,27,0.036666667,18
3436.88397,42,55,0.45,13,0.034615385,18
3436.531545,38,57,0.62,19,0.032631579,18
3436.37882,56,91,0.87,35,0.024857143,18
3435.881693,32,57,0.94,25,0.0376,18
3434.812761,41,49,0.33,8,0.04125,18
3434.809266,36,59,0.83,23,0.036086957,18
3434.041212,35,58,0.83,23,0.036086957,18
3433.572644,39,56,0.61,17,0.035882353,18
3433.404046,39,52,0.51,13,0.039230769,18
3433.302071,32,54,0.93,22,0.042272727,18
3431.256645,42,51,0.34,9,0.037777778,18
3431.179904,42,52,0.36,10,0.036,18
3430.620067,36,56,0.72,20,0.036,18
3430.549751,54,77,0.75,23,0.032608696,18
3430.549751,53,79,0.84,26,0.032307692,18
3429.870514,58,71,0.43,13,0.033076923,18
3429.322337,43,72,0.92,29,0.031724138,18
3429.030731,60,72,0.38,12,0.031666667,18
3427.881227,43,51,0.27,8,0.03375,18
3427.780928,64,81,0.43,17,0.025294118,18
3427.126024,58,86,0.72,28,0.025714286,18
3424.462674,42,52,0.34,10,0.034,18
3424.462674,41,53,0.41,12,0.034166667,18
3424.068517,42,54,0.43,12,0.035833333,18
3423.738461,37,64,0.91,27,0.033703704,18
3423.532526,40,54,0.48,14,0.034285714,18
3423.532526,39,55,0.55,16,0.034375,18
3423.285863,35,51,0.67,16,0.041875,18
3422.709289,39,46,0.29,7,0.041428571,18
3422.585885,36,53,0.61,17,0.035882353,18
3422.168996,41,49,0.3,8,0.0375,18
3421.684659,37,48,0.47,11,0.042727273,18
3421.404237,33,59,0.99,26,0.038076923,18
3420.556867,40,48,0.3,8,0.0375,18
3420.538271,59,74,0.47,15,0.031333333,18
3419.984323,62,81,0.49,19,0.025789474,18
3419.463011,53,77,0.79,24,0.032916667,18
3418.887395,47,49,0.07,2,0.035,18
3418.403188,57,73,0.52,16,0.0325,18
3416.79943,59,70,0.36,11,0.032727273,18
3416.788438,38,56,0.65,18,0.036111111,18
3416.463021,45,48,0.1,3,0.033333333,18
3415.744311,45,71,0.69,26,0.026538462,18
3415.612223,33,56,0.89,23,0.038695652,18
3414.803912,56,75,0.62,19,0.032631579,18
3414.419333,36,58,0.79,22,0.035909091,18
3413.675703,37,58,0.74,21,0.035238095,18
3413.390604,64,82,0.36,18,0.02,18
3412.921256,36,56,0.76,20,0.038,18
3412.903479,36,57,0.76,21,0.036190476,18
3412.34465,32,55,0.95,23,0.041304348,18
3412.252451,58,72,0.46,14,0.032857143,18
3411.929787,41,55,0.49,14,0.035,18
3411.384083,32,58,0.93,26,0.035769231,18
3411.25701,36,57,0.75,21,0.035714286,18
3409.998838,41,49,0.32,8,0.04,18
3409.820232,35,61,0.91,26,0.035,18
3409.785708,37,56,0.68,19,0.035789474,18
3409.66898,44,51,0.25,7,0.035714286,18
3409.438117,53,78,0.82,25,0.0328,18
3409.203616,41,47,0.22,6,0.036666667,18
3408.907979,42,54,0.42,12,0.035,18
3408.14968,34,61,0.97,27,0.035925926,18
3407.775255,40,50,0.4,10,0.04,18
3406.224003,55,77,0.71,22,0.032272727,18
3404.829962,32,58,0.98,26,0.037692308,18
3404.508735,41,55,0.51,14,0.036428571,18
3403.515417,32,55,0.94,23,0.040869565,18
3403.219711,33,57,0.85,24,0.035416667,18
3402.929574,58,73,0.49,15,0.032666667,18
3402.452287,39,55,0.59,16,0.036875,18
3402.444368,37,60,0.83,23,0.036086957,18
3402.361125,40,75,0.94,35,0.026857143,18
3402.142752,38,53,0.59,15,0.039333333,18
3401.257134,39,47,0.32,8,0.04,18
3401.23078,38,56,0.67,18,0.037222222,18
3400.78919,55,74,0.63,19,0.033157895,18
3400.220157,37,59,0.71,22,0.032272727,18
3399.952436,45,46,0.04,1,0.04,18
3399.952436,44,47,0.12,3,0.04,18
3399.952436,43,48,0.2,5,0.04,18
3399.952436,42,49,0.28,7,0.04,18
3399.464615,37,57,0.74,20,0.037,18
3399.023089,56,89,0.84,33,0.025454545,18
3398.325676,44,49,0.19,5,0.038,18
3398.040099,57,72,0.5,15,0.033333333,18
3397.935293,48,62,0.47,14,0.033571429,18
3397.84689,59,86,0.69,27,0.025555556,18
3397.493901,56,77,0.67,21,0.031904762,18
3395.495335,36,60,0.84,24,0.035,18
3395.259053,41,50,0.34,9,0.037777778,18
3395.101342,38,56,0.62,18,0.034444444,18
3394.343795,60,68,0.27,8,0.03375,18
3394.307822,39,53,0.47,14,0.033571429,18
3394.216166,45,49,0.13,4,0.0325,18
3393.868606,52,80,0.91,28,0.0325,18
3393.205403,34,52,0.74,18,0.041111111,18
3392.531042,36,60,0.86,24,0.035833333,18
3392.148142,43,71,0.91,28,0.0325,18
3392.025936,61,80,0.5,19,0.026315789,18
3391.468608,57,89,0.81,32,0.0253125,18
3391.455579,56,70,0.48,14,0.034285714,18
3391.455579,55,71,0.55,16,0.034375,18
3390.838383,38,56,0.66,18,0.036666667,18
3390.764472,65,79,0.36,14,0.025714286,18
3389.998947,55,91,0.91,36,0.025277778,18
3389.998947,55,92,0.92,37,0.024864865,18
3389.584606,46,67,0.69,21,0.032857143,18
3389.308206,36,55,0.71,19,0.037368421,18
3389.301657,35,61,0.92,26,0.035384615,18
3388.226969,35,60,0.89,25,0.0356,18
3388.184542,44,50,0.22,6,0.036666667,18
3387.983266,35,54,0.68,19,0.035789474,18
3387.909974,63,80,0.44,17,0.025882353,18
3387.061777,37,58,0.77,21,0.036666667,18
3385.570783,60,84,0.61,24,0.025416667,18
3385.4691,58,68,0.34,10,0.034,18
3385.029401,37,56,0.71,19,0.037368421,18
3384.92062,38,54,0.61,16,0.038125,18
3384.872357,39,53,0.53,14,0.037857143,18
3384.401528,34,55,0.76,21,0.036190476,18
3384.212822,51,81,0.98,30,0.032666667,18
3382.97787,34,59,0.92,25,0.0368,18
3382.887985,65,81,0.32,16,0.02,18
3382.064996,54,78,0.78,24,0.0325,18
3382.015515,61,68,0.23,7,0.032857143,18
3381.593982,39,59,0.7,20,0.035,18
3381.593982,38,60,0.77,22,0.035,18
3380.552944,41,54,0.47,13,0.036153846,18
3380.324012,58,74,0.51,16,0.031875,18
3380.190349,35,51,0.68,16,0.0425,18
3380.026386,34,61,0.99,27,0.036666667,18
3379.837096,52,78,0.86,26,0.033076923,18
3379.837096,51,79,0.93,28,0.033214286,18
3379.449434,41,52,0.41,11,0.037272727,18
3379.123675,65,78,0.34,13,0.026153846,18
3379.123675,62,82,0.52,20,0.026,18
3379.123675,61,83,0.57,22,0.025909091,18
3378.426135,38,59,0.76,21,0.036190476,18
3378.325194,38,50,0.45,12,0.0375,18
3376.893826,37,58,0.75,21,0.035714286,18
3375.570146,41,52,0.39,11,0.035454545,18
3375.536225,56,72,0.54,16,0.03375,18
3375.237865,40,53,0.48,13,0.036923077,18
3375.05557,37,59,0.78,22,0.035454545,18
3374.744993,51,61,0.33,10,0.033,18
3372.708766,41,55,0.5,14,0.035714286,18
3372.708766,40,56,0.57,16,0.035625,18
3371.962879,66,77,0.29,11,0.026363636,18
3371.584825,60,69,0.3,9,0.033333333,18
3371.584825,54,76,0.73,22,0.033181818,18
3371.527713,37,58,0.76,21,0.036190476,18
3371.442379,33,56,0.88,23,0.03826087,18
3371.156278,32,58,0.94,26,0.036153846,18
3371.024945,68,74,0.16,6,0.026666667,18
3370.908749,33,56,0.84,23,0.036521739,18
3370.418999,38,59,0.75,21,0.035714286,18
3370.340353,63,82,0.48,19,0.025263158,18
3370.340353,62,83,0.53,21,0.025238095,18
3370.191324,33,53,0.84,20,0.042,18
3369.770715,40,74,0.92,34,0.027058824,18
3369.632762,42,51,0.33,9,0.036666667,18
3368.688773,34,58,0.88,24,0.036666667,18
3368.069355,40,53,0.5,13,0.038461538,18
3367.24493,35,57,0.8,22,0.036363636,18
3366.823165,40,57,0.59,17,0.034705882,18
3366.496648,57,71,0.47,14,0.033571429,18
3365.876193,63,70,0.22,7,0.031428571,18
3365.833854,34,61,0.98,27,0.036296296,18
3365.8336,43,49,0.23,6,0.038333333,18
3365.391839,60,82,0.57,22,0.025909091,18
3364.381105,58,75,0.54,17,0.031764706,18
3363.785158,55,73,0.61,18,0.033888889,18
3363.48981,60,71,0.36,11,0.032727273,18
3363.399723,38,48,0.39,10,0.039,18
3363.110417,55,75,0.66,20,0.033,18
3362.781125,45,68,0.76,23,0.033043478,18
3362.137972,36,59,0.82,23,0.035652174,18
3361.85773,57,87,0.77,30,0.025666667,18
3361.791004,43,71,0.92,28,0.032857143,18
3361.366517,54,79,0.8,25,0.032,18
3361.002133,33,54,0.86,21,0.040952381,18
3360.576336,58,70,0.4,12,0.033333333,18
3360.575537,43,52,0.33,9,0.036666667,18
3360.307412,38,63,0.84,25,0.0336,18
3358.985921,59,85,0.66,26,0.025384615,18
3358.375775,33,59,0.98,26,0.037692308,18
3358.302054,32,57,0.93,25,0.0372,18
3358.181538,39,56,0.62,17,0.036470588,18
3357.942914,41,53,0.45,12,0.0375,18
3357.886337,41,52,0.42,11,0.038181818,18
3357.730781,45,48,0.11,3,0.036666667,18
3357.528049,41,51,0.34,10,0.034,18
3357.475223,40,52,0.41,12,0.034166667,18
3357.418819,34,59,0.91,25,0.0364,18
3356.594366,38,51,0.46,13,0.035384615,18
3356.367681,56,90,0.85,34,0.025,18
3356.003035,43,53,0.36,10,0.036,18
3355.959335,53,76,0.77,23,0.033478261,18
3355.959335,52,77,0.84,25,0.0336,18
3355.924282,60,73,0.41,13,0.031538462,18
3355.137524,67,79,0.24,12,0.02,18
3355.137524,66,80,0.28,14,0.02,18
3354.848183,66,76,0.26,10,0.026,18
3354.848183,61,82,0.54,21,0.025714286,18
3353.917983,57,73,0.53,16,0.033125,18
3353.917983,55,76,0.69,21,0.032857143,18
3353.917983,52,79,0.89,27,0.032962963,18
3353.331859,56,73,0.56,17,0.032941176,18
3352.625991,35,60,0.91,25,0.0364,18
3352.091595,34,60,0.86,26,0.033076923,18
3351.914752,59,69,0.33,10,0.033,18
3351.85987,36,55,0.76,19,0.04,18
3351.463373,52,80,0.92,28,0.032857143,18
3351.419884,39,55,0.58,16,0.03625,18
3351.397593,55,90,0.9,35,0.025714286,18
3351.241365,38,57,0.69,19,0.036315789,18
3351.199643,36,59,0.81,23,0.035217391,18
3351.105394,42,50,0.31,8,0.03875,18
3350.80918,59,73,0.45,14,0.032142857,18
3349.679695,54,75,0.7,21,0.033333333,18
3349.351349,33,56,0.83,23,0.036086957,18
3349.152358,53,77,0.8,24,0.033333333,18
3349.148954,59,71,0.4,12,0.033333333,18
3349.148954,56,74,0.6,18,0.033333333,18
3349.148954,51,80,0.96,29,0.033103448,18
3349.091162,45,68,0.75,23,0.032608696,18
3348.8852,61,67,0.2,6,0.033333333,18
3348.349853,42,46,0.15,4,0.0375,18
3347.993836,36,59,0.85,23,0.036956522,18
3347.823318,41,58,0.58,17,0.034117647,18
3347.44955,44,69,0.83,25,0.0332,18
3347.288153,53,79,0.85,26,0.032692308,18
3347.280678,33,57,0.86,24,0.035833333,18
3347.028461,45,69,0.61,24,0.025416667,18
3346.661148,57,75,0.58,18,0.032222222,18
3346.477217,39,75,0.97,36,0.026944444,18
3346.225925,57,69,0.41,12,0.034166667,18
3346.136549,37,58,0.78,21,0.037142857,18
3346.113736,33,55,0.8,22,0.036363636,18
3346.024332,63,80,0.45,17,0.026470588,18
3346.002525,39,49,0.38,10,0.038,18
3345.774414,33,56,0.86,23,0.037391304,18
3345.229175,39,60,0.73,21,0.034761905,18
3345.178952,34,61,0.95,27,0.035185185,18
3345.169614,38,54,0.56,16,0.035,18
3343.50023,64,79,0.39,15,0.026,18
3342.879898,39,54,0.56,15,0.037333333,18
3342.836546,39,58,0.68,19,0.035789474,18
3342.528279,56,75,0.63,19,0.033157895,18
3342.528279,53,78,0.83,25,0.0332,18
3342.166472,33,53,0.83,20,0.0415,18
3340.091431,52,78,0.87,26,0.033461538,18
3340.088035,55,75,0.67,20,0.0335,18
3339.3,40,73,0.9,33,0.027272727,18
3338.601268,41,51,0.38,10,0.038,18
3338.449501,42,72,0.99,30,0.033,18
3338.438464,42,55,0.46,13,0.035384615,18
3338.438464,41,56,0.53,15,0.035333333,18
3338.081967,33,56,0.85,23,0.036956522,18
3338.017789,39,53,0.48,14,0.034285714,18
3337.888741,39,55,0.6,16,0.0375,18
3337.488545,61,71,0.32,10,0.032,18
3337.210657,35,60,0.92,25,0.0368,18
3336.307746,43,51,0.26,8,0.0325,18
3336.291199,55,89,0.88,34,0.025882353,18
3335.866718,51,78,0.91,27,0.033703704,18
3335.866718,50,79,0.98,29,0.033793103,18
3334.907384,46,74,0.83,28,0.029642857,18
3334.003623,37,64,0.92,27,0.034074074,18
3333.926613,69,74,0.13,5,0.026,18
3333.926613,64,80,0.41,16,0.025625,18
3333.827299,36,60,0.87,24,0.03625,18
3333.484752,52,79,0.9,27,0.033333333,18
3333.484752,51,80,0.97,29,0.033448276,18
3333.345638,34,52,0.77,18,0.042777778,18
3333.280609,37,54,0.67,17,0.039411765,18
3332.736454,44,52,0.29,8,0.03625,18
3331.701598,38,52,0.57,14,0.040714286,18
3331.641711,58,87,0.75,29,0.025862069,18
3331.050413,50,86,0.98,36,0.027222222,18
3330.792442,45,50,0.18,5,0.036,18
3330.689132,35,54,0.69,19,0.036315789,18
3330.601766,32,57,0.96,25,0.0384,18
3329.948633,51,79,0.94,28,0.033571429,18
3329.781568,40,49,0.38,9,0.042222222,18
3329.078783,47,73,0.77,26,0.029615385,18
3328.497646,60,83,0.59,23,0.025652174,18
3328.245449,63,66,0.1,3,0.033333333,18
3328.245449,60,70,0.33,10,0.033,18
3327.951545,54,93,0.98,39,0.025128205,18
3326.717295,63,83,0.41,20,0.0205,18
3325.855606,34,52,0.76,18,0.042222222,18
3325.836003,51,63,0.37,12,0.030833333,18
3325.836003,50,64,0.43,14,0.030714286,18
3325.588435,36,59,0.77,23,0.033478261,18
3324.853745,35,60,0.86,25,0.0344,18
3324.578644,60,84,0.63,24,0.02625,18
3324.386291,54,77,0.77,23,0.033478261,18
3324.130752,34,62,0.98,28,0.035,18
3323.834948,54,91,0.94,37,0.025405405,18
3323.834948,53,92,0.99,39,0.025384615,18
3323.515247,56,73,0.57,17,0.033529412,18
3323.511868,59,70,0.37,11,0.033636364,18
3323.223716,42,72,0.76,30,0.025333333,18
3323.16252,32,58,0.99,26,0.038076923,18
3322.978552,48,66,0.56,18,0.031111111,18
3322.567972,35,62,0.96,27,0.035555556,18
3322.425497,36,58,0.82,22,0.037272727,18
3322.370694,35,62,0.94,27,0.034814815,18
3322.295461,52,58,0.2,6,0.033333333,18
3321.689975,37,49,0.5,12,0.041666667,18
3321.188115,36,49,0.55,13,0.042307692,18
3321.121008,53,77,0.81,24,0.03375,18
3320.945441,65,77,0.32,12,0.026666667,18
3320.473195,34,53,0.77,19,0.040526316,18
3320.469452,58,71,0.44,13,0.033846154,18
3319.737188,42,53,0.4,11,0.036363636,18
3319.638191,39,60,0.72,21,0.034285714,18
3318.428322,55,76,0.7,21,0.033333333,18
3318.207603,35,61,0.96,26,0.036923077,18
3317.942137,57,74,0.56,17,0.032941176,18
3317.942137,54,77,0.76,23,0.033043478,18
3317.58474,40,55,0.55,15,0.036666667,18
3317.532802,32,56,0.95,24,0.039583333,18
3316.902389,54,91,0.93,37,0.025135135,18
3316.36636,36,60,0.88,24,0.036666667,18
3315.654663,38,57,0.7,19,0.036842105,18
3315.175295,33,57,0.9,24,0.0375,18
3315.16872,54,76,0.74,22,0.033636364,18
3314.937655,40,52,0.47,12,0.039166667,18
3314.937655,39,53,0.55,14,0.039285714,18
3314.521668,55,74,0.64,19,0.033684211,18
3314.521668,54,75,0.71,21,0.033809524,18
3314.201762,66,76,0.27,10,0.027,18
3313.649077,39,56,0.56,17,0.032941176,18
3313.623755,37,59,0.79,22,0.035909091,18
3313.395996,40,56,0.58,16,0.03625,18
3313.336977,38,61,0.79,23,0.034347826,18
3313.001903,40,49,0.31,9,0.034444444,18
3313.001903,39,50,0.38,11,0.034545455,18
3312.857422,55,94,0.87,39,0.022307692,18
3312.262833,37,55,0.69,18,0.038333333,18
3311.995251,40,54,0.53,14,0.037857143,18
3311.603553,35,51,0.65,16,0.040625,18
3311.484129,60,85,0.64,25,0.0256,18
3311.484129,58,88,0.76,30,0.025333333,18
3311.480491,39,57,0.65,18,0.036111111,18
3311.436982,36,61,0.92,25,0.0368,18
3311.010283,40,57,0.61,17,0.035882353,18
3310.467387,32,56,0.96,24,0.04,18
3310.160155,36,60,0.85,24,0.035416667,18
3309.839293,41,57,0.55,16,0.034375,18
3309.839293,40,58,0.62,18,0.034444444,18
3309.839293,39,59,0.69,20,0.0345,18
3309.826006,52,60,0.26,8,0.0325,18
3309.389368,59,84,0.66,25,0.0264,18
3309.389368,56,88,0.84,32,0.02625,18
3309.346968,34,59,0.94,25,0.0376,18
3309.087174,34,55,0.77,21,0.036666667,18
3308.839923,39,61,0.75,22,0.034090909,18
3308.020295,38,58,0.73,20,0.0365,18
3307.007283,39,56,0.6,17,0.035294118,18
3306.526379,56,92,0.81,36,0.0225,18
3306.084609,40,54,0.51,14,0.036428571,18
3305.874729,37,54,0.62,17,0.036470588,18
3305.806786,39,54,0.51,15,0.034,18
3305.634596,38,55,0.58,17,0.034117647,18
3305.411993,67,80,0.26,13,0.02,18
3305.411993,66,81,0.3,15,0.02,18
3305.068889,34,56,0.78,22,0.035454545,18
3304.571438,35,58,0.85,23,0.036956522,18
3304.454261,53,76,0.78,23,0.033913043,18
3304.352108,33,60,0.97,27,0.035925926,18
3304.18356,62,81,0.5,19,0.026315789,18
3303.847997,37,48,0.46,11,0.041818182,18
3303.737912,40,58,0.63,18,0.035,18
3303.348187,37,63,0.89,26,0.034230769,18
3303.209462,32,58,0.96,26,0.036923077,18
3302.753933,40,52,0.46,12,0.038333333,18
3302.687343,39,54,0.5,15,0.033333333,18
3302.338482,37,59,0.81,22,0.036818182,18
3302.232904,37,60,0.84,23,0.036521739,18
3301.738506,65,76,0.29,11,0.026363636,18
3301.738506,62,80,0.47,18,0.026111111,18
3301.738506,61,81,0.52,20,0.026,18
3301.440569,36,65,0.99,29,0.034137931,18
3301.350199,36,59,0.84,23,0.036521739,18
3300.900873,44,70,0.66,26,0.025384615,18
3300.642066,35,59,0.89,24,0.037083333,18
3299.773519,47,67,0.51,20,0.0255,18
3298.878276,63,79,0.43,16,0.026875,18
3298.878276,61,81,0.54,20,0.027,18
3298.878276,60,83,0.61,23,0.026521739,18
3298.878276,58,85,0.72,27,0.026666667,18
3298.878276,55,89,0.9,34,0.026470588,18
3298.368374,65,80,0.38,15,0.025333333,18
3298.342015,38,57,0.71,19,0.037368421,18
3298.326684,37,58,0.79,21,0.037619048,18
3298.19305,55,90,0.89,35,0.025428571,18
3298.074977,40,59,0.65,19,0.034210526,18
3297.899213,36,57,0.7,21,0.033333333,18
3297.189345,34,62,0.97,28,0.034642857,18
3297.026936,54,92,0.96,38,0.025263158,18
3296.909424,38,57,0.67,19,0.035263158,18
3296.883378,36,57,0.73,21,0.034761905,18
3296.427093,58,84,0.68,26,0.026153846,18
3296.404652,59,69,0.34,10,0.034,18
3295.518265,38,61,0.8,23,0.034782609,18
3295.446927,35,60,0.93,25,0.0372,18
3295.420491,52,85,0.97,33,0.029393939,18
3295.188179,37,49,0.47,12,0.039166667,18
3294.782135,35,61,0.95,26,0.036538462,18
3294.39287,39,57,0.66,18,0.036666667,18
3294.141823,70,77,0.14,7,0.02,18
3294.141823,69,78,0.18,9,0.02,18
3294.141823,68,79,0.22,11,0.02,18
3294.064268,37,62,0.87,25,0.0348,18
3293.817849,60,83,0.6,23,0.026086957,18
3293.486719,34,54,0.72,20,0.036,18
3293.391225,33,57,0.87,24,0.03625,18
3293.223195,67,77,0.26,10,0.026,18
3293.223195,66,78,0.31,12,0.025833333,18
3293.223195,61,84,0.59,23,0.025652174,18
3293.076428,39,55,0.61,16,0.038125,18
3293.000393,60,87,0.55,27,0.02037037,18
3292.807352,43,71,0.89,28,0.031785714,18
3292.360509,35,58,0.8,23,0.034782609,18
3292.323218,35,62,0.93,27,0.034444444,18
3291.760882,44,70,0.84,26,0.032307692,18
3291.276461,62,80,0.49,18,0.027222222,18
3291.159523,72,75,0.06,3,0.02,18
3291.159523,71,76,0.1,5,0.02,18
3289.617079,46,68,0.56,22,0.025454545,18
3288.973823,35,59,0.9,24,0.0375,18
3287.708582,52,87,0.98,35,0.028,18
3287.530325,39,46,0.3,7,0.042857143,18
3287.452018,47,65,0.5,18,0.027777778,18
3287.055605,32,58,0.95,26,0.036538462,18
3286.94607,67,75,0.21,8,0.02625,18
3286.904341,64,79,0.4,15,0.026666667,18
3286.904341,62,81,0.51,19,0.026842105,18
3286.904341,61,83,0.58,22,0.026363636,18
3286.772014,59,87,0.71,28,0.025357143,18
3286.459009,38,53,0.6,15,0.04,18
3286.259524,35,62,0.95,27,0.035185185,18
3286.059009,35,55,0.7,20,0.035,18
3285.962927,38,62,0.82,24,0.034166667,18
3285.59767,46,49,0.11,3,0.036666667,18
3285.208189,48,66,0.49,18,0.027222222,18
3285.100705,53,89,0.93,36,0.025833333,18
3284.618493,37,59,0.77,22,0.035,18
3283.519631,36,64,0.97,28,0.034642857,18
3283.466789,56,87,0.81,31,0.026129032,18
3283.291406,54,94,0.99,40,0.02475,18
3282.698338,54,58,0.13,4,0.0325,18
3282.51811,50,87,0.98,37,0.026486486,18
3282.224519,58,86,0.73,28,0.026071429,18
3282.224519,55,90,0.91,35,0.026,18
3281.913386,55,93,0.94,38,0.024736842,18
3281.639338,39,53,0.49,14,0.035,18
3281.443615,48,67,0.58,19,0.030526316,18
3281.327188,39,54,0.58,15,0.038666667,18
3280.596277,56,91,0.88,35,0.025142857,18
3280.596277,55,92,0.93,37,0.025135135,18
3280.195245,50,84,0.97,34,0.028529412,18
3279.953175,54,79,0.72,25,0.0288,18
3279.853992,38,50,0.43,12,0.035833333,18
3279.664383,59,85,0.68,26,0.026153846,18
3279.664383,57,88,0.8,31,0.025806452,18
3279.664383,55,91,0.92,36,0.025555556,18
3279.34141,73,74,0.02,1,0.02,18
3278.596973,32,54,0.92,22,0.041818182,18
3278.197385,54,80,0.73,26,0.028076923,18
3278.197385,53,81,0.79,28,0.028214286,18
3278.197385,52,82,0.85,30,0.028333333,18
3278.197385,51,84,0.92,33,0.027878788,18
3278.197385,50,85,0.98,35,0.028,18
3277.853735,35,51,0.64,16,0.04,18
3277.725993,54,91,0.97,37,0.026216216,18
3277.548436,40,55,0.53,15,0.035333333,18
3277.360598,55,88,0.86,33,0.026060606,18
3277.360598,53,91,0.98,38,0.025789474,18
3277.163473,58,89,0.77,31,0.02483871,18
3277.102852,44,70,0.85,26,0.032692308,18
3277.039481,36,53,0.64,17,0.037647059,18
3276.57119,41,59,0.61,18,0.033888889,18
3276.359234,32,57,0.92,25,0.0368,18
3276.056814,65,82,0.34,17,0.02,18
3276.056814,64,83,0.38,19,0.02,18
3276.056814,63,84,0.42,21,0.02,18
3275.865328,55,79,0.67,24,0.027916667,18
3275.793043,64,77,0.34,13,0.026153846,18
3275.651479,64,78,0.37,14,0.026428571,18
3275.651479,61,82,0.55,21,0.026190476,18
3275.651479,57,87,0.78,30,0.026,18
3275.329839,37,57,0.73,20,0.0365,18
3275.263163,57,87,0.79,30,0.026333333,18
3275.167348,56,77,0.6,21,0.028571429,18
3274.655055,58,69,0.37,11,0.033636364,18
3274.257476,59,84,0.67,25,0.0268,18
3274.257476,57,86,0.78,29,0.026896552,18
3274.257476,56,88,0.85,32,0.0265625,18
3274.002448,36,58,0.81,22,0.036818182,18
3273.704911,41,51,0.39,10,0.039,18
3273.22817,32,59,0.95,27,0.035185185,18
3273.109468,55,78,0.66,23,0.028695652,18
3271.881805,54,89,0.94,35,0.026857143,18
3271.434181,34,60,0.92,26,0.035384615,18
3271.334855,63,81,0.47,18,0.026111111,18
3271.074674,45,68,0.63,23,0.027391304,18
3270.750085,57,85,0.74,28,0.026428571,18
3270.690271,31,56,0.98,25,0.0392,18
3270.595648,38,55,0.66,17,0.038823529,18
3270.52214,59,83,0.62,24,0.025833333,18
3270.52214,57,86,0.75,29,0.025862069,18
3270.52214,56,87,0.8,31,0.025806452,18
3270.52214,55,88,0.85,33,0.025757576,18
3269.834054,35,61,0.93,26,0.035769231,18
3269.244932,61,82,0.56,21,0.026666667,18
3268.643359,62,83,0.54,21,0.025714286,18
3268.56568,54,93,0.97,39,0.024871795,18
3268.549906,57,84,0.74,27,0.027407407,18
3268.511771,61,85,0.49,24,0.020416667,18
3266.777068,59,85,0.67,26,0.025769231,18
3266.095014,34,59,0.93,25,0.0372,18
3265.95793,33,53,0.85,20,0.0425,18
3265.61255,45,70,0.67,25,0.0268,18
3265.436445,33,58,0.87,25,0.0348,18
3265.407153,33,58,0.88,25,0.0352,18
3264.773518,35,54,0.72,19,0.037894737,18
3264.376034,58,85,0.69,27,0.025555556,18
3264.376034,54,90,0.92,36,0.025555556,18
3264.291593,55,91,0.9,36,0.025,18
3264.291593,54,92,0.95,38,0.025,18
3264.228625,60,84,0.62,24,0.025833333,18
3264.228625,58,87,0.74,29,0.025517241,18
3263.371734,34,60,0.93,26,0.035769231,18
3263.182382,44,72,0.74,28,0.026428571,18
3262.477024,35,62,0.97,27,0.035925926,18
3262.08373,41,54,0.48,13,0.036923077,18
3262.037277,37,63,0.91,26,0.035,18
3261.227742,35,57,0.85,22,0.038636364,18
3260.838847,42,73,0.83,31,0.026774194,18
3260.693178,43,71,0.71,28,0.025357143,18
3260.273101,51,83,0.91,32,0.0284375,18
3260.168371,34,59,0.89,25,0.0356,18
3259.237923,53,78,0.84,25,0.0336,18
3258.988077,37,54,0.68,17,0.04,18
3258.213087,44,71,0.85,27,0.031481481,18
3258.093995,56,90,0.86,34,0.025294118,18
3257.739157,34,63,0.93,29,0.032068966,18
3257.325155,37,56,0.65,19,0.034210526,18
3257.248663,40,51,0.39,11,0.035454545,18
3257.209114,35,61,0.94,26,0.036153846,18
3256.753369,37,56,0.66,19,0.034736842,18
3256.651679,63,78,0.39,15,0.026,18
3256.38123,39,45,0.24,6,0.04,18
3256.38123,38,46,0.32,8,0.04,18
3256.258067,45,70,0.78,25,0.0312,18
3256.050867,34,51,0.73,17,0.042941176,18
3255.198329,51,61,0.32,10,0.032,18
3255.182764,56,90,0.87,34,0.025588235,18
3255.182764,54,92,0.98,38,0.025789474,18
3254.475825,35,62,0.98,27,0.036296296,18
3254.4711,53,91,0.97,38,0.025526316,18
3254.406188,35,58,0.81,23,0.035217391,18
3253.915587,39,61,0.76,22,0.034545455,18
3253.876487,54,91,0.96,37,0.025945946,18
3253.863325,45,76,0.91,31,0.029354839,18
3253.425969,56,76,0.65,20,0.0325,18
3253.328261,61,81,0.55,20,0.0275,18
3252.699971,56,92,0.89,36,0.024722222,18
3252.117456,44,76,0.97,32,0.0303125,18
3251.734654,36,63,0.95,27,0.035185185,18
3251.122747,57,90,0.82,33,0.024848485,18
3250.368067,62,84,0.45,22,0.020454545,18
3249.759657,32,59,0.96,27,0.035555556,18
3249.408057,35,59,0.85,24,0.035416667,18
3249.264366,60,81,0.56,21,0.026666667,18
3248.99602,34,55,0.8,21,0.038095238,18
3248.871091,64,78,0.38,14,0.027142857,18
3248.277066,56,89,0.86,33,0.026060606,18
3248.277066,55,91,0.93,36,0.025833333,18
3248.208631,55,77,0.72,22,0.032727273,18
3247.99124,35,56,0.78,21,0.037142857,18
3247.720813,33,61,0.99,28,0.035357143,18
3247.444809,54,91,0.95,37,0.025675676,18
3247.169826,53,97,0.97,44,0.022045455,18
3246.957923,55,94,0.86,39,0.022051282,18
3246.913574,59,86,0.7,27,0.025925926,18
3246.913574,57,89,0.82,32,0.025625,18
3246.913574,55,92,0.94,37,0.025405405,18
3246.513277,42,46,0.14,4,0.035,18
3246.014456,35,50,0.64,15,0.042666667,18
3245.236486,37,53,0.66,16,0.04125,18
3244.998394,36,59,0.78,23,0.033913043,18
3244.83879,58,86,0.74,28,0.026428571,18
3244.83879,55,90,0.92,35,0.026285714,18
3243.625444,42,72,0.77,30,0.025666667,18
3243.621989,53,82,0.8,29,0.027586207,18
3243.523796,32,57,0.97,25,0.0388,18
3243.356846,37,47,0.44,10,0.044,18
3242.719153,37,61,0.85,24,0.035416667,18
3242.712829,39,50,0.4,11,0.036363636,18
3242.545367,36,49,0.56,13,0.043076923,18
3242.032021,45,67,0.61,22,0.027727273,18
3241.701526,40,59,0.66,19,0.034736842,18
3241.628381,56,85,0.8,29,0.027586207,18
3241.266434,36,57,0.72,21,0.034285714,18
3241.243958,54,95,0.91,41,0.022195122,18
3241.08274,36,55,0.77,19,0.040526316,18
3240.388404,54,96,0.91,42,0.021666667,18
3240.327939,57,86,0.79,29,0.027241379,18
3240.165593,37,56,0.64,19,0.033684211,18
3239.807518,41,48,0.25,7,0.035714286,18
3239.121285,40,48,0.28,8,0.035,18
3238.302864,41,43,0.08,2,0.04,18
3238.302864,40,44,0.16,4,0.04,18
3238.129168,56,94,0.78,38,0.020526316,18
3238.047584,63,84,0.46,21,0.021904762,18
3237.794709,42,73,0.78,31,0.02516129,18
3237.093021,34,52,0.71,18,0.039444444,18
3236.709567,60,82,0.6,22,0.027272727,18
3236.456248,66,82,0.32,16,0.02,18
3235.983163,62,80,0.48,18,0.026666667,18
3235.744098,45,78,0.82,33,0.024848485,18
3235.58899,34,56,0.79,22,0.035909091,18
3235.389467,56,93,0.8,37,0.021621622,18
3235.389467,55,94,0.85,39,0.021794872,18
3235.009061,63,82,0.49,19,0.025789474,18
3234.863493,59,84,0.65,25,0.026,18
3234.863493,56,88,0.83,32,0.0259375,18
3234.637975,56,88,0.82,32,0.025625,18
3234.479931,41,48,0.27,7,0.038571429,18
3234.313422,54,90,0.96,36,0.026666667,18
3233.433885,60,88,0.6,28,0.021428571,18
3232.858846,35,55,0.72,20,0.036,18
3232.805999,42,49,0.25,7,0.035714286,18
3232.641828,33,57,0.89,24,0.037083333,18
3232.595377,38,56,0.69,18,0.038333333,18
3232.539014,56,80,0.65,24,0.027083333,18
3231.965874,55,87,0.87,32,0.0271875,18
3231.954839,46,69,0.71,23,0.030869565,18
3231.820948,53,84,0.91,31,0.029354839,18
3231.749109,39,52,0.52,13,0.04,18
3231.733621,37,57,0.69,20,0.0345,18
3231.588876,38,50,0.42,12,0.035,18
3231.522366,34,60,0.88,26,0.033846154,18
3231.440428,57,70,0.44,13,0.033846154,18
3231.20473,64,82,0.37,18,0.020555556,18
3231.080204,55,88,0.87,33,0.026363636,18
3229.840387,61,79,0.5,18,0.027777778,18
3229.821582,62,65,0.1,3,0.033333333,18
3229.821582,59,68,0.3,9,0.033333333,18
3229.397372,65,77,0.31,12,0.025833333,18
3229.397372,58,85,0.7,27,0.025925926,18
3229.152201,56,83,0.71,27,0.026296296,18
3228.899299,38,52,0.52,14,0.037142857,18
3228.721099,37,55,0.63,18,0.035,18
3228.673418,54,88,0.93,34,0.027352941,18
3228.556937,54,92,0.97,38,0.025526316,18
3228.508506,37,63,0.9,26,0.034615385,18
3227.659587,56,86,0.8,30,0.026666667,18
3227.201464,37,53,0.56,16,0.035,18
3227.153945,56,89,0.85,33,0.025757576,18
3227.032848,35,56,0.8,21,0.038095238,18
3226.866062,38,51,0.47,13,0.036153846,18
3226.403098,41,50,0.31,9,0.034444444,18
3225.649783,50,70,0.51,20,0.0255,18
3225.442577,58,91,0.69,33,0.020909091,18
3225.221964,32,55,0.96,23,0.04173913,18
3225.158503,42,50,0.28,8,0.035,18
3225.091471,52,83,0.86,31,0.027741935,18
3224.63951,61,73,0.37,12,0.030833333,18
3224.236259,45,75,0.9,30,0.03,18
3223.855028,40,51,0.45,11,0.040909091,18
3223.308988,65,80,0.31,15,0.020666667,18
3223.176609,58,90,0.7,32,0.021875,18
3222.961505,34,57,0.86,23,0.037391304,18
3222.787422,37,50,0.48,13,0.036923077,18
3222.035307,35,52,0.64,17,0.037647059,18
3221.907145,62,77,0.42,15,0.028,18
3221.907145,59,81,0.61,22,0.027727273,18
3221.368719,56,63,0.18,7,0.025714286,18
3221.077878,67,73,0.16,6,0.026666667,18
3221.038642,61,66,0.17,5,0.034,18
3220.574258,38,54,0.55,16,0.034375,18
3220.443918,54,95,0.92,41,0.022439024,18
3220.140484,42,51,0.3,9,0.033333333,18
3219.850547,45,71,0.8,26,0.030769231,18
3219.54979,48,66,0.45,18,0.025,18
3218.392112,42,50,0.27,8,0.03375,18
3218.293682,36,57,0.71,21,0.033809524,18
3217.531952,54,82,0.76,28,0.027142857,18
3216.979635,59,82,0.62,23,0.026956522,18
3216.979635,56,86,0.81,30,0.027,18
3216.979635,53,90,0.99,37,0.026756757,18
3216.595915,36,54,0.67,18,0.037222222,18
3216.186909,58,85,0.73,27,0.027037037,18
3216.186909,56,87,0.84,31,0.027096774,18
3215.641427,45,72,0.81,27,0.03,18
3215.392819,37,52,0.58,15,0.038666667,18
3214.897806,51,86,0.93,35,0.026571429,18
3214.846115,57,88,0.81,31,0.026129032,18
3214.717228,53,97,0.98,44,0.022272727,18
3214.612932,67,72,0.14,5,0.028,18
3214.190172,35,59,0.79,24,0.032916667,18
3214.125248,56,79,0.63,23,0.027391304,18
3213.892524,36,57,0.74,21,0.035238095,18
3213.701987,58,83,0.68,25,0.0272,18
3213.701987,54,88,0.92,34,0.027058824,18
3213.496237,58,88,0.77,30,0.025666667,18
3213.186171,58,85,0.71,27,0.026296296,18
3213.12132,57,91,0.75,34,0.022058824,18
3212.874609,41,54,0.42,13,0.032307692,18
3212.834246,33,53,0.8,20,0.04,18
3212.547893,36,50,0.55,14,0.039285714,18
3212.458708,46,70,0.73,24,0.030416667,18
3211.675096,52,83,0.87,31,0.028064516,18
3211.675096,51,84,0.93,33,0.028181818,18
3211.648132,41,73,0.87,32,0.0271875,18
3211.638686,37,64,0.93,27,0.034444444,18
3211.442168,59,85,0.69,26,0.026538462,18
3211.22985,32,54,0.94,22,0.042727273,18
3211.205069,59,84,0.68,25,0.0272,18
3211.10127,56,93,0.81,37,0.021891892,18
3210.913625,35,50,0.65,15,0.043333333,18
3210.341294,38,62,0.83,24,0.034583333,18
3210.217827,33,56,0.9,23,0.039130435,18
3210.152964,40,60,0.68,20,0.034,18
3209.809944,60,67,0.24,7,0.034285714,18
3209.567964,37,51,0.54,14,0.038571429,18
3209.315687,39,47,0.33,8,0.04125,18
3209.244076,40,49,0.32,9,0.035555556,18
3209.161297,41,50,0.32,9,0.035555556,18
3208.477709,39,51,0.5,12,0.041666667,18
3208.384806,33,60,0.94,27,0.034814815,18
3207.912141,63,77,0.39,14,0.027857143,18
3207.835671,36,64,0.98,28,0.035,18
3206.676339,64,80,0.42,16,0.02625,18
3206.676339,61,84,0.6,23,0.026086957,18
3206.676339,60,85,0.65,25,0.026,18
3206.676339,58,87,0.76,29,0.026206897,18
3206.676339,57,89,0.83,32,0.0259375,18
3206.676339,56,90,0.88,34,0.025882353,18
3206.676339,55,92,0.95,37,0.025675676,18
3205.806217,37,52,0.54,15,0.036,18
3205.580866,37,48,0.48,11,0.043636364,18
3205.537883,54,90,0.93,36,0.025833333,18
3205.028541,68,72,0.11,4,0.0275,18
3205.028541,66,74,0.22,8,0.0275,18
3205.028541,65,76,0.3,11,0.027272727,18
3205.028541,63,78,0.41,15,0.027333333,18
3205.028541,61,80,0.52,19,0.027368421,18
3204.233766,62,73,0.3,11,0.027272727,18
3204.120787,60,79,0.54,19,0.028421053,18
3203.703004,52,96,0.99,44,0.0225,18
3203.701484,47,66,0.52,19,0.027368421,18
3203.493303,61,77,0.46,16,0.02875,18
3203.493303,60,78,0.52,18,0.028888889,18
3203.280781,62,82,0.53,20,0.0265,18
3203.280781,59,86,0.71,27,0.026296296,18
3203.044267,59,85,0.7,26,0.026923077,18
3202.952677,43,76,0.98,33,0.02969697,18
3202.794072,36,54,0.69,18,0.038333333,18
3202.688745,37,57,0.67,20,0.0335,18
3202.550186,37,53,0.61,16,0.038125,18
3202.480382,39,50,0.41,11,0.037272727,18
3201.918256,58,84,0.67,26,0.025769231,18
3201.911207,40,52,0.42,12,0.035,18
3201.779199,64,77,0.36,13,0.027692308,18
3201.482227,58,86,0.75,28,0.026785714,18
3201.457057,41,57,0.56,16,0.035,18
3201.293088,33,54,0.87,21,0.041428571,18
3201.021892,55,89,0.91,34,0.026764706,18
3200.672052,36,51,0.56,15,0.037333333,18
3200.248003,42,57,0.53,15,0.035333333,18
3200.066448,48,65,0.55,17,0.032352941,18
3200.063022,44,56,0.41,12,0.034166667,18
3199.826486,39,59,0.71,20,0.0355,18
3199.771327,43,45,0.07,2,0.035,18
3199.536704,43,72,0.73,29,0.025172414,18
3199.290006,46,68,0.55,22,0.025,18
3199.145893,54,96,0.92,42,0.021904762,18
3199.08121,60,75,0.41,15,0.027333333,18
3198.981627,37,55,0.62,18,0.034444444,18
3198.92125,63,70,0.2,7,0.028571429,18
3198.92125,60,73,0.37,13,0.028461538,18
3198.92125,59,74,0.43,15,0.028666667,18
3198.844851,55,89,0.87,34,0.025588235,18
3198.826978,50,85,0.99,35,0.028285714,18
3198.792424,37,55,0.64,18,0.035555556,18
3198.616719,38,49,0.44,11,0.04,18
3198.400373,42,71,0.8,29,0.027586207,18
3198.249143,47,67,0.63,20,0.0315,18
3197.97011,43,49,0.21,6,0.035,18
3197.694538,38,60,0.78,22,0.035454545,18
3197.663116,58,82,0.67,24,0.027916667,18
3197.663116,55,85,0.84,30,0.028,18
3197.663116,55,86,0.86,31,0.027741935,18
3197.645275,58,76,0.5,18,0.027777778,18
3197.395951,39,68,0.94,29,0.032413793,18
3196.778326,54,83,0.78,29,0.026896552,18
3196.470057,57,92,0.75,35,0.021428571,18
3196.470057,54,96,0.9,42,0.021428571,18
3196.04891,39,51,0.45,12,0.0375,18
3195.877403,56,78,0.62,22,0.028181818,18
3195.845329,41,58,0.6,17,0.035294118,18
3195.693452,58,77,0.52,19,0.027368421,18
3195.216497,53,87,0.9,34,0.026470588,18
3194.701071,35,52,0.63,17,0.037058824,18
3194.426027,53,92,0.98,39,0.025128205,18
3194.341004,38,55,0.59,17,0.034705882,18
3194.321551,43,57,0.48,14,0.034285714,18
3194.234537,35,58,0.78,23,0.033913043,18
3194.188062,39,67,0.94,28,0.033571429,18
3194.019829,56,85,0.77,29,0.026551724,18
3194.019829,55,87,0.84,32,0.02625,18
3194.019829,54,89,0.91,35,0.026,18
3194.019829,53,89,0.95,36,0.026388889,18
3194.019829,53,90,0.96,37,0.025945946,18
3193.992538,37,57,0.66,20,0.033,18
3193.990314,64,75,0.31,11,0.028181818,18
3193.990314,60,80,0.56,20,0.028,18
3193.676759,60,81,0.58,21,0.027619048,18
3193.676759,58,83,0.69,25,0.0276,18
3193.554863,39,56,0.55,17,0.032352941,18
3193.430253,49,64,0.48,15,0.032,18
3193.345387,58,87,0.77,29,0.026551724,18
3193.287621,52,89,0.96,37,0.025945946,18
3192.427838,43,70,0.74,27,0.027407407,18
3191.911622,37,55,0.71,18,0.039444444,18
3191.814118,55,89,0.89,34,0.026176471,18
3191.311115,40,51,0.38,11,0.034545455,18
3191.159955,37,54,0.69,17,0.040588235,18
3191.083544,38,51,0.49,13,0.037692308,18
3190.945712,34,59,0.85,25,0.034,18
3190.74469,36,52,0.62,16,0.03875,18
3190.701817,55,73,0.6,18,0.033333333,18
3190.701817,54,74,0.67,20,0.0335,18
3190.601703,57,85,0.73,28,0.026071429,18
3190.548251,50,61,0.36,11,0.032727273,18
3190.311089,40,47,0.28,7,0.04,18
3190.128027,60,89,0.58,29,0.02,18
3189.90172,62,76,0.4,14,0.028571429,18
3189.90172,57,82,0.71,25,0.0284,18
3189.90172,56,83,0.77,27,0.028518519,18
3189.90172,56,84,0.79,28,0.028214286,18
3189.812802,57,92,0.74,35,0.021142857,18
3189.520127,45,70,0.63,25,0.0252,18
3189.19468,54,80,0.74,26,0.028461538,18
3188.816301,33,61,0.96,28,0.034285714,18
3188.805483,36,64,0.99,28,0.035357143,18
3187.786767,36,58,0.74,22,0.033636364,18
3187.678445,49,63,0.45,14,0.032142857,18
3187.641327,61,71,0.29,10,0.029,18
3187.558333,39,48,0.36,9,0.04,18
3187.418056,45,54,0.31,9,0.034444444,18
3187.35012,60,81,0.55,21,0.026190476,18
3187.35012,58,83,0.66,25,0.0264,18
3187.35012,57,84,0.71,27,0.026296296,18
3187.35012,56,86,0.78,30,0.026,18
3187.35012,55,86,0.82,31,0.026451613,18
3187.35012,54,88,0.89,34,0.026176471,18
3187.274515,56,88,0.86,32,0.026875,18
3187.160332,36,60,0.9,24,0.0375,18
3187.037815,43,56,0.45,13,0.034615385,18
3187.032479,61,78,0.48,17,0.028235294,18
3187.032479,58,81,0.65,23,0.02826087,18
3187.032479,57,83,0.73,26,0.028076923,18
3187.032479,54,86,0.9,32,0.028125,18
3186.938733,54,88,0.88,34,0.025882353,18
3186.654038,57,81,0.69,24,0.02875,18
3186.502967,36,50,0.59,14,0.042142857,18
3186.058787,53,87,0.89,34,0.026176471,18
3185.038847,54,90,0.95,36,0.026388889,18
3185.02358,56,92,0.8,36,0.022222222,18
3184.861483,42,48,0.23,6,0.038333333,18
3184.811262,41,58,0.59,17,0.034705882,18
3184.70074,67,74,0.19,7,0.027142857,18
3184.70074,64,76,0.33,12,0.0275,18
3184.70074,60,82,0.59,22,0.026818182,18
3184.70074,59,82,0.63,23,0.027391304,18
3184.70074,59,83,0.65,24,0.027083333,18
3184.70074,58,84,0.7,26,0.026923077,18
3184.70074,57,85,0.76,28,0.027142857,18
3184.614857,43,52,0.29,9,0.032222222,18
3184.315269,56,84,0.73,28,0.026071429,18
3184.287711,53,89,0.99,36,0.0275,18
3184.1965,62,78,0.43,16,0.026875,18
3184.05759,35,54,0.71,19,0.037368421,18
3183.598281,59,83,0.63,24,0.02625,18
3183.571192,41,51,0.35,10,0.035,18
3183.534841,54,81,0.74,27,0.027407407,18
3183.331927,34,59,0.86,25,0.0344,18
3183.282198,57,77,0.56,20,0.028,18
3183.19038,34,60,0.99,26,0.038076923,18
3183.058973,57,84,0.75,27,0.027777778,18
3183.05661,36,54,0.63,18,0.035,18
3182.831161,66,72,0.17,6,0.028333333,18
3182.831161,63,75,0.34,12,0.028333333,18
3182.81008,32,57,0.89,25,0.0356,18
3182.751862,54,87,0.86,33,0.026060606,18
3182.746776,40,74,0.93,34,0.027352941,18
3182.580755,54,86,0.84,32,0.02625,18
3182.468048,40,55,0.48,15,0.032,18
3182.319537,53,88,0.93,35,0.026571429,18
3181.584369,38,63,0.85,25,0.034,18
3181.457769,63,73,0.27,10,0.027,18
3181.206341,33,59,0.97,26,0.037307692,18
3180.915785,59,82,0.61,23,0.026521739,18
3180.845284,34,57,0.88,23,0.03826087,18
3180.7151,56,87,0.85,31,0.027419355,18
3180.7151,55,88,0.91,33,0.027575758,18
3180.7151,54,90,0.98,36,0.027222222,18
3180.713108,51,62,0.35,11,0.031818182,18
3180.483449,58,91,0.7,33,0.021212121,18
3180.200118,38,51,0.5,13,0.038461538,18
3180.159993,34,51,0.74,17,0.043529412,18
3179.887534,64,80,0.33,16,0.020625,18
3179.475203,38,63,0.86,25,0.0344,18
3179.41535,54,94,0.9,40,0.0225,18
3179.41535,53,96,0.96,43,0.022325581,18
3179.000539,53,60,0.22,7,0.031428571,18
3178.549958,37,50,0.52,13,0.04,18
3178.523655,38,54,0.57,16,0.035625,18
3178.413677,32,54,0.87,22,0.039545455,18
3178.381999,33,59,0.96,26,0.036923077,18
3178.284825,60,84,0.64,24,0.026666667,18
3177.706097,54,84,0.8,30,0.026666667,18
3177.671955,54,89,0.9,35,0.025714286,18
3177.085548,54,89,0.92,35,0.026285714,18
3177.020951,38,50,0.46,12,0.038333333,18
3176.949673,62,79,0.45,17,0.026470588,18
3176.717854,41,54,0.44,13,0.033846154,18
3176.442994,55,79,0.68,24,0.028333333,18
3176.100165,39,51,0.44,12,0.036666667,18
3175.673518,55,87,0.83,32,0.0259375,18
3175.673518,53,89,0.94,36,0.026111111,18
3175.673518,52,90,0.99,38,0.026052632,18
3175.642599,49,64,0.41,15,0.027333333,18
3175.605366,54,92,0.99,38,0.026052632,18
3175.501722,36,63,0.96,27,0.035555556,18
3175.047935,32,54,0.91,22,0.041363636,18
3174.673257,46,53,0.24,7,0.034285714,18
3174.400681,57,82,0.66,25,0.0264,18
3174.244846,36,62,0.94,26,0.036153846,18
3174.215605,37,51,0.49,14,0.035,18
3173.621272,35,56,0.77,21,0.036666667,18
3173.430472,31,58,0.96,27,0.035555556,18
3173.132151,58,89,0.7,31,0.022580645,18
3172.819796,33,54,0.88,21,0.041904762,18
3172.342418,54,93,0.99,39,0.025384615,18
3172.241715,60,83,0.62,23,0.026956522,18
3172.241715,57,87,0.8,30,0.026666667,18
3172.241715,56,89,0.87,33,0.026363636,18
3172.241715,54,91,0.98,37,0.026486486,18
3172.213097,42,58,0.55,16,0.034375,18
3171.816731,57,91,0.74,34,0.021764706,18
3171.551236,42,57,0.52,15,0.034666667,18
3171.308032,52,86,0.98,34,0.028823529,18
3171.169792,41,75,0.9,34,0.026470588,18
3171.147042,33,61,0.95,28,0.033928571,18
3171.130716,59,80,0.6,21,0.028571429,18
3171.0502,53,97,0.96,44,0.021818182,18
3170.954122,51,88,0.98,37,0.026486486,18
3170.904653,35,55,0.77,20,0.0385,18
3170.827213,52,86,0.93,34,0.027352941,18
3170.827213,51,87,0.99,36,0.0275,18
3170.580348,45,55,0.34,10,0.034,18
3170.414037,43,48,0.18,5,0.036,18
3170.358901,67,78,0.23,11,0.020909091,18
3169.746489,52,88,0.96,36,0.026666667,18
3169.700368,53,90,0.95,37,0.025675676,18
3169.538982,58,76,0.56,18,0.031111111,18
3169.160148,39,60,0.74,21,0.035238095,18
3169.160148,38,61,0.81,23,0.035217391,18
3169.071397,32,60,0.97,28,0.034642857,18
3169.045238,42,53,0.36,11,0.032727273,18
3168.916174,32,58,0.97,26,0.037307692,18
3168.346713,42,49,0.24,7,0.034285714,18
3168.292932,62,86,0.48,24,0.02,18
3168.292932,61,87,0.52,26,0.02,18
3168.153358,36,63,0.97,27,0.035925926,18
3168.065505,41,56,0.54,15,0.036,18
3167.81868,60,78,0.51,18,0.028333333,18
3167.81868,60,79,0.53,19,0.027894737,18
3167.81868,57,82,0.7,25,0.028,18
3167.453188,36,54,0.64,18,0.035555556,18
3167.443209,57,85,0.72,28,0.025714286,18
3167.408877,45,50,0.16,5,0.032,18
3167.036623,34,57,0.85,23,0.036956522,18
3166.616909,60,80,0.54,20,0.027,18
3166.616909,58,82,0.65,24,0.027083333,18
3166.616909,58,83,0.67,25,0.0268,18
3166.439404,38,52,0.53,14,0.037857143,18
3165.827818,39,75,0.98,36,0.027222222,18
3165.42121,65,83,0.36,18,0.02,18
3165.42121,64,84,0.4,20,0.02,18
3165.42121,63,85,0.44,22,0.02,18
3165.40938,54,89,0.93,35,0.026571429,18
3165.386407,40,60,0.69,20,0.0345,18
3165.222026,33,52,0.82,19,0.043157895,18
3165.107739,37,52,0.55,15,0.036666667,18
3164.841342,42,53,0.37,11,0.033636364,18
3164.754472,62,87,0.49,25,0.0196,18
3164.339123,43,48,0.17,5,0.034,18
3164.32701,65,75,0.28,10,0.028,18
3164.204463,53,85,0.87,32,0.0271875,18
3164.176941,56,90,0.89,34,0.026176471,18
3163.947997,59,81,0.62,22,0.028181818,18
3163.648857,35,62,0.9,27,0.033333333,18
3163.64598,37,64,0.94,27,0.034814815,18
3163.328142,63,76,0.37,13,0.028461538,18
3163.298652,43,54,0.39,11,0.035454545,18
3163.133598,35,59,0.81,24,0.03375,18
3162.866121,37,62,0.89,25,0.0356,18
3162.83997,40,55,0.51,15,0.034,18
3162.83997,39,56,0.58,17,0.034117647,18
3162.434796,54,57,0.1,3,0.033333333,18
3162.386104,51,60,0.3,9,0.033333333,18
3162.254194,61,81,0.53,20,0.0265,18
3162.182691,55,87,0.86,32,0.026875,18
3161.98268,36,54,0.68,18,0.037777778,18
3161.964263,32,55,0.92,23,0.04,18
3161.698573,35,57,0.88,22,0.04,18
3161.682331,59,88,0.64,29,0.022068966,18
3161.375915,47,67,0.5,20,0.025,18
3161.165891,34,55,0.81,21,0.038571429,18
3160.866567,54,74,0.68,20,0.034,18
3160.866567,53,75,0.75,22,0.034090909,18
3160.697545,39,48,0.33,9,0.036666667,18
3160.241685,54,90,0.94,36,0.026111111,18
3160.129449,52,84,0.86,32,0.026875,18
3159.980111,38,54,0.62,16,0.03875,18
3159.741317,63,74,0.32,11,0.029090909,18
3159.277145,55,87,0.88,32,0.0275,18
3159.219294,67,78,0.28,11,0.025454545,18
3159.070629,39,52,0.46,13,0.035384615,18
3158.914778,52,85,0.89,33,0.026969697,18
3158.904253,69,72,0.08,3,0.026666667,18
3158.904253,66,75,0.24,9,0.026666667,18
3158.904253,65,75,0.27,10,0.027,18
3158.904253,63,78,0.4,15,0.026666667,18
3158.904253,61,80,0.51,19,0.026842105,18
3158.065701,43,74,0.82,31,0.026451613,18
3157.851815,57,90,0.83,33,0.025151515,18
3157.451107,50,84,0.98,34,0.028823529,18
3157.434814,53,86,0.88,33,0.026666667,18
3157.300501,40,49,0.34,9,0.037777778,18
3157.236008,34,65,0.98,31,0.031612903,18
3157.141451,58,84,0.71,26,0.027307692,18
3156.559544,45,69,0.6,24,0.025,18
3156.103057,55,84,0.76,29,0.026206897,18
3155.946366,53,91,0.99,38,0.026052632,18
3155.683992,63,77,0.38,14,0.027142857,18
3155.556028,52,87,0.95,35,0.027142857,18
3155.382604,34,60,0.89,26,0.034230769,18
3154.866602,36,56,0.79,20,0.0395,18
3154.571558,40,53,0.44,13,0.033846154,18
3154.546598,42,48,0.25,6,0.041666667,18
3154.426282,53,85,0.86,32,0.026875,18
3154.332888,59,76,0.46,17,0.027058824,18
3154.332888,58,78,0.54,20,0.027,18
3154.332888,57,79,0.59,22,0.026818182,18
3154.332888,55,81,0.7,26,0.026923077,18
3154.27928,54,87,0.93,33,0.028181818,18
3154.218553,35,63,0.92,28,0.032857143,18
3153.917021,44,71,0.68,27,0.025185185,18
3153.916747,44,73,0.71,29,0.024482759,18
3153.825181,35,53,0.65,18,0.036111111,18
3153.613374,61,63,0.06,2,0.03,18
3153.609532,54,59,0.16,5,0.032,18
3152.799702,43,74,0.95,31,0.030645161,18
3152.660421,44,55,0.38,11,0.034545455,18
3152.620048,66,79,0.33,13,0.025384615,18
3152.400462,52,89,0.97,37,0.026216216,18
3152.303924,53,86,0.89,33,0.026969697,18
3152.196717,64,77,0.35,13,0.026923077,18
3152.113406,37,53,0.59,16,0.036875,18
3152.111969,58,85,0.74,27,0.027407407,18
3152.111969,56,88,0.87,32,0.0271875,18
3152.111969,55,89,0.93,34,0.027352941,18
3151.845046,36,53,0.66,17,0.038823529,18
3151.813111,58,89,0.69,31,0.022258065,18
3151.772055,37,47,0.39,10,0.039,18
3151.748337,43,50,0.27,7,0.038571429,18
3151.683458,37,60,0.74,23,0.032173913,18
3151.441106,55,86,0.87,31,0.028064516,18
3151.382293,40,50,0.37,10,0.037,18
3151.298054,41,48,0.26,7,0.037142857,18
3150.724597,51,88,0.99,37,0.026756757,18
3149.961249,43,55,0.42,12,0.035,18
3149.208242,31,58,0.98,27,0.036296296,18
3148.936452,32,56,0.98,24,0.040833333,18
3148.89692,53,90,0.98,37,0.026486486,18
3148.869443,35,55,0.71,20,0.0355,18
3148.82761,54,90,0.99,36,0.0275,18
3148.768784,50,64,0.35,14,0.025,18
3148.565127,37,57,0.77,20,0.0385,18
3148.562265,53,75,0.74,22,0.033636364,18
3148.562265,52,76,0.81,24,0.03375,18
3148.296592,35,51,0.63,16,0.039375,18
3148.260908,56,83,0.75,27,0.027777778,18
3148.233555,37,62,0.88,25,0.0352,18
3147.786895,49,65,0.4,16,0.025,18
3147.71974,63,76,0.36,13,0.027692308,18
3147.71974,57,83,0.72,26,0.027692308,18
3147.683147,41,47,0.21,6,0.035,18
3147.657581,69,81,0.23,12,0.019166667,18
3147.590536,49,65,0.5,16,0.03125,18
3147.538688,45,70,0.62,25,0.0248,18
3147.313333,59,89,0.65,30,0.021666667,18
3147.102018,45,69,0.65,24,0.027083333,18
3146.990428,41,52,0.37,11,0.033636364,18
3146.715887,54,82,0.77,28,0.0275,18
3146.270717,54,84,0.81,30,0.027,18
3146.270717,54,85,0.83,31,0.026774194,18
3146.270717,52,87,0.94,35,0.026857143,18
3145.929774,51,85,0.92,34,0.027058824,18
3145.816848,56,86,0.82,30,0.027333333,18
3145.816848,55,88,0.89,33,0.026969697,18
3145.596215,35,55,0.76,20,0.038,18
3145.545256,56,85,0.78,29,0.026896552,18
3145.537408,34,57,0.87,23,0.037826087,18
3145.446041,42,75,0.87,33,0.026363636,18
3145.437797,55,89,0.92,34,0.027058824,18
3145.22669,34,58,0.96,24,0.04,18
3145.196952,37,58,0.8,21,0.038095238,18
3144.79501,33,58,0.96,25,0.0384,18
3144.786931,43,72,0.72,29,0.024827586,18
3144.774927,59,78,0.51,19,0.026842105,18
3144.737783,57,78,0.57,21,0.027142857,18
3144.378009,54,90,0.97,36,0.026944444,18
3144.241866,36,57,0.8,21,0.038095238,18
3144.104545,33,53,0.79,20,0.0395,18
3144.029732,55,84,0.77,29,0.026551724,18
3144.029732,54,85,0.82,31,0.026451613,18
3143.979391,35,50,0.6,15,0.04,18
3143.969401,59,80,0.59,21,0.028095238,18
3143.969401,56,83,0.76,27,0.028148148,18
3143.530769,39,51,0.41,12,0.034166667,18
3143.451347,33,57,0.91,24,0.037916667,18
3143.272496,52,86,0.92,34,0.027058824,18
3142.893681,61,79,0.51,18,0.028333333,18
3142.735183,38,48,0.42,10,0.042,18
3142.731575,52,84,0.88,32,0.0275,18
3142.686795,44,70,0.83,26,0.031923077,18
3142.153217,51,86,0.97,35,0.027714286,18
3141.687034,33,63,0.97,30,0.032333333,18
3141.210683,56,87,0.82,31,0.026451613,18
3141.143318,32,56,0.97,24,0.040416667,18
3141.051793,42,72,0.96,30,0.032,18
3141.033581,55,82,0.73,27,0.027037037,18
3140.925463,56,81,0.67,25,0.0268,18
3140.767062,55,84,0.82,29,0.028275862,18
3140.680873,62,78,0.45,16,0.028125,18
3140.680873,62,79,0.47,17,0.027647059,18
3140.680873,61,80,0.53,19,0.027894737,18
3140.680873,59,82,0.64,23,0.027826087,18
3140.028288,56,71,0.51,15,0.034,18
3140.028288,55,72,0.58,17,0.034117647,18
3140.028288,51,77,0.88,26,0.033846154,18
3139.942046,54,83,0.79,29,0.027241379,18
3139.942046,53,84,0.85,31,0.027419355,18
3139.942046,51,87,0.98,36,0.027222222,18
3139.842255,59,89,0.74,30,0.024666667,18
3139.842255,58,90,0.79,32,0.0246875,18
3139.842255,57,91,0.84,34,0.024705882,18
3139.610149,36,56,0.69,20,0.0345,18
3139.528822,39,61,0.77,22,0.035,18
3139.504047,57,87,0.81,30,0.027,18
3139.148703,52,61,0.29,9,0.032222222,18
3138.865215,57,83,0.71,26,0.027307692,18
3138.865215,55,86,0.84,31,0.027096774,18
3138.648295,58,90,0.69,32,0.0215625,18
3138.638607,50,63,0.42,13,0.032307692,18
3138.545202,55,82,0.72,27,0.026666667,18
3138.305203,33,61,0.94,28,0.033571429,18
3137.958344,33,57,0.88,24,0.036666667,18
3137.958344,32,59,0.98,27,0.036296296,18
3137.926754,42,56,0.49,14,0.035,18
3137.902974,35,52,0.69,17,0.040588235,18
3137.882351,59,83,0.64,24,0.026666667,18
3137.587494,60,74,0.39,14,0.027857143,18
3137.448743,54,88,0.94,34,0.027647059,18
3137.380173,61,86,0.56,25,0.0224,18
3137.380173,59,88,0.65,29,0.022413793,18
3137.380173,57,91,0.76,34,0.022352941,18
3137.318819,53,80,0.78,27,0.028888889,18
3137.318819,52,81,0.84,29,0.028965517,18
3137.30625,57,86,0.8,29,0.027586207,18
3136.948722,35,59,0.82,24,0.034166667,18
3136.933971,41,54,0.46,13,0.035384615,18
3136.851497,33,60,0.95,27,0.035185185,18
3136.662823,36,61,0.8,25,0.032,18
3136.334379,59,79,0.57,20,0.0285,18
3136.292632,57,77,0.57,20,0.0285,18
3136.234399,52,85,0.98,33,0.02969697,18
3136.188212,52,84,0.87,32,0.0271875,18
3136.145998,33,56,0.82,23,0.035652174,18
3135.929977,50,64,0.44,14,0.031428571,18
3135.613498,59,76,0.47,17,0.027647059,18
3135.613498,57,78,0.58,21,0.027619048,18
3135.588527,53,83,0.83,30,0.027666667,18
3135.588527,52,85,0.91,33,0.027575758,18
3135.486972,36,56,0.77,20,0.0385,18
3135.38454,36,55,0.7,19,0.036842105,18
3135.217258,48,69,0.72,21,0.034285714,18
3135.184427,37,53,0.6,16,0.0375,18
3135.128846,61,78,0.47,17,0.027647059,18
3135.128846,61,79,0.49,18,0.027222222,18
3135.128846,60,80,0.55,20,0.0275,18
3135.128846,58,82,0.66,24,0.0275,18
3135.128846,56,85,0.79,29,0.027241379,18
3135.128846,55,86,0.85,31,0.027419355,18
3134.929675,63,84,0.47,21,0.022380952,18
3134.863422,38,47,0.39,9,0.043333333,18
3134.569463,52,85,0.9,33,0.027272727,18
3134.172126,45,52,0.25,7,0.035714286,18
3134.118613,37,58,0.72,21,0.034285714,18
3134.003152,57,80,0.62,23,0.026956522,18
3134.003152,57,81,0.64,24,0.026666667,18
3133.418288,34,61,0.88,27,0.032592593,18
3133.2627,35,56,0.79,21,0.037619048,18
3133.248675,57,67,0.31,10,0.031,18
3133.139577,58,80,0.63,22,0.028636364,18
3132.952627,35,58,0.79,23,0.034347826,18
3132.868722,42,74,0.8,32,0.025,18
3132.812354,36,61,0.83,25,0.0332,18
3132.759017,35,58,0.88,23,0.03826087,18
3132.702036,34,58,0.87,24,0.03625,18
3132.573167,54,86,0.91,32,0.0284375,18
3132.573167,53,87,0.97,34,0.028529412,18
3132.503178,64,87,0.45,23,0.019565217,18
3132.500833,60,88,0.61,28,0.021785714,18
3132.405498,52,86,0.91,34,0.026764706,18
3132.162295,35,59,0.8,24,0.033333333,18
3132.079402,53,88,0.91,35,0.026,18
3132.070581,45,69,0.76,24,0.031666667,18
3131.819609,45,72,0.65,27,0.024074074,18
3131.798216,68,77,0.23,9,0.025555556,18
3131.563793,59,83,0.66,24,0.0275,18
3131.519958,57,88,0.83,31,0.026774194,18
3131.508472,35,56,0.73,21,0.034761905,18
3131.362464,42,74,0.85,32,0.0265625,18
3131.218083,62,79,0.46,17,0.027058824,18
3131.218083,60,81,0.57,21,0.027142857,18
3131.218083,57,85,0.75,28,0.026785714,18
3131.218083,55,88,0.88,33,0.026666667,18
3131.125559,33,57,0.93,24,0.03875,18
3131.033441,60,76,0.43,16,0.026875,18
3130.476119,34,53,0.72,19,0.037894737,18
3130.398909,37,51,0.5,14,0.035714286,18
3130.282285,58,84,0.72,26,0.027692308,18
3130.282285,57,85,0.78,28,0.027857143,18
3130.282285,54,89,0.97,35,0.027714286,18
3130.25545,37,59,0.74,22,0.033636364,18
3129.710759,66,79,0.27,13,0.020769231,18
3129.71006,58,89,0.78,31,0.02516129,18
3129.545148,52,87,0.93,35,0.026571429,18
3129.545148,52,88,0.95,36,0.026388889,18
3129.387,55,80,0.69,25,0.0276,18
3129.387,53,83,0.82,30,0.027333333,18
3129.134636,56,84,0.78,28,0.027857143,18
3128.93591,56,93,0.78,37,0.021081081,18
3128.817937,60,82,0.58,22,0.026363636,18
3128.618978,54,77,0.7,23,0.030434783,18
3128.02518,62,78,0.44,16,0.0275,18
3127.953047,34,59,0.88,25,0.0352,18
3127.666683,39,66,0.94,27,0.034814815,18
3127.577461,62,72,0.31,10,0.031,18
3127.563375,61,75,0.38,14,0.027142857,18
3127.563375,59,77,0.49,18,0.027222222,18
3127.477076,33,55,0.89,22,0.040454545,18
3127.415158,43,71,0.76,28,0.027142857,18
3127.313931,62,75,0.38,13,0.029230769,18
3127.313931,61,76,0.44,15,0.029333333,18
3127.271921,43,69,0.72,26,0.027692308,18
3127.01237,33,59,0.95,26,0.036538462,18
3126.861096,56,82,0.69,26,0.026538462,18
3126.797371,36,55,0.73,19,0.038421053,18
3126.734816,57,85,0.77,28,0.0275,18
3126.691892,64,71,0.19,7,0.027142857,18
3126.048687,52,84,0.89,32,0.0278125,18
3126.023649,35,57,0.87,22,0.039545455,18
3126.021877,58,73,0.45,15,0.03,18
3126.021877,57,74,0.51,17,0.03,18
3125.949493,52,81,0.85,29,0.029310345,18
3125.925823,34,51,0.68,17,0.04,18
3125.804205,32,55,0.97,23,0.042173913,18
3125.794537,39,58,0.69,19,0.036315789,18
3125.491704,60,87,0.6,27,0.022222222,18
3125.491704,59,89,0.66,30,0.022,18
3125.479487,62,85,0.51,23,0.022173913,18
3125.465979,33,55,0.88,22,0.04,18
3125.35207,33,58,0.94,25,0.0376,18
3125.192099,32,57,0.9,25,0.036,18
3125.078323,36,58,0.73,22,0.033181818,18
3124.591957,37,63,0.92,26,0.035384615,18
3124.569721,53,84,0.84,31,0.027096774,18
3124.524188,62,72,0.28,10,0.028,18
3124.477457,56,84,0.8,28,0.028571429,18
3124.477457,54,87,0.94,33,0.028484848,18
3124.355878,34,54,0.79,20,0.0395,18
3124.338432,35,55,0.75,20,0.0375,18
3124.017147,53,88,0.97,35,0.027714286,18
3123.934505,43,73,0.74,30,0.024666667,18
3123.780313,42,73,0.97,31,0.031290323,18
3123.746038,59,75,0.45,16,0.028125,18
3123.746038,58,76,0.51,18,0.028333333,18
3123.746038,56,79,0.64,23,0.027826087,18
3123.746038,55,80,0.7,25,0.028,18
3123.518052,57,85,0.63,28,0.0225,18
3123.378469,65,69,0.11,4,0.0275,18
3123.378469,63,71,0.22,8,0.0275,18
3123.378469,61,73,0.33,12,0.0275,18
3123.037997,64,83,0.42,19,0.022105263,18
3123.014789,38,61,0.82,23,0.035652174,18
3123.009913,53,60,0.18,7,0.025714286,18
3122.997827,52,88,0.97,36,0.026944444,18
3122.993866,54,93,0.88,39,0.022564103,18
3122.993866,53,95,0.94,42,0.022380952,18
3122.966089,32,57,0.99,25,0.0396,18
3122.517926,38,57,0.72,19,0.037894737,18
3122.304794,54,89,0.95,35,0.027142857,18
3122.049789,33,56,0.8,23,0.034782609,18
3122.004755,36,59,0.79,23,0.034347826,18
3121.892399,42,47,0.19,5,0.038,18
3121.857599,39,52,0.44,13,0.033846154,18
3121.512361,36,53,0.63,17,0.037058824,18
3121.40907,63,86,0.45,23,0.019565217,18
3121.312519,61,88,0.54,27,0.02,18
3121.283028,54,81,0.75,27,0.027777778,18
3121.258478,55,81,0.71,26,0.027307692,18
3120.96802,37,58,0.71,21,0.033809524,18
3120.803515,52,64,0.29,12,0.024166667,18
3120.664712,61,86,0.55,25,0.022,18
3120.470277,38,55,0.67,17,0.039411765,18
3120.456407,56,68,0.37,12,0.030833333,18
3120.272089,51,88,0.97,37,0.026216216,18
3119.917271,55,83,0.75,28,0.026785714,18
3119.916624,61,74,0.36,13,0.027692308,18
3119.916624,57,79,0.6,22,0.027272727,18
3119.809858,58,79,0.56,21,0.026666667,18
3119.809858,55,83,0.74,28,0.026428571,18
3119.333532,46,69,0.62,23,0.026956522,18
3119.130431,44,53,0.32,9,0.035555556,18
3118.992437,36,62,0.95,26,0.036538462,18
3118.964897,41,73,0.83,32,0.0259375,18
3118.698197,56,82,0.7,26,0.026923077,18
3118.662001,55,84,0.83,29,0.02862069,18
3118.662001,55,85,0.85,30,0.028333333,18
3118.575746,39,57,0.59,18,0.032777778,18
3118.569378,46,68,0.7,22,0.031818182,18
3118.559257,37,61,0.86,24,0.035833333,18
3118.290637,61,85,0.61,24,0.025416667,18
3118.290637,60,86,0.66,26,0.025384615,18
3118.184629,32,57,0.88,25,0.0352,18
3118.080444,65,73,0.23,8,0.02875,18
3117.783562,50,82,0.97,32,0.0303125,18
3117.651346,38,54,0.63,16,0.039375,18
3117.388936,61,83,0.46,22,0.020909091,18
3117.058941,34,60,0.87,26,0.033461538,18
3116.979983,61,80,0.43,19,0.022631579,18
3116.580162,34,56,0.83,22,0.037727273,18
3116.227186,45,67,0.75,22,0.034090909,18
3116.132272,56,82,0.75,26,0.028846154,18
3116.115001,40,77,0.97,37,0.026216216,18
3116.091686,54,91,0.99,37,0.026756757,18
3115.955212,35,61,0.88,26,0.033846154,18
3115.884382,42,72,0.82,30,0.027333333,18
3115.85489,54,87,0.92,33,0.027878788,18
3115.85489,53,87,0.96,34,0.028235294,18
3115.85489,53,88,0.98,35,0.028,18
3115.392983,55,83,0.76,28,0.027142857,18
3115.391929,52,58,0.19,6,0.031666667,18
3115.27355,34,56,0.85,22,0.038636364,18
3115.083972,46,69,0.57,23,0.024782609,18
3115.044512,40,73,0.91,33,0.027575758,18
3114.848522,57,86,0.77,29,0.026551724,18
3114.848522,56,87,0.83,31,0.026774194,18
3114.831436,45,69,0.62,24,0.025833333,18
3114.802399,51,85,0.93,34,0.027352941,18
3114.624161,40,46,0.25,6,0.041666667,18
3114.61567,53,83,0.84,30,0.028,18
3114.581664,58,83,0.57,25,0.0228,18
3114.491347,51,87,0.97,36,0.026944444,18
3114.318525,44,73,0.88,29,0.030344828,18
3113.979582,51,86,0.96,35,0.027428571,18
3113.915947,59,83,0.54,24,0.0225,18
3113.854412,53,78,0.76,25,0.0304,18
3113.502055,55,88,0.92,33,0.027878788,18
3113.364844,37,54,0.65,17,0.038235294,18
3112.844377,58,90,0.71,32,0.0221875,18
3112.833426,35,62,0.89,27,0.032962963,18
3112.648674,33,58,0.92,25,0.0368,18
3112.501436,35,63,0.89,28,0.031785714,18
3112.42328,58,78,0.55,20,0.0275,18
3112.42328,57,79,0.61,22,0.027727273,18
3112.42328,56,81,0.68,25,0.0272,18
3112.42328,55,82,0.74,27,0.027407407,18
3112.42328,54,83,0.8,29,0.027586207,18
3112.401819,61,87,0.56,26,0.021538462,18
3112.324308,44,69,0.69,25,0.0276,18
3112.270487,35,60,0.82,25,0.0328,18
3111.705993,49,70,0.63,21,0.03,18
3111.685089,54,96,0.93,42,0.022142857,18
3111.684109,37,55,0.7,18,0.038888889,18
3111.644276,56,90,0.9,34,0.026470588,18
3111.603396,48,67,0.51,19,0.026842105,18
3111.534775,58,84,0.69,26,0.026538462,18
3111.524381,62,83,0.45,21,0.021428571,18
3111.444759,45,76,0.92,31,0.029677419,18
3111.212529,51,85,0.95,34,0.027941176,18
3111.191779,58,84,0.58,26,0.022307692,18
3110.939744,50,62,0.39,12,0.0325,18
3110.630759,62,77,0.43,15,0.028666667,18
3110.616437,48,68,0.62,20,0.031,18
3110.492086,38,59,0.74,21,0.035238095,18
3110.175906,39,57,0.64,18,0.035555556,18
3110.146273,53,94,0.93,41,0.022682927,18
3109.827633,39,50,0.39,11,0.035454545,18
3109.655888,54,83,0.77,29,0.026551724,18
3109.634139,56,86,0.79,30,0.026333333,18
3109.486045,42,48,0.22,6,0.036666667,18
3109.289764,62,86,0.51,24,0.02125,18
3109.273625,54,87,0.91,33,0.027575758,18
3108.836184,50,83,0.97,33,0.029393939,18
3108.833017,55,77,0.65,22,0.029545455,18
3108.833017,54,78,0.71,24,0.029583333,18
3108.833017,53,79,0.77,26,0.029615385,18
3108.833017,51,82,0.91,31,0.029354839,18
3108.833017,50,83,0.98,33,0.02969697,18
3108.644541,50,75,0.77,25,0.0308,18
3108.285509,53,82,0.81,29,0.027931034,18
3108.269142,56,87,0.86,31,0.027741935,18
3108.250028,37,49,0.51,12,0.0425,18
3108.155609,56,93,0.82,37,0.022162162,18
3108.106737,58,77,0.53,19,0.027894737,18
3108.106737,57,78,0.59,21,0.028095238,18
3108.106737,56,80,0.66,24,0.0275,18
3108.106737,55,81,0.72,26,0.027692308,18
3108.106737,54,81,0.76,27,0.028148148,18
3108.106737,54,82,0.78,28,0.027857143,18
3107.977867,44,78,0.99,34,0.029117647,18
3107.958953,36,56,0.71,20,0.0355,18
3107.692306,59,84,0.64,25,0.0256,18
3107.621263,61,85,0.5,24,0.020833333,18
3107.410432,51,81,0.91,30,0.030333333,18
3107.296658,57,89,0.84,32,0.02625,18
3107.287065,38,58,0.66,20,0.033,18
3107.138935,47,63,0.56,16,0.035,18
3107.138935,46,64,0.63,18,0.035,18
3106.855714,55,95,0.86,40,0.0215,18
3106.802506,35,56,0.81,21,0.038571429,18
3106.478717,55,80,0.68,25,0.0272,18
3106.457971,37,60,0.81,23,0.035217391,18
3106.396377,57,63,0.19,6,0.031666667,18
3106.372791,36,62,0.91,26,0.035,18
3106.153015,47,69,0.68,22,0.030909091,18
3105.200693,63,78,0.34,15,0.022666667,18
3104.732396,38,60,0.79,22,0.035909091,18
3104.700664,56,94,0.79,38,0.020789474,18
3104.638499,65,86,0.41,21,0.01952381,18
3104.553973,41,54,0.43,13,0.033076923,18
3104.54309,37,56,0.67,19,0.035263158,18
3104.450389,61,76,0.4,15,0.026666667,18
3103.756573,41,44,0.13,3,0.043333333,18
3103.70737,51,87,0.95,36,0.026388889,18
3103.562377,63,79,0.42,16,0.02625,18
3103.537279,38,51,0.45,13,0.034615385,18
3103.442489,41,49,0.31,8,0.03875,18
3103.268494,45,68,0.6,23,0.026086957,18
3102.781956,37,56,0.75,19,0.039473684,18
3102.697448,69,77,0.18,8,0.0225,18
3102.697448,67,79,0.27,12,0.0225,18
3102.697448,65,81,0.36,16,0.0225,18
3102.697448,63,83,0.45,20,0.0225,18
3102.690288,35,51,0.62,16,0.03875,18
3102.659825,51,86,0.95,35,0.027142857,18
3102.646205,65,84,0.37,19,0.019473684,18
3102.646205,64,85,0.41,21,0.01952381,18
3102.571601,50,61,0.37,11,0.033636364,18
3102.525829,40,53,0.49,13,0.037692308,18
3102.391248,52,57,0.17,5,0.034,18
3102.220378,32,54,0.88,22,0.04,18
3102.139438,51,89,0.99,38,0.026052632,18
3102.036625,65,75,0.23,10,0.023,18
3101.951824,36,53,0.6,17,0.035294118,18
3101.384407,55,90,0.93,35,0.026571429,18
3101.350462,53,84,0.83,31,0.026774194,18
3101.133746,53,85,0.85,32,0.0265625,18
3100.729965,53,96,0.94,43,0.021860465,18
3100.729965,53,97,0.95,44,0.021590909,18
3100.668126,64,81,0.36,17,0.021176471,18
3100.587163,37,59,0.73,22,0.033181818,18
3100.448874,46,65,0.53,19,0.027894737,18
3100.398118,51,84,0.94,33,0.028484848,18
3100.34872,38,57,0.65,19,0.034210526,18
3100.337282,57,86,0.76,29,0.026206897,18
3100.322571,42,47,0.18,5,0.036,18
3100.273203,71,75,0.09,4,0.0225,18
3100.192509,54,82,0.75,28,0.026785714,18
3100.192509,53,83,0.81,30,0.027,18
3100.192509,52,85,0.88,33,0.026666667,18
3099.698513,34,59,0.87,25,0.0348,18
3099.683252,44,70,0.67,26,0.025769231,18
3099.453433,59,79,0.53,20,0.0265,18
3099.299557,55,93,0.85,38,0.022368421,18
3099.148402,62,68,0.2,6,0.033333333,18
3098.613332,41,57,0.57,16,0.035625,18
3098.357623,62,86,0.52,24,0.021666667,18
3098.166255,61,91,0.58,30,0.019333333,18
3098.166255,60,92,0.62,32,0.019375,18
3098.113778,55,79,0.69,24,0.02875,18
3097.79603,38,62,0.86,24,0.035833333,18
3097.570783,57,84,0.72,27,0.026666667,18
3097.329346,51,65,0.34,14,0.024285714,18
3097.308547,41,45,0.15,4,0.0375,18
3097.226293,58,81,0.64,23,0.027826087,18
3097.226293,55,85,0.83,30,0.027666667,18
3097.146086,53,86,0.87,33,0.026363636,18
3097.146086,52,88,0.94,36,0.026111111,18
3097.043036,53,96,0.95,43,0.022093023,18
3097.036436,51,83,0.92,32,0.02875,18
3096.963665,39,54,0.59,15,0.039333333,18
3096.861287,40,59,0.68,19,0.035789474,18
3096.832373,52,86,0.9,34,0.026470588,18
3096.83178,53,89,0.98,36,0.027222222,18
3096.741905,53,71,0.56,18,0.031111111,18
3096.70653,35,57,0.84,22,0.038181818,18
3096.533355,39,53,0.54,14,0.038571429,18
3096.442351,53,84,0.92,31,0.029677419,18
3096.407546,68,79,0.24,11,0.021818182,18
3095.925453,58,85,0.59,27,0.021851852,18
3095.854474,66,75,0.25,9,0.027777778,18
3095.738206,56,91,0.78,35,0.022285714,18
3095.738206,55,93,0.84,38,0.022105263,18
3095.738206,54,95,0.9,41,0.02195122,18
3095.676323,54,94,0.89,40,0.02225,18
3095.633314,35,56,0.85,21,0.04047619,18
3095.613382,60,82,0.49,22,0.022272727,18
3095.464702,56,92,0.9,36,0.025,18
3095.464702,55,93,0.95,38,0.025,18
3095.461106,37,54,0.7,17,0.041176471,18
3095.442982,51,62,0.36,11,0.032727273,18
3095.112541,36,55,0.65,19,0.034210526,18
3094.937283,64,77,0.29,13,0.022307692,18
3094.813895,36,56,0.7,20,0.035,18
3094.729807,55,91,0.94,36,0.026111111,18
3094.669039,51,85,0.94,34,0.027647059,18
3094.421176,63,82,0.4,19,0.021052632,18
3094.336207,54,85,0.88,31,0.028387097,18
3094.333235,46,69,0.58,23,0.025217391,18
3094.070098,55,84,0.81,29,0.027931034,18
3093.733999,39,57,0.6,18,0.033333333,18
3093.722968,39,74,0.96,35,0.027428571,18
3093.702888,50,86,0.99,36,0.0275,18
3093.217378,66,81,0.33,15,0.022,18
3093.188078,56,91,0.89,35,0.025428571,18
3093.134837,38,58,0.67,20,0.0335,18
3093.03516,40,58,0.64,18,0.035555556,18
3092.937066,55,86,0.83,31,0.026774194,18
3092.453665,55,87,0.85,32,0.0265625,18
3091.967993,37,52,0.56,15,0.037333333,18
3091.594175,35,57,0.78,22,0.035454545,18
3091.483297,49,67,0.65,18,0.036111111,18
3091.449205,57,88,0.82,31,0.026451613,18
3091.088538,59,79,0.58,20,0.029,18
3090.921785,49,67,0.55,18,0.030555556,18
3090.916674,38,62,0.84,24,0.035,18
3090.773852,39,50,0.42,11,0.038181818,18
3090.670083,44,71,0.67,27,0.024814815,18
3090.579147,38,55,0.57,17,0.033529412,18
3090.254057,37,56,0.76,19,0.04,18
3090.110634,36,57,0.81,21,0.038571429,18
3090.095564,34,56,0.84,22,0.038181818,18
3089.901024,57,86,0.64,29,0.022068966,18
3089.789899,59,87,0.59,28,0.021071429,18
3089.731777,56,93,0.79,37,0.021351351,18
3089.659875,35,63,0.91,28,0.0325,18
3089.65136,65,76,0.25,11,0.022727273,18
3089.607048,35,60,0.97,25,0.0388,18
3089.560447,53,83,0.9,30,0.03,18
3089.489857,53,80,0.8,27,0.02962963,18
3089.290205,58,79,0.57,21,0.027142857,18
3089.265524,55,93,0.87,38,0.022894737,18
3089.265524,54,94,0.92,40,0.023,18
3089.265524,53,96,0.98,43,0.022790698,18
3089.239821,34,52,0.7,18,0.038888889,18
3089.145729,56,91,0.79,35,0.022571429,18
3089.010176,56,92,0.79,36,0.021944444,18
3088.831232,58,73,0.5,15,0.033333333,18
3088.727423,51,64,0.41,13,0.031538462,18
3088.609693,52,89,0.98,37,0.026486486,18
3088.507273,33,53,0.82,20,0.041,18
3088.403523,55,92,0.83,37,0.022432432,18
3088.358577,54,78,0.72,24,0.03,18
3088.320225,66,85,0.37,19,0.019473684,18
3087.941352,38,61,0.83,23,0.036086957,18
3087.832121,32,59,0.97,27,0.035925926,18
3087.769613,39,69,0.96,30,0.032,18
3087.595879,48,69,0.65,21,0.030952381,18
3087.536509,38,58,0.71,20,0.0355,18
3087.322987,62,81,0.4,19,0.021052632,18
3087.29865,62,80,0.4,18,0.022222222,18
3086.941096,53,81,0.8,28,0.028571429,18
3086.736116,63,89,0.5,26,0.019230769,18
3086.736116,62,90,0.54,28,0.019285714,18
3086.6158,59,87,0.72,28,0.025714286,18
3086.6158,58,88,0.78,30,0.026,18
3086.253892,51,86,0.94,35,0.026857143,18
3086.157539,63,83,0.51,20,0.0255,18
3086.157539,62,84,0.56,22,0.025454545,18
3085.677711,53,98,0.98,45,0.021777778,18
3085.25124,44,77,0.97,33,0.029393939,18
3085.170349,38,53,0.58,15,0.038666667,18
3085.153879,54,87,0.88,33,0.026666667,18
3085.153879,54,88,0.9,34,0.026470588,18
3085.153879,53,90,0.97,37,0.026216216,18
3085.094491,33,52,0.76,19,0.04,18
3084.983177,43,72,0.78,29,0.026896552,18
3084.883423,36,49,0.52,13,0.04,18
3084.831154,59,80,0.58,21,0.027619048,18
3084.831154,59,81,0.6,22,0.027272727,18
3084.831154,57,84,0.73,27,0.027037037,18
3084.831154,56,84,0.77,28,0.0275,18
3084.831154,54,87,0.9,33,0.027272727,18
3084.831154,53,88,0.96,35,0.027428571,18
3084.505135,47,51,0.13,4,0.0325,18
3084.505135,45,53,0.26,8,0.0325,18
3084.031475,32,55,0.87,23,0.037826087,18
3083.937779,53,82,0.82,29,0.028275862,18
3083.332506,59,73,0.41,14,0.029285714,18
3083.3282,65,74,0.25,9,0.027777778,18
3083.005806,58,75,0.49,17,0.028823529,18
3082.824899,32,55,0.89,23,0.038695652,18
3082.65655,34,57,0.8,23,0.034782609,18
3082.580958,53,95,0.93,42,0.022142857,18
3082.580958,52,96,0.98,44,0.022272727,18
3082.577872,49,68,0.58,19,0.030526316,18
3082.436425,51,87,0.96,36,0.026666667,18
3082.401711,60,86,0.54,26,0.020769231,18
3082.242081,63,85,0.47,22,0.021363636,18
3081.896196,34,59,0.84,25,0.0336,18
3081.770155,41,51,0.33,10,0.033,18
3081.758372,34,55,0.74,21,0.035238095,18
3081.505874,48,69,0.64,21,0.03047619,18
3080.599292,57,90,0.69,33,0.020909091,18
3080.556208,60,72,0.35,12,0.029166667,18
3080.347619,59,88,0.73,29,0.025172414,18
3080.021986,40,65,0.86,25,0.0344,18
3080.021986,39,66,0.93,27,0.034444444,18
3079.943839,41,76,0.92,35,0.026285714,18
3079.785252,32,57,0.87,25,0.0348,18
3079.568894,57,90,0.74,33,0.022424242,18
3079.537929,48,65,0.44,17,0.025882353,18
3079.340267,39,60,0.75,21,0.035714286,18
3079.206848,55,93,0.86,38,0.022631579,18
3079.185243,39,73,0.94,34,0.027647059,18
3079.132211,45,70,0.79,25,0.0316,18
3078.822027,39,62,0.78,23,0.033913043,18
3078.656329,37,55,0.73,18,0.040555556,18
3078.638362,52,80,0.84,28,0.03,18
3078.638362,51,81,0.9,30,0.03,18
3078.563577,45,72,0.71,27,0.026296296,18
3078.346562,36,50,0.54,14,0.038571429,18
3078.338342,52,87,0.92,35,0.026285714,18
3078.268899,58,88,0.64,30,0.021333333,18
3078.080515,62,78,0.37,16,0.023125,18
3078.037897,36,60,0.79,24,0.032916667,18
3077.806631,48,68,0.61,20,0.0305,18
3077.779615,35,61,0.87,26,0.033461538,18
3077.553323,36,52,0.57,16,0.035625,18
3077.534778,34,56,0.82,22,0.037272727,18
3077.523787,57,88,0.67,31,0.021612903,18
3077.498922,59,72,0.43,13,0.033076923,18
3077.486229,44,76,0.98,32,0.030625,18
3077.331363,32,53,0.91,21,0.043333333,18
3077.188937,56,84,0.76,28,0.027142857,18
3077.115145,53,88,0.99,35,0.028285714,18
3077.106315,44,72,0.7,28,0.025,18
3077.023927,42,81,0.97,39,0.024871795,18
3076.893165,54,85,0.89,31,0.028709677,18
3076.893165,53,86,0.95,33,0.028787879,18
3076.780514,58,74,0.47,16,0.029375,18
3076.633217,53,88,0.92,35,0.026285714,18
3076.446783,48,70,0.67,22,0.030454545,18
3076.434995,36,63,0.98,27,0.036296296,18
3076.366846,54,88,0.96,34,0.028235294,18
3076.081458,61,78,0.49,17,0.028823529,18
3075.98352,37,61,0.83,24,0.034583333,18
3075.583756,43,80,0.92,37,0.024864865,18
3074.860282,34,52,0.73,18,0.040555556,18
3074.544563,58,90,0.72,32,0.0225,18
3074.16855,47,70,0.71,23,0.030869565,18
3074.061227,42,74,0.98,32,0.030625,18
3073.959392,34,53,0.78,19,0.041052632,18
3073.82502,57,92,0.78,35,0.022285714,18
3073.75202,58,79,0.61,21,0.029047619,18
3073.75202,55,83,0.8,28,0.028571429,18
3073.621002,52,82,0.86,30,0.028666667,18
3073.588417,54,84,0.87,30,0.029,18
3073.469988,57,90,0.76,33,0.023030303,18
3073.469988,57,91,0.77,34,0.022647059,18
3073.274512,57,84,0.76,27,0.028148148,18
3073.25014,60,83,0.51,23,0.022173913,18
3073.222896,34,59,0.95,25,0.038,18
3073.062277,34,65,0.97,31,0.031290323,18
3072.765952,35,57,0.79,22,0.035909091,18
3072.743083,59,87,0.73,28,0.026071429,18
3072.329978,55,95,0.84,40,0.021,18
3072.026393,37,62,0.9,25,0.036,18
3071.386681,37,61,0.87,24,0.03625,18
3071.176371,53,62,0.28,9,0.031111111,18
3071.175681,36,60,0.81,24,0.03375,18
3070.989993,58,81,0.66,23,0.028695652,18
3070.989993,57,82,0.72,25,0.0288,18
3070.986459,35,55,0.73,20,0.0365,18
3070.962419,47,71,0.73,24,0.030416667,18
3070.724932,33,58,0.9,25,0.036,18
3070.719759,46,69,0.72,23,0.031304348,18
3070.506985,58,83,0.7,25,0.028,18
3070.506985,56,86,0.83,30,0.027666667,18
3070.506985,55,87,0.89,32,0.0278125,18
3070.506985,54,88,0.95,34,0.027941176,18
3070.47443,46,65,0.65,19,0.034210526,18
3070.410608,37,61,0.84,24,0.035,18
3070.188552,33,55,0.87,22,0.039545455,18
3070.145841,42,74,0.97,32,0.0303125,18
3070.138865,58,82,0.68,24,0.028333333,18
3069.882093,57,76,0.55,19,0.028947368,18
3069.882093,56,77,0.61,21,0.029047619,18
3069.882093,54,80,0.75,26,0.028846154,18
3069.684621,33,57,0.84,24,0.035,18
3069.670641,34,56,0.81,22,0.036818182,18
3069.518743,54,95,0.93,41,0.022682927,18
3069.518743,53,96,0.97,43,0.02255814,18
3069.371883,48,77,0.9,29,0.031034483,18
3069.033185,46,69,0.73,23,0.03173913,18
3068.782069,34,63,0.97,29,0.033448276,18
3068.619646,47,68,0.56,21,0.026666667,18
3068.603292,54,87,0.89,33,0.026969697,18
3068.603292,53,89,0.96,36,0.026666667,18
3068.414062,53,87,0.98,34,0.028823529,18
3068.111781,35,58,0.9,23,0.039130435,18
3068.057273,35,58,0.77,23,0.033478261,18
3067.691529,33,58,0.95,25,0.038,18
3067.583023,60,86,0.6,26,0.023076923,18
3067.583023,59,88,0.66,29,0.022758621,18
3067.583023,58,89,0.71,31,0.022903226,18
3067.374073,56,85,0.81,29,0.027931034,18
3067.355056,61,82,0.46,21,0.021904762,18
3067.290425,58,85,0.6,27,0.022222222,18
3066.636241,42,55,0.47,13,0.036153846,18
3066.483551,35,61,0.85,26,0.032692308,18
3066.449625,38,55,0.6,17,0.035294118,18
3066.355514,37,65,0.94,28,0.033571429,18
3066.181247,32,61,0.99,29,0.034137931,18
3066.11907,55,78,0.67,23,0.029130435,18
3066.032302,34,57,0.78,23,0.033913043,18
3065.604897,57,90,0.84,33,0.025454545,18
3065.604897,55,93,0.96,38,0.025263158,18
3065.479622,50,66,0.49,16,0.030625,18
3065.475352,54,86,0.87,32,0.0271875,18
3065.208445,55,87,0.72,32,0.0225,18
3065.178908,50,87,0.99,37,0.026756757,18
3065.141315,54,86,0.92,32,0.02875,18
3064.807497,56,93,0.91,37,0.024594595,18
3064.78243,33,57,0.92,24,0.038333333,18
3064.609949,43,73,0.75,30,0.025,18
3064.514914,55,85,0.79,30,0.026333333,18
3064.475635,43,72,0.91,29,0.03137931,18
3064.394145,47,66,0.62,19,0.032631579,18
3063.852494,60,83,0.5,23,0.02173913,18
3063.520048,47,63,0.51,16,0.031875,18
3063.493951,60,84,0.51,24,0.02125,18
3063.479691,64,74,0.29,10,0.029,18
3063.409068,46,70,0.59,24,0.024583333,18
3063.199745,55,68,0.4,13,0.030769231,18
3062.957627,47,69,0.69,22,0.031363636,18
3062.945628,48,67,0.48,19,0.025263158,18
3062.938602,50,68,0.54,18,0.03,18
3062.7066,47,69,0.8,22,0.036363636,18
3062.694377,52,97,0.98,45,0.021777778,18
3062.652451,56,84,0.74,28,0.026428571,18
3062.513009,38,53,0.54,15,0.036,18
3062.207902,60,81,0.48,21,0.022857143,18
3062.154839,54,95,0.89,41,0.021707317,18
3062.081615,53,88,0.95,35,0.027142857,18
3061.97882,57,80,0.67,23,0.029130435,18
3061.941128,43,71,0.72,28,0.025714286,18
3061.900199,33,58,0.93,25,0.0372,18
3061.573023,34,56,0.8,22,0.036363636,18
3061.398094,46,70,0.6,24,0.025,18
3061.381769,54,83,0.86,29,0.029655172,18
3061.381769,53,85,0.94,32,0.029375,18
3061.37833,56,81,0.73,25,0.0292,18
3061.002629,36,61,0.82,25,0.0328,18
3060.953595,47,68,0.53,21,0.025238095,18
3060.870541,59,85,0.56,26,0.021538462,18
3060.798028,53,79,0.78,26,0.03,18
3060.561892,59,84,0.55,25,0.022,18
3060.481219,66,77,0.23,11,0.020909091,18
3060.470986,41,77,0.94,36,0.026111111,18
3060.470932,53,87,0.91,34,0.026764706,18
3060.338499,34,57,0.81,23,0.035217391,18
3060.267165,45,71,0.81,26,0.031153846,18
3060.219997,44,72,0.87,28,0.031071429,18
3060.067493,69,76,0.18,7,0.025714286,18
3060.034104,34,59,0.97,25,0.0388,18
3059.915806,32,60,0.94,28,0.033571429,18
3059.883788,42,71,0.96,29,0.033103448,18
3059.832959,38,56,0.68,18,0.037777778,18
3059.377913,54,86,0.89,32,0.0278125,18
3059.237147,62,67,0.17,5,0.034,18
3059.237147,58,72,0.47,14,0.033571429,18
3059.234672,39,61,0.78,22,0.035454545,18
3059.227039,58,80,0.64,22,0.029090909,18
3059.227039,57,81,0.7,24,0.029166667,18
3059.089392,64,81,0.44,17,0.025882353,18
3059.089392,61,85,0.62,24,0.025833333,18
3059.089392,60,86,0.67,26,0.025769231,18
3059.089392,58,89,0.79,31,0.025483871,18
3059.089392,57,90,0.85,33,0.025757576,18
3059.089392,56,91,0.9,35,0.025714286,18
3059.087932,50,82,0.96,32,0.03,18
3058.982808,66,83,0.33,17,0.019411765,18
3058.511602,41,66,0.81,25,0.0324,18
3058.398299,36,58,0.75,22,0.034090909,18
3057.930339,56,92,0.82,36,0.022777778,18
3057.911676,57,88,0.73,31,0.023548387,18
3057.646648,58,86,0.6,28,0.021428571,18
3057.620064,61,81,0.45,20,0.0225,18
3057.563128,40,52,0.48,12,0.04,18
3057.505887,57,87,0.66,30,0.022,18
3057.486787,55,91,0.83,36,0.023055556,18
3057.486787,54,93,0.89,39,0.022820513,18
3057.486787,53,94,0.94,41,0.022926829,18
3057.389345,56,61,0.12,5,0.024,18
3057.277052,34,59,0.99,25,0.0396,18
3057.22324,52,97,0.99,45,0.022,18
3057.039004,42,68,0.93,26,0.035769231,18
3057.038581,36,56,0.78,20,0.039,18
3056.995317,51,64,0.4,13,0.030769231,18
3056.862916,54,89,0.96,35,0.027428571,18
3056.847337,42,72,0.97,30,0.032333333,18
3056.78873,62,81,0.41,19,0.021578947,18
3056.694148,54,88,0.91,34,0.026764706,18
3056.632787,42,71,0.99,29,0.034137931,18
3056.42138,55,83,0.81,28,0.028928571,18
3056.340236,43,75,0.97,32,0.0303125,18
3056.218186,57,88,0.66,31,0.021290323,18
3056.108355,56,82,0.76,26,0.029230769,18
3055.77634,34,58,0.92,24,0.038333333,18
3055.719342,47,71,0.72,24,0.03,18
3055.560732,66,76,0.22,10,0.022,18
3055.53998,55,94,0.88,39,0.022564103,18
3055.36225,52,86,0.94,34,0.027647059,18
3055.223178,37,56,0.73,19,0.038421053,18
3055.079826,46,66,0.68,20,0.034,18
3054.721581,53,71,0.55,18,0.030555556,18
3054.721581,52,72,0.61,20,0.0305,18
3054.606342,57,83,0.68,26,0.026153846,18
3054.494737,52,82,0.88,30,0.029333333,18
3054.467009,50,83,0.99,33,0.03,18
3054.197154,40,78,0.99,38,0.026052632,18
3054.152044,38,54,0.54,16,0.03375,18
3054.057037,50,65,0.47,15,0.031333333,18
3053.960849,49,69,0.6,20,0.03,18
3053.960849,48,70,0.66,22,0.03,18
3053.883972,44,75,0.93,31,0.03,18
3053.883972,43,76,0.99,33,0.03,18
3053.672058,52,72,0.72,20,0.036,18
3053.598172,41,60,0.64,19,0.033684211,18
3053.346463,67,73,0.14,6,0.023333333,18
3053.24014,38,57,0.64,19,0.033684211,18
3053.027561,64,70,0.17,6,0.028333333,18
3052.364562,37,60,0.8,23,0.034782609,18
3052.190675,56,67,0.34,11,0.030909091,18
3052.1802,45,66,0.72,21,0.034285714,18
3051.842658,48,66,0.57,18,0.031666667,18
3051.569148,47,65,0.61,18,0.033888889,18
3051.519409,64,78,0.31,14,0.022142857,18
3051.47523,44,48,0.14,4,0.035,18
3051.349434,63,80,0.46,17,0.027058824,18
3051.284201,53,60,0.19,7,0.027142857,18
3051.165026,34,64,0.98,30,0.032666667,18
3051.110781,54,85,0.84,31,0.027096774,18
3051.048288,60,90,0.73,30,0.024333333,18
3050.757497,37,48,0.43,11,0.039090909,18
3050.732659,41,59,0.62,18,0.034444444,18
3050.721758,49,66,0.42,17,0.024705882,18
3050.576296,54,94,0.88,40,0.022,18
3050.553057,34,64,0.99,30,0.033,18
3050.412205,40,75,0.89,35,0.025428571,18
3050.342292,54,82,0.84,28,0.03,18
3050.242396,56,89,0.88,33,0.026666667,18
3050.196983,55,85,0.82,30,0.027333333,18
3050.196983,54,86,0.88,32,0.0275,18
3050.196983,53,89,0.97,36,0.026944444,18
3050.192373,48,63,0.42,15,0.028,18
3049.929433,36,58,0.76,22,0.034545455,18
3049.918663,62,79,0.39,17,0.022941176,18
3049.683407,66,82,0.31,16,0.019375,18
3049.652139,36,62,0.89,26,0.034230769,18
3049.627337,40,50,0.35,10,0.035,18
3049.627337,39,51,0.42,12,0.035,18
3049.36515,53,94,0.96,41,0.023414634,18
3048.992804,44,74,0.9,30,0.03,18
3048.968069,48,50,0.07,2,0.035,18
3048.968069,47,51,0.14,4,0.035,18
3048.706997,43,72,0.9,29,0.031034483,18
3048.432984,51,82,0.93,31,0.03,18
3048.288815,56,66,0.31,10,0.031,18
3048.288815,54,69,0.46,15,0.030666667,18
3048.247886,51,65,0.49,14,0.035,18
3048.20097,58,86,0.61,28,0.021785714,18
3048.044711,56,86,0.68,30,0.022666667,18
3048.019971,55,85,0.86,30,0.028666667,18
3047.963011,55,84,0.78,29,0.026896552,18
3047.854386,49,62,0.43,13,0.033076923,18
3047.76164,45,47,0.07,2,0.035,18
3047.595833,56,87,0.69,31,0.022258065,18
3047.485904,41,47,0.23,6,0.038333333,18
3047.147624,40,48,0.31,8,0.03875,18
3046.846342,51,69,0.46,18,0.025555556,18
3046.812242,54,88,0.77,34,0.022647059,18
3046.788215,45,71,0.65,26,0.025,18
3046.399253,42,69,0.94,27,0.034814815,18
3046.264443,57,87,0.65,30,0.021666667,18
3045.883161,39,63,0.8,24,0.033333333,18
3045.869702,44,73,0.7,29,0.024137931,18
3045.818738,37,49,0.46,12,0.038333333,18
3045.695689,57,75,0.53,18,0.029444444,18
3045.695689,56,76,0.59,20,0.0295,18
3045.695689,54,79,0.73,25,0.0292,18
3045.695689,53,80,0.79,27,0.029259259,18
3045.695689,52,81,0.86,29,0.029655172,18
3045.695689,51,82,0.92,31,0.029677419,18
3045.487226,62,69,0.23,7,0.032857143,18
3045.438462,58,87,0.68,29,0.023448276,18
3045.438462,57,89,0.74,32,0.023125,18
3045.438462,56,90,0.79,34,0.023235294,18
3045.345846,38,52,0.49,14,0.035,18
3045.25544,45,72,0.83,27,0.030740741,18
3045.101714,46,51,0.18,5,0.036,18
3045.016095,45,74,0.87,29,0.03,18
3044.909691,46,71,0.77,25,0.0308,18
3044.909691,44,74,0.91,30,0.030333333,18
3044.88625,42,75,0.82,33,0.024848485,18
3044.811738,56,85,0.82,29,0.028275862,18
3044.811738,56,86,0.84,30,0.028,18
3044.811738,55,87,0.9,32,0.028125,18
3044.712469,53,85,0.93,32,0.0290625,18
3044.673638,37,64,0.95,27,0.035185185,18
3044.560063,53,71,0.54,18,0.03,18
3044.560063,52,72,0.6,20,0.03,18
3044.46521,54,70,0.49,16,0.030625,18
3044.435978,53,88,0.94,35,0.026857143,18
3044.264088,43,74,0.77,31,0.02483871,18
3044.140685,44,80,0.89,36,0.024722222,18
3044.024164,65,83,0.35,18,0.019444444,18
3044.024164,64,84,0.39,20,0.0195,18
3043.642528,43,70,0.92,27,0.034074074,18
3043.402141,43,70,0.9,27,0.033333333,18
3042.952214,53,81,0.81,28,0.028928571,18
3042.952214,52,82,0.87,30,0.029,18
3042.952214,51,83,0.93,32,0.0290625,18
3042.952214,50,84,0.99,34,0.029117647,18
3042.861836,49,66,0.52,17,0.030588235,18
3042.686649,47,68,0.65,21,0.030952381,18
3042.469615,49,76,0.84,27,0.031111111,18
3042.448212,55,91,0.84,36,0.023333333,18
3042.448212,54,92,0.89,38,0.023421053,18
3042.448212,53,94,0.95,41,0.023170732,18
3042.445833,61,73,0.34,12,0.028333333,18
3042.419751,57,84,0.62,27,0.022962963,18
3042.03802,48,67,0.47,19,0.024736842,18
3041.966895,57,74,0.57,17,0.033529412,18
3041.629875,36,58,0.86,22,0.039090909,18
3041.318258,38,55,0.65,17,0.038235294,18
3041.107578,57,83,0.74,26,0.028461538,18
3041.107578,55,86,0.88,31,0.028387097,18
3040.588207,44,75,0.92,31,0.029677419,18
3040.469716,59,83,0.53,24,0.022083333,18
3040.35541,56,89,0.71,33,0.021515152,18
3040.191724,45,74,0.86,29,0.029655172,18
3040.141357,33,60,0.96,27,0.035555556,18
3040.086998,55,90,0.94,35,0.026857143,18
3040.048765,56,88,0.7,32,0.021875,18
3039.985364,36,49,0.5,13,0.038461538,18
3039.967956,47,67,0.64,20,0.032,18
3039.944769,46,52,0.21,6,0.035,18
3039.944769,45,53,0.28,8,0.035,18
3039.944769,44,54,0.35,10,0.035,18
3039.713205,61,81,0.44,20,0.022,18
3039.683148,64,82,0.46,18,0.025555556,18
3039.561794,55,69,0.43,14,0.030714286,18
3039.505724,63,85,0.45,22,0.020454545,18
3039.438295,33,62,0.97,29,0.033448276,18
3039.293323,35,63,0.99,28,0.035357143,18
3039.123425,41,51,0.4,10,0.04,18
3038.874651,35,58,0.89,23,0.038695652,18
3038.835758,43,81,0.94,38,0.024736842,18
3038.804147,52,72,0.62,20,0.031,18
3038.804147,51,73,0.68,22,0.030909091,18
3038.724473,33,53,0.86,20,0.043,18
3038.643224,34,62,0.96,28,0.034285714,18
3038.557406,33,62,0.95,29,0.032758621,18
3038.507231,49,67,0.56,18,0.031111111,18
3038.415453,37,52,0.57,15,0.038,18
3038.414283,43,73,0.8,30,0.026666667,18
3038.311283,33,59,0.92,26,0.035384615,18
3038.298392,38,53,0.53,15,0.035333333,18
3038.241653,47,79,0.96,32,0.03,18
3037.782876,48,68,0.72,20,0.036,18
3037.526156,42,50,0.32,8,0.04,18
3037.475915,35,50,0.66,15,0.044,18
3037.140195,38,58,0.64,20,0.032,18
3037.039771,46,72,0.79,26,0.030384615,18
3037.039771,45,73,0.85,28,0.030357143,18
3037.006718,35,60,0.98,25,0.0392,18
3036.937038,35,63,0.93,28,0.033214286,18
3036.853299,60,64,0.12,4,0.03,18
3036.853299,59,65,0.18,6,0.03,18
3036.853299,58,66,0.24,8,0.03,18
3036.853299,57,67,0.3,10,0.03,18
3036.853299,56,68,0.36,12,0.03,18
3036.853299,55,69,0.42,14,0.03,18
3036.853299,54,70,0.48,16,0.03,18
3036.812371,44,74,0.78,30,0.026,18
3036.708954,48,64,0.54,16,0.03375,18
3036.685535,55,91,0.95,36,0.026388889,18
3036.590329,37,59,0.7,22,0.031818182,18
3036.55103,46,71,0.87,25,0.0348,18
3036.342225,56,83,0.78,27,0.028888889,18
3036.342225,55,84,0.84,29,0.028965517,18
3036.342225,54,85,0.9,31,0.029032258,18
3035.933364,60,78,0.48,18,0.026666667,18
3035.893511,34,59,0.96,25,0.0384,18
3035.790151,59,80,0.56,21,0.026666667,18
3035.770506,59,78,0.56,19,0.029473684,18
3035.770506,58,79,0.62,21,0.02952381,18
3035.763235,57,90,0.75,33,0.022727273,18
3035.759502,53,74,0.72,21,0.034285714,18
3035.720075,37,60,0.75,23,0.032608696,18
3035.705635,60,85,0.63,25,0.0252,18
3035.705635,58,88,0.75,30,0.025,18
3035.566476,42,73,0.79,31,0.025483871,18
3035.449577,35,54,0.67,19,0.035263158,18
3034.84354,54,69,0.47,15,0.031333333,18
3034.564278,52,89,0.99,37,0.026756757,18
3034.513268,56,82,0.74,26,0.028461538,18
3034.436699,38,48,0.38,10,0.038,18
3034.250687,54,96,0.89,42,0.021190476,18
3034.182133,34,61,0.92,27,0.034074074,18
3034.120996,51,74,0.82,23,0.035652174,18
3033.824367,40,45,0.19,5,0.038,18
3033.819739,63,80,0.37,17,0.021764706,18
3033.409872,49,66,0.54,17,0.031764706,18
3033.381785,51,73,0.67,22,0.030454545,18
3033.338566,49,61,0.38,12,0.031666667,18
3033.208403,58,91,0.81,33,0.024545455,18
3033.208403,57,92,0.86,35,0.024571429,18
3033.157393,42,71,0.97,29,0.033448276,18
3032.929931,56,91,0.74,35,0.021142857,18
3032.914232,63,72,0.25,9,0.027777778,18
3032.694603,57,82,0.67,25,0.0268,18
3032.484929,36,53,0.65,17,0.038235294,18
3032.434124,40,61,0.71,21,0.033809524,18
3032.372919,40,55,0.5,15,0.033333333,18
3032.340876,53,95,0.95,42,0.022619048,18
3032.309221,33,59,0.93,26,0.035769231,18
3032.214766,36,58,0.87,22,0.039545455,18
3032.214766,35,59,0.95,24,0.039583333,18
3032.146517,35,51,0.69,16,0.043125,18
3032.087343,37,54,0.6,17,0.035294118,18
3031.85807,49,62,0.44,13,0.033846154,18
3031.721715,36,55,0.67,19,0.035263158,18
3031.688492,69,73,0.11,4,0.0275,18
3031.688492,67,75,0.22,8,0.0275,18
3031.688492,65,77,0.33,12,0.0275,18
3031.560153,66,83,0.35,17,0.020588235,18
3031.366197,58,92,0.69,34,0.020294118,18
3031.327477,46,71,0.76,25,0.0304,18
3031.053313,49,67,0.64,18,0.035555556,18
3030.983259,47,70,0.7,23,0.030434783,18
3030.983259,45,73,0.84,28,0.03,18
3030.880872,43,68,0.87,25,0.0348,18
3030.746903,35,59,0.91,24,0.037916667,18
3030.66871,43,66,0.84,23,0.036521739,18
3030.588524,55,93,0.83,38,0.021842105,18
3030.573433,32,55,0.88,23,0.03826087,18
3030.479167,53,98,0.97,45,0.021555556,18
3030.464623,46,75,0.81,29,0.027931034,18
3030.439961,56,89,0.72,33,0.021818182,18
3030.435032,51,83,0.94,32,0.029375,18
3030.068565,53,65,0.29,12,0.024166667,18
3030.036076,54,93,0.9,39,0.023076923,18
3029.772332,65,70,0.14,5,0.028,18
3029.477704,56,83,0.73,27,0.027037037,18
3029.381116,56,81,0.74,25,0.0296,18
3029.381116,55,82,0.8,27,0.02962963,18
3029.381116,54,84,0.88,30,0.029333333,18
3029.347895,61,79,0.42,18,0.023333333,18
3029.194912,44,73,0.72,29,0.024827586,18
3028.987344,33,53,0.78,20,0.039,18
3028.869865,60,86,0.59,26,0.022692308,18
3028.798032,55,95,0.85,40,0.02125,18
3028.777577,36,59,0.89,23,0.038695652,18
3028.459766,64,76,0.28,12,0.023333333,18
3028.263197,35,60,0.84,25,0.0336,18
3028.041388,62,82,0.43,20,0.0215,18
3027.954769,56,82,0.71,26,0.027307692,18
3027.915425,57,66,0.28,9,0.031111111,18
3027.817631,52,64,0.37,12,0.030833333,18
3027.701696,35,61,0.99,26,0.038076923,18
3027.640673,61,83,0.48,22,0.021818182,18
3027.640673,59,85,0.57,26,0.021923077,18
3027.49512,36,61,0.89,25,0.0356,18
3027.484072,53,87,0.93,34,0.027352941,18
3027.398067,46,68,0.6,22,0.027272727,18
3027.396993,37,57,0.78,20,0.039,18
3027.347626,32,61,0.96,29,0.033103448,18
3027.340777,41,74,0.83,33,0.025151515,18
3027.313036,43,54,0.4,11,0.036363636,18
3027.297297,53,86,0.96,33,0.029090909,18
3027.225952,44,56,0.42,12,0.035,18
3027.223005,54,83,0.85,29,0.029310345,18
3027.187811,50,66,0.58,16,0.03625,18
3027.146444,57,92,0.77,35,0.022,18
3027.090263,45,47,0.08,2,0.04,18
3027.090263,44,48,0.16,4,0.04,18
3027.090263,43,49,0.24,6,0.04,18
3027.02704,35,55,0.74,20,0.037,18
3026.847128,32,56,0.99,24,0.04125,18
3026.461386,34,53,0.79,19,0.041578947,18
3026.382342,39,56,0.57,17,0.033529412,18
3026.317168,55,91,0.96,36,0.026666667,18
3025.92102,57,65,0.25,8,0.03125,18
3025.904063,60,77,0.5,17,0.029411765,18
3025.82063,59,74,0.44,15,0.029333333,18
3025.82063,58,75,0.5,17,0.029411765,18
3025.82063,57,76,0.56,19,0.029473684,18
3025.82063,56,77,0.62,21,0.02952381,18
3025.680157,37,60,0.82,23,0.035652174,18
3025.506073,51,86,0.98,35,0.028,18
3025.256838,56,92,0.78,36,0.021666667,18
3025.256838,55,94,0.84,39,0.021538462,18
3025.16587,53,86,0.94,33,0.028484848,18
3025.093187,60,84,0.52,24,0.021666667,18
3025.089093,69,74,0.11,5,0.022,18
3025.089093,64,79,0.33,15,0.022,18
3025.088628,34,56,0.77,22,0.035,18
3025.059968,34,64,0.95,30,0.031666667,18
3025.028207,38,52,0.54,14,0.038571429,18
3024.954131,38,47,0.35,9,0.038888889,18
3024.952811,40,60,0.7,20,0.035,18
3024.935455,34,61,0.91,27,0.033703704,18
3024.818918,35,57,0.76,22,0.034545455,18
3024.812703,33,54,0.89,21,0.042380952,18
3024.736934,66,72,0.16,6,0.026666667,18
3024.736934,61,78,0.45,17,0.026470588,18
3024.736934,60,79,0.5,19,0.026315789,18
3024.730682,39,57,0.63,18,0.035,18
3024.712814,51,65,0.43,14,0.030714286,18
3024.655626,44,68,0.67,24,0.027916667,18
3024.408575,54,84,0.86,30,0.028666667,18
3024.408575,53,85,0.92,32,0.02875,18
3024.294531,39,57,0.57,18,0.031666667,18
3024.272084,53,95,0.97,42,0.023095238,18
3024.112165,39,54,0.57,15,0.038,18
3024.078502,58,91,0.71,33,0.021515152,18
3024.010329,61,83,0.47,22,0.021363636,18
3023.912031,36,57,0.84,21,0.04,18
3023.618275,31,58,0.97,27,0.035925926,18
3023.249591,47,68,0.66,21,0.031428571,18
3023.232642,35,59,0.83,24,0.034583333,18
3023.204089,58,80,0.59,22,0.026818182,18
3023.148189,46,72,0.78,26,0.03,18
3023.018771,31,55,0.96,24,0.04,18
3022.819234,48,64,0.52,16,0.0325,18
3022.660315,49,69,0.49,20,0.0245,18
3022.578146,40,53,0.51,13,0.039230769,18
3022.577181,39,51,0.43,12,0.035833333,18
3022.187619,66,78,0.25,12,0.020833333,18
3022.187619,64,81,0.35,17,0.020588235,18
3022.152237,59,78,0.52,19,0.027368421,18
3022.152237,58,79,0.58,21,0.027619048,18
3022.152237,57,81,0.65,24,0.027083333,18
3022.152237,56,81,0.69,25,0.0276,18
3022.152237,54,84,0.82,30,0.027333333,18
3022.134904,51,74,0.69,23,0.03,18
3022.134904,50,75,0.75,25,0.03,18
3022.134904,49,76,0.81,27,0.03,18
3022.130185,61,86,0.63,25,0.0252,18
3021.976496,65,72,0.19,7,0.027142857,18
3021.974696,62,76,0.38,14,0.027142857,18
3021.955126,44,69,0.68,25,0.0272,18
3021.880094,39,58,0.66,19,0.034736842,18
3021.880094,38,59,0.73,21,0.034761905,18
3021.849035,56,86,0.67,30,0.022333333,18
3021.809392,36,49,0.51,13,0.039230769,18
3021.732954,49,76,0.97,27,0.035925926,18
3021.692472,58,89,0.8,31,0.025806452,18
3021.678972,53,97,0.99,44,0.0225,18
3021.610455,54,86,0.85,32,0.0265625,18
3021.459814,53,87,0.95,34,0.027941176,18
3021.223772,53,85,0.88,32,0.0275,18
3021.223094,63,74,0.3,11,0.027272727,18
3021.223094,59,79,0.54,20,0.027,18
3021.146573,50,67,0.58,17,0.034117647,18
3021.146573,49,68,0.65,19,0.034210526,18
3021.146149,43,70,0.75,27,0.027777778,18
3021.126778,51,85,0.96,34,0.028235294,18
3021.047027,52,88,0.99,36,0.0275,18
3021.037649,52,64,0.43,12,0.035833333,18
3020.99148,35,63,0.96,28,0.034285714,18
3020.877228,37,55,0.61,18,0.033888889,18
3020.471567,56,79,0.65,23,0.02826087,18
3020.376683,56,91,0.8,35,0.022857143,18
3020.376683,55,92,0.85,37,0.022972973,18
3020.376683,54,94,0.91,40,0.02275,18
3020.314235,43,74,0.76,31,0.024516129,18
3020.076292,56,89,0.89,33,0.026969697,18
3019.802325,57,92,0.76,35,0.021714286,18
3019.769143,48,53,0.17,5,0.034,18
3019.764005,33,62,0.99,29,0.034137931,18
3019.640888,44,68,0.82,24,0.034166667,18
3019.61262,45,77,0.88,32,0.0275,18
3019.26865,60,75,0.42,15,0.028,18
3019.26865,60,76,0.44,16,0.0275,18
3019.26865,59,77,0.5,18,0.027777778,18
3019.26865,56,80,0.67,24,0.027916667,18
3019.26249,64,74,0.27,10,0.027,18
3019.058552,62,81,0.42,19,0.022105263,18
3018.990549,35,62,0.87,27,0.032222222,18
3018.861748,36,64,0.96,28,0.034285714,18
3018.794641,63,79,0.36,16,0.0225,18
3018.571175,38,64,0.87,26,0.033461538,18
3018.488515,35,50,0.59,15,0.039333333,18
3018.484081,55,90,0.95,35,0.027142857,18
3018.39967,51,62,0.28,11,0.025454545,18
3018.378412,54,85,0.87,31,0.028064516,18
3018.217088,48,63,0.51,15,0.034,18
3018.217088,47,64,0.58,17,0.034117647,18
3018.173477,50,67,0.52,17,0.030588235,18
3018.082316,62,71,0.26,9,0.028888889,18
3018.082119,43,49,0.2,6,0.033333333,18
3017.995357,44,78,0.95,34,0.027941176,18
3017.938631,37,66,0.96,29,0.033103448,18
3017.921569,59,84,0.56,25,0.0224,18
3017.671549,35,54,0.73,19,0.038421053,18
3017.616895,34,63,0.98,29,0.033793103,18
3017.600987,35,57,0.75,22,0.034090909,18
3017.565633,44,66,0.78,22,0.035454545,18
3017.474152,59,89,0.67,30,0.022333333,18
3017.082197,38,55,0.64,17,0.037647059,18
3016.944793,37,57,0.76,20,0.038,18
3016.893447,37,65,0.95,28,0.033928571,18
3016.442976,50,74,0.75,24,0.03125,18
3016.357722,37,48,0.42,11,0.038181818,18
3016.335598,62,86,0.5,24,0.020833333,18
3016.224405,48,68,0.63,20,0.0315,18
3016.152181,66,77,0.24,11,0.021818182,18
3016.082565,49,66,0.53,17,0.031176471,18
3015.895774,63,79,0.35,16,0.021875,18
3015.776239,32,58,0.89,26,0.034230769,18
3015.745485,65,77,0.26,12,0.021666667,18
3015.533754,34,58,0.82,24,0.034166667,18
3014.578789,44,46,0.07,2,0.035,18
3014.578789,43,47,0.14,4,0.035,18
3014.570332,52,73,0.74,21,0.035238095,18
3014.381497,39,49,0.35,10,0.035,18
3014.380785,61,72,0.32,11,0.029090909,18
3014.228382,67,81,0.27,14,0.019285714,18
3014.036641,52,62,0.31,10,0.031,18
3013.997853,50,66,0.57,16,0.035625,18
3013.964046,57,94,0.9,37,0.024324324,18
3013.948692,40,76,0.96,36,0.026666667,18
3013.896203,39,67,0.95,28,0.033928571,18
3013.681296,44,54,0.36,10,0.036,18
3013.550953,62,75,0.35,13,0.026923077,18
3013.550953,60,77,0.46,17,0.027058824,18
3013.482931,68,77,0.19,9,0.021111111,18
3013.476256,52,59,0.23,7,0.032857143,18
3013.438474,42,71,0.79,29,0.027241379,18
3013.376597,56,83,0.72,27,0.026666667,18
3013.279746,41,72,0.85,31,0.027419355,18
3013.038135,34,63,0.96,29,0.033103448,18
3013.000267,44,71,0.87,27,0.032222222,18
3012.997315,56,94,0.93,38,0.024473684,18
3012.997315,55,95,0.98,40,0.0245,18
3012.953487,46,70,0.75,24,0.03125,18
3012.694516,36,59,0.88,23,0.03826087,18
3012.651197,44,68,0.83,24,0.034583333,18
3012.556344,53,84,0.86,31,0.027741935,18
3012.502353,64,72,0.22,8,0.0275,18
3012.502353,62,74,0.33,12,0.0275,18
3012.465643,59,86,0.64,27,0.023703704,18
3012.465643,58,87,0.69,29,0.023793103,18
3012.175266,38,56,0.6,18,0.033333333,18
3012.147505,47,65,0.59,18,0.032777778,18
3012.1001,34,53,0.71,19,0.037368421,18
3012.072454,45,56,0.34,11,0.030909091,18
3011.942744,63,81,0.38,18,0.021111111,18
3011.930179,48,77,0.89,29,0.030689655,18
3011.924543,40,55,0.56,15,0.037333333,18
3011.867929,38,49,0.39,11,0.035454545,18
3011.826136,36,58,0.83,22,0.037727273,18
3011.742478,42,48,0.21,6,0.035,18
3011.473538,59,84,0.54,25,0.0216,18
3011.183024,55,88,0.74,33,0.022424242,18
3010.968211,62,70,0.26,8,0.0325,18
3010.94706,38,64,0.88,26,0.033846154,18
3010.918364,60,72,0.39,12,0.0325,18
3010.909521,36,65,0.98,29,0.033793103,18
3010.867853,53,95,0.96,42,0.022857143,18
3010.386997,51,86,0.99,35,0.028285714,18
3010.361876,65,78,0.35,13,0.026923077,18
3010.329767,47,52,0.16,5,0.032,18
3010.314099,63,82,0.39,19,0.020526316,18
3010.314099,62,83,0.43,21,0.02047619,18
3010.2329,46,73,0.84,27,0.031111111,18
3010.180764,65,78,0.28,13,0.021538462,18
3010.158556,38,52,0.58,14,0.041428571,18
3010.049491,49,65,0.43,16,0.026875,18
3009.957797,33,61,0.97,28,0.034642857,18
3009.921229,34,55,0.72,21,0.034285714,18
3009.847799,37,63,0.93,26,0.035769231,18
3009.76246,43,69,0.87,26,0.033461538,18
3009.596274,53,73,0.7,20,0.035,18
3009.517376,60,82,0.5,22,0.022727273,18
3009.316623,53,87,0.94,34,0.027647059,18
3009.224415,44,77,0.98,33,0.02969697,18
3009.212737,34,58,0.83,24,0.034583333,18
3008.916565,41,45,0.17,4,0.0425,18
3008.77514,33,59,0.9,26,0.034615385,18
3008.7547,33,59,0.89,26,0.034230769,18
3008.718452,58,64,0.19,6,0.031666667,18
3008.718452,55,67,0.38,12,0.031666667,18
3008.718452,53,70,0.53,17,0.031176471,18
3008.639274,57,93,0.74,36,0.020555556,18
3008.127737,55,70,0.53,15,0.035333333,18
3008.055768,58,81,0.61,23,0.026521739,18
3008.052985,46,70,0.74,24,0.030833333,18
3007.815812,39,55,0.56,16,0.035,18
3007.566408,40,59,0.67,19,0.035263158,18
3007.551934,59,90,0.76,31,0.024516129,18
3007.540456,33,54,0.79,21,0.037619048,18
3007.457594,41,73,0.88,32,0.0275,18
3007.457594,40,74,0.94,34,0.027647059,18
3007.428953,55,78,0.68,23,0.029565217,18
3007.428953,54,79,0.74,25,0.0296,18
3007.400808,34,63,0.95,29,0.032758621,18
3007.298087,68,75,0.15,7,0.021428571,18
3007.282699,50,62,0.31,12,0.025833333,18
3007.201931,48,65,0.54,17,0.031764706,18
3007.017949,36,62,0.9,26,0.034615385,18
3006.961681,64,67,0.1,3,0.033333333,18
3006.961681,61,70,0.3,9,0.033333333,18
3006.956938,39,68,0.96,29,0.033103448,18
3006.955676,55,96,0.99,41,0.024146341,18
3006.761956,39,53,0.56,14,0.04,18
3006.513563,36,59,0.86,23,0.037391304,18
3006.424442,44,72,0.69,28,0.024642857,18
3006.3347,67,81,0.28,14,0.02,18
3006.272974,43,72,0.93,29,0.032068966,18
3006.257705,35,62,0.99,27,0.036666667,18
3006.240117,48,78,0.89,30,0.029666667,18
3006.185125,34,60,0.9,26,0.034615385,18
3006.17911,38,54,0.64,16,0.04,18
3006.129529,46,65,0.66,19,0.034736842,18
3005.954529,33,60,0.93,27,0.034444444,18
3005.657435,52,96,0.97,44,0.022045455,18
3005.656211,38,60,0.76,22,0.034545455,18
3005.47098,43,75,0.77,32,0.0240625,18
3005.461767,40,55,0.54,15,0.036,18
3005.43703,64,82,0.41,18,0.022777778,18
3005.43703,62,84,0.5,22,0.022727273,18
3005.43703,60,87,0.61,27,0.022592593,18
3005.357143,39,59,0.72,20,0.036,18
3005.284586,61,87,0.53,26,0.020384615,18
3005.043904,55,92,0.97,37,0.026216216,18
3005.043224,56,76,0.6,20,0.03,18
3004.451717,54,71,0.6,17,0.035294118,18
3004.234823,55,89,0.75,34,0.022058824,18
3004.162338,54,95,0.94,41,0.022926829,18
3003.805326,40,66,0.87,26,0.033461538,18
3003.76836,55,80,0.71,25,0.0284,18
3003.76836,54,81,0.77,27,0.028518519,18
3003.722406,53,70,0.52,17,0.030588235,18
3003.711305,34,51,0.67,17,0.039411765,18
3003.399655,52,63,0.34,11,0.030909091,18
3003.39601,61,76,0.42,15,0.028,18
3003.086405,62,85,0.52,23,0.022608696,18
3002.907819,40,57,0.62,17,0.036470588,18
3002.771093,57,88,0.74,31,0.023870968,18
3002.771093,56,89,0.79,33,0.023939394,18
3002.551907,38,58,0.7,20,0.035,18
3002.520471,61,71,0.3,10,0.03,18
3002.520471,60,72,0.36,12,0.03,18
3002.520471,59,73,0.42,14,0.03,18
3002.520471,58,74,0.48,16,0.03,18
3002.520471,57,75,0.54,18,0.03,18
3002.406448,60,88,0.57,28,0.020357143,18
3002.366941,65,79,0.29,14,0.020714286,18
3002.341751,39,75,0.99,36,0.0275,18
3002.330572,54,60,0.15,6,0.025,18
3002.330572,53,61,0.2,8,0.025,18
3002.330572,52,62,0.25,10,0.025,18
3002.235524,42,70,0.95,28,0.033928571,18
3001.965428,44,57,0.44,13,0.033846154,18
3001.936066,36,55,0.66,19,0.034736842,18
3001.923608,63,72,0.26,9,0.028888889,18
3001.866056,66,75,0.2,9,0.022222222,18
3001.856803,60,78,0.49,18,0.027222222,18
3001.536482,63,75,0.32,12,0.026666667,18
3001.343871,33,59,0.87,26,0.033461538,18
3001.343029,41,73,0.82,32,0.025625,18
3001.303561,53,86,0.92,33,0.027878788,18
3001.285893,45,66,0.73,21,0.034761905,18
3001.265918,42,52,0.35,10,0.035,18
3001.265918,41,53,0.42,12,0.035,18
3001.264765,49,76,0.83,27,0.030740741,18
3001.257063,49,76,0.82,27,0.03037037,18
3001.249184,44,69,0.84,25,0.0336,18
3001.249184,43,70,0.91,27,0.033703704,18
3001.158558,42,83,0.97,41,0.023658537,18
3001.150328,45,75,0.89,30,0.029666667,18
3000.927938,61,69,0.27,8,0.03375,18
3000.920509,34,61,0.93,27,0.034444444,18
3000.86011,55,94,0.96,39,0.024615385,18
3000.811385,43,70,0.69,27,0.025555556,18
3000.797963,53,98,0.96,45,0.021333333,18
3000.729867,41,52,0.43,11,0.039090909,18
3000.361223,54,92,0.9,38,0.023684211,18
3000.361223,53,93,0.95,40,0.02375,18
3000.324933,53,76,0.67,23,0.029130435,18
3000.263468,60,87,0.56,27,0.020740741,18
3000.17556,39,77,0.96,38,0.025263158,18
3000.168507,54,97,0.93,43,0.021627907,18
3000.166666,35,56,0.74,21,0.035238095,18
3000.154226,65,71,0.17,6,0.028333333,18
3000.125905,36,64,0.95,28,0.033928571,18
