% profit,ema1,ema2,threshold,diff,thresh / diff,ID
3657.23811,41,52,0.4,11,0.036363636,13
3656.603192,37,57,0.73,20,0.0365,13
3643.471046,44,49,0.18,5,0.036,13
3627.266318,39,55,0.58,16,0.03625,13
3601.51124,38,56,0.65,18,0.036111111,13
3576.219308,39,54,0.55,15,0.036666667,13
3526.652338,39,55,0.57,16,0.035625,13
3472.803702,40,53,0.47,13,0.036153846,13
3407.375688,40,53,0.48,13,0.036923077,13
3392.806868,36,59,0.83,23,0.036086957,13
3348.910753,43,50,0.23,7,0.032857143,13
3331.592075,42,51,0.33,9,0.036666667,13
3324.790794,42,51,0.3,9,0.033333333,13
3320.864312,62,68,0.19,6,0.031666667,13
3310.291098,37,58,0.75,21,0.035714286,13
3302.523407,44,48,0.15,4,0.0375,13
3300.837215,38,55,0.64,17,0.037647059,13
3299.868783,62,67,0.16,5,0.032,13
3298.785649,39,54,0.56,15,0.037333333,13
3269.999947,45,48,0.1,3,0.033333333,13
3269.382182,62,69,0.22,7,0.031428571,13
3269.213465,60,69,0.29,9,0.032222222,13
3265.770572,40,52,0.46,12,0.038333333,13
3258.857513,59,70,0.36,11,0.032727273,13
3258.535422,41,52,0.41,11,0.037272727,13
3252.858824,60,70,0.32,10,0.032,13
3252.858824,54,76,0.71,22,0.032272727,13
3249.006139,56,75,0.61,19,0.032105263,13
3249.006139,55,75,0.65,20,0.0325,13
3249.006139,54,77,0.74,23,0.032173913,13
3248.753311,59,72,0.41,13,0.031538462,13
3244.093977,37,58,0.74,21,0.035238095,13
3242.855347,58,72,0.45,14,0.032142857,13
3242.855347,57,74,0.54,17,0.031764706,13
3242.855347,56,74,0.58,18,0.032222222,13
3242.855347,55,76,0.67,21,0.031904762,13
3237.624225,41,51,0.38,10,0.038,13
3223.893577,39,52,0.44,13,0.033846154,13
3223.441812,38,55,0.63,17,0.037058824,13
3222.663141,40,50,0.34,10,0.034,13
3217.334975,39,51,0.41,12,0.034166667,13
3208.374629,58,71,0.42,13,0.032307692,13
3200.278899,36,58,0.81,22,0.036818182,13
3196.341815,36,59,0.82,23,0.035652174,13
3195.681866,52,72,0.49,20,0.0245,13
3188.532192,53,77,0.78,24,0.0325,13
3187.822756,57,72,0.49,15,0.032666667,13
3186.5785,43,49,0.23,6,0.038333333,13
3186.395814,38,56,0.64,18,0.035555556,13
3180.897153,42,50,0.3,8,0.0375,13
3173.04384,63,67,0.13,4,0.0325,13
3173.04384,61,69,0.26,8,0.0325,13
3173.04384,59,71,0.39,12,0.0325,13
3166.058521,56,73,0.55,17,0.032352941,13
3165.452263,53,70,0.42,17,0.024705882,13
3165.315409,53,71,0.44,18,0.024444444,13
3162.348337,40,54,0.5,14,0.035714286,13
3158.578272,52,79,0.88,27,0.032592593,13
3157.159277,56,74,0.59,18,0.032777778,13
3157.099783,48,58,0.26,10,0.026,13
3156.184925,54,75,0.69,21,0.032857143,13
3155.992509,54,69,0.37,15,0.024666667,13
3154.028644,59,69,0.33,10,0.033,13
3153.059395,51,73,0.54,22,0.024545455,13
3150.736711,60,62,0.05,2,0.025,13
3150.736711,59,63,0.1,4,0.025,13
3150.736711,58,64,0.15,6,0.025,13
3150.736711,57,65,0.2,8,0.025,13
3147.794996,40,54,0.49,14,0.035,13
3146.799984,36,56,0.67,20,0.0335,13
3145.863457,61,68,0.23,7,0.032857143,13
3145.769519,55,74,0.62,19,0.032631579,13
3141.383813,40,53,0.43,13,0.033076923,13
3139.904352,40,54,0.46,14,0.032857143,13
3139.894202,63,66,0.1,3,0.033333333,13
3137.56353,55,68,0.32,13,0.024615385,13
3136.871304,41,53,0.43,12,0.035833333,13
3131.207923,47,59,0.31,12,0.025833333,13
3130.784091,57,73,0.52,16,0.0325,13
3130.219747,36,58,0.8,22,0.036363636,13
3129.221386,37,56,0.71,19,0.037368421,13
3125.181752,56,73,0.57,17,0.033529412,13
3123.920347,58,71,0.43,13,0.033076923,13
3122.24708,37,57,0.72,20,0.036,13
3122.217555,60,69,0.3,9,0.033333333,13
3120.203102,58,72,0.46,14,0.032857143,13
3119.479612,51,80,0.95,29,0.032758621,13
3118.10615,40,51,0.42,11,0.038181818,13
3117.730702,34,61,0.98,27,0.036296296,13
3113.761519,34,58,0.81,24,0.03375,13
3113.761519,33,59,0.88,26,0.033846154,13
3112.017202,43,49,0.22,6,0.036666667,13
3107.074449,62,65,0.1,3,0.033333333,13
3105.469486,53,77,0.8,24,0.033333333,13
3103.40844,54,76,0.73,22,0.033181818,13
3102.070509,55,75,0.66,20,0.033,13
3102.013469,57,72,0.5,15,0.033333333,13
3100.976244,40,52,0.4,12,0.033333333,13
3099.252082,54,76,0.72,22,0.032727273,13
3098.908319,52,78,0.87,26,0.033461538,13
3096.08161,43,50,0.25,7,0.035714286,13
3095.509741,41,50,0.34,9,0.037777778,13
3095.084901,51,80,0.94,29,0.032413793,13
3093.539038,53,78,0.81,25,0.0324,13
3092.101552,35,57,0.74,22,0.033636364,13
3087.542592,38,53,0.51,15,0.034,13
3080.169292,52,78,0.86,26,0.033076923,13
3079.238089,54,88,0.89,34,0.026176471,13
3079.107671,53,90,0.95,37,0.025675676,13
3076.527588,53,77,0.79,24,0.032916667,13
3074.124128,39,49,0.38,10,0.038,13
3073.501418,60,68,0.27,8,0.03375,13
3069.77056,41,53,0.39,12,0.0325,13
3069.249748,34,55,0.75,21,0.035714286,13
3068.064726,36,52,0.57,16,0.035625,13
3066.384658,42,50,0.27,8,0.03375,13
3062.8185,53,76,0.77,23,0.033478261,13
3062.8185,51,79,0.93,28,0.033214286,13
3062.763962,56,66,0.25,10,0.025,13
3062.763962,55,67,0.3,12,0.025,13
3062.763962,54,68,0.35,14,0.025,13
3061.589293,33,61,0.92,28,0.032857143,13
3061.376825,37,58,0.69,21,0.032857143,13
3060.461427,59,69,0.34,10,0.034,13
3060.461427,55,74,0.64,19,0.033684211,13
3060.461427,54,75,0.71,21,0.033809524,13
3056.933734,54,91,0.94,37,0.025405405,13
3056.324875,64,71,0.21,7,0.03,13
3056.324875,63,72,0.27,9,0.03,13
3056.324875,62,73,0.33,11,0.03,13
3053.028424,35,60,0.89,25,0.0356,13
3052.304275,50,75,0.61,25,0.0244,13
3051.873811,56,73,0.56,17,0.032941176,13
3051.856329,39,52,0.5,13,0.038461538,13
3051.806292,35,59,0.79,24,0.032916667,13
3049.85142,42,51,0.29,9,0.032222222,13
3049.476171,44,62,0.47,18,0.026111111,13
3048.701642,51,74,0.56,23,0.024347826,13
3047.248591,34,61,0.97,27,0.035925926,13
3046.098687,41,52,0.36,11,0.032727273,13
3045.266972,41,51,0.34,10,0.034,13
3042.569166,45,62,0.44,17,0.025882353,13
3042.196509,54,71,0.41,17,0.024117647,13
3041.699494,43,66,0.58,23,0.025217391,13
3041.4744,57,78,0.64,21,0.03047619,13
3041.144731,51,79,0.94,28,0.033571429,13
3040.944594,39,55,0.51,16,0.031875,13
3040.065922,60,71,0.35,11,0.031818182,13
3040.065922,58,73,0.48,15,0.032,13
3039.432076,37,56,0.63,19,0.033157895,13
3038.546679,54,78,0.76,24,0.031666667,13
3037.798534,54,70,0.39,16,0.024375,13
3037.390353,52,78,0.85,26,0.032692308,13
3036.878365,40,51,0.37,11,0.033636364,13
3033.411321,35,58,0.77,23,0.033478261,13
3031.851852,35,61,0.93,26,0.035769231,13
3031.689811,35,60,0.91,25,0.0364,13
3030.933119,51,79,0.95,28,0.033928571,13
3030.842577,56,72,0.54,16,0.03375,13
3028.398747,39,55,0.53,16,0.033125,13
3027.471831,57,86,0.75,29,0.025862069,13
3027.062016,58,77,0.58,19,0.030526316,13
3026.678296,42,57,0.47,15,0.031333333,13
3026.230739,43,54,0.35,11,0.031818182,13
3025.888202,58,77,0.52,19,0.027368421,13
3024.977758,38,56,0.67,18,0.037222222,13
3024.831259,55,74,0.63,19,0.033157895,13
3024.501693,53,90,0.96,37,0.025945946,13
3024.2115,58,67,0.21,9,0.023333333,13
3023.419748,52,76,0.8,24,0.033333333,13
3022.657615,43,55,0.38,12,0.031666667,13
3022.540851,39,61,0.69,22,0.031363636,13
3022.191542,35,60,0.9,25,0.036,13
3021.710782,51,57,0.17,6,0.028333333,13
3021.215406,41,57,0.51,16,0.031875,13
3020.908188,38,54,0.59,16,0.036875,13
3020.469331,52,77,0.84,25,0.0336,13
3019.776497,61,75,0.38,14,0.027142857,13
3019.776497,59,77,0.49,18,0.027222222,13
3019.112572,54,75,0.7,21,0.033333333,13
3018.910906,33,61,0.93,28,0.033214286,13
3018.701432,38,56,0.58,18,0.032222222,13
3018.515212,51,86,0.94,35,0.026857143,13
3018.307158,43,48,0.19,5,0.038,13
3018.183409,44,54,0.31,10,0.031,13
3018.165908,52,84,0.87,32,0.0271875,13
3017.611028,36,57,0.81,21,0.038571429,13
3017.131587,39,53,0.47,14,0.033571429,13
3015.783455,44,64,0.51,20,0.0255,13
3015.602434,55,87,0.84,32,0.02625,13
3014.692271,55,80,0.69,25,0.0276,13
3014.692271,53,83,0.82,30,0.027333333,13
3014.352584,59,75,0.49,16,0.030625,13
3013.076696,61,67,0.2,6,0.033333333,13
3012.968497,53,76,0.78,23,0.033913043,13
3012.968497,52,77,0.85,25,0.034,13
3012.544694,61,72,0.34,11,0.030909091,13
3012.52073,57,85,0.73,28,0.026071429,13
3012.440195,38,57,0.62,19,0.032631579,13
3012.32003,62,79,0.45,17,0.026470588,13
3011.752768,55,73,0.61,18,0.033888889,13
3011.275025,60,75,0.41,15,0.027333333,13
3011.275025,56,80,0.65,24,0.027083333,13
3011.275025,54,82,0.76,28,0.027142857,13
3007.779135,49,58,0.23,9,0.025555556,13
3005.494065,61,73,0.37,12,0.030833333,13
3003.93421,47,58,0.29,11,0.026363636,13
3002.989829,51,79,0.92,28,0.032857143,13
3002.131825,34,60,0.86,26,0.033076923,13
3002.013036,46,50,0.13,4,0.0325,13
3001.982972,67,68,0.03,1,0.03,13
3001.982972,66,69,0.09,3,0.03,13
3001.982972,65,70,0.15,5,0.03,13
3001.825568,43,51,0.26,8,0.0325,13
3001.289695,57,80,0.62,23,0.026956522,13
3001.282472,38,56,0.66,18,0.036666667,13
3000.881245,36,95,0.17,59,0.002881356,13
3000.527628,54,81,0.75,27,0.027777778,13
2998.729518,54,74,0.69,20,0.0345,13
2998.328366,53,82,0.81,29,0.027931034,13
2997.321417,35,53,0.65,18,0.036111111,13
2997.188703,54,89,0.9,35,0.025714286,13
2997.03221,61,64,0.07,3,0.023333333,13
2996.703166,34,59,0.83,25,0.0332,13
2996.292282,58,70,0.41,12,0.034166667,13
2995.51719,40,68,0.79,28,0.028214286,13
2994.638776,44,63,0.49,19,0.025789474,13
2994.039102,57,71,0.47,14,0.033571429,13
2994.001449,55,81,0.71,26,0.027307692,13
2993.641364,43,46,0.11,3,0.036666667,13
2992.482522,36,57,0.7,21,0.033333333,13
2992.256714,56,80,0.66,24,0.0275,13
2990.927092,38,56,0.59,18,0.032777778,13
2990.629766,43,49,0.2,6,0.033333333,13
2990.299324,37,51,0.5,14,0.035714286,13
2990.299324,35,54,0.67,19,0.035263158,13
2990.260366,36,98,0.16,62,0.002580645,13
2989.874377,40,59,0.6,19,0.031578947,13
2988.948356,42,68,0.65,26,0.025,13
2988.932942,37,57,0.74,20,0.037,13
2988.566025,62,71,0.28,9,0.031111111,13
2988.566025,56,78,0.68,22,0.030909091,13
2987.982913,41,55,0.45,14,0.032142857,13
2987.473699,54,90,0.93,36,0.025833333,13
2986.354835,34,59,0.84,25,0.0336,13
2986.209424,53,72,0.46,19,0.024210526,13
2986.13917,39,53,0.51,14,0.036428571,13
2986.099148,54,90,0.92,36,0.025555556,13
2985.137299,52,73,0.51,21,0.024285714,13
2984.77029,57,79,0.6,22,0.027272727,13
2984.183443,56,72,0.36,16,0.0225,13
2983.851763,54,83,0.79,29,0.027241379,13
2983.718221,59,82,0.61,23,0.026521739,13
2983.718221,56,86,0.79,30,0.026333333,13
2983.306583,43,65,0.56,22,0.025454545,13
2982.968623,57,77,0.62,20,0.031,13
2982.746396,55,88,0.85,33,0.025757576,13
2982.746396,53,91,0.98,38,0.025789474,13
2982.234344,51,78,0.91,27,0.033703704,13
2981.296651,35,58,0.89,23,0.038695652,13
2980.336943,39,53,0.54,14,0.038571429,13
2979.983044,58,75,0.53,17,0.031176471,13
2979.930901,57,78,0.58,21,0.027619048,13
2979.894369,41,55,0.44,14,0.031428571,13
2979.885569,39,58,0.59,19,0.031052632,13
2979.776204,48,65,0.39,17,0.022941176,13
2979.016547,46,58,0.36,12,0.03,13
2978.354468,53,84,0.85,31,0.027419355,13
2978.113169,53,76,0.79,23,0.034347826,13
2978.113169,52,77,0.86,25,0.0344,13
2976.290883,39,57,0.58,18,0.032222222,13
2975.627524,44,65,0.53,21,0.025238095,13
2975.607392,51,78,0.92,27,0.034074074,13
2975.434175,54,83,0.78,29,0.026896552,13
2974.608375,60,73,0.4,13,0.030769231,13
2974.522366,40,74,0.91,34,0.026764706,13
2973.982015,52,84,0.88,32,0.0275,13
2973.966065,56,87,0.8,31,0.025806452,13
2973.966065,55,88,0.86,33,0.026060606,13
2973.258566,58,70,0.4,12,0.033333333,13
2972.809655,55,80,0.7,25,0.028,13
2972.467628,53,76,0.76,23,0.033043478,13
2970.741723,54,82,0.77,28,0.0275,13
2970.380618,37,56,0.72,19,0.037894737,13
2970.349335,55,82,0.73,27,0.027037037,13
2970.10542,59,75,0.45,16,0.028125,13
2969.893347,40,56,0.52,16,0.0325,13
2969.503668,54,81,0.76,27,0.028148148,13
2968.563588,53,83,0.83,30,0.027666667,13
2968.495298,50,77,0.92,27,0.034074074,13
2968.070347,44,71,0.83,27,0.030740741,13
2966.97727,33,56,0.83,23,0.036086957,13
2966.820461,55,78,0.72,23,0.031304348,13
2966.69489,42,51,0.32,9,0.035555556,13
2966.634414,53,81,0.8,28,0.028571429,13
2966.532295,46,52,0.19,6,0.031666667,13
2966.511477,47,65,0.44,18,0.024444444,13
2966.497708,55,66,0.28,11,0.025454545,13
2965.767786,48,56,0.24,8,0.03,13
2965.145953,49,55,0.18,6,0.03,13
2964.694582,47,62,0.42,15,0.028,13
2964.172059,33,60,0.91,27,0.033703704,13
2963.747138,59,77,0.54,18,0.03,13
2963.614069,42,67,0.7,25,0.028,13
2963.452229,51,85,0.94,34,0.027647059,13
2963.001702,32,61,0.97,29,0.033448276,13
2962.950694,61,71,0.31,10,0.031,13
2962.618449,47,58,0.32,11,0.029090909,13
2962.257563,42,56,0.44,14,0.031428571,13
2962.150689,53,91,0.97,38,0.025526316,13
2961.7663,59,76,0.47,17,0.027647059,13
2961.730466,42,50,0.31,8,0.03875,13
2961.539306,53,75,0.76,22,0.034545455,13
2961.419048,57,75,0.57,18,0.031666667,13
2960.968079,48,60,0.34,12,0.028333333,13
2960.693205,42,52,0.36,10,0.036,13
2960.383534,37,60,0.74,23,0.032173913,13
2959.290228,60,74,0.43,14,0.030714286,13
2959.182062,37,55,0.7,18,0.038888889,13
2957.99336,39,57,0.63,18,0.035,13
2957.396094,44,52,0.26,8,0.0325,13
2957.206015,59,70,0.37,11,0.033636364,13
2956.351421,35,55,0.75,20,0.0375,13
2956.170105,42,63,0.61,21,0.029047619,13
2955.953612,51,81,0.97,30,0.032333333,13
2955.616216,55,73,0.62,18,0.034444444,13
2955.128295,46,68,0.5,22,0.022727273,13
2954.404078,33,58,0.93,25,0.0372,13
2953.720885,41,49,0.31,8,0.03875,13
2953.546871,57,76,0.59,19,0.031052632,13
2952.989967,55,76,0.68,21,0.032380952,13
2951.927186,56,72,0.55,16,0.034375,13
2951.681461,33,59,0.89,26,0.034230769,13
2951.677952,43,51,0.29,8,0.03625,13
2951.565698,51,62,0.25,11,0.022727273,13
2951.47805,38,52,0.48,14,0.034285714,13
2951.391587,36,59,0.81,23,0.035217391,13
2950.316069,32,62,0.99,30,0.033,13
2950.167697,53,92,0.99,39,0.025384615,13
2949.868125,55,81,0.72,26,0.027692308,13
2949.868125,54,82,0.78,28,0.027857143,13
2949.551215,37,61,0.74,24,0.030833333,13
2949.549826,40,60,0.61,20,0.0305,13
2949.265534,56,79,0.64,23,0.027826087,13
2948.821614,47,57,0.3,10,0.03,13
2948.548192,46,51,0.16,5,0.032,13
2948.540908,51,85,0.93,34,0.027352941,13
2947.778394,40,53,0.44,13,0.033846154,13
2947.215732,40,60,0.62,20,0.031,13
2946.264452,32,61,0.98,29,0.033793103,13
2946.248524,45,66,0.52,21,0.024761905,13
2945.871549,62,70,0.25,8,0.03125,13
2945.81592,41,52,0.37,11,0.033636364,13
2945.774851,33,60,0.9,27,0.033333333,13
2945.697951,40,54,0.45,14,0.032142857,13
2945.637795,37,59,0.7,22,0.031818182,13
2945.520331,59,83,0.63,24,0.02625,13
2945.520331,58,84,0.68,26,0.026153846,13
2945.136123,57,71,0.48,14,0.034285714,13
2945.115201,41,48,0.26,7,0.037142857,13
2945.099739,43,56,0.4,13,0.030769231,13
2944.847084,45,50,0.16,5,0.032,13
2944.676614,57,73,0.53,16,0.033125,13
2944.636723,39,76,0.93,37,0.025135135,13
2944.451126,52,85,0.9,33,0.027272727,13
2944.062097,53,84,0.84,31,0.027096774,13
2944.062097,52,85,0.89,33,0.026969697,13
2944.062097,52,86,0.91,34,0.026764706,13
2944.062097,51,86,0.95,35,0.027142857,13
2944.062097,51,87,0.96,36,0.026666667,13
2943.283316,51,53,0.06,2,0.03,13
2943.283316,50,54,0.12,4,0.03,13
2943.238231,36,61,0.87,25,0.0348,13
2943.175766,41,50,0.3,9,0.033333333,13
2942.65552,37,52,0.53,15,0.035333333,13
2942.29164,51,86,0.96,35,0.027428571,13
2942.258947,40,67,0.78,27,0.028888889,13
2941.969047,58,74,0.5,16,0.03125,13
2941.941352,57,71,0.46,14,0.032857143,13
2941.874383,37,59,0.77,22,0.035,13
2941.332774,47,67,0.45,20,0.0225,13
2941.304083,54,87,0.89,33,0.026969697,13
2941.304083,53,89,0.96,36,0.026666667,13
2940.82355,39,50,0.41,11,0.037272727,13
2940.82355,37,52,0.56,15,0.037333333,13
2940.69833,34,58,0.82,24,0.034166667,13
2940.167847,52,84,0.89,32,0.0278125,13
2939.508942,45,68,0.53,23,0.023043478,13
2939.458621,39,53,0.52,14,0.037142857,13
2939.168821,40,50,0.39,10,0.039,13
2939.158096,35,61,0.92,26,0.035384615,13
2938.917999,40,53,0.49,13,0.037692308,13
2938.175879,55,89,0.87,34,0.025588235,13
2937.85114,34,99,0.18,65,0.002769231,13
2937.79273,36,59,0.84,23,0.036521739,13
2937.623991,53,79,0.83,26,0.031923077,13
2936.788994,38,58,0.71,20,0.0355,13
2936.735134,56,72,0.53,16,0.033125,13
2936.416141,45,53,0.25,8,0.03125,13
2935.499494,56,76,0.63,20,0.0315,13
2934.669305,48,64,0.39,16,0.024375,13
2934.407034,39,54,0.49,15,0.032666667,13
2934.325398,58,83,0.69,25,0.0276,13
2934.220276,37,54,0.58,17,0.034117647,13
2934.220276,36,55,0.65,19,0.034210526,13
2933.874721,53,79,0.84,26,0.032307692,13
2933.846702,37,69,0.13,32,0.0040625,13
2933.571611,53,74,0.72,21,0.034285714,13
2933.571611,52,75,0.79,23,0.034347826,13
2933.571611,51,76,0.86,25,0.0344,13
2933.562179,56,78,0.62,22,0.028181818,13
2933.121936,35,96,0.19,61,0.003114754,13
2933.027822,40,59,0.59,19,0.031052632,13
2932.798803,54,80,0.74,26,0.028461538,13
2932.709032,57,74,0.55,17,0.032352941,13
2932.652554,38,74,0.98,36,0.027222222,13
2932.585051,52,80,0.9,28,0.032142857,13
2932.356019,52,83,0.87,31,0.028064516,13
2932.336707,60,82,0.49,22,0.022272727,13
2932.322984,46,62,0.41,16,0.025625,13
2931.926428,37,60,0.81,23,0.035217391,13
2931.261309,55,72,0.58,17,0.034117647,13
2931.246651,41,53,0.41,12,0.034166667,13
2931.048982,57,84,0.72,27,0.026666667,13
2930.987019,44,47,0.1,3,0.033333333,13
2930.894602,44,65,0.59,21,0.028095238,13
2930.218658,51,87,0.97,36,0.026944444,13
2929.917789,41,58,0.53,17,0.031176471,13
2929.742614,42,69,0.67,27,0.024814815,13
2928.849628,49,63,0.34,14,0.024285714,13
2928.83838,58,69,0.37,11,0.033636364,13
2928.745181,39,56,0.61,17,0.035882353,13
2928.47534,56,71,0.51,15,0.034,13
2928.065061,56,74,0.6,18,0.033333333,13
2927.804467,42,52,0.32,10,0.032,13
2927.619091,54,73,0.65,19,0.034210526,13
2927.240155,45,52,0.22,7,0.031428571,13
2927.223355,59,73,0.44,14,0.031428571,13
2926.921116,55,71,0.37,16,0.023125,13
2926.379193,45,69,0.55,24,0.022916667,13
2926.255513,50,80,0.99,30,0.033,13
2926.013893,41,51,0.33,10,0.033,13
2925.90042,35,56,0.72,21,0.034285714,13
2925.672398,50,78,0.95,28,0.033928571,13
2925.351509,42,46,0.15,4,0.0375,13
2925.303007,35,61,0.91,26,0.035,13
2924.720362,36,57,0.69,21,0.032857143,13
2924.479552,36,60,0.77,24,0.032083333,13
2923.795625,53,89,0.95,36,0.026388889,13
2923.254278,35,62,0.96,27,0.035555556,13
2922.69304,38,54,0.62,16,0.03875,13
2922.603555,37,61,0.83,24,0.034583333,13
2921.187329,50,77,0.93,27,0.034444444,13
2920.683529,45,61,0.46,16,0.02875,13
2920.047716,59,72,0.42,13,0.032307692,13
2920.008338,39,53,0.48,14,0.034285714,13
2919.736618,44,69,0.58,25,0.0232,13
2919.645831,45,48,0.11,3,0.036666667,13
2918.837318,42,52,0.33,10,0.033,13
2917.800072,43,72,0.9,29,0.031034483,13
2917.022105,53,91,0.99,38,0.026052632,13
2916.72114,49,61,0.29,12,0.024166667,13
2916.514318,38,51,0.46,13,0.035384615,13
2915.911874,39,75,0.92,36,0.025555556,13
2915.542342,45,59,0.41,14,0.029285714,13
2915.364877,35,55,0.74,20,0.037,13
2915.208143,54,84,0.8,30,0.026666667,13
2915.076883,53,75,0.73,22,0.033181818,13
2915.064763,47,66,0.44,19,0.023157895,13
2914.933854,45,63,0.46,18,0.025555556,13
2914.929098,36,58,0.72,22,0.032727273,13
2914.609275,53,60,0.16,7,0.022857143,13
2914.451038,44,47,0.11,3,0.036666667,13
2914.44681,40,75,0.93,35,0.026571429,13
2914.413566,38,59,0.66,21,0.031428571,13
2913.86139,41,54,0.46,13,0.035384615,13
2913.836216,34,56,0.82,22,0.037272727,13
2913.74931,51,88,0.98,37,0.026486486,13
2912.801844,35,62,0.95,27,0.035185185,13
2912.313239,57,70,0.44,13,0.033846154,13
2912.313239,54,73,0.64,19,0.033684211,13
2912.313239,53,74,0.71,21,0.033809524,13
2912.313239,51,77,0.87,26,0.033461538,13
2912.313239,50,78,0.94,28,0.033571429,13
2912.283772,52,85,0.91,33,0.027575758,13
2912.018619,58,64,0.21,6,0.035,13
2912.018619,57,65,0.28,8,0.035,13
2912.018619,56,66,0.35,10,0.035,13
2911.925176,35,98,0.17,63,0.002698413,13
2911.693319,40,52,0.44,12,0.036666667,13
2911.545644,50,57,0.18,7,0.025714286,13
2911.488649,54,74,0.45,20,0.0225,13
2911.480189,50,86,0.99,36,0.0275,13
2910.784253,36,56,0.74,20,0.037,13
2910.324453,50,79,0.99,29,0.034137931,13
2909.8912,60,81,0.56,21,0.026666667,13
2909.752403,46,49,0.1,3,0.033333333,13
2909.692494,42,57,0.46,15,0.030666667,13
2909.561249,55,79,0.68,24,0.028333333,13
2909.539386,55,73,0.59,18,0.032777778,13
2909.13196,53,78,0.82,25,0.0328,13
2909.078358,52,79,0.89,27,0.032962963,13
2909.078358,51,80,0.96,29,0.033103448,13
2908.912865,51,76,0.85,25,0.034,13
2908.330862,39,73,0.93,34,0.027352941,13
2908.143358,36,57,0.8,21,0.038095238,13
2907.605723,35,53,0.66,18,0.036666667,13
2907.256721,56,86,0.78,30,0.026,13
2907.256721,54,89,0.91,35,0.026,13
2907.1416,42,54,0.38,12,0.031666667,13
2906.686238,40,52,0.41,12,0.034166667,13
2906.421333,42,50,0.29,8,0.03625,13
2906.36633,54,77,0.75,23,0.032608696,13
2906.338324,55,86,0.83,31,0.026774194,13
2906.184952,39,54,0.5,15,0.033333333,13
2906.147436,52,75,0.78,23,0.033913043,13
2906.069203,55,76,0.69,21,0.032857143,13
2905.939339,43,52,0.32,9,0.035555556,13
2905.727508,43,48,0.17,5,0.034,13
2905.563818,44,49,0.17,5,0.034,13
2905.432698,54,74,0.66,20,0.033,13
2905.1329,40,48,0.3,8,0.0375,13
2905.027019,43,64,0.54,21,0.025714286,13
2904.956962,35,62,0.86,27,0.031851852,13
2904.87172,54,89,0.97,35,0.027714286,13
2904.829175,41,71,0.82,30,0.027333333,13
2904.807609,52,86,0.92,34,0.027058824,13
2904.398039,57,77,0.57,20,0.0285,13
2904.215009,53,88,0.95,35,0.027142857,13
2904.185084,38,55,0.56,17,0.032941176,13
2903.622937,53,82,0.82,29,0.028275862,13
2903.523602,50,79,0.98,29,0.033793103,13
2903.379827,43,63,0.52,20,0.026,13
2903.201797,41,64,0.67,23,0.029130435,13
2902.919416,42,53,0.36,11,0.032727273,13
2902.520717,55,75,0.67,20,0.0335,13
2902.494928,38,59,0.73,21,0.034761905,13
2902.370696,36,53,0.64,17,0.037647059,13
2902.211598,47,65,0.42,18,0.023333333,13
2901.917943,39,62,0.71,23,0.030869565,13
2901.875014,51,78,0.9,27,0.033333333,13
2901.232635,43,69,0.62,26,0.023846154,13
2900.830246,55,85,0.85,30,0.028333333,13
2900.043724,53,85,0.86,32,0.026875,13
2899.451758,34,74,0.14,40,0.0035,13
2899.169479,52,77,0.83,25,0.0332,13
2899.148822,37,53,0.58,16,0.03625,13
2898.606569,40,49,0.31,9,0.034444444,13
2898.360431,33,56,0.8,23,0.034782609,13
2898.18597,44,70,0.59,26,0.022692308,13
2897.879052,42,48,0.22,6,0.036666667,13
2897.472208,52,80,0.91,28,0.0325,13
2897.408006,33,99,0.19,66,0.002878788,13
2897.021083,53,78,0.83,25,0.0332,13
2896.892634,55,79,0.75,24,0.03125,13
2896.826569,36,60,0.85,24,0.035416667,13
2896.588028,36,60,0.78,24,0.0325,13
2894.97822,35,63,0.98,28,0.035,13
2894.568293,56,78,0.69,22,0.031363636,13
2894.510164,54,86,0.88,32,0.0275,13
2894.510164,53,87,0.94,34,0.027647059,13
2894.23737,55,86,0.88,31,0.028387097,13
2893.216906,60,70,0.33,10,0.033,13
2892.379697,50,73,0.58,23,0.025217391,13
2892.284029,54,88,0.9,34,0.026470588,13
2892.044567,34,62,0.98,28,0.035,13
2891.835741,38,57,0.68,19,0.035789474,13
2891.484763,36,62,0.9,26,0.034615385,13
2891.371149,43,64,0.6,21,0.028571429,13
2890.887041,41,51,0.37,10,0.037,13
2889.86695,43,68,0.62,25,0.0248,13
2889.66494,43,52,0.29,9,0.032222222,13
2889.472538,58,78,0.55,20,0.0275,13
2889.324302,55,87,0.85,32,0.0265625,13
2889.241669,32,57,0.9,25,0.036,13
2889.219528,40,50,0.37,10,0.037,13
2889.219528,37,54,0.62,17,0.036470588,13
2889.125443,38,58,0.65,20,0.0325,13
2888.942474,56,85,0.78,29,0.026896552,13
2888.920854,55,70,0.45,15,0.03,13
2888.920854,54,71,0.51,17,0.03,13
2888.692502,54,77,0.76,23,0.033043478,13
2888.16052,37,55,0.66,18,0.036666667,13
2888.011524,43,55,0.37,12,0.030833333,13
2887.917071,39,61,0.68,22,0.030909091,13
2887.553423,54,88,0.95,34,0.027941176,13
2887.26274,33,99,0.2,66,0.003030303,13
2886.935328,37,59,0.71,22,0.032272727,13
2886.92748,47,64,0.42,17,0.024705882,13
2886.732905,42,70,0.7,28,0.025,13
2886.371237,36,58,0.71,22,0.032272727,13
2885.8948,50,60,0.23,10,0.023,13
2885.867683,48,63,0.37,15,0.024666667,13
2885.366094,62,77,0.42,15,0.028,13
2885.366094,59,81,0.61,22,0.027727273,13
2885.366094,58,82,0.67,24,0.027916667,13
2885.138037,60,78,0.52,18,0.028888889,13
2885.080888,60,62,0.07,2,0.035,13
2885.080888,59,63,0.14,4,0.035,13
2885.048731,51,87,0.98,36,0.027222222,13
2884.883873,45,66,0.5,21,0.023809524,13
2884.408831,51,86,0.97,35,0.027714286,13
2884.327531,40,55,0.53,15,0.035333333,13
2883.855314,57,76,0.6,19,0.031578947,13
2883.798519,37,58,0.76,21,0.036190476,13
2883.798519,37,59,0.78,22,0.035454545,13
2883.798519,36,60,0.86,24,0.035833333,13
2883.536772,62,64,0.07,2,0.035,13
2883.536772,61,65,0.14,4,0.035,13
2883.536772,60,66,0.21,6,0.035,13
2883.536772,56,71,0.52,15,0.034666667,13
2883.536772,55,72,0.59,17,0.034705882,13
2883.066512,33,56,0.82,23,0.035652174,13
2882.41321,67,72,0.14,5,0.028,13
2882.41321,64,76,0.33,12,0.0275,13
2882.41321,61,79,0.5,18,0.027777778,13
2882.410614,38,53,0.58,15,0.038666667,13
2881.618626,55,86,0.87,31,0.028064516,13
2881.534984,38,57,0.67,19,0.035263158,13
2881.347058,51,85,0.95,34,0.027941176,13
2881.328825,54,86,0.91,32,0.0284375,13
2881.328825,53,87,0.97,34,0.028529412,13
2881.206376,42,53,0.37,11,0.033636364,13
2881.178065,54,56,0.05,2,0.025,13
2881.178065,53,57,0.1,4,0.025,13
2881.178065,52,58,0.15,6,0.025,13
2881.178065,51,59,0.2,8,0.025,13
2881.178065,50,60,0.25,10,0.025,13
2881.178065,49,61,0.3,12,0.025,13
2881.178065,48,62,0.35,14,0.025,13
2881.178065,47,63,0.4,16,0.025,13
2880.313091,36,61,0.89,25,0.0356,13
2880.224456,58,66,0.19,8,0.02375,13
2880.093784,43,52,0.3,9,0.033333333,13
2879.680482,58,76,0.56,18,0.031111111,13
2879.670383,34,99,0.19,65,0.002923077,13
2879.244165,42,72,0.76,30,0.025333333,13
2878.859329,38,75,0.99,37,0.026756757,13
2878.640796,36,53,0.6,17,0.035294118,13
2878.282087,51,81,0.98,30,0.032666667,13
2877.983314,39,56,0.55,17,0.032352941,13
2877.553905,60,81,0.58,21,0.027619048,13
2877.548156,54,75,0.72,21,0.034285714,13
2877.401483,55,87,0.89,32,0.0278125,13
2877.401483,54,89,0.96,35,0.027428571,13
2877.061736,45,50,0.18,5,0.036,13
2876.868463,34,99,0.17,65,0.002615385,13
2876.438108,46,65,0.47,19,0.024736842,13
2876.437415,35,96,0.18,61,0.00295082,13
2876.215045,54,87,0.93,33,0.028181818,13
2876.215045,53,88,0.99,35,0.028285714,13
2875.727435,33,58,0.94,25,0.0376,13
2875.519262,37,56,0.62,19,0.032631579,13
2875.494475,54,88,0.94,34,0.027647059,13
2875.35124,34,60,0.85,26,0.032692308,13
2875.197215,44,51,0.25,7,0.035714286,13
2875.054632,57,64,0.25,7,0.035714286,13
2874.767968,53,83,0.84,30,0.028,13
2874.440979,59,74,0.47,15,0.031333333,13
2874.433722,54,88,0.91,34,0.026764706,13
2874.433722,53,89,0.97,36,0.026944444,13
2874.166804,35,61,0.94,26,0.036153846,13
2874.135631,44,60,0.48,16,0.03,13
2873.966389,63,72,0.25,9,0.027777778,13
2873.910817,42,71,0.95,29,0.032758621,13
2873.553329,41,74,0.82,33,0.024848485,13
2873.353079,41,72,0.76,31,0.024516129,13
2872.32349,40,75,0.88,35,0.025142857,13
2871.807196,55,88,0.87,33,0.026363636,13
2871.80601,50,62,0.28,12,0.023333333,13
2871.68904,36,65,0.98,29,0.033793103,13
2871.486853,53,88,0.98,35,0.028,13
2871.421254,56,75,0.62,19,0.032631579,13
2871.07696,55,77,0.7,22,0.031818182,13
2870.799777,43,69,0.71,26,0.027307692,13
2870.7935,41,68,0.69,27,0.025555556,13
2870.634713,37,57,0.65,20,0.0325,13
2870.411805,37,55,0.6,18,0.033333333,13
2870.294204,34,98,0.18,64,0.0028125,13
2869.650911,39,57,0.57,18,0.031666667,13
2869.551663,38,52,0.49,14,0.035,13
2869.407928,45,59,0.42,14,0.03,13
2869.050406,56,77,0.66,21,0.031428571,13
2869.050406,54,80,0.81,26,0.031153846,13
2868.820706,35,63,0.99,28,0.035357143,13
2868.753318,45,65,0.5,20,0.025,13
2868.662405,36,61,0.88,25,0.0352,13
2868.637945,43,69,0.64,26,0.024615385,13
2868.607411,44,67,0.57,23,0.024782609,13
2868.420905,57,85,0.76,28,0.027142857,13
2867.88581,35,63,0.97,28,0.034642857,13
2867.866821,59,76,0.52,17,0.030588235,13
2867.55094,39,75,0.95,36,0.026388889,13
2866.580147,38,54,0.53,16,0.033125,13
2866.503063,49,65,0.36,16,0.0225,13
2866.02688,58,81,0.66,23,0.028695652,13
2865.912423,39,74,0.93,35,0.026571429,13
2865.905294,56,87,0.83,31,0.026774194,13
2865.848625,54,79,0.79,25,0.0316,13
2865.547192,40,68,0.8,28,0.028571429,13
2865.064221,50,61,0.27,11,0.024545455,13
2865.064221,49,62,0.32,13,0.024615385,13
2864.934683,56,65,0.32,9,0.035555556,13
2864.468293,40,55,0.54,15,0.036,13
2863.627428,53,81,0.88,28,0.031428571,13
2862.609742,35,59,0.78,24,0.0325,13
2862.596147,36,95,0.18,59,0.003050847,13
2862.043262,36,64,0.97,28,0.034642857,13
2860.651557,57,82,0.72,25,0.0288,13
2860.651557,57,83,0.74,26,0.028461538,13
2860.651557,56,83,0.78,27,0.028888889,13
2860.651557,56,84,0.8,28,0.028571429,13
2860.651557,55,85,0.86,30,0.028666667,13
2860.651557,54,86,0.92,32,0.02875,13
2860.651557,53,87,0.98,34,0.028823529,13
2860.507835,52,79,0.9,27,0.033333333,13
2860.507835,51,80,0.97,29,0.033448276,13
2860.302868,41,66,0.72,25,0.0288,13
2860.23017,44,71,0.61,27,0.022592593,13
2859.748846,51,81,0.99,30,0.033,13
2859.53255,35,99,0.17,64,0.00265625,13
2859.378028,51,60,0.22,9,0.024444444,13
2859.08317,55,66,0.39,11,0.035454545,13
2858.996678,37,53,0.59,16,0.036875,13
2858.831689,59,82,0.63,23,0.027391304,13
2858.808003,63,78,0.34,15,0.022666667,13
2858.80401,58,74,0.51,16,0.031875,13
2858.80401,56,76,0.64,20,0.032,13
2858.634535,51,82,0.99,31,0.031935484,13
2858.010624,58,82,0.68,24,0.028333333,13
2858.006259,53,88,0.96,35,0.027428571,13
2857.83271,61,74,0.36,13,0.027692308,13
2857.827279,58,76,0.51,18,0.028333333,13
2857.60026,53,90,0.98,37,0.026486486,13
2857.128129,57,83,0.71,26,0.027307692,13
2857.128129,55,86,0.84,31,0.027096774,13
2856.938225,38,60,0.76,22,0.034545455,13
2856.771539,37,60,0.8,23,0.034782609,13
2856.631937,60,67,0.24,7,0.034285714,13
2856.523463,40,52,0.45,12,0.0375,13
2856.476252,33,98,0.21,65,0.003230769,13
2856.393287,64,75,0.31,11,0.028181818,13
2856.393287,61,78,0.48,17,0.028235294,13
2856.393287,58,81,0.65,23,0.02826087,13
2856.393287,57,82,0.71,25,0.0284,13
2856.393287,56,84,0.79,28,0.028214286,13
2856.252329,37,59,0.79,22,0.035909091,13
2856.105938,56,83,0.77,27,0.028518519,13
2856.038766,35,58,0.76,23,0.033043478,13
2855.781109,38,54,0.55,16,0.034375,13
2855.069461,57,76,0.55,19,0.028947368,13
2854.989392,40,50,0.35,10,0.035,13
2854.989392,39,51,0.42,12,0.035,13
2854.611798,41,73,0.81,32,0.0253125,13
2854.579062,57,75,0.58,18,0.032222222,13
2854.203176,58,83,0.67,25,0.0268,13
2854.167149,42,66,0.68,24,0.028333333,13
2854.104865,46,64,0.45,18,0.025,13
2854.094935,52,70,0.64,18,0.035555556,13
2853.697826,43,67,0.6,24,0.025,13
2853.676178,37,60,0.82,23,0.035652174,13
2853.54657,53,59,0.14,6,0.023333333,13
2853.498932,63,69,0.19,6,0.031666667,13
2853.498932,60,72,0.38,12,0.031666667,13
2852.863239,43,44,0.04,1,0.04,13
2852.863239,42,45,0.12,3,0.04,13
2852.642797,40,56,0.51,16,0.031875,13
2852.413238,43,70,0.63,27,0.023333333,13
2852.295666,57,85,0.74,28,0.026428571,13
2852.280722,54,76,0.74,22,0.033636364,13
2852.279913,35,59,0.89,24,0.037083333,13
2851.65794,48,62,0.34,14,0.024285714,13
2850.690043,42,54,0.39,12,0.0325,13
2850.135409,36,63,0.93,27,0.034444444,13
2849.961988,41,51,0.35,10,0.035,13
2849.77697,52,76,0.55,24,0.022916667,13
2849.553393,56,87,0.81,31,0.026129032,13
2849.416773,55,88,0.89,33,0.026969697,13
2849.192774,37,60,0.72,23,0.031304348,13
2848.884027,35,60,0.93,25,0.0372,13
2848.781045,45,64,0.48,19,0.025263158,13
2848.733915,55,84,0.83,29,0.02862069,13
2848.733915,54,85,0.89,31,0.028709677,13
2848.627739,54,78,0.77,24,0.032083333,13
2847.977073,44,66,0.55,22,0.025,13
2847.700789,62,72,0.28,10,0.028,13
2847.700789,58,77,0.53,19,0.027894737,13
2847.636459,50,60,0.24,10,0.024,13
2847.218439,55,80,0.77,25,0.0308,13
2847.195816,35,72,0.15,37,0.004054054,13
2847.093055,51,72,0.53,21,0.025238095,13
2846.979614,54,73,0.66,19,0.034736842,13
2846.905506,38,59,0.67,21,0.031904762,13
2846.820683,65,74,0.25,9,0.027777778,13
2846.820683,59,80,0.59,21,0.028095238,13
2846.820683,56,84,0.78,28,0.027857143,13
2846.820683,55,85,0.84,30,0.028,13
2846.708375,55,78,0.73,23,0.03173913,13
2846.363231,55,86,0.86,31,0.027741935,13
2846.347232,57,83,0.73,26,0.028076923,13
2846.347232,54,87,0.92,33,0.027878788,13
2846.311325,46,63,0.48,17,0.028235294,13
2845.924893,54,87,0.94,33,0.028484848,13
2845.706651,41,74,0.88,33,0.026666667,13
2845.18674,63,70,0.2,7,0.028571429,13
2844.951678,64,70,0.17,6,0.028333333,13
2844.951678,61,73,0.34,12,0.028333333,13
2844.686784,62,78,0.44,16,0.0275,13
2844.686784,56,85,0.8,29,0.027586207,13
2844.497161,40,65,0.73,25,0.0292,13
2844.323377,60,79,0.53,19,0.027894737,13
2844.248922,38,54,0.58,16,0.03625,13
2843.970013,42,58,0.49,16,0.030625,13
2843.865091,47,65,0.49,18,0.027222222,13
2843.647567,42,73,0.75,31,0.024193548,13
2843.545451,35,56,0.77,21,0.036666667,13
2843.432942,60,80,0.56,20,0.028,13
2843.116643,49,64,0.36,15,0.024,13
2843.010769,56,79,0.71,23,0.030869565,13
2842.811308,45,47,0.07,2,0.035,13
2842.811308,44,48,0.14,4,0.035,13
2842.811308,43,49,0.21,6,0.035,13
2842.811308,42,50,0.28,8,0.035,13
2842.415888,52,82,0.95,30,0.031666667,13
2841.986732,41,48,0.24,7,0.034285714,13
2841.738035,37,57,0.75,20,0.0375,13
2841.219327,60,79,0.54,19,0.028421053,13
2840.946349,52,81,0.92,29,0.031724138,13
2840.933452,62,76,0.4,14,0.028571429,13
2840.933452,61,77,0.46,16,0.02875,13
2840.933452,59,80,0.6,21,0.028571429,13
2840.574744,61,70,0.29,9,0.032222222,13
2840.479795,38,58,0.72,20,0.036,13
2840.309215,40,51,0.44,11,0.04,13
2840.173937,39,56,0.6,17,0.035294118,13
2839.93095,34,57,0.79,23,0.034347826,13
2839.888948,56,86,0.82,30,0.027333333,13
2839.888948,54,89,0.95,35,0.027142857,13
2839.806422,44,57,0.4,13,0.030769231,13
2839.711575,54,80,0.82,26,0.031538462,13
2839.449243,40,56,0.57,16,0.035625,13
2839.216764,39,54,0.51,15,0.034,13
2839.125016,45,67,0.52,22,0.023636364,13
2839.081727,34,58,0.87,24,0.03625,13
2838.69146,42,71,0.71,29,0.024482759,13
2838.637149,57,85,0.77,28,0.0275,13
2838.637149,55,87,0.88,32,0.0275,13
2838.637149,55,88,0.9,33,0.027272727,13
2838.553707,35,55,0.7,20,0.035,13
2838.525621,49,76,0.66,27,0.024444444,13
2838.496038,42,56,0.45,14,0.032142857,13
2837.964802,54,89,0.92,35,0.026285714,13
2837.707006,34,75,0.11,41,0.002682927,13
2837.625243,51,71,0.71,20,0.0355,13
2837.217584,39,52,0.48,13,0.036923077,13
2836.930635,61,77,0.4,16,0.025,13
2836.908363,44,68,0.65,24,0.027083333,13
2836.865231,36,58,0.82,22,0.037272727,13
2836.353598,44,68,0.57,24,0.02375,13
2836.224239,56,80,0.67,24,0.027916667,13
2836.054186,50,84,0.99,34,0.029117647,13
2836.048408,37,55,0.65,18,0.036111111,13
2835.896306,48,61,0.33,13,0.025384615,13
2835.869423,36,62,0.91,26,0.035,13
2835.74717,57,64,0.18,7,0.025714286,13
2835.739797,43,72,0.7,29,0.024137931,13
2835.065124,35,99,0.13,64,0.00203125,13
2834.273921,40,57,0.53,17,0.031176471,13
2834.141508,35,95,0.2,60,0.003333333,13
2833.844697,44,60,0.47,16,0.029375,13
2833.465514,54,79,0.8,25,0.032,13
2833.311463,56,86,0.83,30,0.027666667,13
2833.193142,53,80,0.86,27,0.031851852,13
2833.149061,55,84,0.82,29,0.028275862,13
2833.133133,54,85,0.88,31,0.028387097,13
2833.096215,36,54,0.62,18,0.034444444,13
2832.6897,38,74,0.99,36,0.0275,13
2832.543337,39,52,0.46,13,0.035384615,13
2831.956718,39,50,0.38,11,0.034545455,13
2831.943714,49,62,0.31,13,0.023846154,13
2831.527115,46,61,0.43,15,0.028666667,13
2831.513672,38,58,0.7,20,0.035,13
2831.415998,40,76,0.95,36,0.026388889,13
2831.20303,55,77,0.71,22,0.032272727,13
2831.103328,38,51,0.49,13,0.037692308,13
2830.967637,41,58,0.54,17,0.031764706,13
2830.611595,50,61,0.26,11,0.023636364,13
2830.602584,62,80,0.4,18,0.022222222,13
2830.581069,36,62,0.81,26,0.031153846,13
2830.519824,62,75,0.35,13,0.026923077,13
2829.714114,45,60,0.44,15,0.029333333,13
2829.65125,49,57,0.21,8,0.02625,13
2829.252564,36,59,0.76,23,0.033043478,13
2828.638825,34,54,0.75,20,0.0375,13
2828.252999,65,76,0.25,11,0.022727273,13
2828.221243,44,53,0.29,9,0.032222222,13
2827.887676,35,99,0.16,64,0.0025,13
2827.839445,39,69,0.85,30,0.028333333,13
2827.61115,58,84,0.7,26,0.026923077,13
2827.61115,57,85,0.75,28,0.026785714,13
2827.61115,55,88,0.88,33,0.026666667,13
2827.61115,54,89,0.94,35,0.026857143,13
2827.575882,50,74,0.6,24,0.025,13
2827.200256,54,72,0.42,18,0.023333333,13
2826.795769,55,72,0.39,17,0.022941176,13
2826.326205,36,59,0.85,23,0.036956522,13
2826.298017,43,53,0.32,10,0.032,13
2826.280066,38,55,0.58,17,0.034117647,13
2826.133115,63,68,0.16,5,0.032,13
2825.908216,39,55,0.52,16,0.0325,13
2825.861994,53,77,0.81,24,0.03375,13
2825.792808,50,73,0.81,23,0.035217391,13
2825.057023,46,59,0.38,13,0.029230769,13
2824.919354,42,53,0.39,11,0.035454545,13
2824.780737,44,70,0.6,26,0.023076923,13
2824.588785,57,84,0.75,27,0.027777778,13
2824.588785,56,85,0.81,29,0.027931034,13
2824.448137,36,62,0.92,26,0.035384615,13
2823.988296,42,49,0.27,7,0.038571429,13
2823.783359,34,99,0.16,65,0.002461538,13
2823.606121,41,51,0.39,10,0.039,13
2823.409025,43,50,0.26,7,0.037142857,13
2822.21753,35,62,0.97,27,0.035925926,13
2822.157017,48,81,0.77,33,0.023333333,13
2821.933012,54,86,0.89,32,0.0278125,13
2821.933012,53,87,0.95,34,0.027941176,13
2821.821701,67,69,0.06,2,0.03,13
2821.821701,66,70,0.12,4,0.03,13
2821.821701,65,71,0.18,6,0.03,13
2821.446658,51,84,0.93,33,0.028181818,13
2821.446658,50,85,0.99,35,0.028285714,13
2821.048908,41,59,0.55,18,0.030555556,13
2820.928108,42,73,0.77,31,0.02483871,13
2820.870439,50,63,0.3,13,0.023076923,13
2820.285599,45,51,0.19,6,0.031666667,13
2820.142402,56,65,0.23,9,0.025555556,13
2820.083455,39,74,0.95,35,0.027142857,13
2820.032036,37,57,0.67,20,0.0335,13
2819.50726,53,88,0.94,35,0.026857143,13
2819.498749,59,81,0.62,22,0.028181818,13
2819.465398,37,53,0.6,16,0.0375,13
2819.383271,41,72,0.84,31,0.027096774,13
2819.342016,38,57,0.61,19,0.032105263,13
2819.302222,38,56,0.6,18,0.033333333,13
2819.14106,61,66,0.17,5,0.034,13
2818.85971,44,61,0.5,17,0.029411765,13
2818.221957,53,87,0.96,34,0.028235294,13
2817.512441,38,54,0.54,16,0.03375,13
2816.500265,59,81,0.6,22,0.027272727,13
2816.500265,57,84,0.73,27,0.027037037,13
2816.500265,56,85,0.79,29,0.027241379,13
2816.500265,54,87,0.9,33,0.027272727,13
2816.500265,53,89,0.98,36,0.027222222,13
2816.466437,52,81,0.94,29,0.032413793,13
2816.242131,57,78,0.59,21,0.028095238,13
2815.833495,40,61,0.64,21,0.03047619,13
2815.792134,53,80,0.87,27,0.032222222,13
2815.204376,34,56,0.83,22,0.037727273,13
2814.965767,38,59,0.74,21,0.035238095,13
2814.928672,41,71,0.74,30,0.024666667,13
2814.883802,38,52,0.52,14,0.037142857,13
2814.857992,55,83,0.81,28,0.028928571,13
2814.857992,54,84,0.87,30,0.029,13
2814.857992,53,85,0.93,32,0.0290625,13
2814.857992,53,86,0.95,33,0.028787879,13
2814.551767,43,56,0.41,13,0.031538462,13
2814.346954,40,49,0.33,9,0.036666667,13
2814.170963,35,57,0.75,22,0.034090909,13
2814.008189,34,56,0.73,22,0.033181818,13
2813.951011,42,64,0.64,22,0.029090909,13
2813.924896,56,87,0.82,31,0.026451613,13
2813.615497,63,77,0.38,14,0.027142857,13
2813.615497,61,79,0.49,18,0.027222222,13
2813.615497,59,82,0.62,23,0.026956522,13
2813.615497,58,83,0.68,25,0.0272,13
2813.615497,56,86,0.8,30,0.026666667,13
2813.615497,55,87,0.86,32,0.026875,13
2813.615497,55,87,0.87,32,0.0271875,13
2813.615497,54,88,0.92,34,0.027058824,13
2813.606487,45,61,0.42,16,0.02625,13
2813.553025,50,61,0.24,11,0.021818182,13
2813.539122,52,80,0.92,28,0.032857143,13
2813.201496,37,62,0.86,25,0.0344,13
2813.165849,64,72,0.24,8,0.03,13
2813.160857,36,97,0.17,61,0.002786885,13
2812.663472,53,87,0.83,34,0.024411765,13
2812.530954,62,71,0.26,9,0.028888889,13
2812.469095,34,99,0.15,65,0.002307692,13
2812.16403,35,62,0.87,27,0.032222222,13
2812.068378,43,45,0.07,2,0.035,13
2812.068378,42,46,0.14,4,0.035,13
2811.813323,41,72,0.83,31,0.026774194,13
2811.74504,55,83,0.75,28,0.026785714,13
2811.461471,44,66,0.61,22,0.027727273,13
2810.874501,62,76,0.35,14,0.025,13
2810.724415,45,70,0.56,25,0.0224,13
2810.188111,52,78,0.88,26,0.033846154,13
2809.834458,42,73,0.97,31,0.031290323,13
2809.544489,53,89,0.99,36,0.0275,13
2809.320391,41,73,0.86,32,0.026875,13
2809.109156,37,53,0.55,16,0.034375,13
2808.754127,41,68,0.76,27,0.028148148,13
2808.752346,36,54,0.63,18,0.035,13
2808.715655,37,63,0.89,26,0.034230769,13
2808.463008,52,77,0.56,25,0.0224,13
2808.416994,57,82,0.7,25,0.028,13
2808.416994,56,83,0.76,27,0.028148148,13
2808.318937,50,61,0.25,11,0.022727273,13
2808.30561,54,86,0.9,32,0.028125,13
2808.149881,39,51,0.47,12,0.039166667,13
2807.755894,36,64,0.96,28,0.034285714,13
2807.621045,36,52,0.58,16,0.03625,13
2807.451662,41,50,0.32,9,0.035555556,13
2807.239265,40,67,0.77,27,0.028518519,13
2807.211521,38,57,0.64,19,0.033684211,13
2807.078774,60,80,0.55,20,0.0275,13
2807.078774,58,82,0.66,24,0.0275,13
2807.078774,57,83,0.72,26,0.027692308,13
2807.078774,56,84,0.77,28,0.0275,13
2807.078774,55,85,0.83,30,0.027666667,13
2807.078774,55,86,0.85,31,0.027419355,13
2807.078774,54,87,0.91,33,0.027575758,13
2807.078774,53,88,0.97,35,0.027714286,13
2806.666602,54,88,0.93,34,0.027352941,13
2806.601433,37,61,0.84,24,0.035,13
2806.530222,35,60,0.92,25,0.0368,13
2806.210498,54,71,0.4,17,0.023529412,13
2806.004957,54,73,0.44,19,0.023157895,13
2805.74082,34,97,0.2,63,0.003174603,13
2805.680033,36,98,0.15,62,0.002419355,13
2805.605202,39,57,0.64,18,0.035555556,13
2804.992902,60,75,0.42,15,0.028,13
2804.950443,55,88,0.91,33,0.027575758,13
2804.950443,54,90,0.98,36,0.027222222,13
2804.765651,41,71,0.75,30,0.025,13
2804.737708,41,75,0.82,34,0.024117647,13
2804.698502,54,74,0.68,20,0.034,13
2804.203325,57,84,0.74,27,0.027407407,13
2804.15289,49,60,0.31,11,0.028181818,13
2803.836526,40,74,0.87,34,0.025588235,13
2803.436452,53,74,0.48,21,0.022857143,13
2802.917892,54,88,0.88,34,0.025882353,13
2802.587779,43,71,0.65,28,0.023214286,13
2802.296599,49,61,0.28,12,0.023333333,13
2801.981083,38,60,0.77,22,0.035,13
2801.926674,35,98,0.13,63,0.002063492,13
2801.501823,52,95,0.99,43,0.023023256,13
2801.28369,36,71,0.13,35,0.003714286,13
2801.271178,46,63,0.43,17,0.025294118,13
2800.981789,44,70,0.65,26,0.025,13
2800.739704,52,82,0.86,30,0.028666667,13
2800.739704,51,83,0.92,32,0.02875,13
2800.136187,41,65,0.69,24,0.02875,13
2800.097844,42,70,0.69,28,0.024642857,13
2799.353975,36,58,0.83,22,0.037727273,13
2799.353975,35,59,0.91,24,0.037916667,13
2799.317814,52,58,0.14,6,0.023333333,13
2799.196656,45,67,0.6,22,0.027272727,13
2798.422146,51,77,0.6,26,0.023076923,13
2798.370761,56,81,0.68,25,0.0272,13
2796.863061,41,65,0.7,24,0.029166667,13
2796.830921,52,57,0.14,5,0.028,13
2796.762147,63,73,0.3,10,0.03,13
2796.762147,62,74,0.36,12,0.03,13
2796.762147,61,75,0.42,14,0.03,13
2796.762147,60,76,0.48,16,0.03,13
2796.601291,59,68,0.31,9,0.034444444,13
2796.397853,37,99,0.1,62,0.001612903,13
2795.867009,38,55,0.57,17,0.033529412,13
2795.825359,58,79,0.57,21,0.027142857,13
2795.739595,44,68,0.66,24,0.0275,13
2795.469548,32,57,0.92,25,0.0368,13
2795.382516,39,58,0.67,19,0.035263158,13
2795.289324,44,68,0.59,24,0.024583333,13
2794.996491,56,78,0.63,22,0.028636364,13
2794.820484,43,67,0.59,24,0.024583333,13
2794.795242,40,57,0.6,17,0.035294118,13
2794.788023,37,61,0.85,24,0.035416667,13
2794.632178,57,79,0.61,22,0.027727273,13
2794.597453,41,75,0.81,34,0.023823529,13
2794.364403,54,89,0.93,35,0.026571429,13
2794.158,39,54,0.57,15,0.038,13
2794.008977,43,70,0.64,27,0.023703704,13
2793.871087,40,47,0.28,7,0.04,13
2793.869209,52,81,0.93,29,0.032068966,13
2793.589031,60,74,0.44,14,0.031428571,13
2793.57284,36,97,0.16,61,0.002622951,13
2793.305086,36,96,0.16,60,0.002666667,13
2792.940293,38,50,0.43,12,0.035833333,13
2792.818626,40,75,0.91,35,0.026,13
2792.68496,46,66,0.49,20,0.0245,13
2792.625344,35,58,0.85,23,0.036956522,13
2792.566581,34,62,0.99,28,0.035357143,13
2792.519842,38,64,0.79,26,0.030384615,13
2792.510313,37,56,0.66,19,0.034736842,13
2792.407117,35,73,0.11,38,0.002894737,13
2792.34166,46,66,0.47,20,0.0235,13
2792.201813,44,62,0.52,18,0.028888889,13
2792.100181,55,89,0.88,34,0.025882353,13
2791.961725,44,69,0.59,25,0.0236,13
2791.847512,60,74,0.4,14,0.028571429,13
2791.818219,36,53,0.58,17,0.034117647,13
2791.739726,56,85,0.76,29,0.026206897,13
2791.444221,49,60,0.28,11,0.025454545,13
2791.374676,35,54,0.66,19,0.034736842,13
2791.153931,39,53,0.55,14,0.039285714,13
2791.153931,38,54,0.63,16,0.039375,13
2791.033572,57,81,0.64,24,0.026666667,13
2790.990065,42,62,0.6,20,0.03,13
2790.699776,57,68,0.26,11,0.023636364,13
2790.636027,54,90,0.94,36,0.026111111,13
2790.45511,39,70,0.87,31,0.028064516,13
2790.221454,53,75,0.5,22,0.022727273,13
2789.810984,36,63,0.94,27,0.034814815,13
2789.619873,49,78,0.69,29,0.023793103,13
2789.497883,53,94,0.94,41,0.022926829,13
2789.431672,36,51,0.6,15,0.04,13
2789.097764,43,71,0.75,28,0.026785714,13
2788.740416,58,75,0.49,17,0.028823529,13
2788.644139,52,83,0.88,31,0.028387097,13
2788.354173,39,76,0.94,37,0.025405405,13
2787.761298,53,80,0.8,27,0.02962963,13
2787.6821,39,66,0.79,27,0.029259259,13
2787.520728,42,74,0.76,32,0.02375,13
2787.318276,39,73,0.94,34,0.027647059,13
2787.178651,41,59,0.56,18,0.031111111,13
2786.789988,53,86,0.94,33,0.028484848,13
2786.755366,36,54,0.67,18,0.037222222,13
2786.699058,43,63,0.58,20,0.029,13
2786.661405,35,99,0.15,64,0.00234375,13
2786.541242,58,69,0.38,11,0.034545455,13
2786.360563,44,55,0.34,11,0.030909091,13
2786.228495,40,73,0.88,33,0.026666667,13
2786.121255,41,49,0.28,8,0.035,13
2785.66421,38,51,0.48,13,0.036923077,13
2785.65023,48,57,0.24,9,0.026666667,13
2785.258206,41,50,0.33,9,0.036666667,13
2785.128585,33,56,0.84,23,0.036521739,13
2784.784011,55,78,0.68,23,0.029565217,13
2784.605273,36,57,0.79,21,0.037619048,13
2784.549698,32,58,0.87,26,0.033461538,13
2784.462781,35,58,0.74,23,0.032173913,13
2784.067751,37,51,0.53,14,0.037857143,13
2783.863627,40,48,0.29,8,0.03625,13
2783.800929,38,59,0.75,21,0.035714286,13
2783.709062,52,84,0.9,32,0.028125,13
2783.709062,51,85,0.96,34,0.028235294,13
2783.696998,37,55,0.63,18,0.035,13
2783.579838,62,72,0.31,10,0.031,13
2783.559881,38,51,0.45,13,0.034615385,13
2783.542719,35,60,0.83,25,0.0332,13
2783.425453,54,84,0.81,30,0.027,13
2783.356843,50,62,0.33,12,0.0275,13
2783.261229,36,94,0.19,58,0.003275862,13
2783.219493,56,79,0.65,23,0.02826087,13
2783.001557,50,57,0.2,7,0.028571429,13
2782.935652,34,57,0.85,23,0.036956522,13
2782.778388,34,65,0.96,31,0.030967742,13
2782.67143,40,51,0.39,11,0.035454545,13
2782.661354,43,61,0.53,18,0.029444444,13
2782.374904,47,63,0.39,16,0.024375,13
2782.330749,39,48,0.36,9,0.04,13
2782.189405,63,77,0.39,14,0.027857143,13
2781.990208,55,86,0.81,31,0.026129032,13
2781.835907,39,67,0.82,28,0.029285714,13
2781.802687,37,54,0.67,17,0.039411765,13
2781.787637,43,50,0.24,7,0.034285714,13
2781.618019,52,85,0.92,33,0.027878788,13
2781.455808,36,55,0.7,19,0.036842105,13
2781.138736,48,66,0.41,18,0.022777778,13
2780.893176,60,77,0.46,17,0.027058824,13
2780.837601,37,56,0.73,19,0.038421053,13
2780.810455,56,83,0.67,27,0.024814815,13
2780.810455,55,84,0.72,29,0.024827586,13
2780.791786,41,55,0.5,14,0.035714286,13
2780.603151,46,67,0.49,21,0.023333333,13
2780.203174,34,98,0.17,64,0.00265625,13
2780.138824,54,78,0.78,24,0.0325,13
2780.138824,53,79,0.85,26,0.032692308,13
2780.104062,33,59,0.95,26,0.036538462,13
2780.02694,42,71,0.79,29,0.027241379,13
2779.493546,52,71,0.47,19,0.024736842,13
2779.3054,36,99,0.1,63,0.001587302,13
2778.728047,42,49,0.23,7,0.032857143,13
2778.698328,32,58,0.9,26,0.034615385,13
2778.622638,39,52,0.52,13,0.04,13
2778.364372,40,77,0.97,37,0.026216216,13
2778.064049,44,68,0.67,24,0.027916667,13
2777.949272,51,86,0.98,35,0.028,13
2777.646702,54,90,0.97,36,0.026944444,13
2777.561876,47,65,0.43,18,0.023888889,13
2777.544549,45,69,0.56,24,0.023333333,13
2777.524663,61,80,0.51,19,0.026842105,13
2777.524663,60,81,0.57,21,0.027142857,13
2777.524663,56,86,0.81,30,0.027,13
2777.524663,53,90,0.99,37,0.026756757,13
2777.477274,48,79,0.74,31,0.023870968,13
2777.370812,35,59,0.88,24,0.036666667,13
2777.28892,52,59,0.16,7,0.022857143,13
2777.251578,34,55,0.73,21,0.034761905,13
2776.631195,53,90,0.97,37,0.026216216,13
2776.616708,55,83,0.76,28,0.027142857,13
2776.318683,49,75,0.65,26,0.025,13
2776.29926,51,84,0.94,33,0.028484848,13
2776.007642,34,60,0.93,26,0.035769231,13
2775.766828,52,87,0.99,35,0.028285714,13
2775.636518,40,51,0.4,11,0.036363636,13
2775.52712,35,59,0.92,24,0.038333333,13
2775.483406,43,70,0.66,27,0.024444444,13
2775.208019,54,90,0.96,36,0.026666667,13
2774.972379,34,98,0.19,64,0.00296875,13
2774.371648,65,74,0.22,9,0.024444444,13
2774.365293,36,70,0.15,34,0.004411765,13
2774.018125,55,87,0.83,32,0.0259375,13
2773.928404,41,74,0.83,33,0.025151515,13
2773.380084,40,75,0.87,35,0.024857143,13
2773.350662,45,67,0.54,22,0.024545455,13
2773.032432,41,69,0.71,28,0.025357143,13
2773.026942,42,55,0.42,13,0.032307692,13
2772.85782,38,56,0.68,18,0.037777778,13
2772.511884,35,65,0.94,30,0.031333333,13
2772.270826,40,47,0.27,7,0.038571429,13
2772.268266,45,68,0.54,23,0.023478261,13
2772.105567,61,72,0.32,11,0.029090909,13
2771.864561,83,98,0.05,15,0.003333333,13
2771.862791,52,60,0.19,8,0.02375,13
2771.625482,39,68,0.84,29,0.028965517,13
2771.388082,35,96,0.17,61,0.002786885,13
2771.330567,42,51,0.31,9,0.034444444,13
2770.699087,41,76,0.84,35,0.024,13
2770.635987,36,98,0.14,62,0.002258065,13
2770.614594,37,55,0.61,18,0.033888889,13
2769.789809,51,78,0.61,27,0.022592593,13
2769.551892,51,74,0.7,23,0.030434783,13
2769.452746,58,81,0.61,23,0.026521739,13
2769.452746,55,85,0.79,30,0.026333333,13
2769.449024,41,46,0.2,5,0.04,13
2769.386846,53,87,0.84,34,0.024705882,13
2768.687475,45,69,0.6,24,0.025,13
2768.575573,46,64,0.44,18,0.024444444,13
2768.187738,44,54,0.32,10,0.032,13
2768.006142,56,85,0.69,29,0.023793103,13
2768.006142,55,86,0.74,31,0.023870968,13
2768.006142,54,87,0.79,33,0.023939394,13
2767.929122,40,52,0.47,12,0.039166667,13
2767.548688,55,69,0.43,14,0.030714286,13
2767.53118,39,69,0.86,30,0.028666667,13
2767.416595,54,79,0.74,25,0.0296,13
2766.857703,48,80,0.76,32,0.02375,13
2766.609035,36,64,0.88,28,0.031428571,13
2766.265824,40,50,0.36,10,0.036,13
2766.171218,53,75,0.75,22,0.034090909,13
2766.171218,52,76,0.82,24,0.034166667,13
2765.696152,33,62,0.93,29,0.032068966,13
2765.684723,53,74,0.49,21,0.023333333,13
2765.633606,38,62,0.75,24,0.03125,13
2765.547465,54,88,0.8,34,0.023529412,13
2764.743056,39,74,0.97,35,0.027714286,13
2764.506315,39,60,0.66,21,0.031428571,13
2764.384027,42,48,0.2,6,0.033333333,13
2764.383328,44,71,0.65,27,0.024074074,13
2764.37062,53,89,0.85,36,0.023611111,13
2764.072557,58,84,0.69,26,0.026538462,13
2763.461934,37,93,0.16,56,0.002857143,13
2763.400911,37,68,0.14,31,0.004516129,13
2763.300515,45,63,0.51,18,0.028333333,13
2763.250622,35,60,0.94,25,0.0376,13
2762.873473,53,85,0.87,32,0.0271875,13
2762.864737,38,60,0.7,22,0.031818182,13
2762.786316,36,94,0.17,58,0.002931034,13
2762.462901,41,53,0.42,12,0.035,13
2762.247243,39,63,0.73,24,0.030416667,13
2761.832798,38,55,0.65,17,0.038235294,13
2761.48764,45,63,0.45,18,0.025,13
2761.45102,89,92,0.01,3,0.003333333,13
2761.433497,44,65,0.52,21,0.024761905,13
2761.389373,34,56,0.77,22,0.035,13
2761.377347,35,95,0.18,60,0.003,13
2761.335519,39,74,0.96,35,0.027428571,13
2761.078876,60,78,0.45,18,0.025,13
2761.010497,34,67,0.99,33,0.03,13
2760.687009,66,72,0.15,6,0.025,13
2760.687009,65,73,0.2,8,0.025,13
2760.687009,64,74,0.25,10,0.025,13
2760.687009,63,75,0.3,12,0.025,13
2759.985011,36,59,0.75,23,0.032608696,13
2759.73147,60,79,0.47,19,0.024736842,13
2759.623566,56,84,0.74,28,0.026428571,13
2759.321664,33,75,0.17,42,0.004047619,13
2759.258211,51,91,0.97,40,0.02425,13
2759.057237,38,61,0.79,23,0.034347826,13
2759.057237,37,62,0.87,25,0.0348,13
2759.0501,39,74,0.94,35,0.026857143,13
2758.974234,38,49,0.44,11,0.04,13
2758.974234,37,50,0.52,13,0.04,13
2758.569494,43,73,0.71,30,0.023666667,13
2758.05679,36,57,0.72,21,0.034285714,13
2757.941302,59,81,0.63,22,0.028636364,13
2757.941302,58,82,0.69,24,0.02875,13
2757.904727,41,49,0.29,8,0.03625,13
2757.755925,36,59,0.86,23,0.037391304,13
2757.434898,60,81,0.55,21,0.026190476,13
2757.416715,39,77,0.98,38,0.025789474,13
2757.315333,43,64,0.55,21,0.026190476,13
2757.241679,59,86,0.55,27,0.02037037,13
2756.87441,38,54,0.52,16,0.0325,13
2756.789625,43,70,0.73,27,0.027037037,13
2756.763955,43,61,0.54,18,0.03,13
2756.128956,36,98,0.17,62,0.002741935,13
2756.05257,64,69,0.16,5,0.032,13
2756.045574,41,70,0.8,29,0.027586207,13
2755.989512,86,95,0.03,9,0.003333333,13
2755.899798,54,70,0.49,16,0.030625,13
2755.519682,41,60,0.57,19,0.03,13
2754.661335,43,67,0.67,24,0.027916667,13
2754.657142,42,66,0.62,24,0.025833333,13
2754.518851,56,68,0.37,12,0.030833333,13
2754.518851,53,72,0.58,19,0.030526316,13
2754.222921,36,54,0.66,18,0.036666667,13
2754.197319,59,83,0.54,24,0.0225,13
2754.154292,40,75,0.89,35,0.025428571,13
2754.107288,46,69,0.52,23,0.022608696,13
2753.994999,50,59,0.22,9,0.024444444,13
2753.904841,54,86,0.78,32,0.024375,13
2753.192643,44,69,0.68,25,0.0272,13
2752.860228,40,66,0.76,26,0.029230769,13
2752.669366,56,67,0.27,11,0.024545455,13
2752.609283,59,76,0.48,17,0.028235294,13
2752.59108,46,66,0.55,20,0.0275,13
2752.159544,35,62,0.88,27,0.032592593,13
2751.920905,42,52,0.35,10,0.035,13
2751.89401,35,58,0.84,23,0.036521739,13
2751.452022,56,77,0.61,21,0.029047619,13
2751.452022,55,78,0.67,23,0.029130435,13
2751.452022,54,79,0.73,25,0.0292,13
2751.452022,52,82,0.87,30,0.029,13
2751.151975,54,86,0.85,32,0.0265625,13
2750.761485,44,67,0.55,23,0.023913043,13
2750.671884,50,83,0.7,33,0.021212121,13
2750.614241,30,84,0.12,54,0.002222222,13
2750.559512,46,60,0.37,14,0.026428571,13
2750.555958,35,54,0.68,19,0.035789474,13
2750.536956,40,78,0.91,38,0.023947368,13
2750.322957,35,97,0.18,62,0.002903226,13
2750.300382,34,64,0.96,30,0.032,13
2750.299516,63,70,0.22,7,0.031428571,13
2750.1491,38,67,0.12,29,0.004137931,13
2749.921939,39,50,0.39,11,0.035454545,13
2749.554657,52,76,0.81,24,0.03375,13
2749.549269,54,87,0.86,33,0.026060606,13
2749.520393,36,94,0.18,58,0.003103448,13
2749.399814,49,56,0.19,7,0.027142857,13
2749.393587,39,58,0.6,19,0.031578947,13
2749.37169,38,57,0.6,19,0.031578947,13
2749.267985,53,72,0.45,19,0.023684211,13
2749.198159,36,56,0.72,20,0.036,13
2749.166936,37,60,0.73,23,0.03173913,13
2749.166343,40,61,0.65,21,0.030952381,13
2748.987564,58,75,0.5,17,0.029411765,13
2748.256805,64,74,0.27,10,0.027,13
2748.139696,67,73,0.16,6,0.026666667,13
2747.970488,38,53,0.55,15,0.036666667,13
2747.781563,42,65,0.66,23,0.028695652,13
2747.342382,38,54,0.61,16,0.038125,13
2747.322123,34,60,0.83,26,0.031923077,13
2747.270508,41,76,0.85,35,0.024285714,13
2747.131025,59,80,0.52,21,0.024761905,13
2747.082199,34,63,0.96,29,0.033103448,13
2746.450532,47,60,0.33,13,0.025384615,13
2746.41012,60,73,0.41,13,0.031538462,13
2746.191698,59,74,0.44,15,0.029333333,13
2746.146925,36,56,0.71,20,0.0355,13
2745.823459,43,68,0.6,25,0.024,13
2745.81988,46,66,0.48,20,0.024,13
2745.595279,50,55,0.13,5,0.026,13
2745.530768,38,53,0.53,15,0.035333333,13
2745.520387,52,76,0.54,24,0.0225,13
2745.291079,57,86,0.74,29,0.025517241,13
2744.921371,40,66,0.75,26,0.028846154,13
2744.768888,50,67,0.48,17,0.028235294,13
2744.709942,47,62,0.38,15,0.025333333,13
2744.390416,51,77,0.88,26,0.033846154,13
2744.193899,47,67,0.46,20,0.023,13
2744.111324,61,79,0.51,18,0.028333333,13
2744.111324,60,80,0.57,20,0.0285,13
2744.111324,56,85,0.82,29,0.028275862,13
2743.97591,42,59,0.51,17,0.03,13
2743.892568,37,53,0.56,16,0.035,13
2743.314239,43,71,0.71,28,0.025357143,13
2743.187424,39,56,0.54,17,0.031764706,13
2743.145563,49,63,0.33,14,0.023571429,13
2743.008588,52,73,0.64,21,0.03047619,13
2742.697319,37,58,0.67,21,0.031904762,13
2742.675657,35,97,0.17,62,0.002741935,13
2742.590469,45,70,0.57,25,0.0228,13
2742.134295,36,97,0.15,61,0.002459016,13
2741.89072,52,80,0.6,28,0.021428571,13
2741.87411,40,61,0.63,21,0.03,13
2741.784415,39,51,0.43,12,0.035833333,13
2741.670939,54,86,0.84,32,0.02625,13
2741.500062,56,68,0.29,12,0.024166667,13
2741.23323,39,53,0.53,14,0.037857143,13
2741.142495,35,56,0.78,21,0.037142857,13
2741.129062,58,65,0.17,7,0.024285714,13
2740.704562,36,95,0.15,59,0.002542373,13
2740.623223,42,58,0.5,16,0.03125,13
2740.591092,34,62,0.91,28,0.0325,13
2740.556437,37,57,0.76,20,0.038,13
2740.53031,42,62,0.59,20,0.0295,13
2740.435424,42,47,0.17,5,0.034,13
2740.397351,48,65,0.4,17,0.023529412,13
2740.348385,45,68,0.56,23,0.024347826,13
2740.348385,44,69,0.61,25,0.0244,13
2740.214708,34,60,0.92,26,0.035384615,13
2740.068565,52,75,0.53,23,0.023043478,13
2739.771877,41,61,0.6,20,0.03,13
2739.696569,40,74,0.9,34,0.026470588,13
2739.488446,34,60,0.87,26,0.033461538,13
2739.46385,35,73,0.1,38,0.002631579,13
2739.334002,40,52,0.42,12,0.035,13
2739.111868,57,66,0.22,9,0.024444444,13
2738.827987,58,84,0.59,26,0.022692308,13
2738.512517,39,55,0.56,16,0.035,13
2738.476265,43,63,0.53,20,0.0265,13
2738.346132,36,65,0.99,29,0.034137931,13
2738.0367,56,84,0.68,28,0.024285714,13
2738.0367,55,85,0.73,30,0.024333333,13
2737.848249,41,75,0.9,34,0.026470588,13
2737.762499,58,83,0.7,25,0.028,13
2737.557447,59,81,0.53,22,0.024090909,13
2737.5025,58,82,0.58,24,0.024166667,13
2737.457902,41,54,0.43,13,0.033076923,13
2737.211714,61,80,0.5,19,0.026315789,13
2737.147721,36,52,0.61,16,0.038125,13
2737.043031,54,85,0.82,31,0.026451613,13
2736.992935,42,67,0.64,25,0.0256,13
2736.763201,41,52,0.38,11,0.034545455,13
2736.621595,35,60,0.82,25,0.0328,13
2736.619022,42,72,0.81,30,0.027,13
2736.598529,45,46,0.04,1,0.04,13
2736.598529,44,47,0.12,3,0.04,13
2736.598529,43,48,0.2,5,0.04,13
2736.598529,42,49,0.28,7,0.04,13
2736.598529,41,50,0.36,9,0.04,13
2736.547486,61,79,0.43,18,0.023888889,13
2736.547486,60,80,0.48,20,0.024,13
2736.547486,58,83,0.59,25,0.0236,13
2736.547486,57,84,0.64,27,0.023703704,13
2736.417173,34,60,0.95,26,0.036538462,13
2736.324126,55,82,0.74,27,0.027407407,13
2736.249452,58,80,0.59,22,0.026818182,13
2735.775106,42,49,0.24,7,0.034285714,13
2735.651999,36,58,0.79,22,0.035909091,13
2735.648239,40,76,0.89,36,0.024722222,13
2735.521519,35,95,0.19,60,0.003166667,13
2735.402182,41,54,0.44,13,0.033846154,13
2735.308387,41,62,0.62,21,0.02952381,13
2735.246532,48,59,0.28,11,0.025454545,13
2735.072421,56,86,0.84,30,0.028,13
2735.02472,39,68,0.83,29,0.02862069,13
2734.979828,41,69,0.78,28,0.027857143,13
2734.941524,60,79,0.51,19,0.026842105,13
2734.934849,53,88,0.84,35,0.024,13
2734.934849,52,89,0.89,37,0.024054054,13
2734.884628,41,63,0.65,22,0.029545455,13
2734.262366,34,58,0.89,24,0.037083333,13
2734.101862,61,71,0.32,10,0.032,13
2733.836055,34,98,0.16,64,0.0025,13
2733.795854,61,79,0.48,18,0.026666667,13
2733.768181,56,82,0.7,26,0.026923077,13
2733.61481,55,73,0.6,18,0.033333333,13
2733.564335,54,74,0.67,20,0.0335,13
2733.564335,53,75,0.74,22,0.033636364,13
2733.425814,36,70,0.16,34,0.004705882,13
2733.33664,34,99,0.2,65,0.003076923,13
2733.306654,56,75,0.63,19,0.033157895,13
2733.256916,47,64,0.39,17,0.022941176,13
2733.186965,54,87,0.8,33,0.024242424,13
2732.955246,34,55,0.8,21,0.038095238,13
2732.853227,63,77,0.37,14,0.026428571,13
2732.853227,60,80,0.53,20,0.0265,13
2732.718032,37,54,0.63,17,0.037058824,13
2732.700777,46,65,0.46,19,0.024210526,13
2732.700777,45,66,0.51,21,0.024285714,13
2732.689439,38,54,0.56,16,0.035,13
2732.359266,49,62,0.36,13,0.027692308,13
2732.21264,45,55,0.31,10,0.031,13
2732.117704,49,84,0.75,35,0.021428571,13
2732.050692,61,74,0.4,13,0.030769231,13
2732.002373,39,62,0.7,23,0.030434783,13
2731.983497,57,74,0.56,17,0.032941176,13
2731.961442,39,65,0.76,26,0.029230769,13
2731.961442,38,66,0.82,28,0.029285714,13
2731.840281,56,82,0.66,26,0.025384615,13
2731.634361,35,61,0.83,26,0.031923077,13
2731.213965,55,87,0.75,32,0.0234375,13
2731.024203,57,83,0.63,26,0.024230769,13
2731.005476,34,54,0.73,20,0.0365,13
2730.992891,64,76,0.32,12,0.026666667,13
2730.924621,52,87,0.93,35,0.026571429,13
2730.828956,60,75,0.46,15,0.030666667,13
2730.746393,37,71,0.97,34,0.028529412,13
2730.726162,54,90,0.95,36,0.026388889,13
2730.638388,57,81,0.69,24,0.02875,13
2730.61591,53,88,0.93,35,0.026571429,13
2730.574789,37,54,0.56,17,0.032941176,13
2730.461262,49,77,0.68,28,0.024285714,13
2730.413177,46,53,0.22,7,0.031428571,13
2730.324135,50,82,0.69,32,0.0215625,13
2730.205506,36,57,0.75,21,0.035714286,13
2730.064648,42,69,0.76,27,0.028148148,13
2729.918478,36,63,0.85,27,0.031481481,13
2729.854004,52,90,0.91,38,0.023947368,13
2729.795584,43,69,0.88,26,0.033846154,13
2729.793069,41,49,0.27,8,0.03375,13
2729.67434,54,87,0.87,33,0.026363636,13
2729.340101,44,51,0.23,7,0.032857143,13
2729.232446,49,68,0.54,19,0.028421053,13
2728.955332,57,76,0.61,19,0.032105263,13
2728.735037,40,53,0.45,13,0.034615385,13
2728.686356,40,76,0.93,36,0.025833333,13
2728.483491,55,84,0.77,29,0.026551724,13
2728.408999,42,54,0.43,12,0.035833333,13
2728.365781,41,48,0.28,7,0.04,13
2728.320406,43,63,0.59,20,0.0295,13
2728.320406,42,64,0.65,22,0.029545455,13
2728.29025,38,61,0.8,23,0.034782609,13
2728.261697,35,54,0.72,19,0.037894737,13
2728.195953,49,60,0.27,11,0.024545455,13
2728.093988,34,74,0.13,40,0.00325,13
2727.741913,42,50,0.26,8,0.0325,13
2727.653779,48,62,0.32,14,0.022857143,13
2727.424582,57,67,0.24,10,0.024,13
2727.418793,43,69,0.63,26,0.024230769,13
2727.352515,39,49,0.35,10,0.035,13
2727.193064,51,60,0.25,9,0.027777778,13
2727.094142,38,68,0.88,30,0.029333333,13
2727.086258,55,79,0.76,24,0.031666667,13
2726.983758,46,61,0.39,15,0.026,13
2726.405392,43,68,0.7,25,0.028,13
2726.376467,48,64,0.38,16,0.02375,13
2726.355299,59,74,0.48,15,0.032,13
2725.945345,33,57,0.91,24,0.037916667,13
2725.866075,34,75,0.12,41,0.002926829,13
2725.774527,56,69,0.31,13,0.023846154,13
2725.552586,58,81,0.57,23,0.024782609,13
2725.552586,57,82,0.62,25,0.0248,13
2725.357368,43,62,0.56,19,0.029473684,13
2725.307767,35,58,0.82,23,0.035652174,13
2725.165147,36,56,0.75,20,0.0375,13
2725.110984,36,57,0.71,21,0.033809524,13
2724.97585,37,62,0.76,25,0.0304,13
2724.826248,63,71,0.25,8,0.03125,13
2724.712049,40,77,0.91,37,0.024594595,13
2724.639101,44,69,0.6,25,0.024,13
2724.605606,54,89,0.89,35,0.025428571,13
2724.487942,57,77,0.63,20,0.0315,13
2724.306279,37,72,0.99,35,0.028285714,13
2724.280771,38,67,0.84,29,0.028965517,13
2723.998912,37,55,0.59,18,0.032777778,13
2723.953296,68,70,0.05,2,0.025,13
2723.953296,67,71,0.1,4,0.025,13
2723.859866,48,61,0.32,13,0.024615385,13
2723.197422,57,84,0.76,27,0.028148148,13
2723.117404,35,57,0.81,22,0.036818182,13
2723.088554,38,57,0.63,19,0.033157895,13
2722.814467,55,87,0.9,32,0.028125,13
2722.697925,51,83,0.94,32,0.029375,13
2722.584444,50,79,0.97,29,0.033448276,13
2722.540101,59,82,0.65,23,0.02826087,13
2722.540101,58,83,0.71,25,0.0284,13
2722.540101,57,84,0.77,27,0.028518519,13
2722.540101,54,88,0.96,34,0.028235294,13
2722.43917,58,73,0.49,15,0.032666667,13
2722.363182,62,68,0.2,6,0.033333333,13
2722.33336,43,70,0.72,27,0.026666667,13
2722.252665,56,82,0.75,26,0.028846154,13
2721.941395,61,78,0.42,17,0.024705882,13
2721.810842,41,72,0.77,31,0.02483871,13
2721.64341,61,72,0.35,11,0.031818182,13
2721.477087,38,69,0.89,31,0.028709677,13
2721.389181,62,78,0.45,16,0.028125,13
2721.373258,36,56,0.7,20,0.035,13
2721.353109,57,85,0.78,28,0.027857143,13
2721.274873,40,62,0.66,22,0.03,13
2721.253566,36,57,0.76,21,0.036190476,13
2721.232438,50,59,0.23,9,0.025555556,13
2721.226975,35,65,0.91,30,0.030333333,13
2721.068578,49,64,0.35,15,0.023333333,13
2720.863031,55,86,0.75,31,0.024193548,13
2720.57683,39,68,0.94,29,0.032413793,13
2720.54204,47,61,0.35,14,0.025,13
2720.529524,68,71,0.08,3,0.026666667,13
2720.4843,42,71,0.78,29,0.026896552,13
2720.346177,35,66,0.93,31,0.03,13
2720.308558,38,70,0.91,32,0.0284375,13
2720.14359,38,68,0.86,30,0.028666667,13
2720.14263,36,56,0.65,20,0.0325,13
2719.938587,35,66,0.94,31,0.030322581,13
2719.914659,54,86,0.79,32,0.0246875,13
2719.865541,41,47,0.21,6,0.035,13
2719.751202,42,65,0.6,23,0.026086957,13
2719.678551,41,67,0.74,26,0.028461538,13
2719.623182,48,63,0.36,15,0.024,13
2719.556285,63,71,0.23,8,0.02875,13
2719.185862,39,72,0.94,33,0.028484848,13
2719.18498,48,64,0.44,16,0.0275,13
2719.029789,34,55,0.74,21,0.035238095,13
2718.987148,53,77,0.53,24,0.022083333,13
2718.588689,62,73,0.31,11,0.028181818,13
2718.321459,34,96,0.2,62,0.003225806,13
2718.126202,41,75,0.84,34,0.024705882,13
2717.726255,52,79,0.59,27,0.021851852,13
2717.714835,54,89,0.98,35,0.028,13
2717.601103,42,69,0.77,27,0.028518519,13
2717.56112,51,77,0.89,26,0.034230769,13
2717.368042,43,68,0.61,25,0.0244,13
2717.354425,66,73,0.17,7,0.024285714,13
2717.337666,45,68,0.55,23,0.023913043,13
2717.261109,44,62,0.48,18,0.026666667,13
2717.049586,47,82,0.82,35,0.023428571,13
2716.513293,53,80,0.79,27,0.029259259,13
2716.513293,51,83,0.93,32,0.0290625,13
2716.296149,52,81,0.86,29,0.029655172,13
2716.296149,51,82,0.92,31,0.029677419,13
2716.23954,52,81,0.85,29,0.029310345,13
2716.23954,50,83,0.98,33,0.02969697,13
2715.798681,37,58,0.68,21,0.032380952,13
2715.62585,54,92,0.78,38,0.020526316,13
2715.581768,36,60,0.8,24,0.033333333,13
2715.510619,41,73,0.85,32,0.0265625,13
2715.385711,38,49,0.43,11,0.039090909,13
2715.310793,44,68,0.58,24,0.024166667,13
2714.812026,39,53,0.49,14,0.035,13
2714.664641,41,76,0.83,35,0.023714286,13
2714.566369,39,66,0.8,27,0.02962963,13
2714.441864,56,83,0.72,27,0.026666667,13
2714.441864,55,84,0.78,29,0.026896552,13
2714.438767,39,49,0.36,10,0.036,13
2714.350892,53,92,0.95,39,0.024358974,13
2714.327172,36,63,0.82,27,0.03037037,13
2714.181644,36,65,0.87,29,0.03,13
2714.114905,38,53,0.5,15,0.033333333,13
2714.025846,42,69,0.68,27,0.025185185,13
2713.994276,48,65,0.41,17,0.024117647,13
2713.910032,46,63,0.42,17,0.024705882,13
2713.861513,59,82,0.54,23,0.023478261,13
2713.824892,45,64,0.47,19,0.024736842,13
2713.801008,46,67,0.5,21,0.023809524,13
2713.333595,53,91,0.95,38,0.025,13
2713.28517,57,88,0.64,31,0.020645161,13
2713.212499,35,61,0.85,26,0.032692308,13
2713.053108,49,62,0.3,13,0.023076923,13
2712.895398,31,60,0.99,29,0.034137931,13
2712.824163,52,95,0.88,43,0.020465116,13
2712.66814,32,61,0.99,29,0.034137931,13
2712.642404,42,61,0.56,19,0.029473684,13
2712.472234,56,86,0.85,30,0.028333333,13
2712.433661,56,67,0.34,11,0.030909091,13
2712.347175,36,56,0.79,20,0.0395,13
2712.347175,34,59,0.98,25,0.0392,13
2712.2938,41,73,0.78,32,0.024375,13
2711.896928,51,57,0.14,6,0.023333333,13
2711.766847,45,67,0.53,22,0.024090909,13
2711.588587,35,99,0.14,64,0.0021875,13
2711.58397,62,76,0.38,14,0.027142857,13
2711.501223,46,64,0.5,18,0.027777778,13
2711.444205,53,86,0.88,33,0.026666667,13
2711.295998,35,63,0.88,28,0.031428571,13
2711.28212,36,51,0.57,15,0.038,13
2711.160681,83,99,0.05,16,0.003125,13
2711.029971,51,82,0.66,31,0.021290323,13
2710.507081,52,70,0.46,18,0.025555556,13
2710.271458,59,75,0.5,16,0.03125,13
2710.188424,60,73,0.38,13,0.029230769,13
2709.803558,37,72,0.98,35,0.028,13
2709.70732,47,64,0.41,17,0.024117647,13
2709.671206,35,59,0.8,24,0.033333333,13
2709.587103,41,48,0.27,7,0.038571429,13
2709.521282,39,56,0.56,17,0.032941176,13
2709.185039,55,87,0.91,32,0.0284375,13
2709.185039,54,88,0.97,34,0.028529412,13
2709.087345,47,91,0.88,44,0.02,13
2709.060842,35,57,0.83,22,0.037727273,13
2709.02358,37,62,0.79,25,0.0316,13
2709.018068,53,87,0.91,34,0.026764706,13
2709.013094,37,57,0.66,20,0.033,13
2708.852123,36,58,0.84,22,0.038181818,13
2708.839148,43,72,0.89,29,0.030689655,13
2708.831101,60,73,0.42,13,0.032307692,13
2708.831101,58,75,0.55,17,0.032352941,13
2708.705372,59,71,0.4,12,0.033333333,13
2708.665434,39,76,0.97,37,0.026216216,13
2708.384546,45,62,0.49,17,0.028823529,13
2708.333133,35,97,0.15,62,0.002419355,13
2708.261454,41,74,0.81,33,0.024545455,13
2708.099158,36,55,0.71,19,0.037368421,13
2707.99691,47,64,0.44,17,0.025882353,13
2707.880355,54,84,0.82,30,0.027333333,13
2707.846747,38,54,0.6,16,0.0375,13
2707.77343,82,99,0.06,17,0.003529412,13
2707.720676,32,58,0.93,26,0.035769231,13
2707.624193,34,62,0.9,28,0.032142857,13
2707.495223,39,71,0.89,32,0.0278125,13
2707.483513,35,99,0.18,64,0.0028125,13
2706.914628,38,53,0.52,15,0.034666667,13
2706.776075,54,85,0.78,31,0.02516129,13
2706.740395,35,98,0.18,63,0.002857143,13
2706.732483,57,69,0.28,12,0.023333333,13
2706.620661,54,85,0.83,31,0.026774194,13
2706.568283,35,59,0.9,24,0.0375,13
2706.558851,58,71,0.44,13,0.033846154,13
2706.534217,57,76,0.56,19,0.029473684,13
2706.485172,37,56,0.64,19,0.033684211,13
2706.342725,47,66,0.46,19,0.024210526,13
2706.253179,39,57,0.59,18,0.032777778,13
2706.243793,46,68,0.51,22,0.023181818,13
2706.123365,52,59,0.18,7,0.025714286,13
2705.913987,34,63,0.94,29,0.032413793,13
2705.809358,32,99,0.23,67,0.003432836,13
2705.800633,59,73,0.45,14,0.032142857,13
2705.45526,52,88,0.89,36,0.024722222,13
2705.445864,39,78,0.96,39,0.024615385,13
2705.445118,48,85,0.79,37,0.021351351,13
2705.381002,51,88,0.99,37,0.026756757,13
2705.118084,44,67,0.6,23,0.026086957,13
2705.098582,37,50,0.51,13,0.039230769,13
2705.049725,42,63,0.62,21,0.02952381,13
2704.858241,41,52,0.42,11,0.038181818,13
2704.810076,39,67,0.81,28,0.028928571,13
2704.779329,57,70,0.45,13,0.034615385,13
2704.713726,53,77,0.82,24,0.034166667,13
2704.713726,52,78,0.89,26,0.034230769,13
2704.51416,44,69,0.67,25,0.0268,13
2704.510114,39,52,0.45,13,0.034615385,13
2704.502841,35,63,0.89,28,0.031785714,13
2704.402912,42,64,0.63,22,0.028636364,13
2704.230236,40,48,0.28,8,0.035,13
2704.008425,44,50,0.2,6,0.033333333,13
2703.780012,56,77,0.62,21,0.02952381,13
2703.637711,36,56,0.76,20,0.038,13
2703.601104,36,65,0.9,29,0.031034483,13
2703.577879,55,91,0.74,36,0.020555556,13
