% profit,ema1,ema2,threshold,diff,thresh / diff,ID
4070.583422,60,65,0.17,5,0.034,37
4061.444022,58,69,0.37,11,0.033636364,37
4052.310732,55,73,0.6,18,0.033333333,37
4042.510606,54,74,0.67,20,0.0335,37
4040.616469,56,72,0.53,16,0.033125,37
4019.630832,59,67,0.27,8,0.03375,37
4016.080761,61,63,0.07,2,0.035,37
4015.045921,59,66,0.24,7,0.034285714,37
4010.520737,60,64,0.14,4,0.035,37
3995.749151,54,73,0.64,19,0.033684211,37
3966.304973,58,67,0.31,9,0.034444444,37
3964.811172,57,68,0.38,11,0.034545455,37
3964.811172,56,69,0.45,13,0.034615385,37
3964.589215,62,65,0.1,3,0.033333333,37
3964.015595,55,72,0.57,17,0.033529412,37
3963.931534,59,65,0.21,6,0.035,37
3960.908832,58,68,0.34,10,0.034,37
3958.133424,53,74,0.71,21,0.033809524,37
3957.605668,59,68,0.3,9,0.033333333,37
3935.888171,57,69,0.41,12,0.034166667,37
3934.405544,56,70,0.48,14,0.034285714,37
3926.730434,58,66,0.28,8,0.035,37
3910.803948,57,70,0.44,13,0.033846154,37
3832.576523,54,70,0.56,16,0.035,37
3832.576523,53,71,0.63,18,0.035,37
3824.183857,62,76,0.39,14,0.027857143,37
3816.428553,59,79,0.56,20,0.028,37
3812.352855,54,71,0.59,17,0.034705882,37
3805.16178,54,72,0.62,18,0.034444444,37
3805.16178,53,73,0.69,20,0.0345,37
3801.657511,50,78,0.95,28,0.033928571,37
3801.215406,53,72,0.66,19,0.034736842,37
3800.206599,55,71,0.55,16,0.034375,37
3799.597978,52,73,0.73,21,0.034761905,37
3799.597978,51,74,0.8,23,0.034782609,37
3796.829228,61,66,0.17,5,0.034,37
3796.436183,56,68,0.42,12,0.035,37
3796.436183,55,69,0.49,14,0.035,37
3795.337941,54,85,0.88,31,0.028387097,37
3795.272583,55,84,0.82,29,0.028275862,37
3793.629384,55,70,0.52,15,0.034666667,37
3792.78679,57,67,0.35,10,0.035,37
3786.724093,53,86,0.94,33,0.028484848,37
3784.313653,57,81,0.67,24,0.027916667,37
3773.588802,60,78,0.51,18,0.028333333,37
3769.414053,52,74,0.76,22,0.034545455,37
3767.254796,53,75,0.74,22,0.033636364,37
3767.254796,52,76,0.81,24,0.03375,37
3764.187227,51,75,0.83,24,0.034583333,37
3763.331163,56,82,0.74,26,0.028461538,37
3763.331163,55,83,0.8,28,0.028571429,37
3763.331163,54,84,0.86,30,0.028666667,37
3761.804847,52,75,0.78,23,0.033913043,37
3761.125592,56,83,0.75,27,0.027777778,37
3759.458361,57,81,0.68,24,0.028333333,37
3757.016186,58,80,0.62,22,0.028181818,37
3755.053204,52,85,0.97,33,0.029393939,37
3754.93526,59,80,0.58,21,0.027619048,37
3747.719599,61,77,0.45,16,0.028125,37
3744.431268,53,85,0.92,32,0.02875,37
3740.642771,58,70,0.4,12,0.033333333,37
3739.124367,59,70,0.36,11,0.032727273,37
3729.464179,56,82,0.73,26,0.028076923,37
3728.824983,65,72,0.2,7,0.028571429,37
3725.944418,56,83,0.74,27,0.027407407,37
3725.388471,57,80,0.66,23,0.028695652,37
3721.420792,59,69,0.33,10,0.033,37
3720.55069,61,76,0.43,15,0.028666667,37
3720.190241,57,81,0.69,24,0.02875,37
3720.190241,56,82,0.75,26,0.028846154,37
3718.938937,56,81,0.72,25,0.0288,37
3718.637911,57,72,0.49,15,0.032666667,37
3714.036499,55,84,0.8,29,0.027586207,37
3709.627184,55,83,0.81,28,0.028928571,37
3709.130019,55,82,0.78,27,0.028888889,37
3706.674196,52,86,0.98,34,0.028823529,37
3704.687154,60,76,0.47,16,0.029375,37
3703.824567,56,73,0.56,17,0.032941176,37
3703.006063,55,83,0.79,28,0.028214286,37
3701.860082,60,77,0.49,17,0.028823529,37
3697.974249,59,77,0.53,18,0.029444444,37
3697.974249,55,82,0.79,27,0.029259259,37
3697.448356,58,78,0.59,20,0.0295,37
3697.448356,54,83,0.85,29,0.029310345,37
3697.38464,53,84,0.91,31,0.029354839,37
3696.79165,50,76,0.9,26,0.034615385,37
3694.189085,54,73,0.65,19,0.034210526,37
3694.189085,53,74,0.72,21,0.034285714,37
3694.189085,52,75,0.79,23,0.034347826,37
3691.408143,55,84,0.81,29,0.027931034,37
3689.341933,51,77,0.89,26,0.034230769,37
3689.063875,51,76,0.86,25,0.0344,37
3685.066347,61,75,0.41,14,0.029285714,37
3685.066347,59,78,0.55,19,0.028947368,37
3685.066347,58,79,0.61,21,0.029047619,37
3685.066347,57,80,0.67,23,0.029130435,37
3678.38806,56,81,0.73,25,0.0292,37
3678.38806,54,84,0.87,30,0.029,37
3677.864879,53,85,0.93,32,0.0290625,37
3677.864879,52,86,0.99,34,0.029117647,37
3676.574201,51,77,0.88,26,0.033846154,37
3673.846274,55,72,0.58,17,0.034117647,37
3670.883796,60,67,0.24,7,0.034285714,37
3670.883796,59,68,0.31,9,0.034444444,37
3670.883796,53,75,0.75,22,0.034090909,37
3670.883796,52,76,0.82,24,0.034166667,37
3667.933588,54,85,0.86,31,0.027741935,37
3667.933588,53,86,0.92,33,0.027878788,37
3667.933588,52,87,0.98,35,0.028,37
3667.160358,54,74,0.68,20,0.034,37
3661.72406,56,84,0.76,28,0.027142857,37
3657.749259,57,82,0.69,25,0.0276,37
3656.54888,54,85,0.87,31,0.028064516,37
3655.149224,58,79,0.6,21,0.028571429,37
3655.149224,54,84,0.85,30,0.028333333,37
3655.149224,53,86,0.93,33,0.028181818,37
3655.149224,52,87,0.99,35,0.028285714,37
3651.768971,56,71,0.51,15,0.034,37
3650.016021,58,81,0.63,23,0.027391304,37
3650.016021,55,85,0.82,30,0.027333333,37
3642.064277,54,87,0.89,33,0.026969697,37
3641.741964,50,78,0.96,28,0.034285714,37
3638.993871,50,77,0.93,27,0.034444444,37
3638.633013,53,84,0.9,31,0.029032258,37
3632.207358,53,84,0.89,31,0.028709677,37
3628.136815,53,87,0.95,34,0.027941176,37
3627.180679,54,83,0.84,29,0.028965517,37
3623.655958,54,86,0.87,32,0.0271875,37
3620.774707,53,85,0.91,32,0.0284375,37
3620.774707,52,86,0.97,34,0.028529412,37
3614.743006,61,68,0.23,7,0.032857143,37
3613.948937,52,85,0.96,33,0.029090909,37
3612.815205,61,67,0.2,6,0.033333333,37
3609.520543,57,83,0.7,26,0.026923077,37
3606.347632,59,81,0.59,22,0.026818182,37
3604.044432,53,87,0.93,34,0.027352941,37
3601.075603,53,87,0.94,34,0.027647059,37
3600.772778,54,86,0.88,32,0.0275,37
3597.974983,60,79,0.52,19,0.027368421,37
3596.29071,54,73,0.66,19,0.034736842,37
3595.894167,57,86,0.77,29,0.026551724,37
3595.832156,57,85,0.75,28,0.026785714,37
3593.529491,55,85,0.81,30,0.027,37
3586.252639,60,71,0.35,11,0.031818182,37
3583.500464,56,88,0.84,32,0.02625,37
3580.525107,54,76,0.72,22,0.032727273,37
3575.727419,52,88,0.98,36,0.027222222,37
3575.30972,58,71,0.43,13,0.033076923,37
3575.197993,55,74,0.63,19,0.033157895,37
3569.843812,59,83,0.64,24,0.026666667,37
3569.782237,61,80,0.51,19,0.026842105,37
3567.820127,55,88,0.87,33,0.026363636,37
3567.820127,54,90,0.94,36,0.026111111,37
3567.005898,56,71,0.52,15,0.034666667,37
3567.005898,55,72,0.59,17,0.034705882,37
3563.220135,53,88,0.95,35,0.027142857,37
3559.938908,60,80,0.53,20,0.0265,37
3557.649804,54,84,0.84,30,0.028,37
3557.537465,59,84,0.66,25,0.0264,37
3556.465705,55,89,0.89,34,0.026176471,37
3556.404355,56,87,0.82,31,0.026451613,37
3556.342935,61,78,0.47,17,0.027647059,37
3550.122566,53,86,0.91,33,0.027575758,37
3549.819208,54,85,0.85,31,0.027419355,37
3549.819208,53,87,0.92,34,0.027058824,37
3549.819208,52,87,0.96,35,0.027428571,37
3542.202641,64,77,0.35,13,0.026923077,37
3541.96765,58,84,0.69,26,0.026538462,37
3541.96765,58,85,0.71,27,0.026296296,37
3541.96765,57,86,0.76,29,0.026206897,37
3541.96765,56,88,0.83,32,0.0259375,37
3536.862865,62,64,0.07,2,0.035,37
3533.538387,58,69,0.38,11,0.034545455,37
3533.538387,57,70,0.45,13,0.034615385,37
3533.313251,56,76,0.64,20,0.032,37
3533.313251,54,78,0.77,24,0.032083333,37
3528.668769,59,79,0.57,20,0.0285,37
3527.048159,66,75,0.24,9,0.026666667,37
3526.435943,58,82,0.64,24,0.026666667,37
3522.989521,62,79,0.46,17,0.027058824,37
3522.989521,60,81,0.57,21,0.027142857,37
3518.558181,54,92,0.97,38,0.025526316,37
3518.022815,55,88,0.88,33,0.026666667,37
3515.759287,61,81,0.53,20,0.0265,37
3514.928167,54,90,0.95,36,0.026388889,37
3500.474045,53,91,0.99,38,0.026052632,37
3497.709819,60,82,0.59,22,0.026818182,37
3496.220531,57,72,0.5,15,0.033333333,37
3491.426058,63,78,0.4,15,0.026666667,37
3491.426058,60,82,0.58,22,0.026363636,37
3489.987512,54,92,0.98,38,0.025789474,37
3489.570041,54,93,0.98,39,0.025128205,37
3487.801702,58,80,0.63,22,0.028636364,37
3487.175141,57,73,0.52,16,0.0325,37
3484.474314,64,74,0.28,10,0.028,37
3482.446894,60,83,0.6,23,0.026086957,37
3480.75668,58,73,0.48,15,0.032,37
3480.75668,57,75,0.57,18,0.031666667,37
3480.75668,56,75,0.61,19,0.032105263,37
3480.584249,53,85,0.9,32,0.028125,37
3480.584249,52,86,0.96,34,0.028235294,37
3480.584249,52,87,0.97,35,0.027714286,37
3479.365042,54,89,0.93,35,0.026571429,37
3478.415041,57,71,0.47,14,0.033571429,37
3477.881213,54,85,0.89,31,0.028709677,37
3477.385795,53,86,0.95,33,0.028787879,37
3475.096255,55,89,0.88,34,0.025882353,37
3474.071862,55,87,0.87,32,0.0271875,37
3473.825371,56,86,0.81,30,0.027,37
3473.825371,56,87,0.83,31,0.026774194,37
3473.825371,54,89,0.94,35,0.026857143,37
3473.215608,52,88,0.99,36,0.0275,37
3469.724667,60,68,0.27,8,0.03375,37
3466.806283,57,74,0.55,17,0.032352941,37
3466.806283,55,76,0.68,21,0.032380952,37
3464.890212,55,89,0.9,34,0.026470588,37
3459.273678,53,88,0.94,35,0.026857143,37
3459.057453,53,77,0.79,24,0.032916667,37
3455.016093,54,90,0.97,36,0.026944444,37
3454.466937,59,82,0.63,23,0.027391304,37
3454.466937,56,86,0.82,30,0.027333333,37
3454.340162,56,85,0.77,29,0.026551724,37
3453.934917,56,74,0.59,18,0.032777778,37
3452.21992,57,84,0.71,27,0.026296296,37
3450.429093,62,71,0.28,9,0.031111111,37
3449.20542,63,77,0.38,14,0.027142857,37
3449.201158,52,89,0.99,37,0.026756757,37
3447.152043,57,85,0.76,28,0.027142857,37
3447.152043,55,88,0.89,33,0.026969697,37
3447.152043,54,89,0.95,35,0.027142857,37
3446.907409,58,84,0.7,26,0.026923077,37
3444.404696,56,84,0.77,28,0.0275,37
3442.862307,63,67,0.13,4,0.0325,37
3442.862307,61,69,0.26,8,0.0325,37
3442.862307,59,71,0.39,12,0.0325,37
3440.260062,54,90,0.96,36,0.026666667,37
3439.446553,52,88,0.97,36,0.026944444,37
3438.706621,55,87,0.88,32,0.0275,37
3438.283572,55,89,0.91,34,0.026764706,37
3438.03955,58,85,0.72,27,0.026666667,37
3437.779545,62,80,0.48,18,0.026666667,37
3437.428678,59,82,0.62,23,0.026956522,37
3437.428678,56,86,0.8,30,0.026666667,37
3437.335196,53,87,0.91,34,0.026764706,37
3436.076688,57,82,0.7,25,0.028,37
3435.502841,58,74,0.51,16,0.031875,37
3434.855943,63,79,0.42,16,0.02625,37
3434.855943,62,80,0.47,18,0.026111111,37
3434.855943,59,84,0.65,25,0.026,37
3434.759178,56,83,0.76,27,0.028148148,37
3433.85345,61,71,0.32,10,0.032,37
3433.286699,60,78,0.5,18,0.027777778,37
3433.136979,59,74,0.47,15,0.031333333,37
3432.892116,58,82,0.65,24,0.027083333,37
3425.707473,58,81,0.64,23,0.027826087,37
3425.482674,56,87,0.81,31,0.026129032,37
3423.622623,55,91,0.92,36,0.025555556,37
3421.896297,57,83,0.71,26,0.027307692,37
3419.535297,68,72,0.11,4,0.0275,37
3419.535297,66,74,0.22,8,0.0275,37
3419.535297,64,76,0.33,12,0.0275,37
3414.347831,61,79,0.49,18,0.027222222,37
3414.347831,59,81,0.6,22,0.027272727,37
3414.347831,57,84,0.73,27,0.027037037,37
3411.975593,58,65,0.25,7,0.035714286,37
3411.175959,62,78,0.44,16,0.0275,37
3411.117047,63,76,0.36,13,0.027692308,37
3409.501932,56,84,0.78,28,0.027857143,37
3409.443048,60,79,0.53,19,0.027894737,37
3409.313253,64,73,0.26,9,0.028888889,37
3408.194324,59,80,0.59,21,0.028095238,37
3408.194324,55,85,0.84,30,0.028,37
3408.194324,54,86,0.9,32,0.028125,37
3406.877526,54,87,0.88,33,0.026666667,37
3405.287755,69,72,0.08,3,0.026666667,37
3405.128155,52,78,0.86,26,0.033076923,37
3404.932113,53,86,0.96,33,0.029090909,37
3404.912531,63,74,0.31,11,0.028181818,37
3404.326829,54,88,0.94,34,0.027647059,37
3401.658532,60,77,0.48,17,0.028235294,37
3401.348039,55,85,0.83,30,0.027666667,37
3401.348039,54,86,0.89,32,0.0278125,37
3399.80884,55,91,0.91,36,0.025277778,37
3399.60979,63,74,0.32,11,0.029090909,37
3399.228876,65,75,0.27,10,0.027,37
3399.183551,63,75,0.34,12,0.028333333,37
3397.572471,52,85,0.95,33,0.028787879,37
3396.927557,53,87,0.96,34,0.028235294,37
3396.582619,64,78,0.37,14,0.026428571,37
3396.083488,61,76,0.42,15,0.028,37
3396.083488,58,79,0.59,21,0.028095238,37
3396.083488,57,80,0.65,23,0.02826087,37
3395.890121,54,90,0.93,36,0.025833333,37
3395.500569,63,68,0.16,5,0.032,37
3393.901483,53,88,0.96,35,0.027428571,37
3392.639178,58,81,0.65,23,0.02826087,37
3389.765542,61,82,0.55,21,0.026190476,37
3387.807471,58,82,0.66,24,0.0275,37
3387.59996,63,69,0.19,6,0.031666667,37
3387.477484,53,90,0.99,37,0.026756757,37
3386.916925,65,74,0.25,9,0.027777778,37
3384.235092,54,92,0.99,38,0.026052632,37
3383.864226,66,73,0.19,7,0.027142857,37
3383.864226,64,75,0.3,11,0.027272727,37
3381.988375,60,72,0.38,12,0.031666667,37
3381.882324,59,72,0.42,13,0.032307692,37
3381.338636,61,81,0.52,20,0.026,37
3381.338636,57,86,0.75,29,0.025862069,37
3380.688159,58,83,0.68,25,0.0272,37
3380.338853,54,89,0.92,35,0.026285714,37
3379.861422,58,80,0.61,22,0.027727273,37
3379.369399,55,83,0.82,28,0.029285714,37
3378.231749,52,72,0.71,20,0.0355,37
3378.031704,55,73,0.61,18,0.033888889,37
3376.754011,51,78,0.91,27,0.033703704,37
3375.187572,54,91,0.96,37,0.025945946,37
3374.958549,52,90,0.99,38,0.026052632,37
3374.308223,55,86,0.84,31,0.027096774,37
3374.308223,54,88,0.91,34,0.026764706,37
3373.6185,56,72,0.54,16,0.03375,37
3373.084972,55,86,0.81,31,0.026129032,37
3373.021001,62,77,0.41,15,0.027333333,37
3372.480358,57,82,0.71,25,0.0284,37
3372.480358,56,83,0.77,27,0.028518519,37
3372.480358,55,85,0.85,30,0.028333333,37
3372.076207,61,70,0.29,9,0.032222222,37
3371.336499,53,90,0.98,37,0.026486486,37
3371.075634,54,75,0.71,21,0.033809524,37
3371.075634,53,76,0.78,23,0.033913043,37
3370.780449,50,79,0.98,29,0.033793103,37
3370.768187,56,88,0.82,32,0.025625,37
3370.459557,65,73,0.22,8,0.0275,37
3369.963429,58,73,0.49,15,0.032666667,37
3369.951262,65,76,0.29,11,0.026363636,37
3369.951262,59,83,0.63,24,0.02625,37
3369.951262,58,85,0.7,27,0.025925926,37
3369.836772,61,80,0.52,19,0.027368421,37
3368.922578,51,79,0.93,28,0.033214286,37
3367.835718,55,91,0.93,36,0.025833333,37
3367.830683,63,75,0.33,12,0.0275,37
3366.53206,52,89,0.97,37,0.026216216,37
3364.722556,55,87,0.86,32,0.026875,37
3363.768009,55,86,0.85,31,0.027419355,37
3363.768009,54,87,0.91,33,0.027575758,37
3363.768009,54,88,0.93,34,0.027352941,37
3363.768009,53,88,0.97,35,0.027714286,37
3363.768009,53,89,0.99,36,0.0275,37
3363.210985,65,71,0.17,6,0.028333333,37
3362.87874,54,86,0.91,32,0.0284375,37
3362.696042,59,83,0.65,24,0.027083333,37
3362.350493,54,75,0.7,21,0.033333333,37
3361.932583,54,87,0.87,33,0.026363636,37
3361.920625,61,75,0.4,14,0.028571429,37
3360.590493,58,83,0.67,25,0.0268,37
3359.641149,54,89,0.96,35,0.027428571,37
3358.462163,56,85,0.76,29,0.026206897,37
3357.630503,55,87,0.85,32,0.0265625,37
3357.543506,55,83,0.78,28,0.027857143,37
3357.040391,55,84,0.83,29,0.02862069,37
3356.561706,53,87,0.97,34,0.028529412,37
3356.527224,62,74,0.34,12,0.028333333,37
3355.367136,56,73,0.57,17,0.033529412,37
3355.367136,52,77,0.84,25,0.0336,37
3354.451702,60,81,0.58,21,0.027619048,37
3354.451702,58,83,0.69,25,0.0276,37
3354.451702,58,84,0.71,26,0.027307692,37
3354.451702,57,84,0.75,27,0.027777778,37
3354.451702,57,85,0.77,28,0.0275,37
3354.038725,57,86,0.78,29,0.026896552,37
3353.035488,56,89,0.85,33,0.025757576,37
3352.977551,55,90,0.9,35,0.025714286,37
3351.639172,56,84,0.75,28,0.026785714,37
3350.982691,53,76,0.77,23,0.033478261,37
3350.926177,56,81,0.71,25,0.0284,37
3350.770144,66,71,0.14,5,0.028,37
3350.29875,53,89,0.96,36,0.026666667,37
3349.819707,56,85,0.78,29,0.026896552,37
3349.75042,54,77,0.75,23,0.032608696,37
3349.580194,53,88,0.93,35,0.026571429,37
3346.122157,55,86,0.82,31,0.026451613,37
3345.814997,55,88,0.9,33,0.027272727,37
3345.578966,63,77,0.39,14,0.027857143,37
3345.018879,63,73,0.29,10,0.029,37
3345.015728,57,87,0.77,30,0.025666667,37
3343.939186,67,74,0.19,7,0.027142857,37
3341.15246,53,88,0.92,35,0.026285714,37
3339.890477,52,85,0.98,33,0.02969697,37
3339.274137,54,88,0.9,34,0.026470588,37
3339.274137,53,90,0.97,37,0.026216216,37
3338.996885,56,87,0.8,31,0.025806452,37
3338.996885,55,89,0.87,34,0.025588235,37
3338.996885,54,91,0.94,37,0.025405405,37
3338.996885,53,92,0.99,39,0.025384615,37
3338.723702,56,87,0.84,31,0.027096774,37
3337.942248,62,75,0.37,13,0.028461538,37
3337.678996,59,81,0.61,22,0.027727273,37
3337.678996,57,83,0.72,26,0.027692308,37
3337.678996,57,84,0.74,27,0.027407407,37
3337.678996,56,85,0.8,29,0.027586207,37
3337.678996,55,86,0.86,31,0.027741935,37
3337.678996,54,87,0.92,33,0.027878788,37
3337.406598,54,82,0.84,28,0.03,37
3337.196563,60,80,0.55,20,0.0275,37
3335.42982,52,84,0.95,32,0.0296875,37
3335.328764,63,79,0.43,16,0.026875,37
3334.862798,60,71,0.36,11,0.032727273,37
3332.597086,59,79,0.55,20,0.0275,37
3332.520785,53,89,0.98,36,0.027222222,37
3332.040273,60,81,0.56,21,0.026666667,37
3332.040273,57,85,0.74,28,0.026428571,37
3331.912259,61,79,0.5,18,0.027777778,37
3331.372637,52,89,0.98,37,0.026486486,37
3330.861274,52,77,0.85,25,0.034,37
3330.756767,64,73,0.25,9,0.027777778,37
3330.702699,58,72,0.46,14,0.032857143,37
3330.702699,56,75,0.62,19,0.032631579,37
3329.353263,53,84,0.92,31,0.029677419,37
3329.353263,53,85,0.94,32,0.029375,37
3329.156073,61,77,0.44,16,0.0275,37
3328.696912,57,87,0.78,30,0.026,37
3326.876993,55,81,0.78,26,0.03,37
3326.876993,55,82,0.8,27,0.02962963,37
3326.876993,54,83,0.86,29,0.029655172,37
3326.413247,57,82,0.68,25,0.0272,37
3326.070533,55,74,0.64,19,0.033684211,37
3326.070533,53,77,0.8,24,0.033333333,37
3326.070533,52,78,0.87,26,0.033461538,37
3325.979463,55,86,0.83,31,0.026774194,37
3324.886284,59,77,0.51,18,0.028333333,37
3324.811929,51,79,0.94,28,0.033571429,37
3323.610203,58,78,0.57,20,0.0285,37
3322.436512,58,82,0.67,24,0.027916667,37
3322.397815,56,85,0.79,29,0.027241379,37
3322.397815,54,88,0.92,34,0.027058824,37
3321.723261,54,76,0.73,22,0.033181818,37
3321.48745,50,75,0.88,25,0.0352,37
3320.008677,55,75,0.66,20,0.033,37
3319.615884,56,85,0.81,29,0.027931034,37
3316.664126,54,69,0.54,15,0.036,37
3315.296018,62,75,0.36,13,0.027692308,37
3314.74484,55,81,0.77,26,0.029615385,37
3314.366764,51,73,0.78,22,0.035454545,37
3314.030572,63,72,0.26,9,0.028888889,37
3313.550528,60,75,0.43,15,0.028666667,37
3313.145136,54,86,0.86,32,0.026875,37
3312.565972,62,78,0.43,16,0.026875,37
3312.565972,60,80,0.54,20,0.027,37
3311.307284,60,69,0.3,9,0.033333333,37
3311.133501,58,87,0.75,29,0.025862069,37
3311.133501,57,89,0.82,32,0.025625,37
3311.133501,56,90,0.87,34,0.025588235,37
3311.10912,55,85,0.8,30,0.026666667,37
3310.832624,60,80,0.56,20,0.028,37
3310.565391,63,66,0.1,3,0.033333333,37
3310.174088,57,83,0.73,26,0.028076923,37
3310.174088,53,88,0.98,35,0.028,37
3309.64706,57,84,0.72,27,0.026666667,37
3304.341773,57,79,0.65,22,0.029545455,37
3304.341773,56,80,0.71,24,0.029583333,37
3304.169994,63,73,0.28,10,0.028,37
3303.253067,58,80,0.64,22,0.029090909,37
3303.183738,55,90,0.91,35,0.026,37
3303.049642,60,83,0.61,23,0.026521739,37
3302.923161,60,70,0.33,10,0.033,37
3301.883562,60,75,0.45,15,0.03,37
3301.883562,59,76,0.51,17,0.03,37
3301.415079,56,84,0.79,28,0.028214286,37
3301.105618,54,87,0.9,33,0.027272727,37
3301.105618,53,89,0.97,36,0.026944444,37
3300.723874,66,72,0.17,6,0.028333333,37
3300.076121,55,93,0.83,38,0.021842105,37
3299.408908,54,91,0.95,37,0.025675676,37
3299.22182,56,91,0.88,35,0.025142857,37
3299.22182,54,93,0.99,39,0.025384615,37
3297.477417,53,78,0.82,25,0.0328,37
3297.277376,64,71,0.2,7,0.028571429,37
3296.635899,57,88,0.8,31,0.025806452,37
3296.52727,62,75,0.38,13,0.029230769,37
3296.52727,57,81,0.7,24,0.029166667,37
3296.52727,56,82,0.76,26,0.029230769,37
3296.182485,64,72,0.23,8,0.02875,37
3295.712002,55,82,0.77,27,0.028518519,37
3295.269858,42,64,0.72,22,0.032727273,37
3294.436469,53,83,0.89,30,0.029666667,37
3294.074703,61,76,0.44,15,0.029333333,37
3292.305176,52,84,0.96,32,0.03,37
3292.00996,54,87,0.93,33,0.028181818,37
3291.54028,53,88,0.99,35,0.028285714,37
3291.330954,62,74,0.35,12,0.029166667,37
3291.089124,55,88,0.86,33,0.026060606,37
3291.083167,53,89,0.94,36,0.026111111,37
3289.855657,55,80,0.76,25,0.0304,37
3289.855657,54,81,0.82,27,0.03037037,37
3289.855657,53,82,0.88,29,0.030344828,37
3289.855657,53,83,0.9,30,0.03,37
3289.249607,60,78,0.49,18,0.027222222,37
3289.066266,61,80,0.5,19,0.026315789,37
3289.066266,58,84,0.68,26,0.026153846,37
3289.066266,57,85,0.73,28,0.026071429,37
3288.642038,55,92,0.94,37,0.025405405,37
3288.611857,45,61,0.52,16,0.0325,37
3287.726279,56,80,0.7,24,0.029166667,37
3287.68377,54,88,0.89,34,0.026176471,37
3286.624159,59,76,0.49,17,0.028823529,37
3286.555104,54,85,0.9,31,0.029032258,37
3285.702459,59,79,0.58,20,0.029,37
3284.087111,62,76,0.4,14,0.028571429,37
3284.087111,61,77,0.46,16,0.02875,37
3283.876621,52,83,0.95,31,0.030645161,37
3283.876621,52,84,0.97,32,0.0303125,37
3281.315427,42,63,0.71,21,0.033809524,37
3280.680353,43,63,0.65,20,0.0325,37
3280.654917,59,77,0.52,18,0.028888889,37
3280.305534,64,74,0.27,10,0.027,37
3277.980712,67,73,0.16,6,0.026666667,37
3277.980712,62,79,0.45,17,0.026470588,37
3277.889775,55,92,0.93,37,0.025135135,37
3277.611124,53,89,0.95,36,0.026388889,37
3277.348856,58,78,0.58,20,0.029,37
3277.348856,57,79,0.64,22,0.029090909,37
3276.513164,62,76,0.38,14,0.027142857,37
3275.45666,53,75,0.76,22,0.034545455,37
3275.45666,51,78,0.92,27,0.034074074,37
3275.45666,50,79,0.99,29,0.034137931,37
3275.394896,41,66,0.81,25,0.0324,37
3275.36349,51,86,0.96,35,0.027428571,37
3275.262547,58,88,0.76,30,0.025333333,37
3275.190071,59,69,0.34,10,0.034,37
3275.190071,58,70,0.41,12,0.034166667,37
3274.388111,50,81,0.93,31,0.03,37
3271.137159,51,74,0.81,23,0.035217391,37
3271.1146,52,79,0.89,27,0.032962963,37
3269.672946,53,71,0.64,18,0.035555556,37
3269.525444,56,92,0.9,36,0.025,37
3269.090608,53,87,0.98,34,0.028823529,37
3268.963107,61,79,0.48,18,0.026666667,37
3268.963107,56,86,0.79,30,0.026333333,37
3267.507387,54,82,0.83,28,0.029642857,37
3266.953447,63,77,0.37,14,0.026428571,37
3266.953447,60,81,0.55,21,0.026190476,37
3266.953447,58,83,0.66,25,0.0264,37
3265.674914,55,93,0.95,38,0.025,37
3265.346924,55,87,0.83,32,0.0259375,37
3265.132236,58,77,0.57,19,0.03,37
3265.132236,57,78,0.63,21,0.03,37
3265.075774,56,79,0.69,23,0.03,37
3264.262441,59,78,0.53,19,0.027894737,37
3263.906058,59,78,0.54,19,0.028421053,37
3263.821599,63,78,0.41,15,0.027333333,37
3263.419457,61,81,0.54,20,0.027,37
3262.495617,60,76,0.46,16,0.02875,37
3261.773713,57,79,0.63,22,0.028636364,37
3261.610749,54,91,0.97,37,0.026216216,37
3261.36371,58,86,0.73,28,0.026071429,37
3260.731718,42,64,0.73,22,0.033181818,37
3259.224066,51,54,0.1,3,0.033333333,37
3259.224066,48,57,0.3,9,0.033333333,37
3258.451946,41,65,0.8,24,0.033333333,37
3257.689955,62,87,0.51,25,0.0204,37
3257.590502,55,92,0.82,37,0.022162162,37
3257.043699,54,91,0.98,37,0.026486486,37
3256.773043,54,83,0.83,29,0.02862069,37
3255.940224,64,76,0.32,12,0.026666667,37
3255.940224,59,82,0.61,23,0.026521739,37
3255.876581,59,80,0.57,21,0.027142857,37
3255.829496,62,77,0.42,15,0.028,37
3255.398527,51,86,0.98,35,0.028,37
3255.388578,59,87,0.71,28,0.025357143,37
3255.347961,49,76,0.95,27,0.035185185,37
3255.205897,56,89,0.87,33,0.026363636,37
3253.665978,58,89,0.78,31,0.02516129,37
3253.665978,57,90,0.83,33,0.025151515,37
3253.377649,63,86,0.47,23,0.020434783,37
3252.444717,44,61,0.57,17,0.033529412,37
3252.321914,41,65,0.79,24,0.032916667,37
3251.187592,52,84,0.91,32,0.0284375,37
3250.513934,60,85,0.64,25,0.0256,37
3249.678117,51,80,0.87,29,0.03,37
3249.414826,54,93,0.87,39,0.022307692,37
3248.691588,64,84,0.42,20,0.021,37
3248.506235,58,85,0.73,27,0.027037037,37
3248.078613,56,86,0.78,30,0.026,37
3248.078613,54,89,0.91,35,0.026,37
3247.846777,55,88,0.85,33,0.025757576,37
3247.846777,53,91,0.98,38,0.025789474,37
3247.230133,40,66,0.87,26,0.033461538,37
3246.620375,61,78,0.46,17,0.027058824,37
3246.619868,67,71,0.11,4,0.0275,37
3245.595672,55,87,0.9,32,0.028125,37
3245.529165,57,84,0.77,27,0.028518519,37
3245.440453,53,70,0.61,17,0.035882353,37
3244.967976,52,79,0.81,27,0.03,37
3243.113422,56,85,0.83,29,0.02862069,37
3242.800684,54,89,0.98,35,0.028,37
3242.764878,54,95,0.89,41,0.021707317,37
3239.955061,54,88,0.96,34,0.028235294,37
3239.705121,67,72,0.14,5,0.028,37
3239.701398,58,72,0.47,14,0.033571429,37
3239.147296,56,88,0.85,32,0.0265625,37
3239.128954,54,90,0.98,36,0.027222222,37
3238.517199,54,87,0.95,33,0.028787879,37
3237.656188,55,87,0.89,32,0.0278125,37
3237.164784,55,87,0.91,32,0.0284375,37
3237.164784,54,88,0.97,34,0.028529412,37
3237.127916,52,84,0.9,32,0.028125,37
3237.091612,52,95,0.98,43,0.022790698,37
3237.04474,59,64,0.18,5,0.036,37
3236.512114,55,68,0.47,13,0.036153846,37
3236.273971,61,83,0.57,22,0.025909091,37
3236.132462,55,87,0.84,32,0.02625,37
3235.980066,54,78,0.7,24,0.029166667,37
3235.39347,61,88,0.56,27,0.020740741,37
3233.23808,65,76,0.3,11,0.027272727,37
3232.954777,57,83,0.75,26,0.028846154,37
3232.954777,56,84,0.81,28,0.028928571,37
3231.742468,56,86,0.83,30,0.027666667,37
3231.580195,57,71,0.48,14,0.034285714,37
3231.578201,59,84,0.67,25,0.0268,37
3231.52265,54,92,0.87,38,0.022894737,37
3231.127111,64,75,0.31,11,0.028181818,37
3231.127111,61,78,0.48,17,0.028235294,37
3231.03902,55,93,0.84,38,0.022105263,37
3230.617497,52,85,0.9,33,0.027272727,37
3230.38411,60,89,0.6,29,0.020689655,37
3230.260293,53,83,0.84,30,0.028,37
3230.241854,39,67,0.92,28,0.032857143,37
3229.896061,55,88,0.91,33,0.027575758,37
3229.473653,52,86,0.95,34,0.027941176,37
3228.427367,54,88,0.95,34,0.027941176,37
3228.422169,59,86,0.69,27,0.025555556,37
3227.801745,58,86,0.72,28,0.025714286,37
3227.025869,40,66,0.85,26,0.032692308,37
3226.951386,62,87,0.52,25,0.0208,37
3226.225899,54,82,0.82,28,0.029285714,37
3225.875855,55,76,0.69,21,0.032857143,37
3225.830609,50,82,0.95,32,0.0296875,37
3225.62037,68,71,0.08,3,0.026666667,37
3225.62037,65,74,0.24,9,0.026666667,37
3224.927932,54,87,0.94,33,0.028484848,37
3223.706283,55,81,0.76,26,0.029230769,37
3222.66345,50,84,0.99,34,0.029117647,37
3222.355601,56,85,0.82,29,0.028275862,37
3221.946722,62,78,0.45,16,0.028125,37
3221.946722,59,82,0.64,23,0.027826087,37
3221.946722,58,83,0.7,25,0.028,37
3221.300434,55,86,0.89,31,0.028709677,37
3220.886335,61,74,0.39,13,0.03,37
3220.429006,60,79,0.54,19,0.028421053,37
3220.429006,55,86,0.87,31,0.028064516,37
3220.26546,50,74,0.85,24,0.035416667,37
3220.118051,53,83,0.91,30,0.030333333,37
3219.646019,54,89,0.97,35,0.027714286,37
3219.392818,52,86,0.94,34,0.027647059,37
3217.739594,60,85,0.55,25,0.022,37
3217.697482,56,89,0.84,33,0.025454545,37
3217.632481,53,82,0.9,29,0.031034483,37
3217.557307,63,72,0.27,9,0.03,37
3217.557307,62,73,0.33,11,0.03,37
3217.451667,50,83,0.97,33,0.029393939,37
3216.98697,49,75,0.92,26,0.035384615,37
3215.796139,56,80,0.72,24,0.03,37
3215.796139,52,85,0.99,33,0.03,37
3215.766698,58,82,0.69,24,0.02875,37
3215.73435,56,80,0.69,24,0.02875,37
3215.73435,55,81,0.75,26,0.028846154,37
3215.595583,59,81,0.63,22,0.028636364,37
3215.363092,61,87,0.55,26,0.021153846,37
3215.269031,58,77,0.55,19,0.028947368,37
3213.430987,44,46,0.07,2,0.035,37
3213.430987,43,47,0.14,4,0.035,37
3212.891514,56,86,0.84,30,0.028,37
3212.472214,56,81,0.74,25,0.0296,37
3212.302631,57,84,0.76,27,0.028148148,37
3211.323004,54,83,0.82,29,0.028275862,37
3210.144084,57,78,0.61,21,0.029047619,37
3210.144084,56,79,0.67,23,0.029130435,37
3209.947729,54,82,0.85,28,0.030357143,37
3209.947729,53,84,0.93,31,0.03,37
3208.607279,63,78,0.43,15,0.028666667,37
3207.176085,66,73,0.2,7,0.028571429,37
3207.176085,61,79,0.51,18,0.028333333,37
3206.687957,63,76,0.35,13,0.026923077,37
3205.969788,51,73,0.79,22,0.035909091,37
3205.914318,50,74,0.86,24,0.035833333,37
3205.859733,57,88,0.79,31,0.025483871,37
3205.715392,43,63,0.66,20,0.033,37
3204.941827,52,83,0.96,31,0.030967742,37
3204.400538,42,65,0.74,23,0.032173913,37
3204.35326,50,83,0.96,33,0.029090909,37
3204.29167,62,77,0.4,15,0.026666667,37
3204.25268,56,79,0.68,23,0.029565217,37
3204.25268,55,80,0.74,25,0.0296,37
3202.771549,62,79,0.49,17,0.028823529,37
3202.477468,54,83,0.81,29,0.027931034,37
3201.249272,56,90,0.86,34,0.025294118,37
3200.678053,55,86,0.88,31,0.028387097,37
3200.271842,59,81,0.62,22,0.028181818,37
3199.989951,60,80,0.57,20,0.0285,37
3198.828901,39,68,0.93,29,0.032068966,37
3198.696457,55,90,0.89,35,0.025428571,37
3197.875698,54,81,0.8,27,0.02962963,37
3197.744987,51,81,0.89,30,0.029666667,37
3196.413075,62,68,0.2,6,0.033333333,37
3196.097626,56,79,0.71,23,0.030869565,37
3195.942429,54,77,0.68,23,0.029565217,37
3195.942429,53,79,0.76,26,0.029230769,37
3195.942429,52,80,0.82,28,0.029285714,37
3195.878904,53,85,0.89,32,0.0278125,37
3195.841818,65,83,0.38,18,0.021111111,37
3195.841818,62,86,0.51,24,0.02125,37
3195.777733,53,83,0.88,30,0.029333333,37
3195.088644,55,73,0.62,18,0.034444444,37
3195.088644,54,74,0.69,20,0.0345,37
3194.14236,40,67,0.89,27,0.032962963,37
3194.112188,54,84,0.83,30,0.027666667,37
3193.807199,59,70,0.37,11,0.033636364,37
3193.281181,52,84,0.94,32,0.029375,37
3193.004268,55,81,0.8,26,0.030769231,37
3191.882831,53,80,0.78,27,0.028888889,37
3191.7866,61,84,0.59,23,0.025652174,37
3191.307849,55,76,0.62,21,0.02952381,37
3190.977232,44,62,0.59,18,0.032777778,37
3190.874546,55,80,0.78,25,0.0312,37
3190.843222,59,76,0.52,17,0.030588235,37
3189.580146,55,94,0.84,39,0.021538462,37
3189.470211,57,89,0.81,32,0.0253125,37
3189.386948,39,67,0.93,28,0.033214286,37
3189.01982,55,92,0.95,37,0.025675676,37
3189.009935,41,67,0.83,26,0.031923077,37
3188.960681,57,73,0.53,16,0.033125,37
3188.874165,54,86,0.92,32,0.02875,37
3188.264191,56,91,0.89,35,0.025428571,37
3188.264191,55,93,0.96,38,0.025263158,37
3186.617956,55,91,0.82,36,0.022777778,37
3186.611309,56,82,0.72,26,0.027692308,37
3186.000884,54,82,0.86,28,0.030714286,37
3185.897715,58,71,0.44,13,0.033846154,37
3185.467955,60,82,0.63,22,0.028636364,37
3184.02969,53,76,0.79,23,0.034347826,37
3184.02091,64,80,0.36,16,0.0225,37
3184.001126,51,85,0.98,34,0.028823529,37
3183.888804,47,58,0.37,11,0.033636364,37
3182.706828,60,75,0.46,15,0.030666667,37
3182.454725,55,69,0.5,14,0.035714286,37
3182.313037,51,87,0.97,36,0.026944444,37
3182.212491,56,72,0.55,16,0.034375,37
3182.095889,51,81,0.88,30,0.029333333,37
3181.73975,37,52,0.57,15,0.038,37
3181.541201,62,82,0.52,20,0.026,37
3181.270588,41,66,0.82,25,0.0328,37
3181.238428,51,88,0.98,37,0.026486486,37
3180.624807,55,68,0.46,13,0.035384615,37
3180.461444,54,82,0.77,28,0.0275,37
3180.461444,53,83,0.83,30,0.027666667,37
3179.974835,56,79,0.7,23,0.030434783,37
3179.365133,58,77,0.56,19,0.029473684,37
3179.365133,57,78,0.62,21,0.02952381,37
3179.206388,46,59,0.44,13,0.033846154,37
3178.645937,50,84,0.98,34,0.028823529,37
3178.227144,60,79,0.51,19,0.026842105,37
3178.053345,52,82,0.86,30,0.028666667,37
3177.911397,55,82,0.76,27,0.028148148,37
3177.529249,59,82,0.66,23,0.028695652,37
3177.491114,39,68,0.96,29,0.033103448,37
3177.417061,41,47,0.23,6,0.038333333,37
3177.289703,56,92,0.78,36,0.021666667,37
3177.164087,52,72,0.7,20,0.035,37
3176.462089,54,69,0.53,15,0.035333333,37
3176.393863,51,82,0.91,31,0.029354839,37
3176.242689,50,82,0.94,32,0.029375,37
3176.179745,57,67,0.36,10,0.036,37
3176.179745,52,73,0.75,21,0.035714286,37
3175.76783,49,81,0.99,32,0.0309375,37
3175.229635,54,82,0.81,28,0.028928571,37
3175.034559,56,75,0.57,19,0.03,37
3174.746868,61,68,0.24,7,0.034285714,37
3174.539818,45,60,0.51,15,0.034,37
3174.393274,65,73,0.23,8,0.02875,37
3174.189607,54,81,0.83,27,0.030740741,37
3174.189607,53,82,0.89,29,0.030689655,37
3174.189607,52,84,0.98,32,0.030625,37
3174.077907,40,66,0.86,26,0.033076923,37
3173.829167,58,90,0.69,32,0.0215625,37
3173.816788,59,88,0.73,29,0.025172414,37
3173.416397,57,87,0.79,30,0.026333333,37
3173.416397,56,89,0.86,33,0.026060606,37
3173.416397,55,90,0.92,35,0.026285714,37
3172.96473,61,74,0.38,13,0.029230769,37
3172.96473,60,75,0.44,15,0.029333333,37
3172.769136,63,75,0.35,12,0.029166667,37
3172.421179,51,83,0.92,32,0.02875,37
3172.279538,61,79,0.52,18,0.028888889,37
3172.255024,56,93,0.79,37,0.021351351,37
3171.748334,58,83,0.72,25,0.0288,37
3171.748334,57,84,0.78,27,0.028888889,37
3171.748334,56,86,0.86,30,0.028666667,37
3171.748334,55,87,0.92,32,0.02875,37
3171.508749,53,83,0.92,30,0.030666667,37
3171.201905,52,81,0.84,29,0.028965517,37
3171.159065,40,67,0.86,27,0.031851852,37
3170.947498,39,69,0.98,30,0.032666667,37
3170.932028,60,87,0.59,27,0.021851852,37
3170.932028,58,89,0.68,31,0.021935484,37
3170.932028,57,91,0.74,34,0.021764706,37
3170.099685,65,79,0.31,14,0.022142857,37
3169.98958,55,77,0.64,22,0.029090909,37
3169.886823,57,74,0.51,17,0.03,37
3168.997407,62,81,0.43,19,0.022631579,37
3168.876425,56,74,0.6,18,0.033333333,37
3168.768436,55,88,0.94,33,0.028484848,37
3168.274443,61,74,0.4,13,0.030769231,37
3168.274443,58,77,0.59,19,0.031052632,37
3168.274443,57,78,0.65,21,0.030952381,37
3168.256979,50,81,0.94,31,0.030322581,37
3168.101128,63,81,0.4,18,0.022222222,37
3167.467929,54,92,0.96,38,0.025263158,37
3166.989628,67,75,0.21,8,0.02625,37
3166.759157,51,87,0.98,36,0.027222222,37
3166.293542,56,80,0.73,24,0.030416667,37
3166.123879,36,52,0.62,16,0.03875,37
3165.933517,43,62,0.64,19,0.033684211,37
3165.449586,59,71,0.4,12,0.033333333,37
3165.449586,55,75,0.67,20,0.0335,37
3165.375234,53,84,0.84,31,0.027096774,37
3165.339379,60,78,0.52,18,0.028888889,37
3165.339379,59,80,0.6,21,0.028571429,37
3164.887238,58,81,0.66,23,0.028695652,37
3164.887238,57,82,0.72,25,0.0288,37
3164.887238,56,83,0.78,27,0.028888889,37
3164.887238,55,84,0.84,29,0.028965517,37
3164.528508,62,73,0.32,11,0.029090909,37
3164.463621,60,84,0.63,24,0.02625,37
3164.463621,60,85,0.65,25,0.026,37
3164.463621,59,86,0.7,27,0.025925926,37
3164.463621,58,88,0.77,30,0.025666667,37
3164.331585,53,84,0.88,31,0.028387097,37
3164.073841,60,88,0.6,28,0.021428571,37
3163.645472,54,70,0.57,16,0.035625,37
3163.354886,54,76,0.74,22,0.033636364,37
3162.995005,51,82,0.98,31,0.031612903,37
3162.754152,62,85,0.5,23,0.02173913,37
3162.561554,53,78,0.75,25,0.03,37
3162.529725,64,74,0.29,10,0.029,37
3162.461037,62,67,0.17,5,0.034,37
3162.453416,59,76,0.5,17,0.029411765,37
3162.387873,57,72,0.51,15,0.034,37
3162.219074,62,83,0.54,21,0.025714286,37
3162.21673,59,72,0.39,13,0.03,37
3162.21673,58,73,0.45,15,0.03,37
3162.056211,56,67,0.39,11,0.035454545,37
3162.000531,57,86,0.79,29,0.027241379,37
3161.695151,54,71,0.6,17,0.035294118,37
3161.695151,53,72,0.67,19,0.035263158,37
3161.54351,52,72,0.72,20,0.036,37
3161.493973,49,75,0.93,26,0.035769231,37
3160.697206,68,80,0.25,12,0.020833333,37
3160.627,64,77,0.37,13,0.028461538,37
3160.627,58,84,0.74,26,0.028461538,37
3160.080155,51,84,0.95,33,0.028787879,37
3159.108536,36,53,0.65,17,0.038235294,37
3158.26678,51,86,0.95,35,0.027142857,37
3157.328967,54,78,0.71,24,0.029583333,37
3156.647694,50,77,0.96,27,0.035555556,37
3156.313101,54,90,0.99,36,0.0275,37
3156.044996,55,84,0.79,29,0.027241379,37
3155.404362,62,78,0.46,16,0.02875,37
3155.099828,55,88,0.92,33,0.027878788,37
3154.875898,57,85,0.8,28,0.028571429,37
3154.811989,58,73,0.44,15,0.029333333,37
3154.78466,62,79,0.47,17,0.027647059,37
3154.764035,56,89,0.88,33,0.026666667,37
3154.576377,56,88,0.89,32,0.0278125,37
3153.478505,50,73,0.83,23,0.036086957,37
3153.412827,58,92,0.7,34,0.020588235,37
3152.974672,64,66,0.06,2,0.03,37
3152.974672,63,67,0.12,4,0.03,37
3152.974672,62,68,0.18,6,0.03,37
3152.974672,61,69,0.24,8,0.03,37
3152.974672,60,70,0.3,10,0.03,37
3152.870423,59,72,0.38,13,0.029230769,37
3152.647792,51,86,0.97,35,0.027714286,37
3152.268425,61,83,0.49,22,0.022272727,37
3151.967437,56,78,0.69,22,0.031363636,37
3151.552839,54,82,0.79,28,0.028214286,37
3151.552839,53,83,0.85,30,0.028333333,37
3151.524429,56,87,0.85,31,0.027419355,37
3151.402547,50,82,0.96,32,0.03,37
3150.741428,60,86,0.66,26,0.025384615,37
3150.501466,61,73,0.37,12,0.030833333,37
3150.501466,57,77,0.62,20,0.031,37
3150.501466,55,80,0.77,25,0.0308,37
3150.179278,55,78,0.67,23,0.029130435,37
3149.945172,55,82,0.75,27,0.027777778,37
3149.611791,57,85,0.79,28,0.028214286,37
3149.611791,56,86,0.85,30,0.028333333,37
3149.611791,55,88,0.93,33,0.028181818,37
3149.611791,54,89,0.99,35,0.028285714,37
3149.288368,74,92,0.31,18,0.017222222,37
3149.219755,57,74,0.5,17,0.029411765,37
3148.45512,57,93,0.75,36,0.020833333,37
3148.397978,57,81,0.66,24,0.0275,37
3148.397978,55,83,0.77,28,0.0275,37
3148.344576,57,75,0.53,18,0.029444444,37
3148.344576,56,76,0.59,20,0.0295,37
3148.344576,55,77,0.65,22,0.029545455,37
3148.135372,54,88,0.98,34,0.028823529,37
3147.368565,54,84,0.88,30,0.029333333,37
3147.265308,60,81,0.6,21,0.028571429,37
3147.208269,54,80,0.75,26,0.028846154,37
3146.864018,62,82,0.45,20,0.0225,37
3146.856655,59,89,0.64,30,0.021333333,37
3146.856655,57,91,0.73,34,0.021470588,37
3146.647156,62,80,0.49,18,0.027222222,37
3146.647156,60,82,0.6,22,0.027272727,37
3146.456355,40,68,0.9,28,0.032142857,37
3146.297663,50,75,0.89,25,0.0356,37
3146.104664,66,78,0.31,12,0.025833333,37
3145.604332,59,90,0.65,31,0.020967742,37
3145.166706,63,71,0.25,8,0.03125,37
3144.785608,58,91,0.69,33,0.020909091,37
3144.717627,40,68,0.91,28,0.0325,37
3144.6153,59,80,0.61,21,0.029047619,37
3144.6153,58,81,0.67,23,0.029130435,37
3144.6153,55,85,0.87,30,0.029,37
3144.6153,54,86,0.93,32,0.0290625,37
3144.513324,79,89,0.16,10,0.016,37
3143.840257,53,84,0.87,31,0.028064516,37
3143.335771,32,69,0.4,37,0.010810811,37
3143.268121,55,90,0.97,35,0.027714286,37
3142.655564,56,68,0.43,12,0.035833333,37
3142.365577,53,86,0.9,33,0.027272727,37
3142.197416,66,77,0.25,11,0.022727273,37
3142.197416,64,79,0.34,15,0.022666667,37
3141.964535,58,84,0.72,26,0.027692308,37
3141.454186,67,77,0.26,10,0.026,37
3141.454186,66,77,0.29,11,0.026363636,37
3141.454186,64,80,0.42,16,0.02625,37
3141.454186,63,81,0.47,18,0.026111111,37
3141.350592,67,80,0.28,13,0.021538462,37
3141.097315,52,85,0.93,33,0.028181818,37
3141.097315,51,86,0.99,35,0.028285714,37
3141.067621,57,78,0.64,21,0.03047619,37
3140.82363,56,81,0.7,25,0.028,37
3140.494397,59,85,0.67,26,0.025769231,37
3140.366685,55,90,0.95,35,0.027142857,37
3140.063378,54,79,0.73,25,0.0292,37
3140.063378,53,80,0.79,27,0.029259259,37
3140.063378,52,81,0.85,29,0.029310345,37
3139.989806,58,79,0.58,21,0.027619048,37
3139.937484,52,85,0.91,33,0.027575758,37
3139.807702,57,80,0.68,23,0.029565217,37
3139.648032,51,74,0.82,23,0.035652174,37
3139.372698,43,46,0.11,3,0.036666667,37
3139.10305,53,79,0.77,26,0.029615385,37
3139.10305,52,80,0.83,28,0.029642857,37
3138.738972,57,92,0.74,35,0.021142857,37
3138.686935,39,68,0.94,29,0.032413793,37
3138.641231,54,81,0.84,27,0.031111111,37
3138.438141,52,88,0.96,36,0.026666667,37
3138.408519,61,73,0.35,12,0.029166667,37
3138.369816,61,73,0.38,12,0.031666667,37
3138.052196,65,81,0.34,16,0.02125,37
3138.045992,57,86,0.81,29,0.027931034,37
3137.823234,56,87,0.88,31,0.028387097,37
3137.778122,56,80,0.65,24,0.027083333,37
3137.709953,55,90,0.94,35,0.026857143,37
3137.291159,59,86,0.6,27,0.022222222,37
3137.186485,51,88,0.99,37,0.026756757,37
3137.179278,57,80,0.64,23,0.027826087,37
3137.101616,53,81,0.81,28,0.028928571,37
3137.101616,52,82,0.87,30,0.029,37
3137.101616,52,83,0.89,31,0.028709677,37
3137.101616,51,83,0.93,32,0.0290625,37
3137.02972,51,82,0.9,31,0.029032258,37
3136.616826,68,74,0.16,6,0.026666667,37
3136.220363,59,83,0.66,24,0.0275,37
3136.210671,59,75,0.5,16,0.03125,37
3135.985024,53,87,0.9,34,0.026470588,37
3135.944523,59,87,0.72,28,0.025714286,37
3135.861526,54,81,0.77,27,0.028518519,37
3135.161898,56,90,0.88,34,0.025882353,37
3134.980389,68,99,0.54,31,0.017419355,37
3134.792986,65,75,0.28,10,0.028,37
3134.440091,65,66,0.03,1,0.03,37
3134.440091,64,67,0.09,3,0.03,37
3134.440091,63,68,0.15,5,0.03,37
3134.440091,62,69,0.21,7,0.03,37
3134.228375,52,75,0.82,23,0.035652174,37
3134.228375,51,76,0.89,25,0.0356,37
3134.02375,44,63,0.61,19,0.032105263,37
3133.99675,58,83,0.71,25,0.0284,37
3133.88442,54,86,0.85,32,0.0265625,37
3133.603828,60,76,0.48,16,0.03,37
3133.603828,59,77,0.54,18,0.03,37
3133.603828,58,78,0.6,20,0.03,37
3133.603828,57,79,0.66,22,0.03,37
3132.491418,57,87,0.82,30,0.027333333,37
3132.407814,62,72,0.29,10,0.029,37
3132.048876,49,76,0.96,27,0.035555556,37
3131.661542,63,77,0.4,14,0.028571429,37
3131.35923,59,83,0.67,24,0.027916667,37
3131.35923,58,84,0.73,26,0.028076923,37
3131.35923,56,87,0.86,31,0.027741935,37
3131.307031,66,76,0.23,10,0.023,37
3131.13945,58,77,0.58,19,0.030526316,37
3131.13945,55,81,0.79,26,0.030384615,37
3131.13945,54,83,0.87,29,0.03,37
3131.13945,53,84,0.94,31,0.030322581,37
3131.05324,61,75,0.39,14,0.027857143,37
3130.904194,56,76,0.58,20,0.029,37
3130.818387,40,48,0.31,8,0.03875,37
3130.693816,55,79,0.7,24,0.029166667,37
3130.16893,55,76,0.63,21,0.03,37
3130.16893,54,77,0.69,23,0.03,37
3130.033914,58,87,0.74,29,0.025517241,37
3129.977564,55,90,0.96,35,0.027428571,37
3129.755362,56,88,0.9,32,0.028125,37
3129.535895,41,67,0.84,26,0.032307692,37
3129.52016,58,76,0.56,18,0.031111111,37
3129.366126,37,52,0.56,15,0.037333333,37
3129.362523,52,82,0.93,30,0.031,37
3129.362523,51,83,0.99,32,0.0309375,37
3129.334874,36,53,0.64,17,0.037647059,37
3129.18159,78,90,0.19,12,0.015833333,37
3128.747847,56,79,0.66,23,0.028695652,37
3128.608473,59,82,0.65,23,0.02826087,37
3128.250464,60,77,0.47,17,0.027647059,37
3128.197842,61,70,0.27,9,0.03,37
3128.197842,60,71,0.33,11,0.03,37
3127.908153,64,77,0.36,13,0.027692308,37
3127.75657,54,80,0.8,26,0.030769231,37
3127.737394,65,74,0.26,9,0.028888889,37
3127.702413,52,83,0.94,31,0.030322581,37
3127.135414,54,82,0.8,28,0.028571429,37
3127.056459,38,51,0.49,13,0.037692308,37
3127.016138,63,87,0.48,24,0.02,37
3126.705464,61,80,0.53,19,0.027894737,37
3126.652976,41,66,0.8,25,0.032,37
3126.4221,63,78,0.42,15,0.028,37
3126.4221,60,82,0.61,22,0.027727273,37
3126.4221,57,85,0.78,28,0.027857143,37
3126.378327,53,85,0.88,32,0.0275,37
3126.289936,56,83,0.72,27,0.026666667,37
3126.289936,54,85,0.83,31,0.026774194,37
3126.282723,62,72,0.31,10,0.031,37
3126.256925,61,85,0.61,24,0.025416667,37
3125.975348,60,81,0.59,21,0.028095238,37
3125.911219,65,76,0.31,11,0.028181818,37
3125.911219,62,79,0.48,17,0.028235294,37
3125.838932,40,69,0.92,29,0.031724138,37
3125.790188,53,82,0.83,29,0.02862069,37
3125.246927,57,76,0.56,19,0.029473684,37
3125.119811,53,74,0.73,21,0.034761905,37
3124.726653,52,73,0.74,21,0.035238095,37
3123.602604,57,77,0.63,20,0.0315,37
3123.58185,66,74,0.23,8,0.02875,37
3123.58185,61,80,0.54,19,0.028421053,37
3123.263871,73,94,0.37,21,0.017619048,37
3123.203161,52,86,0.91,34,0.026764706,37
3123.088561,80,85,0.09,5,0.018,37
3122.96775,67,76,0.2,9,0.022222222,37
3122.403037,60,76,0.45,16,0.028125,37
3122.388442,56,80,0.68,24,0.028333333,37
3122.26739,51,85,0.96,34,0.028235294,37
3122.063445,55,79,0.74,24,0.030833333,37
3121.795922,40,67,0.87,27,0.032222222,37
3121.3573,38,52,0.5,14,0.035714286,37
3121.340308,61,81,0.55,20,0.0275,37
3120.768236,57,82,0.67,25,0.0268,37
3120.729208,58,80,0.6,22,0.027272727,37
3120.389969,65,78,0.29,13,0.022307692,37
3120.371098,60,74,0.44,14,0.031428571,37
3120.140066,66,75,0.25,9,0.027777778,37
3119.66887,60,89,0.61,29,0.021034483,37
3119.66887,58,91,0.7,33,0.021212121,37
3119.66887,56,94,0.8,38,0.021052632,37
3119.061535,52,94,0.97,42,0.023095238,37
3118.954526,52,82,0.85,30,0.028333333,37
3118.954526,51,83,0.91,32,0.0284375,37
3118.904279,54,71,0.61,17,0.035882353,37
3118.847944,60,82,0.62,22,0.028181818,37
3118.847944,56,87,0.87,31,0.028064516,37
3118.693178,59,73,0.41,14,0.029285714,37
3118.693178,58,74,0.47,16,0.029375,37
3118.660881,57,78,0.6,21,0.028571429,37
3118.195036,40,49,0.33,9,0.036666667,37
3118.182086,53,93,0.92,40,0.023,37
3117.975421,52,85,0.94,33,0.028484848,37
3117.858841,53,82,0.81,29,0.027931034,37
3117.530425,52,87,0.95,35,0.027142857,37
3116.800637,69,98,0.5,29,0.017241379,37
3116.752161,72,94,0.38,22,0.017272727,37
3116.523675,59,83,0.68,24,0.028333333,37
3116.321532,51,75,0.85,24,0.035416667,37
3116.321532,50,76,0.92,26,0.035384615,37
3116.321532,49,77,0.99,28,0.035357143,37
3116.274331,59,89,0.65,30,0.021666667,37
3116.215481,62,84,0.56,22,0.025454545,37
3116.01206,50,85,0.99,35,0.028285714,37
3115.724904,53,73,0.71,20,0.0355,37
3115.724904,52,74,0.78,22,0.035454545,37
3115.419471,50,78,0.98,28,0.035,37
3115.085314,53,72,0.68,19,0.035789474,37
3114.917377,52,83,0.87,31,0.028064516,37
3114.917377,51,84,0.93,33,0.028181818,37
3114.917377,51,85,0.95,34,0.027941176,37
3114.778335,53,86,0.89,33,0.026969697,37
3114.317257,54,82,0.76,28,0.027142857,37
3114.033071,65,77,0.32,12,0.026666667,37
3113.588412,51,85,0.97,34,0.028529412,37
3113.412266,64,76,0.34,12,0.028333333,37
3113.107325,40,49,0.34,9,0.037777778,37
3112.11991,52,76,0.83,24,0.034583333,37
3111.596741,58,78,0.56,20,0.028,37
3111.578129,66,78,0.34,12,0.028333333,37
3111.46216,79,87,0.13,8,0.01625,37
3111.418822,42,65,0.76,23,0.033043478,37
3111.271291,58,92,0.71,34,0.020882353,37
3111.261457,73,94,0.34,21,0.016190476,37
3110.79474,58,87,0.76,29,0.026206897,37
3110.79474,57,89,0.83,32,0.0259375,37
3110.784211,54,79,0.72,25,0.0288,37
3110.784211,53,81,0.8,28,0.028571429,37
3110.701846,62,71,0.25,9,0.027777778,37
3110.634801,56,93,0.81,37,0.021891892,37
3110.526784,58,81,0.61,23,0.026521739,37
3110.490466,50,78,0.97,28,0.034642857,37
3110.412123,76,91,0.24,15,0.016,37
3110.223395,56,75,0.56,19,0.029473684,37
3110.020007,67,68,0.03,1,0.03,37
3110.020007,66,69,0.09,3,0.03,37
3110.020007,65,70,0.15,5,0.03,37
3110.020007,64,71,0.21,7,0.03,37
3109.767857,55,95,0.85,40,0.02125,37
3109.510033,56,88,0.91,32,0.0284375,37
3109.510033,55,89,0.97,34,0.028529412,37
3109.035201,68,78,0.21,10,0.021,37
3108.965553,37,51,0.54,14,0.038571429,37
3108.928879,38,50,0.46,12,0.038333333,37
3108.531869,57,90,0.73,33,0.022121212,37
3108.411248,59,71,0.36,12,0.03,37
3107.919214,53,96,0.95,43,0.022093023,37
3107.516752,39,66,0.94,27,0.034814815,37
3107.381902,63,76,0.37,13,0.028461538,37
3107.319952,52,85,0.89,33,0.026969697,37
3107.319952,51,87,0.96,36,0.026666667,37
3107.237508,55,84,0.78,29,0.026896552,37
3106.379851,59,67,0.28,8,0.035,37
3106.379851,58,68,0.35,10,0.035,37
3106.379851,57,69,0.42,12,0.035,37
3106.379851,56,70,0.49,14,0.035,37
3105.933587,58,85,0.74,27,0.027407407,37
3105.791003,60,79,0.55,19,0.028947368,37
3105.466962,43,64,0.69,21,0.032857143,37
3105.3782,67,73,0.17,6,0.028333333,37
3105.074749,56,77,0.61,21,0.029047619,37
3104.356766,59,74,0.43,15,0.028666667,37
3104.309279,39,49,0.39,10,0.039,37
3103.97316,39,66,0.93,27,0.034444444,37
3103.915038,58,82,0.68,24,0.028333333,37
3103.874717,60,84,0.54,24,0.0225,37
3103.753103,56,70,0.5,14,0.035714286,37
3103.698502,77,89,0.2,12,0.016666667,37
3103.551133,58,91,0.71,33,0.021515152,37
3103.53154,51,87,0.99,36,0.0275,37
3103.343017,54,94,0.88,40,0.022,37
3103.338506,56,78,0.63,22,0.028636364,37
3103.184638,65,67,0.06,2,0.03,37
3103.184638,64,68,0.12,4,0.03,37
3103.184638,63,69,0.18,6,0.03,37
3103.184638,62,70,0.24,8,0.03,37
3102.970099,52,84,0.99,32,0.0309375,37
3102.854639,52,75,0.81,23,0.035217391,37
3102.600874,68,77,0.23,9,0.025555556,37
3102.261655,55,93,0.85,38,0.022368421,37
3102.261655,53,96,0.96,43,0.022325581,37
3102.21438,60,65,0.18,5,0.036,37
3102.144971,55,79,0.69,24,0.02875,37
3102.027908,51,85,0.94,34,0.027647059,37
3101.880196,60,74,0.43,14,0.030714286,37
3101.521442,53,77,0.73,24,0.030416667,37
3101.357486,72,95,0.38,23,0.016521739,37
3101.21144,62,80,0.5,18,0.027777778,37
3101.21144,57,86,0.8,29,0.027586207,37
3101.001929,75,90,0.27,15,0.018,37
3100.963134,59,87,0.61,28,0.021785714,37
3100.871637,52,82,0.88,30,0.029333333,37
3100.871637,51,83,0.94,32,0.029375,37
3100.87083,57,68,0.39,11,0.035454545,37
3100.87083,56,69,0.46,13,0.035384615,37
3100.87083,55,70,0.53,15,0.035333333,37
3100.87083,55,71,0.56,16,0.035,37
3100.87083,54,72,0.63,18,0.035,37
3100.87083,53,73,0.7,20,0.035,37
3100.87083,52,74,0.77,22,0.035,37
3100.87083,51,75,0.84,24,0.035,37
3100.87083,50,76,0.91,26,0.035,37
3100.768179,61,81,0.56,20,0.028,37
3100.419265,56,83,0.73,27,0.027037037,37
3100.301861,60,73,0.36,13,0.027692308,37
3100.277068,58,67,0.32,9,0.035555556,37
3100.105891,58,81,0.62,23,0.026956522,37
3099.969478,56,80,0.67,24,0.027916667,37
3099.960275,57,79,0.62,22,0.028181818,37
3099.560843,78,88,0.18,10,0.018,37
3099.245863,59,74,0.42,15,0.028,37
3099.046847,55,81,0.73,26,0.028076923,37
3099.026903,53,84,0.86,31,0.027741935,37
3099.026903,52,85,0.92,33,0.027878788,37
3099.026145,75,93,0.29,18,0.016111111,37
3098.60911,61,65,0.14,4,0.035,37
3098.418121,61,83,0.58,22,0.026363636,37
3098.415216,55,71,0.57,16,0.035625,37
3098.203037,49,77,0.98,28,0.035,37
3098.07041,62,77,0.43,15,0.028666667,37
3098.07041,57,83,0.74,26,0.028461538,37
3098.07041,56,84,0.8,28,0.028571429,37
3098.07041,55,85,0.86,30,0.028666667,37
3098.012721,64,81,0.44,17,0.025882353,37
3098.012721,63,82,0.49,19,0.025789474,37
3098.012721,63,83,0.51,20,0.0255,37
3097.944895,52,75,0.8,23,0.034782609,37
3097.944895,51,76,0.87,25,0.0348,37
3097.944895,50,77,0.94,27,0.034814815,37
3097.944895,50,77,0.95,27,0.035185185,37
3097.785796,56,94,0.82,38,0.021578947,37
3097.775607,57,92,0.75,35,0.021428571,37
3097.564507,55,79,0.66,24,0.0275,37
3097.445025,61,74,0.37,13,0.028461538,37
3097.351675,51,76,0.88,25,0.0352,37
3097.213408,57,76,0.53,19,0.027894737,37
3097.197828,59,85,0.68,26,0.026153846,37
3096.969975,55,81,0.74,26,0.028461538,37
3096.418899,56,77,0.59,21,0.028095238,37
3096.418899,55,78,0.65,23,0.02826087,37
3096.234486,60,72,0.35,12,0.029166667,37
3096.234486,58,75,0.49,17,0.028823529,37
3096.234486,57,76,0.55,19,0.028947368,37
3095.682378,57,88,0.81,31,0.026129032,37
3095.393527,53,85,0.87,32,0.0271875,37
3095.393527,52,86,0.93,34,0.027352941,37
3095.320379,64,69,0.16,5,0.032,37
3094.973856,65,79,0.36,14,0.025714286,37
3094.873961,64,85,0.43,21,0.02047619,37
3094.606705,76,92,0.26,16,0.01625,37
3094.546403,57,80,0.63,23,0.027391304,37
3094.37276,52,83,0.88,31,0.028387097,37
3094.37276,51,84,0.94,33,0.028484848,37
3094.327863,61,71,0.29,10,0.029,37
3094.277863,54,84,0.81,30,0.027,37
3094.277863,52,87,0.94,35,0.026857143,37
3094.237519,39,69,0.99,30,0.033,37
3094.08252,75,92,0.28,17,0.016470588,37
3093.883348,52,83,0.9,31,0.029032258,37
3093.883348,51,84,0.96,33,0.029090909,37
3093.522093,54,80,0.73,26,0.028076923,37
3093.522093,53,81,0.79,28,0.028214286,37
3093.487223,61,90,0.58,29,0.02,37
3092.997764,55,91,0.81,36,0.0225,37
3092.997764,54,92,0.86,38,0.022631579,37
3092.328932,42,65,0.75,23,0.032608696,37
3091.979759,53,83,0.93,30,0.031,37
3091.804761,57,90,0.84,33,0.025454545,37
3091.563276,61,78,0.49,17,0.028823529,37
3091.5617,71,96,0.41,25,0.0164,37
3091.508151,76,90,0.23,14,0.016428571,37
3091.298544,68,83,0.29,15,0.019333333,37
3091.165418,74,91,0.31,17,0.018235294,37
3090.955692,57,77,0.57,20,0.0285,37
3090.868341,56,94,0.81,38,0.021315789,37
3090.536331,51,77,0.9,26,0.034615385,37
3090.357921,71,96,0.45,25,0.018,37
3090.242581,64,78,0.32,14,0.022857143,37
3090.223211,62,73,0.31,11,0.028181818,37
3090.102881,54,79,0.71,25,0.0284,37
3089.888724,40,68,0.92,28,0.032857143,37
3089.881002,53,82,0.82,29,0.028275862,37
3089.809089,39,69,0.95,30,0.031666667,37
3089.786238,56,82,0.7,26,0.026923077,37
3089.480128,77,90,0.21,13,0.016153846,37
3088.766083,55,90,0.93,35,0.026571429,37
3088.663402,57,71,0.46,14,0.032857143,37
3088.611068,55,91,0.94,36,0.026111111,37
3088.312486,40,65,0.86,25,0.0344,37
3087.053035,63,74,0.3,11,0.027272727,37
3087.053035,61,76,0.41,15,0.027333333,37
3087.053035,59,78,0.52,19,0.027368421,37
3087.053035,56,81,0.69,25,0.0276,37
3087.053035,56,82,0.71,26,0.027307692,37
3086.974026,54,85,0.84,31,0.027096774,37
3086.96383,49,80,0.98,31,0.031612903,37
3086.824587,81,86,0.08,5,0.016,37
3086.510188,62,88,0.53,26,0.020384615,37
3085.090108,59,76,0.48,17,0.028235294,37
3085.090108,58,77,0.54,19,0.028421053,37
3084.929654,55,81,0.71,26,0.027307692,37
3084.456127,59,85,0.69,26,0.026538462,37
3084.327013,65,72,0.19,7,0.027142857,37
3084.327013,61,77,0.43,16,0.026875,37
3084.327013,59,79,0.54,20,0.027,37
3084.327013,57,81,0.65,24,0.027083333,37
3083.577762,69,73,0.09,4,0.0225,37
3083.474216,60,68,0.26,8,0.0325,37
3082.775685,63,69,0.17,6,0.028333333,37
3082.695782,72,96,0.39,24,0.01625,37
3082.388342,63,86,0.48,23,0.020869565,37
3082.283874,40,68,0.89,28,0.031785714,37
3082.145901,57,69,0.43,12,0.035833333,37
3082.063137,62,74,0.33,12,0.0275,37
3081.928693,58,77,0.53,19,0.027894737,37
3081.915082,80,86,0.1,6,0.016666667,37
3081.874522,57,90,0.72,33,0.021818182,37
3081.724433,61,89,0.57,28,0.020357143,37
3081.60532,53,90,0.96,37,0.025945946,37
3081.565797,53,83,0.86,30,0.028666667,37
3081.198101,58,74,0.46,16,0.02875,37
3081.198101,57,75,0.52,18,0.028888889,37
3081.125836,55,83,0.76,28,0.027142857,37
3081.125836,54,84,0.82,30,0.027333333,37
3080.707,66,75,0.21,9,0.023333333,37
3080.415927,56,71,0.5,15,0.033333333,37
3080.321401,50,84,0.97,34,0.028529412,37
3080.314436,41,66,0.83,25,0.0332,37
3079.752987,74,93,0.31,19,0.016315789,37
3079.703978,54,79,0.74,25,0.0296,37
3079.703978,53,80,0.8,27,0.02962963,37
3079.703978,53,81,0.82,28,0.029285714,37
3079.596744,53,94,0.93,41,0.022682927,37
3079.341383,58,79,0.57,21,0.027142857,37
3079.327594,52,82,0.84,30,0.028,37
3079.237131,74,92,0.32,18,0.017777778,37
3078.756524,52,81,0.86,29,0.029655172,37
3078.721525,34,55,0.8,21,0.038095238,37
3078.671117,53,86,0.88,33,0.026666667,37
3078.373666,74,93,0.33,19,0.017368421,37
3077.91904,54,81,0.75,27,0.027777778,37
3077.722571,56,93,0.8,37,0.021621622,37
3077.00812,56,76,0.6,20,0.03,37
3077.00812,55,77,0.66,22,0.03,37
3077.00812,54,78,0.72,24,0.03,37
3077.00812,53,79,0.78,26,0.03,37
3076.970114,55,80,0.69,25,0.0276,37
3076.724868,62,70,0.23,8,0.02875,37
3076.59121,74,94,0.32,20,0.016,37
3076.474253,55,74,0.65,19,0.034210526,37
3076.474253,54,75,0.72,21,0.034285714,37
3076.446625,52,84,0.92,32,0.02875,37
3076.219264,60,77,0.46,17,0.027058824,37
3076.219264,58,80,0.59,22,0.026818182,37
3076.142755,55,72,0.6,17,0.035294118,37
3075.712667,56,81,0.68,25,0.0272,37
3075.590008,59,90,0.66,31,0.021290323,37
3075.590008,57,93,0.76,36,0.021111111,37
3075.213561,56,88,0.86,32,0.026875,37
3074.472937,56,90,0.89,34,0.026176471,37
3074.343539,57,87,0.8,30,0.026666667,37
3074.124617,58,86,0.74,28,0.026428571,37
3074.103998,51,82,0.93,31,0.03,37
3074.066026,52,84,0.88,32,0.0275,37
3073.802824,61,88,0.57,27,0.021111111,37
3073.577864,56,71,0.53,15,0.035333333,37
3073.486343,56,92,0.79,36,0.021944444,37
3073.295299,58,76,0.57,18,0.031666667,37
3073.286345,64,72,0.22,8,0.0275,37
3073.124979,74,92,0.29,18,0.016111111,37
3072.49511,57,93,0.77,36,0.021388889,37
3071.509722,59,75,0.44,16,0.0275,37
3071.509722,57,77,0.55,20,0.0275,37
3071.301197,51,81,0.9,30,0.03,37
3071.181817,56,73,0.58,17,0.034117647,37
3070.916206,62,88,0.52,26,0.02,37
3070.809117,57,70,0.43,13,0.033076923,37
3070.559263,68,75,0.16,7,0.022857143,37
3070.555558,54,80,0.81,26,0.031153846,37
3069.892872,39,50,0.42,11,0.038181818,37
3069.467502,77,88,0.2,11,0.018181818,37
3068.847997,57,75,0.54,18,0.03,37
3068.82839,44,62,0.6,18,0.033333333,37
3068.201839,60,90,0.61,30,0.020333333,37
3067.764169,60,86,0.67,26,0.025769231,37
3067.764169,58,89,0.79,31,0.025483871,37
3067.764169,56,91,0.9,35,0.025714286,37
3067.764169,55,93,0.97,38,0.025526316,37
3067.645287,45,61,0.53,16,0.033125,37
3066.848256,52,76,0.8,24,0.033333333,37
3066.821197,65,78,0.37,13,0.028461538,37
3066.533171,40,64,0.84,24,0.035,37
3066.42899,55,94,0.85,39,0.021794872,37
3066.382283,59,76,0.47,17,0.027647059,37
3066.143213,53,80,0.86,27,0.031851852,37
3066.143213,52,81,0.92,29,0.031724138,37
3065.842845,66,70,0.11,4,0.0275,37
3065.830821,58,87,0.65,29,0.022413793,37
3065.552099,58,90,0.7,32,0.021875,37
3065.156672,41,64,0.78,23,0.033913043,37
3065.156672,40,65,0.85,25,0.034,37
3065.112656,70,96,0.47,26,0.018076923,37
3064.942713,72,95,0.42,23,0.01826087,37
3064.706178,73,92,0.35,19,0.018421053,37
3064.706178,69,97,0.51,28,0.018214286,37
3064.706178,68,98,0.55,30,0.018333333,37
3064.323834,53,85,0.86,32,0.026875,37
3064.269109,41,67,0.85,26,0.032692308,37
3064.129488,53,75,0.73,22,0.033181818,37
3063.71297,56,79,0.63,23,0.027391304,37
3063.132364,31,70,0.43,39,0.011025641,37
3062.85092,53,74,0.74,21,0.035238095,37
3062.672094,60,84,0.62,24,0.025833333,37
3062.585438,58,89,0.69,31,0.022258065,37
3062.490351,60,77,0.52,17,0.030588235,37
3062.490351,59,78,0.58,19,0.030526316,37
3062.445742,41,48,0.26,7,0.037142857,37
3062.228567,58,85,0.77,27,0.028518519,37
3061.869607,56,89,0.75,33,0.022727273,37
3061.869607,55,90,0.8,35,0.022857143,37
3061.80162,72,95,0.41,23,0.017826087,37
3061.629647,59,88,0.64,29,0.022068966,37
3061.538192,43,64,0.68,21,0.032380952,37
3061.100673,74,93,0.34,19,0.017894737,37
3060.6758,46,60,0.46,14,0.032857143,37
3060.432754,57,91,0.75,34,0.022058824,37
3059.769349,52,86,0.92,34,0.027058824,37
3059.714966,62,86,0.52,24,0.021666667,37
3059.307683,53,93,0.94,40,0.0235,37
3059.148913,53,73,0.67,20,0.0335,37
3059.011741,55,95,0.86,40,0.0215,37
3058.987025,53,81,0.88,28,0.031428571,37
3058.430751,54,83,0.78,29,0.026896552,37
3058.324617,57,76,0.54,19,0.028421053,37
3058.324617,56,77,0.6,21,0.028571429,37
3058.324617,55,78,0.66,23,0.028695652,37
3058.324617,55,79,0.68,24,0.028333333,37
3058.324617,54,80,0.74,26,0.028461538,37
3058.232363,52,80,0.84,28,0.03,37
3057.966583,40,66,0.88,26,0.033846154,37
3057.966583,39,67,0.95,28,0.033928571,37
3057.54549,63,79,0.37,16,0.023125,37
3057.291967,56,77,0.62,21,0.02952381,37
3057.291967,55,78,0.68,23,0.029565217,37
3057.291967,54,80,0.76,26,0.029230769,37
3057.22632,54,79,0.79,25,0.0316,37
3057.175006,77,89,0.22,12,0.018333333,37
3057.138619,59,73,0.4,14,0.028571429,37
3057.05831,38,51,0.48,13,0.036923077,37
3056.066047,57,90,0.74,33,0.022424242,37
3056.066047,56,92,0.8,36,0.022222222,37
3055.980928,56,79,0.72,23,0.031304348,37
3055.625065,57,88,0.71,31,0.022903226,37
3055.420199,51,77,0.87,26,0.033461538,37
3055.417655,53,83,0.81,30,0.027,37
3054.70302,56,78,0.68,22,0.030909091,37
3054.70302,53,81,0.87,28,0.031071429,37
3054.344383,70,97,0.49,27,0.018148148,37
3054.332794,58,70,0.39,12,0.0325,37
3054.217787,51,81,0.97,30,0.032333333,37
3054.147557,61,84,0.51,23,0.022173913,37
3054.046048,54,74,0.66,20,0.033,37
3053.883548,60,73,0.37,13,0.028461538,37
3053.526078,78,89,0.18,11,0.016363636,37
3053.428724,58,87,0.66,29,0.022758621,37
3052.883515,57,92,0.76,35,0.021714286,37
3052.827368,56,91,0.77,35,0.022,37
3052.596801,58,74,0.48,16,0.03,37
3052.295385,60,74,0.41,14,0.029285714,37
3052.050625,66,71,0.15,5,0.03,37
3052.050625,65,72,0.21,7,0.03,37
3052.050625,64,73,0.27,9,0.03,37
3052.050625,63,74,0.33,11,0.03,37
3052.050625,62,75,0.39,13,0.03,37
3051.960193,56,91,0.78,35,0.022285714,37
3051.960193,55,92,0.83,37,0.022432432,37
3051.824962,57,77,0.56,20,0.028,37
3051.824962,56,78,0.62,22,0.028181818,37
3051.698783,61,83,0.5,22,0.022727273,37
3051.65389,50,83,0.98,33,0.02969697,37
3051.630168,44,60,0.56,16,0.035,37
3051.619584,59,86,0.61,27,0.022592593,37
3051.567396,57,87,0.69,30,0.023,37
3051.245743,60,67,0.23,7,0.032857143,37
3051.211785,60,66,0.21,6,0.035,37
3050.475493,70,77,0.15,7,0.021428571,37
3050.090286,56,77,0.66,21,0.031428571,37
3050.090286,52,82,0.94,30,0.031333333,37
3050.070952,43,63,0.67,20,0.0335,37
3049.862082,59,73,0.42,14,0.03,37
3049.759323,57,88,0.7,31,0.022580645,37
3049.455021,68,99,0.56,31,0.018064516,37
3049.428072,53,70,0.6,17,0.035294118,37
3049.423828,51,84,0.92,33,0.027878788,37
3049.423828,50,85,0.98,35,0.028,37
3049.281303,67,77,0.22,10,0.022,37
3049.196687,57,70,0.46,13,0.035384615,37
3048.133884,62,81,0.54,19,0.028421053,37
3048.133884,61,82,0.6,21,0.028571429,37
3047.990009,51,82,0.92,31,0.029677419,37
3047.827128,60,75,0.41,15,0.027333333,37
3047.686581,63,72,0.25,9,0.027777778,37
3047.686581,60,76,0.44,16,0.0275,37
3047.686581,58,78,0.55,20,0.0275,37
3047.686581,57,79,0.61,22,0.027727273,37
3047.468628,54,94,0.9,40,0.0225,37
3047.439929,59,66,0.25,7,0.035714286,37
3047.42198,54,83,0.79,29,0.027241379,37
3047.351366,61,75,0.43,14,0.030714286,37
3047.223309,59,75,0.47,16,0.029375,37
3047.120905,69,99,0.52,30,0.017333333,37
3047.120622,70,98,0.48,28,0.017142857,37
3046.980635,70,96,0.46,26,0.017692308,37
3046.798882,61,76,0.45,15,0.03,37
3046.759407,55,82,0.74,27,0.027407407,37
3046.759407,54,83,0.8,29,0.027586207,37
3045.878824,39,50,0.41,11,0.037272727,37
3045.64905,72,94,0.4,22,0.018181818,37
3045.406393,47,59,0.39,12,0.0325,37
3045.207413,52,88,0.95,36,0.026388889,37
3045.04106,58,86,0.64,28,0.022857143,37
3044.658019,53,80,0.77,27,0.028518519,37
3044.562835,54,72,0.64,18,0.035555556,37
3043.948179,75,90,0.26,15,0.017333333,37
3043.795218,52,83,0.97,31,0.031290323,37
3043.591882,73,93,0.36,20,0.018,37
3042.621921,61,74,0.36,13,0.027692308,37
3042.621921,60,75,0.42,15,0.028,37
3042.352976,65,85,0.4,20,0.02,37
3042.352976,64,86,0.44,22,0.02,37
3042.085457,69,98,0.52,29,0.017931034,37
3041.898933,69,99,0.53,30,0.017666667,37
3041.691908,58,76,0.51,18,0.028333333,37
3040.859933,53,82,0.91,29,0.03137931,37
3040.30313,59,77,0.5,18,0.027777778,37
3040.112431,76,91,0.26,15,0.017333333,37
3039.83755,53,85,0.95,32,0.0296875,37
3039.457163,43,62,0.66,19,0.034736842,37
3039.457163,42,63,0.73,21,0.034761905,37
3039.457163,41,64,0.8,23,0.034782609,37
3039.430224,52,83,0.86,31,0.027741935,37
3038.820068,54,81,0.76,27,0.028148148,37
3038.681868,69,97,0.52,28,0.018571429,37
3038.043439,56,81,0.76,25,0.0304,37
3038.043439,55,82,0.82,27,0.03037037,37
3037.899506,55,94,0.97,39,0.024871795,37
3037.792422,54,73,0.67,19,0.035263158,37
3037.535981,59,75,0.51,16,0.031875,37
3037.372997,34,55,0.81,21,0.038571429,37
3037.320953,56,89,0.77,33,0.023333333,37
3037.320953,54,92,0.88,38,0.023157895,37
3036.771314,56,79,0.64,23,0.027826087,37
3036.762155,75,92,0.3,17,0.017647059,37
3036.645103,63,81,0.41,18,0.022777778,37
3036.645103,60,84,0.55,24,0.022916667,37
3036.54523,75,91,0.29,16,0.018125,37
3036.425635,61,72,0.31,11,0.028181818,37
3036.197833,69,72,0.07,3,0.023333333,37
3035.394137,51,75,0.81,24,0.03375,37
3035.226482,59,75,0.45,16,0.028125,37
3035.089489,63,72,0.28,9,0.031111111,37
3034.229285,52,74,0.74,22,0.033636364,37
3034.172582,39,69,0.96,30,0.032,37
3034.108833,69,98,0.51,29,0.017586207,37
3033.924749,62,74,0.37,12,0.030833333,37
3033.826113,56,80,0.66,24,0.0275,37
3033.826113,53,84,0.85,31,0.027419355,37
3033.192905,56,90,0.96,34,0.028235294,37
3032.931654,35,54,0.72,19,0.037894737,37
3032.668087,59,85,0.73,26,0.028076923,37
3032.668087,58,86,0.79,28,0.028214286,37
3032.609686,52,81,0.87,29,0.03,37
3032.444526,51,82,0.89,31,0.028709677,37
3032.360552,55,80,0.7,25,0.028,37
3031.929145,55,92,0.96,37,0.025945946,37
3031.898928,63,80,0.48,17,0.028235294,37
3031.894824,71,95,0.42,24,0.0175,37
3031.641521,65,70,0.14,5,0.028,37
3031.63522,72,94,0.37,22,0.016818182,37
3031.615305,71,95,0.43,24,0.017916667,37
3030.994841,53,76,0.7,23,0.030434783,37
3030.60683,72,94,0.39,22,0.017727273,37
3030.406184,61,75,0.38,14,0.027142857,37
3030.247812,75,91,0.26,16,0.01625,37
3030.109068,51,83,0.95,32,0.0296875,37
3029.419493,55,81,0.72,26,0.027692308,37
3029.419493,54,82,0.78,28,0.027857143,37
3029.117148,58,90,0.8,32,0.025,37
3029.117148,57,91,0.85,34,0.025,37
3028.5441,72,95,0.4,23,0.017391304,37
3028.536338,56,82,0.78,26,0.03,37
3028.228543,55,79,0.67,24,0.027916667,37
3027.593437,81,88,0.11,7,0.015714286,37
3027.561234,40,67,0.88,27,0.032592593,37
3027.355332,63,78,0.35,15,0.023333333,37
3027.245496,44,61,0.58,17,0.034117647,37
3027.245496,43,62,0.65,19,0.034210526,37
3026.820238,52,91,0.97,39,0.024871795,37
3026.593535,58,79,0.64,21,0.03047619,37
3026.593535,57,79,0.68,22,0.030909091,37
3026.593535,56,80,0.74,24,0.030833333,37
3026.261696,52,95,0.97,43,0.02255814,37
3025.531109,70,96,0.45,26,0.017307692,37
3025.429847,54,80,0.72,26,0.027692308,37
3025.417117,73,94,0.38,21,0.018095238,37
3025.3658,70,73,0.08,3,0.026666667,37
3025.3658,67,76,0.24,9,0.026666667,37
3025.036944,24,90,0.4,66,0.006060606,37
3024.885186,60,73,0.38,13,0.029230769,37
3024.628647,61,87,0.56,26,0.021538462,37
3024.5636,53,80,0.81,27,0.03,37
3024.30148,60,74,0.39,14,0.027857143,37
3024.167378,71,96,0.44,25,0.0176,37
3024.057584,59,90,0.67,31,0.021612903,37
3023.732657,50,83,0.99,33,0.03,37
3023.593465,52,84,0.89,32,0.0278125,37
3023.331522,70,97,0.47,27,0.017407407,37
3023.069413,55,73,0.59,18,0.032777778,37
3023.052808,65,84,0.39,19,0.020526316,37
3022.952413,61,82,0.48,21,0.022857143,37
3022.806626,63,84,0.46,21,0.021904762,37
3022.413649,56,78,0.61,22,0.027727273,37
3022.35346,55,83,0.84,28,0.03,37
3021.973019,42,63,0.72,21,0.034285714,37
3020.582901,46,58,0.4,12,0.033333333,37
3020.582901,45,59,0.47,14,0.033571429,37
3020.299989,53,95,0.93,42,0.022142857,37
3020.166525,74,92,0.3,18,0.016666667,37
3019.742916,54,81,0.74,27,0.027407407,37
3019.616688,59,74,0.44,15,0.029333333,37
3019.616688,58,75,0.5,17,0.029411765,37
3019.45873,72,93,0.39,21,0.018571429,37
3019.165855,59,85,0.59,26,0.022692308,37
3018.601232,76,90,0.25,14,0.017857143,37
3018.57945,50,55,0.17,5,0.034,37
3018.567122,65,82,0.37,17,0.021764706,37
3018.259883,71,97,0.45,26,0.017307692,37
3018.069701,58,78,0.61,20,0.0305,37
3017.788026,60,76,0.49,16,0.030625,37
3017.788026,57,80,0.7,23,0.030434783,37
3017.589054,59,81,0.58,22,0.026363636,37
3017.589054,57,83,0.69,26,0.026538462,37
3017.332444,56,84,0.74,28,0.026428571,37
3017.302735,39,68,0.95,29,0.032758621,37
3017.302735,39,69,0.97,30,0.032333333,37
3017.301634,69,97,0.49,28,0.0175,37
3017.125239,57,70,0.4,13,0.030769231,37
3017.098212,56,72,0.49,16,0.030625,37
3017.048895,53,81,0.78,28,0.027857143,37
3017.027154,55,79,0.77,24,0.032083333,37
3016.626957,74,94,0.33,20,0.0165,37
3016.405277,55,83,0.75,28,0.026785714,37
3016.405277,55,84,0.77,29,0.026551724,37
3016.354171,52,75,0.76,23,0.033043478,37
3016.340878,71,95,0.44,24,0.018333333,37
3016.340878,69,98,0.53,29,0.018275862,37
3015.773938,66,84,0.36,18,0.02,37
3015.642748,78,87,0.16,9,0.017777778,37
3015.41967,58,88,0.66,30,0.022,37
3015.006511,55,74,0.59,19,0.031052632,37
3014.970021,70,98,0.49,28,0.0175,37
3014.386215,67,74,0.2,7,0.028571429,37
3013.457913,66,77,0.31,11,0.028181818,37
3013.457913,62,82,0.56,20,0.028,37
3012.951492,52,84,0.87,32,0.0271875,37
3012.898359,72,96,0.41,24,0.017083333,37
3012.855469,64,79,0.39,15,0.026,37
3012.805642,56,78,0.64,22,0.029090909,37
3012.704769,58,75,0.48,17,0.028235294,37
3012.59337,59,77,0.55,18,0.030555556,37
3012.495526,80,86,0.11,6,0.018333333,37
3012.154159,51,84,0.97,33,0.029393939,37
3011.988694,59,80,0.56,21,0.026666667,37
3011.900895,50,77,0.89,27,0.032962963,37
3011.900895,49,78,0.96,29,0.033103448,37
3011.807759,52,81,0.83,29,0.02862069,37
3011.429927,53,82,0.86,29,0.029655172,37
3011.176018,57,78,0.58,21,0.027619048,37
3010.859259,73,95,0.36,22,0.016363636,37
3010.827225,65,80,0.39,15,0.026,37
3010.711713,51,85,0.99,34,0.029117647,37
3010.605188,70,75,0.13,5,0.026,37
3010.599911,71,96,0.43,25,0.0172,37
3010.59963,73,94,0.36,21,0.017142857,37
3010.464675,40,65,0.87,25,0.0348,37
3010.454179,52,77,0.76,25,0.0304,37
3009.990556,70,97,0.45,27,0.016666667,37
3009.951317,57,77,0.64,20,0.032,37
3009.523665,60,85,0.69,25,0.0276,37
3009.228662,53,83,0.82,30,0.027333333,37
3008.985706,39,49,0.38,10,0.038,37
3008.893052,61,81,0.57,20,0.0285,37
3008.842938,80,87,0.12,7,0.017142857,37
3008.842938,78,89,0.19,11,0.017272727,37
3008.669417,15,19,0.05,4,0.0125,37
3008.612019,50,76,0.88,26,0.033846154,37
3008.612019,49,77,0.95,28,0.033928571,37
3008.443472,65,74,0.22,9,0.024444444,37
3008.188948,59,92,0.67,33,0.02030303,37
3008.178054,41,64,0.79,23,0.034347826,37
3007.321879,74,92,0.33,18,0.018333333,37
3007.321389,52,94,0.98,42,0.023333333,37
3007.159136,67,72,0.12,5,0.024,37
3007.13113,55,80,0.73,25,0.0292,37
3007.13113,53,83,0.87,30,0.029,37
3007.13113,52,84,0.93,32,0.0290625,37
3006.902554,58,69,0.36,11,0.032727273,37
3006.84465,51,78,0.85,27,0.031481481,37
3006.834213,55,73,0.55,18,0.030555556,37
3006.625917,68,74,0.17,6,0.028333333,37
3006.625917,64,79,0.42,15,0.028,37
3006.625917,61,82,0.59,21,0.028095238,37
3006.179013,63,80,0.39,17,0.022941176,37
3005.351976,51,77,0.91,26,0.035,37
3005.033595,55,79,0.76,24,0.031666667,37
3004.664013,64,83,0.4,19,0.021052632,37
3004.377452,54,83,0.88,29,0.030344828,37
3004.267565,60,83,0.53,23,0.023043478,37
3004.227361,57,80,0.62,23,0.026956522,37
3004.096206,57,79,0.6,22,0.027272727,37
3003.27695,62,83,0.58,21,0.027619048,37
3002.95534,23,92,0.43,69,0.006231884,37
3002.916753,54,75,0.64,21,0.03047619,37
3002.480335,50,78,0.91,28,0.0325,37
3002.369386,64,69,0.14,5,0.028,37
3002.276614,68,76,0.21,8,0.02625,37
3002.185084,58,76,0.53,18,0.029444444,37
3001.243442,55,80,0.79,25,0.0316,37
3001.146442,60,83,0.65,23,0.02826087,37
3001.146442,60,84,0.67,24,0.027916667,37
3001.146442,59,84,0.71,25,0.0284,37
3001.002971,73,93,0.33,20,0.0165,37
3000.899512,55,85,0.79,30,0.026333333,37
3000.674071,70,96,0.48,26,0.018461538,37
3000.63037,60,89,0.62,29,0.02137931,37
3000.62953,66,82,0.34,16,0.02125,37
3000.170119,47,58,0.36,11,0.032727273,37
2999.634164,59,91,0.66,32,0.020625,37
2999.607865,75,90,0.28,15,0.018666667,37
2999.607865,73,93,0.37,20,0.0185,37
2999.574559,51,77,0.84,26,0.032307692,37
2998.805728,59,86,0.75,27,0.027777778,37
2998.790222,63,71,0.22,8,0.0275,37
2998.582611,71,97,0.43,26,0.016538462,37
2998.248374,76,89,0.24,13,0.018461538,37
2998.106643,66,73,0.17,7,0.024285714,37
2998.106643,59,81,0.53,22,0.024090909,37
2998.044883,65,79,0.39,14,0.027857143,37
