% profit,ema1,ema2,threshold,diff,thresh / diff,ID
3984.11891,52,83,0.93,31,0.03,35
3956.134382,51,84,0.99,33,0.03,35
3954.602204,52,73,0.73,21,0.034761905,35
3943.478264,59,67,0.27,8,0.03375,35
3855.154261,51,77,0.88,26,0.033846154,35
3853.260756,57,68,0.38,11,0.034545455,35
3847.929716,54,71,0.59,17,0.034705882,35
3847.929716,53,72,0.66,19,0.034736842,35
3845.702607,55,84,0.79,29,0.027241379,35
3845.702607,53,86,0.9,33,0.027272727,35
3845.702607,52,87,0.96,35,0.027428571,35
3841.750684,59,66,0.24,7,0.034285714,35
3841.311903,59,68,0.3,9,0.033333333,35
3838.434784,56,69,0.45,13,0.034615385,35
3838.434784,55,70,0.52,15,0.034666667,35
3835.494493,58,67,0.31,9,0.034444444,35
3824.732965,58,80,0.61,22,0.027727273,35
3819.73036,52,88,0.97,36,0.026944444,35
3817.910561,54,85,0.85,31,0.027419355,35
3804.141812,54,72,0.62,18,0.034444444,35
3804.141812,53,73,0.69,20,0.0345,35
3798.031314,58,68,0.34,10,0.034,35
3776.328563,53,84,0.89,31,0.028709677,35
3765.127435,54,82,0.82,28,0.029285714,35
3765.127435,53,83,0.88,30,0.029333333,35
3765.127435,52,84,0.94,32,0.029375,35
3765.127435,52,85,0.96,33,0.029090909,35
3759.121587,50,76,0.9,26,0.034615385,35
3755.11043,57,82,0.68,25,0.0272,35
3746.858289,52,85,0.95,33,0.028787879,35
3745.372212,55,83,0.78,28,0.027857143,35
3745.372212,54,84,0.84,30,0.028,35
3745.344734,51,76,0.86,25,0.0344,35
3745.344734,50,77,0.93,27,0.034444444,35
3740.684117,52,74,0.76,22,0.034545455,35
3740.684117,51,75,0.83,24,0.034583333,35
3738.089456,56,83,0.73,27,0.027037037,35
3735.361392,52,88,0.98,36,0.027222222,35
3734.615489,52,86,0.95,34,0.027941176,35
3731.101323,53,82,0.87,29,0.03,35
3730.747229,54,83,0.83,29,0.02862069,35
3727.63119,55,84,0.8,29,0.027586207,35
3727.63119,54,85,0.86,31,0.027741935,35
3726.431504,57,81,0.67,24,0.027916667,35
3721.322593,52,84,0.95,32,0.0296875,35
3719.677814,53,84,0.9,31,0.029032258,35
3719.677814,52,86,0.98,34,0.028823529,35
3715.430657,56,82,0.73,26,0.028076923,35
3715.430657,55,83,0.79,28,0.028214286,35
3715.430657,53,85,0.9,32,0.028125,35
3715.430657,53,86,0.92,33,0.027878788,35
3715.430657,52,86,0.96,34,0.028235294,35
3715.430657,52,87,0.98,35,0.028,35
3713.519607,55,82,0.77,27,0.028518519,35
3713.519607,54,84,0.85,30,0.028333333,35
3713.519607,53,85,0.91,32,0.0284375,35
3704.306463,53,86,0.91,33,0.027575758,35
3701.623493,52,86,0.97,34,0.028529412,35
3690.039116,52,87,0.97,35,0.027714286,35
3686.181856,56,83,0.74,27,0.027407407,35
3681.355853,54,86,0.86,32,0.026875,35
3679.600297,53,87,0.92,34,0.027058824,35
3639.478199,58,81,0.62,23,0.026956522,35
3628.879894,53,87,0.91,34,0.026764706,35
3528.297039,62,72,0.29,10,0.029,35
3512.123294,54,73,0.65,19,0.034210526,35
3501.580612,54,81,0.79,27,0.029259259,35
3489.619295,53,86,0.93,33,0.028181818,35
3486.500764,52,83,0.92,31,0.029677419,35
3484.086032,53,82,0.85,29,0.029310345,35
3483.059809,62,65,0.1,3,0.033333333,35
3481.31205,54,81,0.78,27,0.028888889,35
3481.31205,53,82,0.84,29,0.028965517,35
3479.760293,63,71,0.23,8,0.02875,35
3476.911575,56,80,0.68,24,0.028333333,35
3475.485573,55,80,0.72,25,0.0288,35
3475.289281,55,81,0.73,26,0.028076923,35
3474.066625,57,79,0.62,22,0.028181818,35
3471.940048,52,84,0.92,32,0.02875,35
3468.708171,59,79,0.55,20,0.0275,35
3468.43625,54,83,0.81,29,0.027931034,35
3466.920434,53,84,0.87,31,0.028064516,35
3466.201867,60,75,0.43,15,0.028666667,35
3462.328764,52,87,0.99,35,0.028285714,35
3458.725365,57,81,0.66,24,0.0275,35
3457.93767,62,71,0.28,9,0.031111111,35
3456.021708,57,80,0.64,23,0.027826087,35
3455.876333,53,83,0.86,30,0.028666667,35
3453.16796,58,77,0.54,19,0.028421053,35
3452.925999,53,74,0.72,21,0.034285714,35
3452.925999,52,75,0.79,23,0.034347826,35
3445.799731,58,78,0.56,20,0.028,35
3445.228634,57,78,0.6,21,0.028571429,35
3444.073274,52,84,0.93,32,0.0290625,35
3444.027709,64,70,0.17,6,0.028333333,35
3441.638503,61,73,0.35,12,0.029166667,35
3440.732221,56,70,0.48,14,0.034285714,35
3440.732221,55,71,0.55,16,0.034375,35
3439.812334,56,82,0.72,26,0.027692308,35
3438.702858,58,79,0.59,21,0.028095238,35
3438.368409,51,85,0.99,34,0.029117647,35
3437.123045,59,78,0.53,19,0.027894737,35
3432.841428,53,88,0.93,35,0.026571429,35
3431.201249,55,85,0.81,30,0.027,35
3430.818258,59,77,0.51,18,0.028333333,35
3430.287721,56,81,0.7,25,0.028,35
3428.826379,60,76,0.45,16,0.028125,35
3428.171969,55,72,0.58,17,0.034117647,35
3426.475389,55,82,0.75,27,0.027777778,35
3426.020858,57,83,0.7,26,0.026923077,35
3424.819893,57,69,0.41,12,0.034166667,35
3424.600602,54,84,0.83,30,0.027666667,35
3424.600602,54,85,0.84,31,0.027096774,35
3424.084084,56,84,0.76,28,0.027142857,35
3423.200946,58,76,0.52,18,0.028888889,35
3421.922869,55,83,0.77,28,0.0275,35
3421.650725,53,82,0.86,29,0.029655172,35
3420.776302,59,75,0.46,16,0.02875,35
3418.511842,36,53,0.63,17,0.037058824,35
3415.837173,61,66,0.17,5,0.034,35
3415.484721,57,69,0.42,12,0.035,35
3415.484721,56,70,0.49,14,0.035,35
3415.484721,55,71,0.56,16,0.035,35
3415.484721,54,72,0.63,18,0.035,35
3415.484721,53,74,0.73,21,0.034761905,35
3415.484721,52,75,0.8,23,0.034782609,35
3415.484721,51,76,0.87,25,0.0348,35
3415.171245,56,71,0.51,15,0.034,35
3414.347758,59,80,0.57,21,0.027142857,35
3413.800256,55,81,0.76,26,0.029230769,35
3410.834708,56,79,0.66,23,0.028695652,35
3408.965194,58,79,0.6,21,0.028571429,35
3406.792079,62,75,0.36,13,0.027692308,35
3406.650144,54,82,0.81,28,0.028928571,35
3406.650144,53,83,0.87,30,0.029,35
3406.287996,61,74,0.37,13,0.028461538,35
3405.033198,60,74,0.41,14,0.029285714,35
3405.033198,59,75,0.47,16,0.029375,35
3405.033198,58,76,0.53,18,0.029444444,35
3404.936687,57,70,0.44,13,0.033846154,35
3403.858691,59,76,0.48,17,0.028235294,35
3403.112783,35,54,0.72,19,0.037894737,35
3403.112783,34,55,0.8,21,0.038095238,35
3402.81113,56,85,0.77,29,0.026551724,35
3402.81113,54,88,0.9,34,0.026470588,35
3402.758715,61,72,0.32,11,0.029090909,35
3401.497142,57,78,0.61,21,0.029047619,35
3400.307936,60,75,0.42,15,0.028,35
3399.625273,62,73,0.31,11,0.028181818,35
3399.426629,64,71,0.2,7,0.028571429,35
3399.059847,60,73,0.38,13,0.029230769,35
3398.729291,56,80,0.69,24,0.02875,35
3397.416394,55,81,0.74,26,0.028461538,35
3397.416394,54,82,0.8,28,0.028571429,35
3396.976868,55,81,0.75,26,0.028846154,35
3396.592714,56,80,0.67,24,0.027916667,35
3396.484377,38,50,0.46,12,0.038333333,35
3396.4,50,78,0.96,28,0.034285714,35
3396.078809,65,70,0.14,5,0.028,35
3395.860811,55,80,0.73,25,0.0292,35
3395.284878,53,84,0.88,31,0.028387097,35
3394.935211,59,78,0.54,19,0.028421053,35
3394.801476,54,87,0.88,33,0.026666667,35
3394.801476,53,88,0.94,35,0.026857143,35
3394.801476,53,89,0.95,36,0.026388889,35
3392.07878,52,88,0.96,36,0.026666667,35
3391.67396,57,79,0.61,22,0.027727273,35
3391.637057,56,79,0.67,23,0.029130435,35
3389.218101,36,52,0.61,16,0.038125,35
3388.762286,58,68,0.35,10,0.035,35
3388.437,54,80,0.78,26,0.03,35
3386.457056,60,77,0.47,17,0.027647059,35
3386.457056,58,79,0.58,21,0.027619048,35
3386.054349,54,86,0.87,32,0.0271875,35
3385.986307,37,51,0.53,14,0.037857143,35
3384.100959,56,86,0.79,30,0.026333333,35
3384.100959,53,90,0.97,37,0.026216216,35
3382.867004,54,81,0.81,27,0.03,35
3382.374789,54,82,0.83,28,0.029642857,35
3382.287846,57,80,0.66,23,0.028695652,35
3382.287846,56,81,0.72,25,0.0288,35
3381.956198,62,76,0.38,14,0.027142857,35
3381.956198,60,78,0.49,18,0.027222222,35
3381.956198,58,80,0.6,22,0.027272727,35
3377.017543,55,80,0.74,25,0.0296,35
3377.017543,54,81,0.8,27,0.02962963,35
3376.017188,61,73,0.34,12,0.028333333,35
3376.017188,60,74,0.4,14,0.028571429,35
3374.448861,55,86,0.83,31,0.026774194,35
3373.977127,53,83,0.89,30,0.029666667,35
3373.977127,52,85,0.97,33,0.029393939,35
3373.047205,54,84,0.82,30,0.027333333,35
3372.580315,14,17,0.08,3,0.026666667,35
3372.561293,51,73,0.78,22,0.035454545,35
3372.481853,57,79,0.64,22,0.029090909,35
3372.481853,56,80,0.7,24,0.029166667,35
3372.481853,55,82,0.78,27,0.028888889,35
3372.481853,54,83,0.84,29,0.028965517,35
3372.12219,59,76,0.49,17,0.028823529,35
3372.12219,58,77,0.55,19,0.028947368,35
3370.983515,58,69,0.37,11,0.033636364,35
3370.824212,35,53,0.71,18,0.039444444,35
3368.699738,53,81,0.84,28,0.03,35
3367.463417,55,83,0.76,28,0.027142857,35
3365.739906,53,91,0.99,38,0.026052632,35
3364.296466,59,78,0.52,19,0.027368421,35
3364.143478,54,83,0.82,29,0.028275862,35
3360.956856,52,85,0.94,33,0.028484848,35
3359.423145,57,80,0.63,23,0.027391304,35
3359.275563,56,84,0.75,28,0.026785714,35
3358.508663,57,77,0.58,20,0.029,35
3358.508663,56,78,0.64,22,0.029090909,35
3357.087741,52,89,0.99,37,0.026756757,35
3356.609171,63,72,0.25,9,0.027777778,35
3356.296505,54,73,0.66,19,0.034736842,35
3355.890186,55,87,0.85,32,0.0265625,35
3355.890186,54,89,0.92,35,0.026285714,35
3355.645758,56,76,0.6,20,0.03,35
3355.645758,55,77,0.66,22,0.03,35
3355.476653,61,75,0.39,14,0.027857143,35
3355.476653,59,77,0.5,18,0.027777778,35
3353.025276,56,81,0.69,25,0.0276,35
3351.744054,52,83,0.91,31,0.029354839,35
3350.531245,50,75,0.88,25,0.0352,35
3350.531245,49,76,0.95,27,0.035185185,35
3350.294866,55,79,0.72,24,0.03,35
3350.095667,34,55,0.82,21,0.039047619,35
3349.832718,55,85,0.82,30,0.027333333,35
3349.832718,54,87,0.89,33,0.026969697,35
3349.832718,53,88,0.95,35,0.027142857,35
3349.542798,53,87,0.93,34,0.027352941,35
3349.542798,52,88,0.99,36,0.0275,35
3348.567577,56,82,0.71,26,0.027307692,35
3348.311145,36,52,0.62,16,0.03875,35
3347.770689,65,67,0.06,2,0.03,35
3347.770689,64,68,0.12,4,0.03,35
3347.770689,63,69,0.18,6,0.03,35
3347.770689,62,70,0.24,8,0.03,35
3345.944542,63,73,0.28,10,0.028,35
3344.65565,57,80,0.65,23,0.02826087,35
3344.65565,56,81,0.71,25,0.0284,35
3344.639133,37,51,0.55,14,0.039285714,35
3343.068734,36,52,0.63,16,0.039375,35
3342.038654,58,78,0.57,20,0.0285,35
3342.038654,57,79,0.63,22,0.028636364,35
3341.445133,65,66,0.03,1,0.03,35
3341.445133,64,67,0.09,3,0.03,35
3341.445133,63,68,0.15,5,0.03,35
3341.445133,62,69,0.21,7,0.03,35
3341.445133,61,70,0.27,9,0.03,35
3341.445133,60,71,0.33,11,0.03,35
3341.445133,59,72,0.39,13,0.03,35
3341.425915,54,83,0.85,29,0.029310345,35
3341.425915,53,84,0.91,31,0.029354839,35
3341.118156,61,71,0.3,10,0.03,35
3341.118156,60,72,0.36,12,0.03,35
3341.118156,59,73,0.42,14,0.03,35
3340.572957,54,70,0.57,16,0.035625,35
3340.101654,34,55,0.81,21,0.038571429,35
3339.914579,54,86,0.88,32,0.0275,35
3339.891333,51,84,0.98,33,0.02969697,35
3338.615016,62,71,0.26,9,0.028888889,35
3338.149515,53,79,0.79,26,0.030384615,35
3337.223266,55,84,0.78,29,0.026896552,35
3332.803413,37,51,0.54,14,0.038571429,35
3331.563546,55,82,0.76,27,0.028148148,35
3330.023981,62,64,0.07,2,0.035,35
3330.023981,61,65,0.14,4,0.035,35
3330.023981,60,66,0.21,6,0.035,35
3330.023981,59,67,0.28,8,0.035,35
3329.984139,61,63,0.07,2,0.035,35
3329.984139,60,64,0.14,4,0.035,35
3329.984139,59,65,0.21,6,0.035,35
3329.984139,58,66,0.28,8,0.035,35
3329.889897,52,72,0.71,20,0.0355,35
3327.124492,53,89,0.96,36,0.026666667,35
3325.439334,55,79,0.7,24,0.029166667,35
3325.439334,54,80,0.76,26,0.029230769,35
3325.335734,59,74,0.44,15,0.029333333,35
3325.315974,52,89,0.98,37,0.026486486,35
3323.78003,54,88,0.91,34,0.026764706,35
3323.78003,53,89,0.97,36,0.026944444,35
3322.400955,53,85,0.89,32,0.0278125,35
3318.503121,51,84,0.97,33,0.029393939,35
3317.55458,35,54,0.71,19,0.037368421,35
3317.13004,57,76,0.57,19,0.03,35
3317.13004,52,82,0.9,30,0.03,35
3315.458604,54,79,0.75,25,0.03,35
3314.720382,61,76,0.41,15,0.027333333,35
3314.616064,61,69,0.26,8,0.0325,35
3314.616064,59,71,0.39,12,0.0325,35
3314.616064,57,73,0.52,16,0.0325,35
3312.29317,53,81,0.83,28,0.029642857,35
3311.634904,55,79,0.71,24,0.029583333,35
3310.702479,58,78,0.59,20,0.0295,35
3310.702479,57,79,0.65,22,0.029545455,35
3310.702479,56,80,0.71,24,0.029583333,35
3310.702479,55,81,0.77,26,0.029615385,35
3307.322117,58,74,0.48,16,0.03,35
3307.322117,57,75,0.54,18,0.03,35
3307.243291,53,71,0.64,18,0.035555556,35
3305.987912,53,87,0.94,34,0.027647059,35
3305.870136,58,75,0.5,17,0.029411765,35
3305.870136,57,76,0.56,19,0.029473684,35
3305.870136,56,77,0.62,21,0.02952381,35
3305.870136,55,78,0.68,23,0.029565217,35
3305.575674,59,74,0.45,15,0.03,35
3300.782633,51,83,0.96,32,0.03,35
3299.958905,52,85,0.98,33,0.02969697,35
3292.31087,49,77,0.99,28,0.035357143,35
3291.401397,56,77,0.63,21,0.03,35
3291.401397,55,78,0.69,23,0.03,35
3290.84564,53,71,0.63,18,0.035,35
3290.374889,50,76,0.91,26,0.035,35
3288.258259,54,80,0.77,26,0.029615385,35
3288.126552,52,82,0.89,30,0.029666667,35
3283.075644,53,90,0.98,37,0.026486486,35
3283.002617,61,70,0.29,9,0.032222222,35
3282.240548,58,75,0.51,17,0.03,35
3282.058635,56,71,0.52,15,0.034666667,35
3282.058635,55,72,0.59,17,0.034705882,35
3281.417524,53,80,0.81,27,0.03,35
3280.995107,54,69,0.53,15,0.035333333,35
3280.413386,58,69,0.36,11,0.032727273,35
3280.413386,55,72,0.56,17,0.032941176,35
3276.150699,60,71,0.35,11,0.031818182,35
3271.554182,55,75,0.66,20,0.033,35
3270.771397,52,82,0.92,30,0.030666667,35
3269.832928,56,67,0.39,11,0.035454545,35
3269.832928,55,68,0.46,13,0.035384615,35
3269.410871,53,85,0.92,32,0.02875,35
3268.323954,55,69,0.49,14,0.035,35
3268.323954,54,70,0.56,16,0.035,35
3267.863219,57,67,0.35,10,0.035,35
3267.863219,56,68,0.42,12,0.035,35
3267.194121,60,67,0.24,7,0.034285714,35
3262.500279,63,73,0.29,10,0.029,35
3261.857369,57,73,0.53,16,0.033125,35
3261.857369,56,74,0.6,18,0.033333333,35
3257.691863,39,49,0.38,10,0.038,35
3257.531504,49,77,0.98,28,0.035,35
3255.37768,57,81,0.65,24,0.027083333,35
3253.111477,55,80,0.71,25,0.0284,35
3253.111477,54,81,0.77,27,0.028518519,35
3252.941502,63,67,0.13,4,0.0325,35
3252.741525,60,78,0.5,18,0.027777778,35
3252.069191,54,77,0.75,23,0.032608696,35
3250.927332,52,73,0.74,21,0.035238095,35
3249.946738,57,77,0.59,20,0.0295,35
3249.946738,56,78,0.65,22,0.029545455,35
3249.506927,60,72,0.38,12,0.031666667,35
3245.493051,53,83,0.84,30,0.028,35
3245.459999,63,69,0.19,6,0.031666667,35
3245.124984,39,48,0.35,9,0.038888889,35
3244.334411,59,70,0.37,11,0.033636364,35
3243.190943,58,69,0.38,11,0.034545455,35
3241.29577,34,55,0.79,21,0.037619048,35
3239.413204,35,54,0.73,19,0.038421053,35
3238.641077,57,70,0.45,13,0.034615385,35
3235.412162,51,74,0.81,23,0.035217391,35
3232.923489,55,76,0.68,21,0.032380952,35
3232.579657,54,76,0.73,22,0.033181818,35
3228.404295,51,87,0.99,36,0.0275,35
3226.57741,58,72,0.46,14,0.032857143,35
3221.297597,63,66,0.1,3,0.033333333,35
3218.080616,52,84,0.9,32,0.028125,35
3216.786724,55,73,0.58,18,0.032222222,35
3216.786724,54,74,0.65,20,0.0325,35
3215.890306,51,75,0.84,24,0.035,35
3215.483329,58,77,0.53,19,0.027894737,35
3212.873018,56,74,0.59,18,0.032777778,35
3211.906875,40,47,0.27,7,0.038571429,35
3211.543479,62,68,0.2,6,0.033333333,35
3211.543479,59,71,0.4,12,0.033333333,35
3210.553518,52,84,0.89,32,0.0278125,35
3210.029183,69,92,0.4,23,0.017391304,35
3209.397469,52,85,0.92,33,0.027878788,35
3209.397469,51,86,0.98,35,0.028,35
3209.33081,61,68,0.23,7,0.032857143,35
3209.33081,59,70,0.36,11,0.032727273,35
3207.718465,57,70,0.43,13,0.033076923,35
3207.718465,54,73,0.63,19,0.033157895,35
3207.088156,51,86,0.97,35,0.027714286,35
3203.604011,73,88,0.26,15,0.017333333,35
3203.604011,71,90,0.33,19,0.017368421,35
3201.258227,63,68,0.16,5,0.032,35
3201.191758,58,73,0.48,15,0.032,35
3200.667166,52,81,0.84,29,0.028965517,35
3199.249024,52,82,0.86,30,0.028666667,35
3199.249024,51,83,0.92,32,0.02875,35
3199.249024,50,84,0.98,34,0.028823529,35
3199.218726,57,66,0.32,9,0.035555556,35
3198.203028,51,85,0.96,34,0.028235294,35
3197.647631,60,67,0.23,7,0.032857143,35
3197.073966,67,78,0.25,11,0.022727273,35
3196.487779,60,69,0.3,9,0.033333333,35
3193.960583,58,73,0.49,15,0.032666667,35
3193.960583,56,75,0.62,19,0.032631579,35
3193.424525,53,75,0.72,22,0.032727273,35
3192.155244,40,48,0.3,8,0.0375,35
3190.740367,13,16,0.07,3,0.023333333,35
3189.2481,60,70,0.33,10,0.033,35
3188.120006,74,86,0.21,12,0.0175,35
3186.456861,52,86,0.93,34,0.027352941,35
3183.691023,55,80,0.7,25,0.028,35
3182.835107,54,82,0.79,28,0.028214286,35
3182.835107,53,83,0.85,30,0.028333333,35
3182.789669,56,79,0.65,23,0.02826087,35
3181.737363,78,82,0.07,4,0.0175,35
3181.737363,76,84,0.14,8,0.0175,35
3180.470345,42,46,0.15,4,0.0375,35
3179.945006,57,78,0.59,21,0.028095238,35
3177.896652,59,69,0.33,10,0.033,35
3176.460484,51,85,0.95,34,0.027941176,35
3176.035903,38,49,0.43,11,0.039090909,35
3176.027469,53,84,0.86,31,0.027741935,35
3171.547479,61,80,0.51,19,0.026842105,35
3171.065907,52,76,0.81,24,0.03375,35
3169.839422,53,75,0.74,22,0.033636364,35
3168.433705,59,72,0.42,13,0.032307692,35
3168.433705,57,74,0.55,17,0.032352941,35
3165.462996,66,81,0.33,15,0.022,35
3164.970225,58,80,0.62,22,0.028181818,35
3163.922912,53,80,0.78,27,0.028888889,35
3163.831797,54,76,0.72,22,0.032727273,35
3163.334886,57,81,0.68,24,0.028333333,35
3163.233068,56,78,0.66,22,0.03,35
3163.211298,56,76,0.58,20,0.029,35
3161.950789,51,85,0.94,34,0.027647059,35
3161.193872,52,85,0.91,33,0.027575758,35
3161.065841,70,91,0.37,21,0.017619048,35
3155.144508,54,74,0.67,20,0.0335,35
3155.031987,51,85,0.98,34,0.028823529,35
3154.928266,56,70,0.47,14,0.033571429,35
3151.224142,53,86,0.95,33,0.028787879,35
3151.09242,53,81,0.8,28,0.028571429,35
3150.992105,57,75,0.53,18,0.029444444,35
3150.992105,56,76,0.59,20,0.0295,35
3150.992105,55,78,0.67,23,0.029130435,35
3150.992105,54,79,0.73,25,0.0292,35
3150.986784,52,84,0.91,32,0.0284375,35
3150.986784,51,85,0.97,34,0.028529412,35
3150.426434,39,49,0.36,10,0.036,35
3150.0128,63,78,0.4,15,0.026666667,35
3150.0128,58,85,0.71,27,0.026296296,35
3146.472735,55,81,0.72,26,0.027692308,35
3146.217019,53,74,0.7,21,0.033333333,35
3144.65608,33,56,0.88,23,0.03826087,35
3143.022347,50,85,0.99,35,0.028285714,35
3141.441799,52,86,0.94,34,0.027647059,35
3140.387241,59,79,0.56,20,0.028,35
3140.194195,56,77,0.61,21,0.029047619,35
3139.660381,58,74,0.51,16,0.031875,35
3139.660381,56,76,0.64,20,0.032,35
3138.764215,54,85,0.87,31,0.028064516,35
3138.207483,54,82,0.78,28,0.027857143,35
3137.88414,50,84,0.97,34,0.028529412,35
3134.27889,52,76,0.79,24,0.032916667,35
3134.181226,56,79,0.64,23,0.027826087,35
3134.181226,54,82,0.77,28,0.0275,35
3134.181226,53,83,0.83,30,0.027666667,35
3134.063081,53,77,0.79,24,0.032916667,35
3133.896239,57,72,0.5,15,0.033333333,35
3133.896239,56,73,0.57,17,0.033529412,35
3133.546805,33,57,0.89,24,0.037083333,35
3133.318993,62,70,0.23,8,0.02875,35
3133.318993,60,73,0.37,13,0.028461538,35
3131.920231,55,77,0.64,22,0.029090909,35
3130.993292,52,78,0.87,26,0.033461538,35
3130.401011,58,70,0.4,12,0.033333333,35
3128.854324,51,79,0.93,28,0.033214286,35
3128.604218,36,53,0.64,17,0.037647059,35
3128.538621,53,77,0.8,24,0.033333333,35
3128.077623,59,73,0.41,14,0.029285714,35
3128.077623,58,74,0.47,16,0.029375,35
3127.827028,57,81,0.7,24,0.029166667,35
3127.201638,61,77,0.44,16,0.0275,35
3125.08723,61,71,0.29,10,0.029,35
3125.08723,59,74,0.43,15,0.028666667,35
3123.786757,35,53,0.69,18,0.038333333,35
3123.611133,55,73,0.6,18,0.033333333,35
3123.020723,70,92,0.38,22,0.017272727,35
3123.020723,68,94,0.45,26,0.017307692,35
3122.868835,53,80,0.77,27,0.028518519,35
3120.60543,72,90,0.31,18,0.017222222,35
3120.311478,54,84,0.88,30,0.029333333,35
3119.342307,68,79,0.24,11,0.021818182,35
3118.627656,54,79,0.72,25,0.0288,35
3118.529137,60,82,0.58,22,0.026363636,35
3118.529137,58,84,0.69,26,0.026538462,35
3118.529137,57,86,0.76,29,0.026206897,35
3118.529137,56,87,0.81,31,0.026129032,35
3118.529137,56,88,0.83,32,0.0259375,35
3117.593562,38,50,0.47,12,0.039166667,35
3117.355822,57,76,0.55,19,0.028947368,35
3116.369851,65,72,0.2,7,0.028571429,35
3116.335773,52,84,0.88,32,0.0275,35
3116.074188,52,86,0.99,34,0.029117647,35
3115.541106,55,73,0.61,18,0.033888889,35
3114.584586,53,76,0.77,23,0.033478261,35
3113.170739,54,85,0.88,31,0.028387097,35
3112.072854,51,86,0.99,35,0.028285714,35
3112.002181,54,84,0.87,30,0.029,35
3112.002181,53,85,0.93,32,0.0290625,35
3111.434666,51,87,0.98,36,0.027222222,35
3111.311939,58,71,0.44,13,0.033846154,35
3111.132183,58,71,0.43,13,0.033076923,35
3111.047556,54,78,0.71,24,0.029583333,35
3110.422779,57,87,0.78,30,0.026,35
3110.422779,56,89,0.85,33,0.025757576,35
3109.878667,62,74,0.34,12,0.028333333,35
3109.613487,53,81,0.79,28,0.028214286,35
3109.613487,52,82,0.85,30,0.028333333,35
3108.489335,51,82,0.9,31,0.029032258,35
3108.27913,52,77,0.84,25,0.0336,35
3108.191977,52,85,0.93,33,0.028181818,35
3108.172192,61,76,0.42,15,0.028,35
3107.807599,60,68,0.27,8,0.03375,35
3107.807599,56,72,0.54,16,0.03375,35
3107.430626,51,86,0.96,35,0.027428571,35
3106.877139,61,79,0.49,18,0.027222222,35
3106.699575,55,79,0.69,24,0.02875,35
3106.699575,54,80,0.75,26,0.028846154,35
3106.699575,53,81,0.81,28,0.028928571,35
3105.975219,54,80,0.74,26,0.028461538,35
3105.761533,52,87,0.95,35,0.027142857,35
3105.734859,65,71,0.17,6,0.028333333,35
3104.285339,62,75,0.38,13,0.029230769,35
3104.285339,61,76,0.44,15,0.029333333,35
3103.756607,58,81,0.63,23,0.027391304,35
3103.326031,53,85,0.88,32,0.0275,35
3102.616981,57,85,0.75,28,0.026785714,35
3102.253811,64,73,0.26,9,0.028888889,35
3102.201329,73,87,0.25,14,0.017857143,35
3102.188622,53,82,0.82,29,0.028275862,35
3102.188622,52,83,0.88,31,0.028387097,35
3102.188622,51,84,0.94,33,0.028484848,35
3101.442076,51,83,0.91,32,0.0284375,35
3101.31562,63,74,0.32,11,0.029090909,35
3100.141226,54,75,0.7,21,0.033333333,35
3099.539637,56,78,0.62,22,0.028181818,35
3098.017139,51,84,0.93,33,0.028181818,35
3095.992105,60,77,0.5,17,0.029411765,35
3095.992105,59,78,0.56,19,0.029473684,35
3095.992105,58,79,0.62,21,0.02952381,35
3095.992105,56,82,0.76,26,0.029230769,35
3095.992105,55,83,0.82,28,0.029285714,35
3095.365416,13,18,0.13,5,0.026,35
3095.047629,52,85,0.9,33,0.027272727,35
3094.161736,56,77,0.6,21,0.028571429,35
3094.161736,55,78,0.66,23,0.028695652,35
3093.835996,39,49,0.39,10,0.039,35
3093.515064,63,77,0.38,14,0.027142857,35
3092.085211,61,83,0.52,22,0.023636364,35
3091.916996,58,80,0.63,22,0.028636364,35
3091.632347,51,83,0.93,32,0.0290625,35
3091.632347,50,84,0.99,34,0.029117647,35
3091.574119,56,83,0.75,27,0.027777778,35
3091.393873,55,79,0.68,24,0.028333333,35
3090.858747,35,53,0.7,18,0.038888889,35
3090.427648,64,81,0.39,17,0.022941176,35
3089.516438,62,80,0.48,18,0.026666667,35
3088.706288,71,96,0.42,25,0.0168,35
3087.692468,58,76,0.51,18,0.028333333,35
3087.434192,34,56,0.81,22,0.036818182,35
3086.979355,52,78,0.86,26,0.033076923,35
3086.896174,55,76,0.65,21,0.030952381,35
3086.830392,55,69,0.5,14,0.035714286,35
3086.308094,57,78,0.62,21,0.02952381,35
3086.279965,60,76,0.47,16,0.029375,35
3086.279965,59,77,0.53,18,0.029444444,35
3085.977472,57,75,0.52,18,0.028888889,35
3085.874432,54,78,0.7,24,0.029166667,35
3085.874432,53,79,0.76,26,0.029230769,35
3085.753783,64,77,0.35,13,0.026923077,35
3085.227186,61,67,0.2,6,0.033333333,35
3085.227186,57,71,0.47,14,0.033571429,35
3084.31546,54,86,0.85,32,0.0265625,35
3084.137369,64,73,0.25,9,0.027777778,35
3084.097287,56,78,0.63,22,0.028636364,35
3083.94797,58,82,0.63,24,0.02625,35
3083.944494,66,71,0.14,5,0.028,35
3083.919466,55,82,0.74,27,0.027407407,35
3083.355036,58,77,0.56,19,0.029473684,35
3083.326932,57,80,0.67,23,0.029130435,35
3083.326932,56,81,0.73,25,0.0292,35
3083.326932,55,82,0.79,27,0.029259259,35
3083.326932,55,83,0.81,28,0.028928571,35
3083.279811,60,72,0.35,12,0.029166667,35
3082.494702,53,80,0.79,27,0.029259259,35
3081.629405,69,98,0.49,29,0.016896552,35
3081.592706,14,17,0.07,3,0.023333333,35
3081.536031,56,87,0.82,31,0.026451613,35
3081.536031,55,89,0.89,34,0.026176471,35
3081.536031,54,90,0.95,36,0.026388889,35
3080.780694,52,76,0.82,24,0.034166667,35
3080.780694,51,77,0.89,26,0.034230769,35
3080.306574,51,78,0.91,27,0.033703704,35
3080.306574,50,79,0.98,29,0.033793103,35
3080.160058,56,79,0.68,23,0.029565217,35
3079.595487,55,85,0.8,30,0.026666667,35
3079.562254,62,77,0.41,15,0.027333333,35
3079.562254,60,79,0.52,19,0.027368421,35
3079.562254,60,80,0.54,20,0.027,35
3079.562254,58,82,0.65,24,0.027083333,35
3079.562254,56,85,0.78,29,0.026896552,35
3079.141252,34,54,0.79,20,0.0395,35
3078.542033,54,75,0.71,21,0.033809524,35
3078.496188,53,86,0.94,33,0.028484848,35
3076.604385,62,76,0.39,14,0.027857143,35
3076.417249,53,82,0.83,29,0.02862069,35
3076.307265,56,81,0.74,25,0.0296,35
3076.307265,55,82,0.8,27,0.02962963,35
3076.307265,54,83,0.86,29,0.029655172,35
3076.307265,53,84,0.92,31,0.029677419,35
3076.120437,52,81,0.85,29,0.029310345,35
3076.030109,56,73,0.56,17,0.032941176,35
3075.81347,54,83,0.8,29,0.027586207,35
3075.152993,61,69,0.25,8,0.03125,35
3075.123004,53,93,0.91,40,0.02275,35
3075.09385,33,56,0.9,23,0.039130435,35
3074.826167,52,94,0.96,42,0.022857143,35
3074.526273,51,82,0.92,31,0.029677419,35
3074.491652,53,86,0.89,33,0.026969697,35
3074.478031,56,82,0.75,26,0.028846154,35
3073.918832,37,52,0.53,15,0.035333333,35
3073.532916,55,77,0.65,22,0.029545455,35
3072.738394,53,79,0.77,26,0.029615385,35
3072.706802,58,75,0.49,17,0.028823529,35
3072.592941,55,74,0.63,19,0.033157895,35
3072.046505,52,82,0.91,30,0.030333333,35
3072.046505,51,83,0.97,32,0.0303125,35
3071.578745,53,84,0.85,31,0.027419355,35
3071.24653,51,74,0.8,23,0.034782609,35
3071.112608,56,80,0.66,24,0.0275,35
3070.170496,55,71,0.54,16,0.03375,35
3069.981811,50,83,0.96,33,0.029090909,35
3069.036125,67,71,0.11,4,0.0275,35
3069.036125,65,73,0.22,8,0.0275,35
3068.696076,65,81,0.36,16,0.0225,35
3068.19987,53,85,0.94,32,0.029375,35
3066.841746,62,73,0.32,11,0.029090909,35
3065.889293,53,78,0.78,25,0.0312,35
3065.88253,55,77,0.68,22,0.030909091,35
3065.565022,60,76,0.46,16,0.02875,35
3065.293389,52,86,0.92,34,0.027058824,35
3064.177042,53,79,0.78,26,0.03,35
3064.143954,59,76,0.5,17,0.029411765,35
3063.308121,54,74,0.68,20,0.034,35
3062.868389,32,57,0.98,25,0.0392,35
3062.578708,65,75,0.27,10,0.027,35
3062.578708,58,83,0.67,25,0.0268,35
3062.192427,64,72,0.23,8,0.02875,35
3061.573026,57,77,0.57,20,0.0285,35
3060.334437,50,79,0.99,29,0.034137931,35
3060.321523,62,74,0.35,12,0.029166667,35
3060.321523,61,75,0.41,14,0.029285714,35
3060.321523,58,79,0.61,21,0.029047619,35
3059.773905,51,82,0.95,31,0.030645161,35
3059.381665,52,83,0.87,31,0.028064516,35
3058.689291,15,16,0.02,1,0.02,35
3058.63306,57,84,0.72,27,0.026666667,35
3057.756709,53,89,0.98,36,0.027222222,35
3057.151242,64,75,0.3,11,0.027272727,35
3057.151242,62,78,0.43,16,0.026875,35
3056.76698,61,78,0.47,17,0.027647059,35
3056.379766,62,67,0.17,5,0.034,35
3056.242326,55,89,0.91,34,0.026764706,35
3056.090922,59,77,0.52,18,0.028888889,35
3054.910335,51,82,0.91,31,0.029354839,35
3054.389784,54,81,0.76,27,0.028148148,35
3054.184655,63,70,0.2,7,0.028571429,35
3053.901618,52,83,0.86,31,0.027741935,35
3053.793038,53,85,0.87,32,0.0271875,35
3053.641778,58,76,0.54,18,0.03,35
3053.641778,57,77,0.6,20,0.03,35
3053.127336,52,82,0.87,30,0.029,35
3052.320206,57,80,0.68,23,0.029565217,35
3051.536571,57,81,0.69,24,0.02875,35
3051.329846,74,87,0.23,13,0.017692308,35
3050.728712,55,74,0.64,19,0.033684211,35
3050.715719,55,88,0.87,33,0.026363636,35
3050.715719,54,89,0.93,35,0.026571429,35
3050.715719,54,90,0.94,36,0.026111111,35
3050.567819,61,78,0.46,17,0.027058824,35
3050.395583,53,80,0.8,27,0.02962963,35
3050.395583,52,81,0.86,29,0.029655172,35
3050.3806,64,83,0.42,19,0.022105263,35
3050.217038,53,88,0.92,35,0.026285714,35
3049.588773,56,84,0.74,28,0.026428571,35
3049.588773,54,87,0.86,33,0.026060606,35
3049.564043,33,56,0.89,23,0.038695652,35
3049.173623,56,79,0.69,23,0.03,35
3049.173623,55,80,0.75,25,0.03,35
3049.067861,69,76,0.16,7,0.022857143,35
3048.988786,62,84,0.5,22,0.022727273,35
3048.988786,60,87,0.61,27,0.022592593,35
3048.71135,56,73,0.58,17,0.034117647,35
3048.519371,54,79,0.71,25,0.0284,35
3048.397071,54,86,0.89,32,0.0278125,35
3048.397071,53,87,0.95,34,0.027941176,35
3047.923758,52,81,0.89,29,0.030689655,35
3047.866311,62,75,0.37,13,0.028461538,35
3047.739871,57,76,0.54,19,0.028421053,35
3047.728966,34,56,0.8,22,0.036363636,35
3047.705324,56,82,0.74,26,0.028461538,35
3047.705324,55,83,0.8,28,0.028571429,35
3047.705324,54,84,0.86,30,0.028666667,35
3047.404631,65,83,0.39,18,0.021666667,35
3047.368,63,72,0.26,9,0.028888889,35
3046.138411,67,95,0.49,28,0.0175,35
3044.892771,40,48,0.29,8,0.03625,35
3044.664928,66,75,0.24,9,0.026666667,35
3044.664928,61,81,0.53,20,0.0265,35
3044.585541,57,74,0.52,17,0.030588235,35
3044.426158,55,74,0.65,19,0.034210526,35
3044.280409,36,53,0.6,17,0.035294118,35
3043.974414,55,78,0.65,23,0.02826087,35
3043.055478,58,73,0.45,15,0.03,35
3042.792625,58,74,0.49,16,0.030625,35
3042.792625,55,78,0.7,23,0.030434783,35
3042.792625,54,78,0.74,24,0.030833333,35
3042.78016,54,91,0.96,37,0.025945946,35
3042.78016,54,92,0.97,38,0.025526316,35
3042.674929,71,76,0.11,5,0.022,35
3042.554429,52,80,0.87,28,0.031071429,35
3042.545094,50,83,0.97,33,0.029393939,35
3042.333561,71,75,0.09,4,0.0225,35
3042.330719,60,71,0.34,11,0.030909091,35
3042.330719,57,75,0.55,18,0.030555556,35
3042.330719,56,75,0.59,19,0.031052632,35
3042.090942,52,83,0.94,31,0.030322581,35
3041.761306,60,81,0.56,21,0.026666667,35
3041.761306,57,85,0.74,28,0.026428571,35
3041.656814,52,95,0.96,43,0.022325581,35
3040.615855,52,81,0.83,29,0.02862069,35
3040.334524,51,77,0.86,26,0.033076923,35
3038.708267,61,74,0.38,13,0.029230769,35
3038.001078,56,75,0.57,19,0.03,35
3037.411726,64,82,0.41,18,0.022777778,35
3036.728552,54,79,0.76,25,0.0304,35
3036.728552,53,80,0.82,27,0.03037037,35
3036.728552,52,81,0.88,29,0.030344828,35
3036.455187,59,78,0.55,19,0.028947368,35
3036.404128,52,84,0.96,32,0.03,35
3036.267537,53,79,0.8,26,0.030769231,35
3036.267537,52,80,0.86,28,0.030714286,35
3036.254442,57,82,0.69,25,0.0276,35
3035.79089,37,51,0.51,14,0.036428571,35
3035.688833,55,77,0.67,22,0.030454545,35
3033.98097,56,85,0.79,29,0.027241379,35
3033.98097,54,88,0.92,34,0.027058824,35
3033.327684,62,72,0.28,10,0.028,35
3033.327684,59,75,0.45,16,0.028125,35
3031.908055,38,51,0.48,13,0.036923077,35
3031.547952,60,77,0.48,17,0.028235294,35
3031.462823,54,78,0.72,24,0.03,35
3031.439984,54,77,0.71,23,0.030869565,35
3030.351703,66,83,0.36,17,0.021176471,35
3029.999,52,80,0.83,28,0.029642857,35
3029.829478,59,81,0.59,22,0.026818182,35
3029.168832,61,75,0.4,14,0.028571429,35
3028.588078,54,90,0.99,36,0.0275,35
3028.465266,66,78,0.25,12,0.020833333,35
3027.777163,51,82,0.93,31,0.03,35
3027.449674,53,76,0.78,23,0.033913043,35
3027.449674,52,77,0.85,25,0.034,35
3027.237828,53,88,0.96,35,0.027428571,35
3026.937123,60,75,0.44,15,0.029333333,35
3026.721745,62,77,0.44,15,0.029333333,35
3026.355028,36,97,0.12,61,0.001967213,35
3026.330769,61,76,0.43,15,0.028666667,35
3026.228685,59,82,0.62,23,0.026956522,35
3026.186612,58,81,0.64,23,0.027826087,35
3026.186612,55,85,0.83,30,0.027666667,35
3026.019802,56,88,0.84,32,0.02625,35
3025.994937,55,84,0.81,29,0.027931034,35
3025.728362,57,77,0.56,20,0.028,35
3025.436134,57,78,0.63,21,0.03,35
3025.057665,66,73,0.19,7,0.027142857,35
3024.478353,69,77,0.18,8,0.0225,35
3024.478353,67,79,0.27,12,0.0225,35
3024.478353,63,84,0.47,21,0.022380952,35
3024.478353,62,86,0.53,24,0.022083333,35
3024.478353,61,87,0.58,26,0.022307692,35
3024.478353,59,89,0.67,30,0.022333333,35
3023.997569,34,54,0.78,20,0.039,35
3023.840808,52,80,0.82,28,0.029285714,35
3023.45195,59,82,0.61,23,0.026521739,35
3023.412278,51,78,0.92,27,0.034074074,35
3023.276479,58,78,0.58,20,0.029,35
3023.24388,54,81,0.75,27,0.027777778,35
3022.578056,54,77,0.72,23,0.031304348,35
3022.499889,69,72,0.08,3,0.026666667,35
3019.621583,59,72,0.4,13,0.030769231,35
3019.621583,56,76,0.61,20,0.0305,35
3018.859933,62,85,0.52,23,0.022608696,35
3018.569537,64,85,0.45,21,0.021428571,35
3018.257648,61,77,0.45,16,0.028125,35
3018.095669,58,73,0.46,15,0.030666667,35
3017.527138,60,77,0.49,17,0.028823529,35
3016.993143,50,83,0.95,33,0.028787879,35
3016.695793,60,78,0.51,18,0.028333333,35
3016.664927,63,85,0.48,22,0.021818182,35
3016.5364,55,84,0.82,29,0.028275862,35
3015.803221,61,73,0.36,12,0.03,35
3015.570498,53,81,0.82,28,0.029285714,35
3015.570498,52,83,0.9,31,0.029032258,35
3014.442122,51,82,0.94,31,0.030322581,35
3013.878816,59,82,0.65,23,0.02826087,35
3013.878816,56,85,0.82,29,0.028275862,35
3013.878816,56,86,0.84,30,0.028,35
3013.645532,55,87,0.9,32,0.028125,35
3013.645532,54,88,0.96,34,0.028235294,35
3013.48963,52,80,0.85,28,0.030357143,35
3013.400459,56,87,0.83,31,0.026774194,35
3013.400459,54,90,0.96,36,0.026666667,35
3013.337773,60,82,0.59,22,0.026818182,35
3013.337773,56,86,0.81,30,0.027,35
3013.337773,54,89,0.94,35,0.026857143,35
3013.153612,72,89,0.3,17,0.017647059,35
3012.950882,56,71,0.5,15,0.033333333,35
3012.569856,59,81,0.6,22,0.027272727,35
3012.569856,57,83,0.71,26,0.027307692,35
3012.569856,57,84,0.73,27,0.027037037,35
3012.569856,55,86,0.84,31,0.027096774,35
3012.460634,53,75,0.75,22,0.034090909,35
3012.336313,61,68,0.22,7,0.031428571,35
3012.336313,57,73,0.5,16,0.03125,35
3012.102222,39,48,0.36,9,0.04,35
3012.102222,38,49,0.44,11,0.04,35
3012.079249,54,78,0.73,24,0.030416667,35
3011.735248,58,75,0.48,17,0.028235294,35
3011.735248,55,79,0.67,24,0.027916667,35
3011.735248,54,80,0.73,26,0.028076923,35
3011.537503,66,96,0.53,30,0.017666667,35
3010.468539,58,78,0.55,20,0.0275,35
3009.948339,32,57,0.97,25,0.0388,35
3009.727597,57,85,0.76,28,0.027142857,35
3009.724312,32,57,0.96,25,0.0384,35
3009.664985,62,79,0.46,17,0.027058824,35
3009.664985,60,81,0.57,21,0.027142857,35
3009.664985,58,84,0.7,26,0.026923077,35
3009.491116,52,83,0.89,31,0.028709677,35
3009.491116,51,84,0.95,33,0.028787879,35
3008.897975,59,80,0.58,21,0.027619048,35
3008.895955,63,76,0.38,13,0.029230769,35
3008.869701,55,79,0.74,24,0.030833333,35
3008.807106,54,80,0.8,26,0.030769231,35
3008.466371,54,82,0.84,28,0.03,35
3008.403784,53,82,0.88,29,0.030344828,35
3008.403784,53,83,0.9,30,0.03,35
3008.170015,56,86,0.82,30,0.027333333,35
3008.170015,55,88,0.89,33,0.026969697,35
3008.170015,54,89,0.95,35,0.027142857,35
3007.841831,60,84,0.57,24,0.02375,35
3007.823222,51,84,0.92,33,0.027878788,35
3006.661089,57,74,0.53,17,0.031176471,35
3006.610296,38,50,0.45,12,0.0375,35
3006.340552,54,79,0.74,25,0.0296,35
3006.340552,52,82,0.88,30,0.029333333,35
3006.340552,51,83,0.94,32,0.029375,35
3005.927964,57,72,0.51,15,0.034,35
3005.862897,13,18,0.12,5,0.024,35
3005.57155,57,71,0.45,14,0.032142857,35
3005.55749,57,74,0.51,17,0.03,35
3005.11025,65,74,0.26,9,0.028888889,35
3005.11025,59,81,0.63,22,0.028636364,35
3005.11025,58,83,0.71,25,0.0284,35
3005.11025,55,86,0.88,31,0.028387097,35
3004.896564,61,72,0.31,11,0.028181818,35
3003.994879,52,79,0.84,27,0.031111111,35
3003.621336,54,87,0.9,33,0.027272727,35
3003.33701,53,81,0.78,28,0.027857143,35
3003.33701,52,82,0.84,30,0.028,35
3003.336946,59,69,0.34,10,0.034,35
3002.963839,59,88,0.66,29,0.022758621,35
3002.51961,51,83,0.9,32,0.028125,35
3002.302266,66,68,0.06,2,0.03,35
3002.302266,65,69,0.12,4,0.03,35
3002.302266,64,70,0.18,6,0.03,35
3002.302266,63,71,0.24,8,0.03,35
3002.302266,62,72,0.3,10,0.03,35
3001.761944,57,86,0.77,29,0.026551724,35
3001.659861,58,72,0.44,14,0.031428571,35
3001.644193,33,57,0.9,24,0.0375,35
3001.214319,53,79,0.81,26,0.031153846,35
3001.214319,51,81,0.94,30,0.031333333,35
3000.465043,54,90,0.98,36,0.027222222,35
3000.29752,53,78,0.75,25,0.03,35
3000.29752,52,79,0.81,27,0.03,35
2999.96001,56,84,0.77,28,0.0275,35
2998.805426,59,83,0.64,24,0.026666667,35
2998.805426,55,88,0.88,33,0.026666667,35
2998.786658,52,80,0.84,28,0.03,35
2998.786658,51,81,0.9,30,0.03,35
2998.535855,58,71,0.41,13,0.031538462,35
2998.526464,36,96,0.13,60,0.002166667,35
2998.469965,51,75,0.82,24,0.034166667,35
2998.422346,55,88,0.92,33,0.027878788,35
2998.178471,58,85,0.72,27,0.026666667,35
2997.177602,32,95,0.14,63,0.002222222,35
2996.020215,66,67,0.03,1,0.03,35
2996.020215,65,68,0.09,3,0.03,35
2996.020215,64,69,0.15,5,0.03,35
2996.020215,63,70,0.21,7,0.03,35
2996.020215,62,71,0.27,9,0.03,35
2996.020215,61,72,0.33,11,0.03,35
2996.020215,60,73,0.39,13,0.03,35
2995.944148,55,87,0.86,32,0.026875,35
2995.049356,52,87,0.94,35,0.026857143,35
2995.023147,51,82,0.89,31,0.028709677,35
2994.911085,56,75,0.58,19,0.030526316,35
2993.485034,59,68,0.31,9,0.034444444,35
2993.141133,42,45,0.11,3,0.036666667,35
2992.9736,57,86,0.78,29,0.026896552,35
2992.557177,54,76,0.69,22,0.031363636,35
2992.239614,35,54,0.74,19,0.038947368,35
2991.656768,72,95,0.37,23,0.016086957,35
2991.234856,36,53,0.61,17,0.035882353,35
2991.168192,61,79,0.51,18,0.028333333,35
2991.168192,60,81,0.59,21,0.028095238,35
2991.168192,57,84,0.76,27,0.028148148,35
2991.151025,55,76,0.64,21,0.03047619,35
2991.053444,57,83,0.75,26,0.028846154,35
2990.358999,54,90,0.93,36,0.025833333,35
2990.318123,50,86,0.99,36,0.0275,35
2990.068234,56,74,0.56,18,0.031111111,35
2989.843943,60,70,0.31,10,0.031,35
2989.562183,65,79,0.29,14,0.020714286,35
2989.464659,51,81,0.91,30,0.030333333,35
2988.684464,59,76,0.51,17,0.03,35
2988.684464,58,77,0.57,19,0.03,35
2988.426921,25,83,0.67,58,0.011551724,35
2988.188668,58,82,0.69,24,0.02875,35
2987.998117,53,75,0.71,22,0.032272727,35
2987.998117,52,75,0.76,23,0.033043478,35
2987.957309,57,84,0.77,27,0.028518519,35
2987.957309,56,85,0.83,29,0.02862069,35
2987.855979,51,80,0.91,29,0.03137931,35
2987.214953,55,87,0.88,32,0.0275,35
2987.214953,54,88,0.94,34,0.027647059,35
2987.043426,53,90,0.99,37,0.026756757,35
2986.593817,71,77,0.13,6,0.021666667,35
2986.593817,68,80,0.26,12,0.021666667,35
2986.496808,53,82,0.81,29,0.027931034,35
2986.038422,64,75,0.32,11,0.029090909,35
2985.869698,54,75,0.67,21,0.031904762,35
2985.801856,38,50,0.43,12,0.035833333,35
2985.695164,51,84,0.96,33,0.029090909,35
2985.619678,60,74,0.42,14,0.03,35
2985.619678,59,75,0.48,16,0.03,35
2985.412366,33,57,0.91,24,0.037916667,35
2985.268304,14,17,0.06,3,0.02,35
2984.638365,68,72,0.11,4,0.0275,35
2984.606043,51,81,0.93,30,0.031,35
2984.576258,66,74,0.22,8,0.0275,35
2984.576258,64,76,0.33,12,0.0275,35
2984.038427,52,81,0.87,29,0.03,35
2983.961137,50,76,0.92,26,0.035384615,35
2983.741673,52,71,0.69,19,0.036315789,35
2983.666917,58,90,0.72,32,0.0225,35
2983.167041,53,86,0.96,33,0.029090909,35
2983.09335,58,83,0.69,25,0.0276,35
2982.921514,59,69,0.32,10,0.032,35
2982.846144,50,81,0.98,31,0.031612903,35
2982.463578,66,73,0.2,7,0.028571429,35
2982.463578,60,80,0.57,20,0.0285,35
2981.966788,50,83,0.98,33,0.02969697,35
2981.965408,59,83,0.65,24,0.027083333,35
2981.801583,51,77,0.84,26,0.032307692,35
2981.633069,51,83,0.95,32,0.0296875,35
2981.480825,52,79,0.85,27,0.031481481,35
2981.317282,50,85,0.98,35,0.028,35
2981.311539,38,50,0.44,12,0.036666667,35
2981.214685,58,70,0.41,12,0.034166667,35
2981.214685,57,71,0.48,14,0.034285714,35
2981.167799,54,88,0.95,34,0.027941176,35
2980.421732,63,78,0.41,15,0.027333333,35
2980.421732,61,80,0.52,19,0.027368421,35
2980.421732,59,82,0.63,23,0.027391304,35
2980.421732,58,84,0.71,26,0.027307692,35
2980.421732,56,87,0.84,31,0.027096774,35
2980.0035,40,47,0.28,7,0.04,35
2979.235791,59,79,0.57,20,0.0285,35
2979.134476,53,80,0.83,27,0.030740741,35
2978.418779,55,76,0.63,21,0.03,35
2978.338769,35,54,0.68,19,0.035789474,35
2978.144287,36,53,0.65,17,0.038235294,35
2977.784978,55,89,0.9,34,0.026470588,35
2976.75799,50,83,0.99,33,0.03,35
2975.993022,66,78,0.28,12,0.023333333,35
2975.756355,55,75,0.63,20,0.0315,35
2975.565363,56,86,0.8,30,0.026666667,35
2975.474581,56,88,0.85,32,0.0265625,35
2974.231218,77,88,0.18,11,0.016363636,35
2974.204665,41,47,0.23,6,0.038333333,35
2974.195251,50,82,0.95,32,0.0296875,35
2973.934155,54,91,0.98,37,0.026486486,35
2973.504602,39,51,0.44,12,0.036666667,35
2973.181146,61,73,0.37,12,0.030833333,35
2973.181146,60,74,0.43,14,0.030714286,35
2973.181146,59,75,0.49,16,0.030625,35
2973.181146,57,77,0.62,20,0.031,35
2973.181146,56,78,0.68,22,0.030909091,35
2973.181146,56,79,0.7,23,0.030434783,35
2973.181146,55,80,0.76,25,0.0304,35
2973.144033,57,92,0.79,35,0.022571429,35
2973.119269,58,76,0.55,18,0.030555556,35
2973.119269,54,81,0.82,27,0.03037037,35
2972.513444,58,83,0.7,25,0.028,35
2972.3296,56,74,0.57,18,0.031666667,35
2971.900968,67,96,0.5,29,0.017241379,35
2970.946329,57,86,0.81,29,0.027931034,35
2970.808279,52,74,0.75,22,0.034090909,35
2970.56864,51,81,0.89,30,0.029666667,35
2970.334985,50,80,0.69,30,0.023,35
2969.851093,61,83,0.46,22,0.020909091,35
2969.533737,59,84,0.66,25,0.0264,35
2969.45888,54,90,0.97,36,0.026944444,35
2969.22588,53,81,0.85,28,0.030357143,35
2968.407752,52,76,0.78,24,0.0325,35
2968.407752,51,77,0.85,26,0.032692308,35
2966.930276,55,81,0.78,26,0.03,35
2966.897112,61,81,0.54,20,0.027,35
2966.768425,54,72,0.61,18,0.033888889,35
2966.546474,53,87,0.96,34,0.028235294,35
2966.30017,54,77,0.69,23,0.03,35
2966.157591,60,75,0.45,15,0.03,35
2965.873698,54,89,0.97,35,0.027714286,35
2965.653222,41,46,0.2,5,0.04,35
2965.360983,60,82,0.6,22,0.027272727,35
2965.044687,50,77,0.94,27,0.034814815,35
2964.998485,33,57,0.92,24,0.038333333,35
2964.998485,32,58,0.99,26,0.038076923,35
2964.693498,33,56,0.91,23,0.039565217,35
2964.445025,59,70,0.35,11,0.031818182,35
2964.039533,57,87,0.79,30,0.026333333,35
2963.719176,51,77,0.9,26,0.034615385,35
2963.663304,37,52,0.56,15,0.037333333,35
2963.363355,56,73,0.54,17,0.031764706,35
2962.610612,40,48,0.31,8,0.03875,35
2962.487205,50,78,0.91,28,0.0325,35
2962.487205,49,79,0.98,30,0.032666667,35
2962.475468,64,80,0.33,16,0.020625,35
2962.474117,54,85,0.89,31,0.028709677,35
2962.298659,60,82,0.62,22,0.028181818,35
2961.162109,69,78,0.2,9,0.022222222,35
2961.055957,60,84,0.58,24,0.024166667,35
2961.055957,59,85,0.63,26,0.024230769,35
2960.965597,54,91,0.94,37,0.025405405,35
2960.812961,49,80,0.99,31,0.031935484,35
2960.812597,32,59,0.99,27,0.036666667,35
2960.557695,53,87,0.97,34,0.028529412,35
2959.942622,74,91,0.28,17,0.016470588,35
2959.653746,63,77,0.39,14,0.027857143,35
2959.653746,60,81,0.58,21,0.027619048,35
2959.653746,57,84,0.75,27,0.027777778,35
2959.653746,57,85,0.77,28,0.0275,35
2959.653746,55,88,0.9,33,0.027272727,35
2959.653746,54,89,0.96,35,0.027428571,35
2959.56757,49,78,0.99,29,0.034137931,35
2958.706536,53,77,0.76,24,0.031666667,35
2958.706536,52,78,0.83,26,0.031923077,35
2958.706536,51,79,0.9,28,0.032142857,35
2958.695748,55,87,0.89,32,0.0278125,35
2958.420386,52,75,0.78,23,0.033913043,35
2958.420386,51,76,0.85,25,0.034,35
2958.420386,50,77,0.92,27,0.034074074,35
2957.129535,50,84,0.96,34,0.028235294,35
2956.786917,68,82,0.29,14,0.020714286,35
2956.445586,51,82,0.96,31,0.030967742,35
2956.137082,53,73,0.68,20,0.034,35
2955.93622,50,78,0.94,28,0.033571429,35
2955.685624,57,73,0.49,16,0.030625,35
2955.685624,54,77,0.7,23,0.030434783,35
2955.230535,55,90,0.92,35,0.026285714,35
2955.230535,54,91,0.97,37,0.026216216,35
2955.230535,54,92,0.99,38,0.026052632,35
2954.820681,51,83,0.98,32,0.030625,35
2954.441635,64,74,0.28,10,0.028,35
2954.441635,63,76,0.36,13,0.027692308,35
2954.346097,67,75,0.17,8,0.02125,35
2954.164794,33,56,0.87,23,0.037826087,35
2953.868718,51,72,0.76,21,0.036190476,35
2953.748412,55,75,0.61,20,0.0305,35
2952.998009,57,68,0.39,11,0.035454545,35
2952.998009,56,69,0.46,13,0.035384615,35
2952.998009,55,70,0.53,15,0.035333333,35
2952.973213,56,85,0.8,29,0.027586207,35
2952.911744,60,79,0.53,19,0.027894737,35
2952.911744,59,81,0.61,22,0.027727273,35
2952.911744,57,82,0.7,25,0.028,35
2952.911744,57,83,0.72,26,0.027692308,35
2952.911744,56,83,0.76,27,0.028148148,35
2952.911744,56,84,0.78,28,0.027857143,35
2952.911744,54,87,0.91,33,0.027575758,35
2951.972579,69,75,0.14,6,0.023333333,35
2951.794845,60,80,0.55,20,0.0275,35
2951.794845,58,82,0.66,24,0.0275,35
2951.794845,55,86,0.85,31,0.027419355,35
2951.765305,50,78,0.93,28,0.033214286,35
2950.520435,50,78,0.95,28,0.033928571,35
2950.308867,62,78,0.45,16,0.028125,35
2950.15174,63,75,0.35,12,0.029166667,35
2950.15174,58,80,0.64,22,0.029090909,35
2950.15174,54,85,0.9,31,0.029032258,35
2949.316933,63,80,0.41,17,0.024117647,35
2949.308769,37,52,0.55,15,0.036666667,35
2948.399701,59,89,0.68,30,0.022666667,35
2948.323154,60,88,0.63,28,0.0225,35
2948.035224,67,75,0.2,8,0.025,35
2948.035224,66,76,0.25,10,0.025,35
2947.435714,55,74,0.61,19,0.032105263,35
2947.435714,53,76,0.74,23,0.032173913,35
2947.435714,52,77,0.81,25,0.0324,35
2947.324871,61,78,0.49,17,0.028823529,35
2947.324871,57,82,0.72,25,0.0288,35
2947.324871,56,83,0.78,27,0.028888889,35
2947.324871,56,84,0.8,28,0.028571429,35
2947.324871,55,84,0.84,29,0.028965517,35
2947.324871,55,85,0.86,30,0.028666667,35
2947.324871,54,86,0.92,32,0.02875,35
2947.324871,54,87,0.94,33,0.028484848,35
2947.324871,53,87,0.98,34,0.028823529,35
2947.312741,55,72,0.57,17,0.033529412,35
2947.11246,51,77,0.87,26,0.033461538,35
2947.02055,50,81,0.7,31,0.022580645,35
2946.964582,77,90,0.22,13,0.016923077,35
2946.795041,50,78,0.92,28,0.032857143,35
2946.744666,35,53,0.72,18,0.04,35
2946.689461,74,91,0.29,17,0.017058824,35
2945.379005,52,75,0.77,23,0.033478261,35
2945.379005,51,76,0.84,25,0.0336,35
2945.302866,67,82,0.32,15,0.021333333,35
2945.262377,12,17,0.12,5,0.024,35
2945.00368,55,74,0.6,19,0.031578947,35
2944.675606,54,73,0.64,19,0.033684211,35
2944.675606,53,74,0.71,21,0.033809524,35
2944.612643,78,89,0.17,11,0.015454545,35
2944.041057,60,87,0.59,27,0.021851852,35
2943.741222,58,84,0.72,26,0.027692308,35
2943.741222,57,85,0.78,28,0.027857143,35
2943.741222,55,88,0.91,33,0.027575758,35
2943.448457,70,77,0.15,7,0.021428571,35
2943.160591,52,76,0.56,24,0.023333333,35
2943.009067,62,81,0.4,19,0.021052632,35
2942.768963,52,79,0.82,27,0.03037037,35
2942.768963,51,80,0.88,29,0.030344828,35
2942.298357,60,69,0.28,9,0.031111111,35
2942.140267,56,74,0.55,18,0.030555556,35
2940.980165,56,84,0.82,28,0.029285714,35
2940.969419,55,90,0.91,35,0.026,35
2940.969419,54,92,0.98,38,0.025789474,35
2940.764541,35,54,0.69,19,0.036315789,35
2940.440582,62,81,0.47,19,0.024736842,35
2940.440582,61,82,0.52,21,0.024761905,35
2940.43077,52,76,0.83,24,0.034583333,35
2939.325223,66,72,0.17,6,0.028333333,35
2939.325223,63,75,0.34,12,0.028333333,35
2938.624106,56,90,0.81,34,0.023823529,35
2938.489366,50,79,0.92,29,0.031724138,35
2938.244653,50,81,0.94,31,0.030322581,35
2938.235961,55,85,0.85,30,0.028333333,35
2938.235961,54,86,0.91,32,0.0284375,35
2938.101791,26,80,0.64,54,0.011851852,35
2937.488164,54,87,0.93,33,0.028181818,35
2937.488164,53,88,0.99,35,0.028285714,35
2937.343797,61,82,0.55,21,0.026190476,35
2937.043936,57,78,0.64,21,0.03047619,35
2936.591376,59,84,0.67,25,0.0268,35
2936.591029,65,75,0.28,10,0.028,35
2936.591029,62,79,0.47,17,0.027647059,35
2936.591029,59,82,0.64,23,0.027826087,35
2936.591029,56,86,0.83,30,0.027666667,35
2936.461934,59,71,0.37,12,0.030833333,35
2936.358147,61,77,0.47,16,0.029375,35
2936.358147,60,78,0.53,18,0.029444444,35
2936.358147,59,79,0.59,20,0.0295,35
2936.358147,58,80,0.65,22,0.029545455,35
2936.116732,66,79,0.3,13,0.023076923,35
2936.046139,51,73,0.79,22,0.035909091,35
2936.046139,49,75,0.94,26,0.036153846,35
2935.976698,37,50,0.51,13,0.039230769,35
2935.778009,52,97,0.99,45,0.022,35
2935.65096,51,78,0.88,27,0.032592593,35
2935.493764,58,83,0.68,25,0.0272,35
2935.493764,57,84,0.74,27,0.027407407,35
2935.493764,55,87,0.87,32,0.0271875,35
2935.456233,54,76,0.7,22,0.031818182,35
2935.2394,66,77,0.23,11,0.020909091,35
2935.148525,51,80,0.92,29,0.031724138,35
2935.135025,13,17,0.11,4,0.0275,35
2935.075367,75,85,0.18,10,0.018,35
2934.706295,54,74,0.69,20,0.0345,35
2934.706295,53,75,0.76,22,0.034545455,35
2934.677841,55,91,0.86,36,0.023888889,35
2934.61253,54,69,0.54,15,0.036,35
2934.472748,65,78,0.27,13,0.020769231,35
2934.230999,58,70,0.39,12,0.0325,35
2934.230999,56,72,0.52,16,0.0325,35
2934.034452,54,88,0.93,34,0.027352941,35
2933.642273,63,76,0.37,13,0.028461538,35
2933.642273,58,82,0.68,24,0.028333333,35
2933.52966,60,79,0.55,19,0.028947368,35
2933.52966,59,80,0.61,21,0.029047619,35
2933.52966,58,81,0.67,23,0.029130435,35
2933.52966,56,84,0.81,28,0.028928571,35
2933.079023,69,94,0.43,25,0.0172,35
2932.717777,53,92,0.98,39,0.025128205,35
2932.081076,69,99,0.51,30,0.017,35
2931.918884,51,83,0.99,32,0.0309375,35
2931.590528,67,80,0.29,13,0.022307692,35
2931.590528,65,82,0.38,17,0.022352941,35
2931.418175,69,74,0.11,5,0.022,35
2931.378434,67,84,0.32,17,0.018823529,35
2931.352627,61,74,0.39,13,0.03,35
2930.903127,53,92,0.99,39,0.025384615,35
2930.803937,50,82,0.97,32,0.0303125,35
2930.570144,66,85,0.36,19,0.018947368,35
2929.762602,55,86,0.86,31,0.027741935,35
2929.762602,54,87,0.92,33,0.027878788,35
2929.762602,53,88,0.98,35,0.028,35
2929.762602,53,89,0.99,36,0.0275,35
2929.7016,55,85,0.84,30,0.028,35
2929.7016,54,86,0.9,32,0.028125,35
2929.7016,53,88,0.97,35,0.027714286,35
2929.680402,55,84,0.83,29,0.02862069,35
2929.293877,42,56,0.49,14,0.035,35
2928.607966,62,76,0.41,14,0.029285714,35
2928.607966,57,82,0.73,25,0.0292,35
2928.607966,56,83,0.79,27,0.029259259,35
2928.607966,55,84,0.85,29,0.029310345,35
2928.437953,59,84,0.63,25,0.0252,35
2928.437953,56,88,0.8,32,0.025,35
2928.328799,53,90,0.96,37,0.025945946,35
2928.21181,53,72,0.67,19,0.035263158,35
2928.152518,55,86,0.9,31,0.029032258,35
2927.863056,57,86,0.79,29,0.027241379,35
2927.334494,65,76,0.28,11,0.025454545,35
2927.23599,38,51,0.49,13,0.037692308,35
2927.173013,65,74,0.25,9,0.027777778,35
2927.144988,36,54,0.66,18,0.036666667,35
2926.288497,55,92,0.84,37,0.022702703,35
2926.241713,62,90,0.54,28,0.019285714,35
2926.241713,61,91,0.58,30,0.019333333,35
2926.19275,70,79,0.19,9,0.021111111,35
2925.656781,62,77,0.42,15,0.028,35
2925.656781,59,80,0.59,21,0.028095238,35
2925.638189,63,88,0.49,25,0.0196,35
2925.638189,62,89,0.53,27,0.01962963,35
2925.153495,66,98,0.55,32,0.0171875,35
2925.09965,65,73,0.23,8,0.02875,35
2925.09965,64,74,0.29,10,0.029,35
2925.09965,62,77,0.43,15,0.028666667,35
2925.09965,61,77,0.46,16,0.02875,35
2925.09965,60,78,0.52,18,0.028888889,35
2925.09965,59,79,0.58,20,0.029,35
2925.09965,59,80,0.6,21,0.028571429,35
2925.09965,58,81,0.66,23,0.028695652,35
2925.09965,57,83,0.74,26,0.028461538,35
2925.003661,55,85,0.88,30,0.029333333,35
2924.90282,32,56,0.95,24,0.039583333,35
2924.736851,58,82,0.7,24,0.029166667,35
2924.736851,57,83,0.76,26,0.029230769,35
2924.352527,50,79,0.67,29,0.023103448,35
2923.998539,49,81,0.73,32,0.0228125,35
2923.728465,63,88,0.52,25,0.0208,35
2923.39463,54,87,0.96,33,0.029090909,35
2922.997912,57,72,0.47,15,0.031333333,35
2922.954697,65,85,0.42,20,0.021,35
2922.224842,55,73,0.62,18,0.034444444,35
2921.744577,59,83,0.66,24,0.0275,35
2921.744577,56,87,0.85,31,0.027419355,35
2921.417182,38,52,0.51,14,0.036428571,35
2920.838085,54,90,0.86,36,0.023888889,35
2920.838085,53,91,0.91,38,0.023947368,35
2920.651662,79,88,0.14,9,0.015555556,35
2920.590073,60,73,0.41,13,0.031538462,35
2920.536215,62,67,0.16,5,0.032,35
2920.281289,66,84,0.38,18,0.021111111,35
2920.261963,75,92,0.29,17,0.017058824,35
2919.763574,55,89,0.92,34,0.027058824,35
2919.635931,53,78,0.76,25,0.0304,35
2919.537341,54,91,0.99,37,0.026756757,35
2919.351257,13,16,0.08,3,0.026666667,35
2919.114471,57,76,0.61,19,0.032105263,35
2919.114471,52,82,0.96,30,0.032,35
2918.951286,72,89,0.29,17,0.017058824,35
2918.891668,55,71,0.5,16,0.03125,35
2918.480198,33,55,0.87,22,0.039545455,35
2918.400138,53,96,0.94,43,0.021860465,35
2917.978087,76,90,0.24,14,0.017142857,35
2917.906751,41,46,0.19,5,0.038,35
2917.890081,33,57,0.88,24,0.036666667,35
2917.719447,62,82,0.47,20,0.0235,35
2917.418206,71,96,0.44,25,0.0176,35
2917.202394,51,76,0.83,25,0.0332,35
2917.016333,59,81,0.64,22,0.029090909,35
2917.016333,56,85,0.84,29,0.028965517,35
2916.964009,79,85,0.1,6,0.016666667,35
2916.694571,56,86,0.76,30,0.025333333,35
2916.648262,55,88,0.86,33,0.026060606,35
2916.354558,32,58,0.97,26,0.037307692,35
2916.335538,64,76,0.35,12,0.029166667,35
2916.326488,57,81,0.59,24,0.024583333,35
2916.29105,57,87,0.76,30,0.025333333,35
2916.279102,62,76,0.4,14,0.028571429,35
2916.279102,61,78,0.48,17,0.028235294,35
2916.279102,57,82,0.71,25,0.0284,35
2916.279102,56,83,0.77,27,0.028518519,35
2916.279102,56,84,0.79,28,0.028214286,35
2916.218372,58,81,0.65,23,0.02826087,35
2916.181903,39,47,0.31,8,0.03875,35
2915.962952,66,85,0.37,19,0.019473684,35
2915.962952,65,86,0.41,21,0.01952381,35
2915.441456,56,89,0.83,33,0.025151515,35
2915.334685,55,86,0.87,31,0.028064516,35
2914.869615,41,57,0.56,16,0.035,35
2914.614685,53,93,0.99,40,0.02475,35
2914.485375,72,74,0.04,2,0.02,35
2914.485375,71,75,0.08,4,0.02,35
2914.393598,81,85,0.07,4,0.0175,35
2914.393598,79,87,0.14,8,0.0175,35
2914.051574,66,80,0.28,14,0.02,35
2913.954984,74,87,0.22,13,0.016923077,35
2913.937128,59,87,0.65,28,0.023214286,35
2913.744123,54,71,0.6,17,0.035294118,35
2913.663456,65,83,0.38,18,0.021111111,35
2913.663456,60,89,0.61,29,0.021034483,35
2913.557449,61,79,0.52,18,0.028888889,35
2913.557449,60,80,0.58,20,0.029,35
2913.438526,57,86,0.8,29,0.027586207,35
2913.347323,55,87,0.92,32,0.02875,35
2913.347323,54,88,0.98,34,0.028823529,35
2913.03181,36,54,0.65,18,0.036111111,35
2912.933575,56,72,0.55,16,0.034375,35
2912.852209,54,94,0.88,40,0.022,35
2912.821537,32,95,0.15,63,0.002380952,35
2912.79822,63,77,0.4,14,0.028571429,35
2912.718923,57,88,0.75,31,0.024193548,35
2912.641368,60,86,0.6,26,0.023076923,35
2912.417362,68,83,0.28,15,0.018666667,35
2912.374352,53,69,0.59,16,0.036875,35
2912.313782,58,72,0.43,14,0.030714286,35
2912.307528,50,82,0.96,32,0.03,35
2911.644202,70,76,0.12,6,0.02,35
2911.644202,69,77,0.16,8,0.02,35
2911.644202,68,78,0.2,10,0.02,35
2911.644202,67,79,0.24,12,0.02,35
2911.542904,55,76,0.66,21,0.031428571,35
2911.359911,54,75,0.68,21,0.032380952,35
2911.341793,55,89,0.86,34,0.025294118,35
2911.228872,65,75,0.29,10,0.029,35
2911.166743,57,72,0.48,15,0.032,35
2910.852539,53,96,0.93,43,0.021627907,35
2909.555911,67,72,0.14,5,0.028,35
2909.555911,61,79,0.5,18,0.027777778,35
2909.313166,66,81,0.32,15,0.021333333,35
2909.131402,55,73,0.59,18,0.032777778,35
2909.02679,54,88,0.89,34,0.026176471,35
2908.3943,62,78,0.44,16,0.0275,35
2907.868173,54,91,0.93,37,0.025135135,35
2907.78419,66,97,0.54,31,0.017419355,35
2907.69225,53,73,0.7,20,0.035,35
2907.69225,52,74,0.77,22,0.035,35
2907.106775,60,83,0.58,23,0.025217391,35
2907.106775,57,87,0.75,30,0.025,35
2907.036429,71,95,0.39,24,0.01625,35
2906.66004,52,93,0.96,41,0.023414634,35
2906.620158,49,81,0.74,32,0.023125,35
2906.620158,47,84,0.85,37,0.022972973,35
2906.534384,62,79,0.48,17,0.028235294,35
2906.34975,50,85,0.97,35,0.027714286,35
2906.309142,59,83,0.67,24,0.027916667,35
2906.309142,58,84,0.73,26,0.028076923,35
2906.249367,73,94,0.37,21,0.017619048,35
2905.746928,63,89,0.5,26,0.019230769,35
2905.558898,40,60,0.68,20,0.034,35
2905.199402,59,83,0.69,24,0.02875,35
2904.807061,42,47,0.19,5,0.038,35
2904.630023,41,58,0.59,17,0.034705882,35
2904.552896,59,91,0.7,32,0.021875,35
2904.484369,54,89,0.91,35,0.026,35
2904.484369,53,91,0.98,38,0.025789474,35
2903.830752,73,94,0.36,21,0.017142857,35
2903.827539,58,87,0.69,29,0.023793103,35
2903.438947,69,93,0.42,24,0.0175,35
2903.061817,55,87,0.84,32,0.02625,35
2902.917601,37,48,0.43,11,0.039090909,35
2902.895471,64,87,0.45,23,0.019565217,35
2902.725117,63,70,0.22,7,0.031428571,35
2902.725117,58,76,0.56,18,0.031111111,35
2902.714303,64,75,0.31,11,0.028181818,35
2902.714303,58,82,0.67,24,0.027916667,35
2902.714303,57,83,0.73,26,0.028076923,35
2902.265585,57,84,0.78,27,0.028888889,35
2901.957136,36,51,0.59,15,0.039333333,35
2901.684242,64,84,0.42,20,0.021,35
2901.619581,55,89,0.87,34,0.025588235,35
2901.349944,57,89,0.73,32,0.0228125,35
2900.913089,61,80,0.54,19,0.028421053,35
2900.913089,60,81,0.6,21,0.028571429,35
2900.892584,52,81,0.9,29,0.031034483,35
2900.176096,61,77,0.42,16,0.02625,35
2899.497598,43,55,0.42,12,0.035,35
2899.270648,67,73,0.17,6,0.028333333,35
2899.270648,64,76,0.34,12,0.028333333,35
2898.960491,55,91,0.81,36,0.0225,35
2898.823612,59,82,0.66,23,0.028695652,35
2898.794157,54,91,0.92,37,0.024864865,35
2897.94949,54,92,0.94,38,0.024736842,35
2897.91201,58,89,0.71,31,0.022903226,35
2897.658832,55,87,0.82,32,0.025625,35
2897.658832,54,89,0.89,35,0.025428571,35
2897.636542,53,81,0.86,28,0.030714286,35
2897.566611,63,84,0.45,21,0.021428571,35
2897.360499,54,89,0.98,35,0.028,35
2897.291071,69,99,0.52,30,0.017333333,35
2897.282957,39,50,0.41,11,0.037272727,35
2897.20975,65,73,0.21,8,0.02625,35
2896.86807,58,75,0.54,17,0.031764706,35
2896.801458,56,72,0.49,16,0.030625,35
2896.379702,62,78,0.46,16,0.02875,35
2896.240193,58,91,0.74,33,0.022424242,35
2896.240193,56,94,0.85,38,0.022368421,35
2896.044313,66,74,0.23,8,0.02875,35
2895.829178,58,86,0.7,28,0.025,35
2895.809962,52,76,0.8,24,0.033333333,35
2895.559867,53,90,0.95,37,0.025675676,35
2895.366501,70,96,0.44,26,0.016923077,35
2895.153624,55,86,0.82,31,0.026451613,35
2895.0929,78,88,0.17,10,0.017,35
2895.054111,74,93,0.33,19,0.017368421,35
2895.054111,72,95,0.4,23,0.017391304,35
2894.780165,74,92,0.31,18,0.017222222,35
2894.694975,58,83,0.64,25,0.0256,35
2894.582394,63,78,0.43,15,0.028666667,35
2894.416286,39,50,0.42,11,0.038181818,35
2894.078585,37,94,0.13,57,0.002280702,35
2893.54333,60,79,0.54,19,0.028421053,35
2893.470707,42,59,0.11,17,0.006470588,35
2893.380705,57,84,0.7,27,0.025925926,35
2893.348478,57,83,0.62,26,0.023846154,35
2892.844975,61,74,0.36,13,0.027692308,35
2892.418381,65,81,0.32,16,0.02,35
2892.212208,54,88,0.97,34,0.028529412,35
2892.016319,54,97,0.96,43,0.022325581,35
2891.980508,54,89,0.99,35,0.028285714,35
2891.885019,58,85,0.74,27,0.027407407,35
2891.565852,64,83,0.38,19,0.02,35
2891.529855,64,83,0.43,19,0.022631579,35
2891.529766,71,96,0.43,25,0.0172,35
2891.529766,69,98,0.5,29,0.017241379,35
2891.338137,49,77,0.97,28,0.034642857,35
2891.274831,55,95,0.9,40,0.0225,35
2890.813146,58,86,0.69,28,0.024642857,35
2890.813146,57,87,0.74,30,0.024666667,35
2890.772625,70,97,0.46,27,0.017037037,35
2890.600046,53,92,0.91,39,0.023333333,35
2890.600046,52,94,0.97,42,0.023095238,35
2890.341454,67,74,0.19,7,0.027142857,35
2890.341454,65,76,0.3,11,0.027272727,35
2890.281449,66,72,0.16,6,0.026666667,35
2890.260745,61,72,0.35,11,0.031818182,35
2890.00793,54,87,0.95,33,0.028787879,35
2889.96185,58,68,0.31,10,0.031,35
2889.94344,36,97,0.13,61,0.002131148,35
2889.369074,55,92,0.82,37,0.022162162,35
2889.349884,55,91,0.92,36,0.025555556,35
2889.248962,58,85,0.75,27,0.027777778,35
2889.100358,59,66,0.25,7,0.035714286,35
2889.100358,53,73,0.71,20,0.0355,35
2889.100358,52,74,0.78,22,0.035454545,35
2888.810902,64,74,0.26,10,0.026,35
2888.79533,48,83,0.8,35,0.022857143,35
2888.632119,71,78,0.14,7,0.02,35
2888.516287,39,75,0.14,36,0.003888889,35
2888.412685,51,76,0.88,25,0.0352,35
2888.412685,50,77,0.95,27,0.035185185,35
2888.287266,64,77,0.32,13,0.024615385,35
2888.191901,55,73,0.38,18,0.021111111,35
2887.815275,63,82,0.44,19,0.023157895,35
2887.71854,55,90,0.86,35,0.024571429,35
2887.676866,50,74,0.86,24,0.035833333,35
2887.676866,49,76,0.96,27,0.035555556,35
2887.523559,67,83,0.31,16,0.019375,35
2887.523559,66,84,0.35,18,0.019444444,35
2887.483201,64,82,0.4,18,0.022222222,35
2887.311452,59,79,0.49,20,0.0245,35
2887.236802,55,86,0.89,31,0.028709677,35
2887.232803,55,96,0.91,41,0.022195122,35
2887.146273,50,55,0.17,5,0.034,35
2886.897381,68,99,0.55,31,0.017741935,35
2886.675385,60,80,0.56,20,0.028,35
2886.675385,56,85,0.81,29,0.027931034,35
2886.66734,58,85,0.69,27,0.025555556,35
2886.66734,56,88,0.81,32,0.0253125,35
2886.517114,64,86,0.43,22,0.019545455,35
2886.517114,63,87,0.47,24,0.019583333,35
2886.517114,62,88,0.51,26,0.019615385,35
2886.517114,61,89,0.55,28,0.019642857,35
2886.507353,59,86,0.59,27,0.021851852,35
2886.472328,57,85,0.79,28,0.028214286,35
2886.055085,31,98,0.23,67,0.003432836,35
2885.826089,55,90,0.88,35,0.025142857,35
2885.421564,59,85,0.64,26,0.024615385,35
2885.421564,55,90,0.85,35,0.024285714,35
2885.418777,62,80,0.46,18,0.025555556,35
2885.418777,61,82,0.53,21,0.025238095,35
2885.327767,39,50,0.4,11,0.036363636,35
2884.623932,33,55,0.86,22,0.039090909,35
2884.606662,63,78,0.42,15,0.028,35
2884.323639,59,83,0.68,24,0.028333333,35
2884.28446,62,66,0.13,4,0.0325,35
2884.28446,60,68,0.26,8,0.0325,35
2884.163574,58,86,0.68,28,0.024285714,35
2883.892305,56,91,0.78,35,0.022285714,35
2883.645833,66,80,0.32,14,0.022857143,35
2883.583263,71,78,0.15,7,0.021428571,35
2883.504807,33,57,0.93,24,0.03875,35
2883.071994,49,82,0.75,33,0.022727273,35
2883.071994,48,84,0.81,36,0.0225,35
2882.498247,68,95,0.47,27,0.017407407,35
2882.498247,65,98,0.58,33,0.017575758,35
2881.963052,58,88,0.7,30,0.023333333,35
2881.963052,57,89,0.75,32,0.0234375,35
2881.856474,56,88,0.88,32,0.0275,35
2881.759199,54,94,0.91,40,0.02275,35
2881.717202,55,91,0.9,36,0.025,35
2881.717202,54,92,0.95,38,0.025,35
2881.516625,78,87,0.16,9,0.017777778,35
2881.516625,72,94,0.39,22,0.017727273,35
2881.516356,74,92,0.32,18,0.017777778,35
2881.328941,53,95,0.93,42,0.022142857,35
2880.907909,56,85,0.75,29,0.025862069,35
2880.815141,36,53,0.66,17,0.038823529,35
2880.805581,55,88,0.94,33,0.028484848,35
2880.536805,47,85,0.86,38,0.022631579,35
2880.456967,56,84,0.67,28,0.023928571,35
2880.122546,63,78,0.37,15,0.024666667,35
2880.117167,66,82,0.35,16,0.021875,35
2880.117167,64,84,0.44,20,0.022,35
2880.117167,63,86,0.5,23,0.02173913,35
2879.86629,65,99,0.59,34,0.017352941,35
2879.793457,60,89,0.64,29,0.022068966,35
2879.688662,62,84,0.49,22,0.022272727,35
2879.665661,70,98,0.47,28,0.016785714,35
2879.375224,52,92,0.96,40,0.024,35
2879.117606,41,48,0.26,7,0.037142857,35
2879.09552,44,61,0.58,17,0.034117647,35
2879.030466,55,90,0.93,35,0.026571429,35
2878.692379,58,91,0.68,33,0.020606061,35
2878.364047,36,52,0.6,16,0.0375,35
2878.244516,40,49,0.34,9,0.037777778,35
2878.071427,54,78,0.75,24,0.03125,35
2878.071427,52,80,0.88,28,0.031428571,35
2878.03819,39,49,0.37,10,0.037,35
2878.002219,74,93,0.32,19,0.016842105,35
2877.81518,62,87,0.54,25,0.0216,35
2877.707847,57,94,0.8,37,0.021621622,35
2877.623201,64,77,0.33,13,0.025384615,35
2877.582732,56,86,0.85,30,0.028333333,35
2877.582732,55,87,0.91,32,0.0284375,35
2877.553399,59,81,0.62,22,0.028181818,35
2877.435382,53,96,0.95,43,0.022093023,35
2877.195609,62,83,0.49,21,0.023333333,35
2877.156572,55,78,0.72,23,0.031304348,35
2876.986731,61,84,0.54,23,0.023478261,35
2876.905814,51,75,0.85,24,0.035416667,35
2876.818569,56,89,0.82,33,0.024848485,35
2876.790697,56,74,0.37,18,0.020555556,35
2876.703743,52,93,0.97,41,0.023658537,35
2876.679463,36,53,0.62,17,0.036470588,35
2876.561378,68,82,0.27,14,0.019285714,35
2876.53847,46,87,0.92,41,0.022439024,35
2876.371435,77,90,0.19,13,0.014615385,35
2876.356992,60,90,0.65,30,0.021666667,35
2876.114285,69,74,0.12,5,0.024,35
2875.953793,43,44,0.04,1,0.04,35
2875.953793,42,45,0.12,3,0.04,35
2875.841513,71,95,0.43,24,0.017916667,35
2875.838901,53,81,0.89,28,0.031785714,35
2875.707551,70,97,0.48,27,0.017777778,35
2875.703107,75,89,0.24,14,0.017142857,35
2875.584208,59,69,0.21,10,0.021,35
2875.480175,68,98,0.51,30,0.017,35
2875.333987,65,77,0.3,12,0.025,35
2875.333987,64,78,0.35,14,0.025,35
2875.333987,63,79,0.4,16,0.025,35
2875.333987,62,80,0.45,18,0.025,35
2875.284891,61,88,0.59,27,0.021851852,35
2875.035879,37,51,0.5,14,0.035714286,35
2875.020903,60,81,0.54,21,0.025714286,35
2875.020903,59,82,0.59,23,0.025652174,35
2875.020903,56,86,0.77,30,0.025666667,35
2874.810419,77,89,0.21,12,0.0175,35
2874.547309,64,78,0.37,14,0.026428571,35
2874.467037,37,95,0.12,58,0.002068966,35
2874.445789,55,86,0.81,31,0.026129032,35
2874.445789,54,88,0.88,34,0.025882353,35
2874.304161,36,97,0.15,61,0.002459016,35
2873.835975,67,95,0.48,28,0.017142857,35
2873.709102,61,88,0.56,27,0.020740741,35
2873.427031,15,17,0.04,2,0.02,35
2873.0958,55,92,0.83,37,0.022432432,35
2873.0958,54,94,0.89,40,0.02225,35
2872.942596,55,80,0.77,25,0.0308,35
2872.942596,54,81,0.83,27,0.030740741,35
2872.942596,53,82,0.89,29,0.030689655,35
2872.942596,53,83,0.91,30,0.030333333,35
2872.942596,52,83,0.95,31,0.030645161,35
2872.942596,52,84,0.97,32,0.0303125,35
2872.32541,65,76,0.27,11,0.024545455,35
2872.292743,61,85,0.55,24,0.022916667,35
2872.079429,57,85,0.71,28,0.025357143,35
2871.990148,38,51,0.5,13,0.038461538,35
2871.607373,54,87,0.87,33,0.026363636,35
2871.607373,53,89,0.94,36,0.026111111,35
2871.579245,66,83,0.34,17,0.02,35
2871.579245,65,84,0.38,19,0.02,35
2871.573539,76,91,0.22,15,0.014666667,35
2871.514473,37,52,0.58,15,0.038666667,35
2871.305386,51,72,0.77,21,0.036666667,35
2871.043889,59,74,0.48,15,0.032,35
2870.780673,56,87,0.87,31,0.028064516,35
2870.727479,68,76,0.19,8,0.02375,35
2870.727479,64,80,0.38,16,0.02375,35
2870.727479,60,85,0.59,25,0.0236,35
2870.45282,54,89,0.86,35,0.024571429,35
2870.430803,27,77,0.62,50,0.0124,35
2869.947532,69,98,0.51,29,0.017586207,35
2869.843516,56,87,0.88,31,0.028387097,35
2869.702884,50,73,0.84,23,0.036521739,35
2869.679389,58,83,0.66,25,0.0264,35
2869.633935,61,87,0.55,26,0.021153846,35
2869.59998,56,92,0.83,36,0.023055556,35
2869.069971,32,96,0.14,64,0.0021875,35
2868.92313,49,74,0.91,25,0.0364,35
2868.152288,49,75,0.93,26,0.035769231,35
2868.086189,56,89,0.76,33,0.023030303,35
2867.920491,61,81,0.5,20,0.025,35
2867.920491,60,82,0.55,22,0.025,35
2867.920491,60,83,0.57,23,0.024782609,35
2867.920491,59,83,0.6,24,0.025,35
2867.920491,59,84,0.62,25,0.0248,35
2867.920491,58,84,0.65,26,0.025,35
2867.920491,58,85,0.67,27,0.024814815,35
2867.920491,57,86,0.72,29,0.024827586,35
2867.920491,56,87,0.77,31,0.02483871,35
2867.89004,25,83,0.65,58,0.011206897,35
2867.858096,37,51,0.52,14,0.037142857,35
2867.55742,54,93,0.89,39,0.022820513,35
2867.482903,53,95,0.95,42,0.022619048,35
2867.383686,59,88,0.67,29,0.023103448,35
2867.383686,58,89,0.72,31,0.023225806,35
2867.284193,71,97,0.44,26,0.016923077,35
2867.185264,71,91,0.35,20,0.0175,35
2866.820021,55,93,0.81,38,0.021315789,35
2866.561719,70,97,0.47,27,0.017407407,35
2866.493888,44,77,0.84,33,0.025454545,35
2866.477725,37,52,0.57,15,0.038,35
2866.201501,54,92,0.86,38,0.022631579,35
2866.201501,52,95,0.97,43,0.02255814,35
2865.955588,54,91,0.86,37,0.023243243,35
2865.824116,57,88,0.76,31,0.024516129,35
2865.226638,62,85,0.5,23,0.02173913,35
2865.15432,52,96,0.98,44,0.022272727,35
2865.120415,66,80,0.31,14,0.022142857,35
2865.120415,61,86,0.55,25,0.022,35
2864.568259,70,79,0.18,9,0.02,35
2864.568259,69,80,0.22,11,0.02,35
2864.568259,68,81,0.26,13,0.02,35
2864.568259,67,82,0.3,15,0.02,35
2864.454429,53,78,0.79,25,0.0316,35
2864.302596,42,57,0.52,15,0.034666667,35
2863.913806,62,84,0.51,22,0.023181818,35
2863.81037,32,59,0.97,27,0.035925926,35
2863.796255,62,87,0.51,25,0.0204,35
2863.796255,61,88,0.55,27,0.02037037,35
2863.796255,58,92,0.69,34,0.020294118,35
2863.772167,58,67,0.32,9,0.035555556,35
2863.645723,74,93,0.3,19,0.015789474,35
2863.543972,56,90,0.82,34,0.024117647,35
2863.543972,55,91,0.87,36,0.024166667,35
2863.543972,54,92,0.92,38,0.024210526,35
2863.543972,54,93,0.93,39,0.023846154,35
2863.543972,53,94,0.98,41,0.023902439,35
2863.250599,65,85,0.39,20,0.0195,35
2863.038562,48,75,0.99,27,0.036666667,35
2862.814487,69,98,0.52,29,0.017931034,35
2862.773212,60,86,0.61,26,0.023461538,35
2862.765605,58,92,0.7,34,0.020588235,35
2862.628007,75,91,0.28,16,0.0175,35
2862.570178,57,87,0.73,30,0.024333333,35
2862.465248,55,79,0.76,24,0.031666667,35
2862.431695,64,81,0.4,17,0.023529412,35
2862.431695,61,85,0.56,24,0.023333333,35
2861.824352,5,41,0.97,36,0.026944444,35
2861.642168,35,55,0.74,20,0.037,35
2861.590892,32,67,0.43,35,0.012285714,35
2861.461024,73,93,0.35,20,0.0175,35
2861.336574,40,49,0.35,9,0.038888889,35
2861.16639,12,23,0.16,11,0.014545455,35
2861.117766,55,91,0.88,36,0.024444444,35
2861.117766,54,92,0.93,38,0.024473684,35
2860.851973,34,52,0.7,18,0.038888889,35
2860.789355,63,75,0.32,12,0.026666667,35
2860.734244,47,59,0.4,12,0.033333333,35
2860.72057,36,50,0.54,14,0.038571429,35
2859.87539,72,95,0.39,23,0.016956522,35
2859.642,79,86,0.11,7,0.015714286,35
2859.47852,58,80,0.54,22,0.024545455,35
2859.129909,61,81,0.51,20,0.0255,35
2859.129909,60,82,0.56,22,0.025454545,35
2859.129909,55,88,0.84,33,0.025454545,35
2859.129909,53,91,0.96,38,0.025263158,35
2858.959089,68,74,0.16,6,0.026666667,35
2858.547758,61,87,0.56,26,0.021538462,35
2858.283438,56,87,0.86,31,0.027741935,35
2858.0815,54,88,0.99,34,0.029117647,35
2857.829737,59,90,0.65,31,0.020967742,35
2857.829737,57,93,0.75,36,0.020833333,35
2857.788716,58,85,0.73,27,0.027037037,35
2857.226911,34,56,0.77,22,0.035,35
2857.210536,66,81,0.34,15,0.022666667,35
2857.203803,25,83,0.66,58,0.01137931,35
2857.0266,71,92,0.35,21,0.016666667,35
2857.022219,54,94,0.9,40,0.0225,35
2856.988331,73,89,0.27,16,0.016875,35
2856.954775,41,48,0.27,7,0.038571429,35
2856.651661,70,91,0.36,21,0.017142857,35
2856.576295,63,74,0.3,11,0.027272727,35
2856.247128,53,75,0.73,22,0.033181818,35
2856.204147,66,75,0.23,9,0.025555556,35
2856.204147,59,83,0.61,24,0.025416667,35
2856.204147,58,84,0.66,26,0.025384615,35
2856.204147,58,85,0.68,27,0.025185185,35
2856.204147,57,86,0.73,29,0.025172414,35
2856.204147,56,87,0.78,31,0.02516129,35
2856.204147,55,88,0.83,33,0.025151515,35
2856.204147,55,89,0.85,34,0.025,35
2856.032965,58,85,0.66,27,0.024444444,35
