% profit,ema1,ema2,threshold,diff,thresh / diff,ID
3602.468707,36,58,0.69,22,0.031363636,6
3563.239601,37,57,0.62,20,0.031,6
3479.767387,38,56,0.56,18,0.031111111,6
3472.255331,36,57,0.67,21,0.031904762,6
3468.629732,37,56,0.6,19,0.031578947,6
3459.200873,38,55,0.54,17,0.031764706,6
3436.083588,39,53,0.45,14,0.032142857,6
3434.603836,40,52,0.38,12,0.031666667,6
3411.479573,41,51,0.32,10,0.032,6
3391.296427,44,49,0.16,5,0.032,6
3368.155862,40,52,0.39,12,0.0325,6
3363.873744,43,48,0.16,5,0.032,6
3361.66512,42,49,0.23,7,0.032857143,6
3354.261272,40,53,0.41,13,0.031538462,6
3328.804768,38,54,0.52,16,0.0325,6
3287.210938,35,60,0.77,25,0.0308,6
3286.164712,39,52,0.44,13,0.033846154,6
3284.103893,41,52,0.35,11,0.031818182,6
3272.827911,35,59,0.76,24,0.031666667,6
3268.329168,33,56,0.82,23,0.035652174,6
3268.15677,39,55,0.5,16,0.03125,6
3263.624282,35,98,0.17,63,0.002698413,6
3258.007448,37,51,0.49,14,0.035,6
3255.476083,36,62,0.78,26,0.03,6
3252.013682,32,57,0.9,25,0.036,6
3251.573799,38,53,0.52,15,0.034666667,6
3250.330069,35,53,0.65,18,0.036111111,6
3247.299027,38,54,0.51,16,0.031875,6
3242.522649,35,58,0.77,23,0.033478261,6
3239.387074,37,55,0.61,18,0.033888889,6
3239.387074,36,56,0.68,20,0.034,6
3226.813952,34,59,0.84,25,0.0336,6
3223.601481,57,82,0.73,25,0.0292,6
3220.622593,34,54,0.73,20,0.0365,6
3217.126063,37,55,0.58,18,0.032222222,6
3208.445925,34,59,0.85,25,0.034,6
3205.342317,35,58,0.78,23,0.033913043,6
3198.103511,35,53,0.64,18,0.035555556,6
3186.122345,41,50,0.29,9,0.032222222,6
3185.338235,39,52,0.45,13,0.034615385,6
3184.965123,53,87,0.99,34,0.029117647,6
3176.521608,36,52,0.57,16,0.035625,6
3176.502751,40,54,0.44,14,0.031428571,6
3176.308848,39,54,0.5,15,0.033333333,6
3172.767329,39,52,0.42,13,0.032307692,6
3168.124014,35,57,0.75,22,0.034090909,6
3168.071231,38,53,0.51,15,0.034,6
3164.997319,36,56,0.65,20,0.0325,6
3164.689836,37,56,0.61,19,0.032105263,6
3162.855352,35,98,0.16,63,0.002539683,6
3159.974446,57,83,0.73,26,0.028076923,6
3155.912877,35,59,0.75,24,0.03125,6
3152.571617,36,56,0.69,20,0.0345,6
3151.105491,43,45,0.07,2,0.035,6
3151.105491,42,46,0.14,4,0.035,6
3151.105491,41,47,0.21,6,0.035,6
3150.434547,58,82,0.67,24,0.027916667,6
3149.947229,42,50,0.26,8,0.0325,6
3149.656356,44,46,0.07,2,0.035,6
3149.656356,43,47,0.14,4,0.035,6
3149.361815,36,56,0.67,20,0.0335,6
3147.590441,40,51,0.38,11,0.034545455,6
3143.389219,40,51,0.36,11,0.032727273,6
3142.003878,32,57,0.87,25,0.0348,6
3141.988492,40,50,0.35,10,0.035,6
3140.192253,35,57,0.76,22,0.034545455,6
3135.944314,60,68,0.27,8,0.03375,6
3135.711344,36,97,0.16,61,0.002622951,6
3134.329432,34,55,0.74,21,0.035238095,6
3127.44544,37,50,0.48,13,0.036923077,6
3126.172835,36,60,0.73,24,0.030416667,6
3123.839708,39,49,0.35,10,0.035,6
3123.839708,38,50,0.42,12,0.035,6
3120.690415,40,48,0.28,8,0.035,6
3120.612603,57,72,0.5,15,0.033333333,6
3117.620699,37,58,0.65,21,0.030952381,6
3115.607226,40,53,0.4,13,0.030769231,6
3112.365067,36,52,0.56,16,0.035,6
3112.243192,58,70,0.41,12,0.034166667,6
3109.621035,60,81,0.57,21,0.027142857,6
3107.986972,54,86,0.93,32,0.0290625,6
3104.771376,55,86,0.85,31,0.027419355,6
3104.771376,53,89,0.98,36,0.027222222,6
3104.649879,53,76,0.78,23,0.033913043,6
3103.964552,39,54,0.48,15,0.032,6
3103.834485,36,96,0.16,60,0.002666667,6
3101.404784,42,48,0.21,6,0.035,6
3101.404784,41,49,0.28,8,0.035,6
3100.208037,35,99,0.16,64,0.0025,6
3099.973523,44,48,0.13,4,0.0325,6
3099.381834,38,55,0.57,17,0.033529412,6
3098.830164,54,87,0.92,33,0.027878788,6
3097.35631,59,69,0.34,10,0.034,6
3097.35631,56,73,0.57,17,0.033529412,6
3096.004953,54,89,0.91,35,0.026,6
3092.480188,34,99,0.2,65,0.003076923,6
3091.702726,56,88,0.82,32,0.025625,6
3091.694486,56,85,0.79,29,0.027241379,6
3091.507775,54,75,0.71,21,0.033809524,6
3089.04022,33,99,0.29,66,0.004393939,6
3088.577267,34,61,0.84,27,0.031111111,6
3087.960513,55,85,0.86,30,0.028666667,6
3087.307716,62,79,0.46,17,0.027058824,6
3084.919533,42,48,0.2,6,0.033333333,6
3084.749998,35,58,0.74,23,0.032173913,6
3084.371483,53,90,0.97,37,0.026216216,6
3083.177723,57,84,0.76,27,0.028148148,6
3083.039585,56,85,0.82,29,0.028275862,6
3081.23193,34,55,0.75,21,0.035714286,6
3080.477152,36,59,0.71,23,0.030869565,6
3078.562147,36,52,0.58,16,0.03625,6
3077.683228,56,84,0.79,28,0.028214286,6
3077.427262,61,79,0.5,18,0.027777778,6
3077.399101,56,86,0.8,30,0.026666667,6
3076.299766,55,86,0.88,31,0.028387097,6
3076.220754,55,73,0.61,18,0.033888889,6
3075.367854,55,74,0.64,19,0.033684211,6
3075.211435,57,86,0.75,29,0.025862069,6
3075.160161,59,83,0.64,24,0.026666667,6
3073.488833,54,86,0.92,32,0.02875,6
3072.395984,42,50,0.25,8,0.03125,6
3072.049759,34,62,0.85,28,0.030357143,6
3070.445453,55,85,0.87,30,0.029,6
3070.445453,54,87,0.95,33,0.028787879,6
3069.664536,35,62,0.87,27,0.032222222,6
3069.452673,58,85,0.7,27,0.025925926,6
3069.309632,55,90,0.89,35,0.025428571,6
3069.309632,54,92,0.96,38,0.025263158,6
3068.201859,58,84,0.69,26,0.026538462,6
3067.651642,35,61,0.8,26,0.030769231,6
3067.576912,33,65,0.96,32,0.03,6
3065.997297,34,99,0.27,65,0.004153846,6
3065.895978,57,87,0.77,30,0.025666667,6
3064.793933,33,63,0.93,30,0.031,6
3064.472627,34,54,0.72,20,0.036,6
3064.198294,34,59,0.83,25,0.0332,6
3060.095112,33,99,0.3,66,0.004545455,6
3059.42007,54,87,0.94,33,0.028484848,6
3059.246727,37,56,0.64,19,0.033684211,6
3058.893861,34,98,0.27,64,0.00421875,6
3058.828596,42,50,0.27,8,0.03375,6
3058.734239,54,88,0.91,34,0.026764706,6
3057.977667,68,74,0.16,6,0.026666667,6
3057.977667,63,80,0.45,17,0.026470588,6
3057.059873,67,74,0.19,7,0.027142857,6
3057.059873,65,76,0.3,11,0.027272727,6
3057.059873,63,79,0.43,16,0.026875,6
3055.659498,58,82,0.68,24,0.028333333,6
3055.522554,57,83,0.74,26,0.028461538,6
3055.102345,57,84,0.75,27,0.027777778,6
3054.418545,43,50,0.22,7,0.031428571,6
3054.372105,54,91,0.95,37,0.025675676,6
3053.980819,59,80,0.6,21,0.028571429,6
3052.480175,33,56,0.8,23,0.034782609,6
3051.506134,35,61,0.79,26,0.030384615,6
3050.9624,56,86,0.82,30,0.027333333,6
3050.498125,59,82,0.63,23,0.027391304,6
3049.02837,53,88,0.98,35,0.028,6
3048.841,56,84,0.8,28,0.028571429,6
3048.676868,34,99,0.18,65,0.002769231,6
3048.096449,33,55,0.8,22,0.036363636,6
3046.471731,63,76,0.37,13,0.028461538,6
3046.172704,58,83,0.69,25,0.0276,6
3046.172704,55,87,0.88,32,0.0275,6
3045.418079,35,60,0.78,25,0.0312,6
3044.347626,43,51,0.25,8,0.03125,6
3044.124529,37,54,0.59,17,0.034705882,6
3043.685524,36,96,0.1,60,0.001666667,6
3043.681991,56,88,0.83,32,0.0259375,6
3043.681991,55,90,0.9,35,0.025714286,6
3042.243654,59,84,0.65,25,0.026,6
3041.385997,66,77,0.29,11,0.026363636,6
3041.37192,63,66,0.1,3,0.033333333,6
3041.37192,60,69,0.3,9,0.033333333,6
3040.707382,35,98,0.18,63,0.002857143,6
3040.07547,56,85,0.8,29,0.027586207,6
3040.07547,55,86,0.86,31,0.027741935,6
3037.906274,34,99,0.17,65,0.002615385,6
3037.750071,54,88,0.96,34,0.028235294,6
3034.908316,38,68,0.12,30,0.004,6
3032.896718,39,50,0.38,11,0.034545455,6
3032.872724,39,48,0.33,9,0.036666667,6
3032.789721,58,83,0.68,25,0.0272,6
3032.789721,57,84,0.74,27,0.027407407,6
3032.789721,56,86,0.81,30,0.027,6
3032.789721,55,87,0.87,32,0.0271875,6
3032.789721,54,88,0.92,34,0.027058824,6
3030.715949,34,61,0.83,27,0.030740741,6
3029.289319,34,60,0.82,26,0.031538462,6
3028.488613,53,89,0.99,36,0.0275,6
3028.372644,53,87,0.96,34,0.028235294,6
3027.179194,54,88,0.93,34,0.027352941,6
3026.981953,54,88,0.94,34,0.027647059,6
3026.232145,61,82,0.54,21,0.025714286,6
3026.007914,56,87,0.81,31,0.026129032,6
3025.106976,37,59,0.67,22,0.030454545,6
3022.96289,36,97,0.15,61,0.002459016,6
3020.006548,57,85,0.75,28,0.026785714,6
3019.769921,40,54,0.43,14,0.030714286,6
3019.598798,33,99,0.28,66,0.004242424,6
3019.548985,68,75,0.18,7,0.025714286,6
3019.399693,54,86,0.9,32,0.028125,6
3019.372002,58,71,0.44,13,0.033846154,6
3017.729945,39,53,0.47,14,0.033571429,6
3016.555543,63,77,0.39,14,0.027857143,6
3016.555543,60,81,0.58,21,0.027619048,6
3015.518161,38,56,0.57,18,0.031666667,6
3015.095828,66,79,0.33,13,0.025384615,6
3015.088177,55,89,0.88,34,0.025882353,6
3014.164481,43,49,0.19,6,0.031666667,6
3013.89136,33,66,0.98,33,0.02969697,6
3013.34646,34,64,0.9,30,0.03,6
3013.286989,61,83,0.56,22,0.025454545,6
3012.669138,38,54,0.54,16,0.03375,6
3011.477158,40,52,0.41,12,0.034166667,6
3011.342114,34,98,0.26,64,0.0040625,6
3011.270774,60,87,0.68,27,0.025185185,6
3011.270774,59,88,0.73,29,0.025172414,6
3010.571098,55,85,0.84,30,0.028,6
3010.44784,38,55,0.53,17,0.031176471,6
3010.10639,61,80,0.52,19,0.027368421,6
3009.585854,35,97,0.25,62,0.004032258,6
3009.096045,39,54,0.47,15,0.031333333,6
3008.644118,36,57,0.66,21,0.031428571,6
3007.898526,33,55,0.83,22,0.037727273,6
3007.475929,54,87,0.91,33,0.027575758,6
3007.475929,53,88,0.97,35,0.027714286,6
3007.027402,41,51,0.34,10,0.034,6
3005.09482,63,81,0.47,18,0.026111111,6
3004.949035,34,99,0.21,65,0.003230769,6
3004.793735,63,82,0.49,19,0.025789474,6
3004.397018,35,99,0.15,64,0.00234375,6
3003.576911,64,79,0.4,15,0.026666667,6
3003.32409,54,86,0.91,32,0.0284375,6
3003.189417,53,87,0.97,34,0.028529412,6
3002.98374,60,80,0.56,20,0.028,6
3001.021156,36,57,0.7,21,0.033333333,6
3000.839338,63,81,0.46,18,0.025555556,6
3000.765206,34,60,0.86,26,0.033076923,6
3000.765206,33,61,0.93,28,0.033214286,6
3000.732299,53,88,0.96,35,0.027428571,6
3000.236132,55,85,0.85,30,0.028333333,6
3000.155791,38,57,0.59,19,0.031052632,6
2999.848771,55,87,0.86,32,0.026875,6
2999.848771,53,90,0.99,37,0.026756757,6
2999.394164,62,81,0.49,19,0.025789474,6
2999.394164,62,82,0.51,20,0.0255,6
2998.958679,42,49,0.24,7,0.034285714,6
2995.669995,55,88,0.87,33,0.026363636,6
2994.686905,41,53,0.37,12,0.030833333,6
2994.357673,65,77,0.32,12,0.026666667,6
2994.357673,62,80,0.48,18,0.026666667,6
2993.532655,33,56,0.83,23,0.036086957,6
2992.50021,36,61,0.8,25,0.032,6
2991.71909,63,75,0.35,12,0.029166667,6
2988.597584,34,62,0.86,28,0.030714286,6
2988.530069,37,56,0.63,19,0.033157895,6
2987.797644,56,89,0.84,33,0.025454545,6
2987.470228,61,82,0.56,21,0.026666667,6
2986.842339,59,81,0.62,22,0.028181818,6
2986.718708,68,77,0.23,9,0.025555556,6
2986.718708,67,78,0.28,11,0.025454545,6
2986.266149,54,89,0.92,35,0.026285714,6
2986.070166,63,80,0.44,17,0.025882353,6
2986.070166,59,85,0.67,26,0.025769231,6
2986.070166,56,89,0.85,33,0.025757576,6
2985.221232,35,98,0.2,63,0.003174603,6
2984.86381,61,85,0.61,24,0.025416667,6
2983.812994,54,93,0.97,39,0.024871795,6
2983.605097,34,63,0.88,29,0.030344828,6
2983.546695,59,85,0.68,26,0.026153846,6
2981.291421,55,89,0.9,34,0.026470588,6
2980.93575,36,57,0.71,21,0.033809524,6
2980.835685,60,82,0.59,22,0.026818182,6
2980.835685,60,83,0.61,23,0.026521739,6
2980.076878,63,78,0.41,15,0.027333333,6
2979.875374,55,91,0.91,36,0.025277778,6
2979.607885,62,84,0.56,22,0.025454545,6
2978.768037,59,86,0.69,27,0.025555556,6
2978.768037,58,87,0.74,29,0.025517241,6
2978.766037,36,60,0.74,24,0.030833333,6
2978.588418,43,48,0.17,5,0.034,6
2978.371566,57,85,0.76,28,0.027142857,6
2977.349913,39,55,0.49,16,0.030625,6
2976.975058,54,89,0.95,35,0.027142857,6
2976.840825,34,99,0.19,65,0.002923077,6
2976.766626,59,70,0.37,11,0.033636364,6
2976.474783,53,86,0.95,33,0.028787879,6
2976.085246,57,82,0.72,25,0.0288,6
2976.085246,56,83,0.78,27,0.028888889,6
2974.930024,67,77,0.26,10,0.026,6
2974.930024,66,78,0.31,12,0.025833333,6
2974.930024,62,83,0.54,21,0.025714286,6
2974.886697,54,91,0.96,37,0.025945946,6
2974.401708,57,86,0.76,29,0.026206897,6
2974.176049,34,97,0.2,63,0.003174603,6
2973.394864,65,78,0.34,13,0.026153846,6
2973.394864,62,81,0.5,19,0.026315789,6
2973.364816,37,52,0.52,15,0.034666667,6
2972.246434,55,87,0.9,32,0.028125,6
2971.820235,59,80,0.61,21,0.029047619,6
2970.6326,58,81,0.66,23,0.028695652,6
2970.318291,33,97,0.48,64,0.0075,6
2969.612595,38,57,0.58,19,0.030526316,6
2968.084589,55,84,0.84,29,0.028965517,6
2968.058297,59,84,0.66,25,0.0264,6
2967.98861,39,52,0.43,13,0.033076923,6
2967.52779,35,97,0.17,62,0.002741935,6
2966.20799,35,97,0.14,62,0.002258065,6
2966.131646,58,86,0.72,28,0.025714286,6
2966.131646,57,88,0.79,31,0.025483871,6
2966.122726,69,74,0.13,5,0.026,6
2966.122726,62,82,0.52,20,0.026,6
2965.814351,57,86,0.77,29,0.026551724,6
2964.975567,37,54,0.58,17,0.034117647,6
2964.280206,61,83,0.57,22,0.025909091,6
2963.84822,54,92,0.95,38,0.025,6
2963.692367,53,88,0.99,35,0.028285714,6
2963.363673,37,54,0.6,17,0.035294118,6
2962.719033,55,88,0.89,33,0.026969697,6
2962.719033,54,90,0.96,36,0.026666667,6
2962.174955,56,90,0.86,34,0.025294118,6
2961.331038,35,99,0.17,64,0.00265625,6
2961.31466,33,64,0.94,31,0.030322581,6
2961.068572,58,84,0.7,26,0.026923077,6
2961.068572,54,89,0.94,35,0.026857143,6
2960.16544,41,50,0.31,9,0.034444444,6
2959.990021,34,64,0.96,30,0.032,6
2959.738117,53,87,0.98,34,0.028823529,6
2959.439243,38,58,0.61,20,0.0305,6
2959.271548,38,59,0.64,21,0.03047619,6
2958.563169,64,80,0.41,16,0.025625,6
2956.783531,56,87,0.83,31,0.026774194,6
2956.639665,37,51,0.5,14,0.035714286,6
2956.119843,64,78,0.37,14,0.026428571,6
2956.119843,64,79,0.39,15,0.026,6
2956.119843,61,82,0.55,21,0.026190476,6
2956.119843,60,83,0.6,23,0.026086957,6
2956.119843,60,84,0.62,24,0.025833333,6
2956.119843,58,85,0.71,27,0.026296296,6
2956.119843,58,86,0.73,28,0.026071429,6
2956.119843,57,87,0.78,30,0.026,6
2955.990625,33,62,0.89,29,0.030689655,6
2955.986832,54,90,0.92,36,0.025555556,6
2955.986832,53,91,0.97,38,0.025526316,6
2955.970079,37,59,0.71,22,0.032272727,6
2955.883847,36,96,0.17,60,0.002833333,6
2954.926836,36,53,0.59,17,0.034705882,6
2954.796806,33,61,0.94,28,0.033571429,6
2954.721569,61,81,0.53,20,0.0265,6
2954.650651,35,62,0.82,27,0.03037037,6
2954.177123,35,57,0.77,22,0.035,6
2953.830294,58,81,0.67,23,0.029130435,6
2953.692941,52,88,0.94,36,0.026111111,6
2952.695238,53,91,0.98,38,0.025789474,6
2952.339723,60,86,0.66,26,0.025384615,6
2951.779977,54,85,0.9,31,0.029032258,6
2951.779977,53,86,0.96,33,0.029090909,6
2951.031257,54,88,0.95,34,0.027941176,6
2950.492673,36,59,0.72,23,0.031304348,6
2950.227791,58,86,0.75,28,0.026785714,6
2949.208252,38,54,0.55,16,0.034375,6
2949.208252,37,55,0.62,18,0.034444444,6
2948.578053,55,88,0.88,33,0.026666667,6
2948.36658,39,74,0.95,35,0.027142857,6
2944.834603,35,58,0.72,23,0.031304348,6
2944.48629,36,96,0.18,60,0.003,6
2943.960979,65,80,0.38,15,0.025333333,6
2943.960979,64,81,0.43,17,0.025294118,6
2943.210497,43,47,0.13,4,0.0325,6
2942.958813,57,82,0.66,25,0.0264,6
2942.683604,58,89,0.78,31,0.02516129,6
2942.683604,58,90,0.79,32,0.0246875,6
2942.683604,57,91,0.84,34,0.024705882,6
2941.583416,55,88,0.86,33,0.026060606,6
2940.999569,60,63,0.07,3,0.023333333,6
2940.999569,57,66,0.21,9,0.023333333,6
2940.682338,60,85,0.64,25,0.0256,6
2940.682338,59,87,0.71,28,0.025357143,6
2940.682338,58,88,0.76,30,0.025333333,6
2940.381073,57,81,0.64,24,0.026666667,6
2940.121007,34,54,0.75,20,0.0375,6
2939.487775,36,95,0.18,59,0.003050847,6
2938.943703,56,92,0.91,36,0.025277778,6
2938.59681,58,83,0.7,25,0.028,6
2938.460465,56,92,0.89,36,0.024722222,6
2938.352912,40,51,0.37,11,0.033636364,6
2937.903212,36,53,0.6,17,0.035294118,6
2936.464032,56,91,0.9,35,0.025714286,6
2936.380425,54,91,0.94,37,0.025405405,6
2936.04815,42,45,0.11,3,0.036666667,6
2935.768084,58,87,0.76,29,0.026206897,6
2935.37024,42,52,0.31,10,0.031,6
2934.991182,53,92,0.99,39,0.025384615,6
2932.32404,32,58,0.89,26,0.034230769,6
2932.119586,56,87,0.82,31,0.026451613,6
2931.722202,55,89,0.87,34,0.025588235,6
2931.066678,39,53,0.48,14,0.034285714,6
2931.030801,62,80,0.49,18,0.027222222,6
2931.030801,60,83,0.62,23,0.026956522,6
2931.030801,58,85,0.73,27,0.027037037,6
2930.718911,57,88,0.82,31,0.026451613,6
2930.718911,56,89,0.88,33,0.026666667,6
2930.366765,56,91,0.87,35,0.024857143,6
2930.366765,55,92,0.92,37,0.024864865,6
2930.215503,54,90,0.94,36,0.026111111,6
2930.212507,34,60,0.81,26,0.031153846,6
2929.881359,62,78,0.45,16,0.028125,6
2929.771789,42,53,0.34,11,0.030909091,6
2929.589006,34,97,0.21,63,0.003333333,6
2929.481608,62,76,0.41,14,0.029285714,6
2929.284062,61,83,0.58,22,0.026363636,6
2929.284062,59,85,0.69,26,0.026538462,6
2929.119952,61,71,0.32,10,0.032,6
2928.879801,65,79,0.36,14,0.025714286,6
2928.736361,63,83,0.51,20,0.0255,6
2928.671417,57,89,0.81,32,0.0253125,6
2928.563648,33,60,0.91,27,0.033703704,6
2928.551819,64,80,0.42,16,0.02625,6
2927.591742,39,49,0.36,10,0.036,6
2926.42341,60,82,0.6,22,0.027272727,6
2925.997526,35,98,0.15,63,0.002380952,6
2925.72626,54,90,0.93,36,0.025833333,6
2925.270663,59,84,0.67,25,0.0268,6
2925.270663,57,86,0.78,29,0.026896552,6
2924.655424,56,85,0.81,29,0.027931034,6
2924.655424,55,86,0.87,31,0.028064516,6
2924.655424,55,87,0.89,32,0.0278125,6
2924.655424,54,87,0.93,33,0.028181818,6
2924.383124,33,55,0.81,22,0.036818182,6
2923.858904,62,81,0.51,19,0.026842105,6
2923.858904,56,88,0.86,32,0.026875,6
2923.452692,56,88,0.85,32,0.0265625,6
2922.862876,41,56,0.44,15,0.029333333,6
2921.78095,55,93,0.97,38,0.025526316,6
2921.703505,55,89,0.89,34,0.026176471,6
2921.260375,33,63,0.91,30,0.030333333,6
2920.267144,57,65,0.19,8,0.02375,6
2920.251434,54,90,0.95,36,0.026388889,6
2920.228433,60,71,0.36,11,0.032727273,6
2920.114416,54,89,0.93,35,0.026571429,6
2920.002136,59,73,0.45,14,0.032142857,6
2919.852692,55,89,0.91,34,0.026764706,6
2919.433189,44,47,0.1,3,0.033333333,6
2919.407735,61,81,0.54,20,0.027,6
2919.407735,59,83,0.65,24,0.027083333,6
2918.829543,55,93,0.94,38,0.024736842,6
2918.112395,58,86,0.74,28,0.026428571,6
2918.112395,57,87,0.8,30,0.026666667,6
2918.112395,56,89,0.87,33,0.026363636,6
2917.957069,33,98,0.47,65,0.007230769,6
2917.703185,35,98,0.19,63,0.003015873,6
2917.593287,58,85,0.72,27,0.026666667,6
2917.516411,34,54,0.74,20,0.037,6
2917.228944,59,87,0.72,28,0.025714286,6
2916.951841,33,61,0.92,28,0.032857143,6
2916.298726,54,91,0.98,37,0.026486486,6
2914.431263,60,70,0.33,10,0.033,6
2913.454161,36,96,0.11,60,0.001833333,6
2913.273625,38,50,0.43,12,0.035833333,6
2913.189125,37,54,0.56,17,0.032941176,6
2911.955768,54,77,0.77,23,0.033478261,6
2911.855806,58,84,0.72,26,0.027692308,6
2911.463039,53,87,0.89,34,0.026176471,6
2911.260294,58,89,0.79,31,0.025483871,6
2911.172504,61,84,0.59,23,0.025652174,6
2910.94192,51,87,0.97,36,0.026944444,6
2910.588235,58,78,0.55,20,0.0275,6
2910.214131,57,89,0.83,32,0.0259375,6
2908.943269,40,48,0.29,8,0.03625,6
2907.952385,31,59,0.96,28,0.034285714,6
2907.912223,34,61,0.85,27,0.031481481,6
2907.572198,61,75,0.38,14,0.027142857,6
2907.567801,55,90,0.92,35,0.026285714,6
2907.567801,54,92,0.99,38,0.026052632,6
2907.558408,55,76,0.7,21,0.033333333,6
2906.267292,34,64,0.95,30,0.031666667,6
2906.22308,33,61,0.95,28,0.033928571,6
2906.209917,34,98,0.19,64,0.00296875,6
2905.992789,54,84,0.8,30,0.026666667,6
2905.818313,52,89,0.96,37,0.025945946,6
2905.705653,60,85,0.65,25,0.026,6
2905.541251,41,71,0.82,30,0.027333333,6
2905.52818,61,84,0.6,23,0.026086957,6
2905.114615,33,60,0.92,27,0.034074074,6
2905.069059,55,91,0.92,36,0.025555556,6
2904.767208,37,94,0.1,57,0.001754386,6
2904.409336,33,97,0.49,64,0.00765625,6
2903.7751,35,58,0.73,23,0.03173913,6
2903.741254,35,54,0.67,19,0.035263158,6
2903.624982,54,92,0.98,38,0.025789474,6
2902.769147,59,78,0.51,19,0.026842105,6
2902.48874,36,57,0.68,21,0.032380952,6
2902.058731,59,82,0.64,23,0.027826087,6
2901.785006,41,50,0.3,9,0.033333333,6
2901.723597,35,96,0.19,61,0.003114754,6
2901.304509,54,76,0.74,22,0.033636364,6
2900.739078,51,86,0.96,35,0.027428571,6
2900.632952,51,88,0.98,37,0.026486486,6
2900.585697,37,55,0.57,18,0.031666667,6
2900.086862,35,97,0.2,62,0.003225806,6
2899.431634,39,48,0.32,9,0.035555556,6
2898.848134,58,73,0.49,15,0.032666667,6
2898.614609,37,59,0.68,22,0.030909091,6
2898.366852,34,98,0.2,64,0.003125,6
2898.241321,34,98,0.18,64,0.0028125,6
2897.641511,37,55,0.6,18,0.033333333,6
2897.581154,36,96,0.19,60,0.003166667,6
2897.271424,39,63,0.62,24,0.025833333,6
2896.782119,53,86,0.87,33,0.026363636,6
2896.581136,57,87,0.79,30,0.026333333,6
2896.581136,54,91,0.97,37,0.026216216,6
2896.287907,36,97,0.12,61,0.001967213,6
2896.158206,53,78,0.84,25,0.0336,6
2895.907042,63,72,0.26,9,0.028888889,6
2895.61728,53,77,0.81,24,0.03375,6
2895.425615,34,99,0.26,65,0.004,6
2895.295589,57,88,0.81,31,0.026129032,6
2895.295589,55,91,0.93,36,0.025833333,6
2894.777812,54,83,0.79,29,0.027241379,6
2894.636644,40,56,0.49,16,0.030625,6
2894.477624,35,63,0.89,28,0.031785714,6
2894.396211,37,95,0.13,58,0.002241379,6
2893.550041,35,97,0.18,62,0.002903226,6
2892.921067,54,85,0.82,31,0.026451613,6
2892.735155,54,92,0.97,38,0.025526316,6
2892.612739,61,80,0.5,19,0.026315789,6
2891.891226,34,65,0.97,31,0.031290323,6
2891.397723,38,93,0.09,55,0.001636364,6
2891.288303,60,84,0.63,24,0.02625,6
2890.928034,58,87,0.75,29,0.025862069,6
2889.61068,57,89,0.84,32,0.02625,6
2889.490752,56,89,0.86,33,0.026060606,6
2888.088271,35,57,0.74,22,0.033636364,6
2887.706135,33,56,0.81,23,0.035217391,6
2887.348704,41,52,0.34,11,0.030909091,6
2886.834262,38,56,0.55,18,0.030555556,6
2886.550752,36,97,0.13,61,0.002131148,6
2886.367033,38,51,0.45,13,0.034615385,6
2886.305194,58,88,0.78,30,0.026,6
2886.305194,56,90,0.89,34,0.026176471,6
2886.305194,55,92,0.96,37,0.025945946,6
2886.126474,52,79,0.9,27,0.033333333,6
2885.772023,42,51,0.28,9,0.031111111,6
2885.659813,55,81,0.72,26,0.027692308,6
2885.511403,56,88,0.87,32,0.0271875,6
2884.548696,39,57,0.55,18,0.030555556,6
2884.318536,56,83,0.79,27,0.029259259,6
2884.281053,38,53,0.5,15,0.033333333,6
2883.958572,57,73,0.53,16,0.033125,6
2883.623916,56,91,0.89,35,0.025428571,6
2883.609141,56,87,0.84,31,0.027096774,6
2883.609141,54,90,0.97,36,0.026944444,6
2883.536096,59,86,0.71,27,0.026296296,6
2883.49403,35,63,0.84,28,0.03,6
2883.434368,57,90,0.84,33,0.025454545,6
2883.324901,37,57,0.63,20,0.0315,6
2882.857958,33,63,0.92,30,0.030666667,6
2882.555314,38,54,0.53,16,0.033125,6
2882.485807,57,90,0.83,33,0.025151515,6
2881.924414,57,74,0.56,17,0.032941176,6
2881.529559,56,88,0.84,32,0.02625,6
2881.529559,55,90,0.91,35,0.026,6
2881.025885,33,98,0.49,65,0.007538462,6
2880.957006,56,91,0.91,35,0.026,6
2880.856539,32,64,0.97,32,0.0303125,6
2880.750863,51,88,0.97,37,0.026216216,6
2880.384316,79,83,0.07,4,0.0175,6
2879.073834,58,84,0.71,26,0.027307692,6
2878.602113,53,84,0.85,31,0.027419355,6
2878.574708,35,73,0.14,38,0.003684211,6
2878.533308,56,82,0.69,26,0.026538462,6
2878.20488,54,91,0.99,37,0.026756757,6
2878.192867,55,91,0.95,36,0.026388889,6
2878.180119,35,97,0.19,62,0.003064516,6
2877.578478,33,55,0.84,22,0.038181818,6
2877.559023,37,51,0.51,14,0.036428571,6
2877.524165,53,83,0.84,30,0.028,6
2877.524165,52,84,0.9,32,0.028125,6
2877.23943,52,85,0.91,33,0.027575758,6
2877.23943,51,86,0.97,35,0.027714286,6
2876.560906,59,71,0.4,12,0.033333333,6
2876.385496,35,99,0.14,64,0.0021875,6
2876.314533,56,75,0.63,19,0.033157895,6
2875.904852,57,88,0.8,31,0.025806452,6
2875.615104,56,92,0.9,36,0.025,6
2875.43319,35,99,0.18,64,0.0028125,6
2874.351107,61,78,0.49,17,0.028823529,6
2874.294192,55,86,0.89,31,0.028709677,6
2874.119742,60,86,0.67,26,0.025769231,6
2873.839932,54,77,0.76,23,0.033043478,6
2873.651611,57,90,0.85,33,0.025757576,6
2873.548353,40,47,0.25,7,0.035714286,6
2872.998108,54,81,0.77,27,0.028518519,6
2872.998108,53,82,0.83,29,0.02862069,6
2872.998108,52,83,0.89,31,0.028709677,6
2872.998108,51,85,0.96,34,0.028235294,6
2872.957214,32,57,0.88,25,0.0352,6
2872.879907,51,87,0.98,36,0.027222222,6
2872.801293,37,52,0.53,15,0.035333333,6
2872.428925,39,51,0.41,12,0.034166667,6
2872.026936,65,74,0.25,9,0.027777778,6
2872.005243,55,89,0.93,34,0.027352941,6
2872.005243,54,90,0.99,36,0.0275,6
2870.559471,34,58,0.83,24,0.034583333,6
2870.169848,36,61,0.76,25,0.0304,6
2869.848408,55,93,0.95,38,0.025,6
2869.848408,55,94,0.96,39,0.024615385,6
2869.727511,36,55,0.65,19,0.034210526,6
2869.698762,69,94,0.44,25,0.0176,6
2869.662647,55,90,0.93,35,0.026571429,6
2869.60498,35,97,0.23,62,0.003709677,6
2869.173785,32,58,0.92,26,0.035384615,6
2868.710455,32,58,0.93,26,0.035769231,6
2868.598446,59,84,0.68,25,0.0272,6
2868.490964,56,74,0.6,18,0.033333333,6
2868.490964,55,75,0.67,20,0.0335,6
2868.468775,51,86,0.98,35,0.028,6
2868.24526,53,78,0.83,25,0.0332,6
2868.067031,55,82,0.73,27,0.027037037,6
2867.895047,56,90,0.87,34,0.025588235,6
2867.085537,63,72,0.25,9,0.027777778,6
2866.615053,60,79,0.55,19,0.028947368,6
2866.558286,57,83,0.75,26,0.028846154,6
2866.558286,56,84,0.81,28,0.028928571,6
2865.443864,54,89,0.98,35,0.028,6
2865.271765,40,65,0.11,25,0.0044,6
2865.112137,56,87,0.85,31,0.027419355,6
2864.711018,38,93,0.1,55,0.001818182,6
2864.254038,38,51,0.46,13,0.035384615,6
2863.829447,54,80,0.76,26,0.029230769,6
2863.661603,56,86,0.84,30,0.028,6
2862.708602,35,95,0.19,60,0.003166667,6
2862.592032,34,97,0.28,63,0.004444444,6
2861.830596,36,96,0.21,60,0.0035,6
2861.633215,39,75,0.97,36,0.026944444,6
2861.598104,35,99,0.11,64,0.00171875,6
2861.517792,59,88,0.74,29,0.025517241,6
2861.355552,33,98,0.5,65,0.007692308,6
2860.93274,64,77,0.34,13,0.026153846,6
2860.050739,53,90,0.98,37,0.026486486,6
2860.042734,46,48,0.07,2,0.035,6
2860.042734,45,49,0.14,4,0.035,6
2859.974925,36,97,0.14,61,0.002295082,6
2858.504628,57,85,0.77,28,0.0275,6
2858.237116,32,57,0.89,25,0.0356,6
2857.826407,54,94,0.99,40,0.02475,6
2857.697082,37,95,0.1,58,0.001724138,6
2856.762685,56,86,0.83,30,0.027666667,6
2856.67597,57,85,0.78,28,0.027857143,6
2856.67597,55,88,0.91,33,0.027575758,6
2856.67597,54,89,0.97,35,0.027714286,6
2856.583438,57,91,0.85,34,0.025,6
2856.322217,51,89,0.99,38,0.026052632,6
2856.171642,56,91,0.88,35,0.025142857,6
2856.171642,55,92,0.93,37,0.025135135,6
2855.674207,37,55,0.59,18,0.032777778,6
2855.28195,62,73,0.32,11,0.029090909,6
2855.125194,35,64,0.85,29,0.029310345,6
2854.925686,55,92,0.94,37,0.025405405,6
2854.852558,60,80,0.55,20,0.0275,6
2854.345032,65,99,0.6,34,0.017647059,6
2853.623407,33,59,0.88,26,0.033846154,6
2853.14112,35,98,0.11,63,0.001746032,6
2853.045748,32,61,0.99,29,0.034137931,6
2852.219966,39,56,0.52,17,0.030588235,6
2851.979663,55,93,0.96,38,0.025263158,6
2851.863807,55,79,0.7,24,0.029166667,6
2851.466411,34,65,0.92,31,0.029677419,6
2851.137331,41,49,0.27,8,0.03375,6
2850.230409,37,94,0.14,57,0.00245614,6
2850.130938,35,52,0.65,17,0.038235294,6
2850.116012,45,50,0.15,5,0.03,6
2850.030771,61,86,0.63,25,0.0252,6
2849.915201,62,79,0.47,17,0.027647059,6
2849.915201,59,83,0.66,24,0.0275,6
2849.807666,39,51,0.42,12,0.035,6
2849.694768,57,79,0.61,22,0.027727273,6
2849.391115,52,86,0.91,34,0.026764706,6
2849.36091,35,62,0.8,27,0.02962963,6
2849.246102,33,97,0.47,64,0.00734375,6
2848.738928,67,98,0.54,31,0.017419355,6
2848.189192,34,55,0.73,21,0.034761905,6
2847.614174,38,93,0.08,55,0.001454545,6
2846.343187,62,77,0.43,15,0.028666667,6
2846.167639,39,66,0.12,27,0.004444444,6
2846.073954,63,77,0.38,14,0.027142857,6
2845.851083,36,57,0.69,21,0.032857143,6
2844.544395,64,76,0.34,12,0.028333333,6
2843.422981,53,91,0.99,38,0.026052632,6
2843.383474,58,88,0.77,30,0.025666667,6
2843.383474,56,90,0.88,34,0.025882353,6
2843.328415,35,58,0.76,23,0.033043478,6
2842.775089,67,73,0.16,6,0.026666667,6
2842.726824,35,64,0.86,29,0.029655172,6
2842.517328,60,75,0.42,15,0.028,6
2842.354075,32,61,0.98,29,0.033793103,6
2841.94481,35,56,0.72,21,0.034285714,6
2841.94481,34,58,0.81,24,0.03375,6
2841.640153,33,98,0.48,65,0.007384615,6
2840.659577,57,86,0.79,29,0.027241379,6
2840.603539,52,88,0.95,36,0.026388889,6
2840.109762,41,52,0.36,11,0.032727273,6
2840.083341,54,93,0.99,39,0.025384615,6
2839.756567,37,95,0.11,58,0.001896552,6
2839.655621,61,73,0.35,12,0.029166667,6
2838.946793,37,95,0.09,58,0.001551724,6
2838.554235,34,74,0.15,40,0.00375,6
2838.400462,55,87,0.85,32,0.0265625,6
2838.112506,53,85,0.86,32,0.026875,6
2837.83364,56,76,0.65,20,0.0325,6
2837.689599,35,96,0.2,61,0.003278689,6
2837.679243,59,86,0.7,27,0.025925926,6
2837.072372,54,93,0.98,39,0.025128205,6
2836.748861,33,97,0.46,64,0.0071875,6
2836.581264,37,94,0.11,57,0.001929825,6
2836.540346,55,91,0.94,36,0.026111111,6
2836.513739,53,89,0.97,36,0.026944444,6
2836.424368,57,84,0.73,27,0.027037037,6
2835.770144,55,92,0.95,37,0.025675676,6
2835.603398,61,79,0.49,18,0.027222222,6
2835.556127,37,69,0.13,32,0.0040625,6
2835.274206,36,51,0.56,15,0.037333333,6
2834.717173,55,89,0.92,34,0.027058824,6
2834.685122,56,83,0.72,27,0.026666667,6
2834.685122,55,84,0.78,29,0.026896552,6
2834.236384,33,98,0.46,65,0.007076923,6
2833.817338,36,96,0.13,60,0.002166667,6
2833.688993,40,74,0.91,34,0.026764706,6
2832.581064,37,69,0.14,32,0.004375,6
2832.537746,59,90,0.76,31,0.024516129,6
2831.906935,37,58,0.64,21,0.03047619,6
2831.795575,34,58,0.82,24,0.034166667,6
2831.764566,59,82,0.61,23,0.026521739,6
2831.477461,36,97,0.1,61,0.001639344,6
2831.368762,41,60,0.5,19,0.026315789,6
2831.241673,35,52,0.64,17,0.037647059,6
2830.776381,35,97,0.24,62,0.003870968,6
2830.111696,52,84,0.91,32,0.0284375,6
2829.111505,57,80,0.62,23,0.026956522,6
2829.000522,34,99,0.23,65,0.003538462,6
2828.023008,33,62,0.95,29,0.032758621,6
2827.773169,57,87,0.81,30,0.027,6
2827.773169,55,90,0.94,35,0.026857143,6
2827.319723,33,60,0.9,27,0.033333333,6
2827.227996,32,65,0.99,33,0.03,6
2827.051844,53,85,0.85,32,0.0265625,6
2826.997403,36,62,0.79,26,0.030384615,6
2826.844108,32,57,0.94,25,0.0376,6
2826.577842,38,51,0.43,13,0.033076923,6
2826.551373,37,94,0.13,57,0.002280702,6
2826.354358,61,78,0.48,17,0.028235294,6
2826.345792,58,84,0.68,26,0.026153846,6
2826.26806,52,87,0.93,35,0.026571429,6
2826.248121,57,89,0.82,32,0.025625,6
2825.914928,36,96,0.2,60,0.003333333,6
2825.652973,67,73,0.17,6,0.028333333,6
2825.61187,34,53,0.72,19,0.037894737,6
2823.572323,62,74,0.34,12,0.028333333,6
2822.957656,33,62,0.91,29,0.03137931,6
2822.710976,34,64,0.97,30,0.032333333,6
2822.004884,54,89,0.96,35,0.027428571,6
2821.956309,35,63,0.9,28,0.032142857,6
2821.421434,60,81,0.59,21,0.028095238,6
2821.410095,68,95,0.48,27,0.017777778,6
2821.029086,34,97,0.19,63,0.003015873,6
2820.860515,35,97,0.21,62,0.003387097,6
2820.682507,53,79,0.86,26,0.033076923,6
2820.558359,37,57,0.61,20,0.0305,6
2820.39278,55,77,0.72,22,0.032727273,6
2820.39278,54,78,0.79,24,0.032916667,6
2819.613505,34,99,0.28,65,0.004307692,6
2819.525701,33,59,0.89,26,0.034230769,6
2819.392186,65,76,0.29,11,0.026363636,6
2819.295305,34,96,0.24,62,0.003870968,6
2819.288273,33,57,0.8,24,0.033333333,6
2819.121748,34,98,0.22,64,0.0034375,6
2819.077156,36,95,0.15,59,0.002542373,6
2818.921532,34,99,0.24,65,0.003692308,6
2818.342926,55,82,0.74,27,0.027407407,6
2816.561827,58,82,0.69,24,0.02875,6
2816.361409,57,80,0.63,23,0.027391304,6
2816.12002,55,83,0.76,28,0.027142857,6
2816.057505,56,80,0.67,24,0.027916667,6
2816.057505,55,81,0.73,26,0.028076923,6
2816.057505,53,84,0.86,31,0.027741935,6
2816.057505,52,85,0.92,33,0.027878788,6
2815.929235,39,53,0.46,14,0.032857143,6
2815.813344,38,81,0.92,43,0.021395349,6
2815.519216,54,70,0.37,16,0.023125,6
2815.495463,56,68,0.28,12,0.023333333,6
2815.286211,44,51,0.21,7,0.03,6
2814.876883,31,58,0.97,27,0.035925926,6
2814.832358,60,82,0.57,22,0.025909091,6
2814.422464,34,98,0.21,64,0.00328125,6
2813.902235,58,77,0.56,19,0.029473684,6
2813.902235,57,78,0.62,21,0.02952381,6
2813.902235,56,79,0.68,23,0.029565217,6
2813.784201,52,86,0.92,34,0.027058824,6
2813.696042,36,95,0.16,59,0.002711864,6
2813.543025,53,86,0.88,33,0.026666667,6
2813.543025,51,88,0.99,37,0.026756757,6
2813.04038,58,83,0.67,25,0.0268,6
2812.976674,54,86,0.84,32,0.02625,6
2812.418661,36,59,0.7,23,0.030434783,6
2812.078572,34,99,0.15,65,0.002307692,6
2811.991691,55,88,0.9,33,0.027272727,6
2811.962419,36,96,0.15,60,0.0025,6
2811.856788,34,60,0.87,26,0.033461538,6
2811.793331,34,53,0.73,19,0.038421053,6
2811.697065,39,51,0.4,12,0.033333333,6
2811.661313,34,95,0.44,61,0.007213115,6
2811.645081,36,97,0.11,61,0.001803279,6
2811.077568,55,94,0.98,39,0.025128205,6
2810.910047,35,61,0.78,26,0.03,6
2810.877567,66,76,0.27,10,0.027,6
2810.811062,67,72,0.14,5,0.028,6
2810.746265,35,53,0.66,18,0.036666667,6
2810.744593,33,63,0.98,30,0.032666667,6
2810.736581,36,95,0.17,59,0.002881356,6
2810.708876,68,97,0.5,29,0.017241379,6
2810.551948,64,76,0.33,12,0.0275,6
2810.326501,54,82,0.78,28,0.027857143,6
2809.943251,40,46,0.22,6,0.036666667,6
2809.895543,58,79,0.57,21,0.027142857,6
2809.895543,56,81,0.68,25,0.0272,6
2809.895543,56,82,0.7,26,0.026923077,6
2809.895543,54,84,0.81,30,0.027,6
2809.530114,35,59,0.79,24,0.032916667,6
2809.41772,37,95,0.08,58,0.00137931,6
2809.204675,61,79,0.51,18,0.028333333,6
2808.294379,68,71,0.08,3,0.026666667,6
2807.881675,62,85,0.58,23,0.025217391,6
2807.577949,35,56,0.73,21,0.034761905,6
2807.309087,38,64,0.68,26,0.026153846,6
2807.240873,42,55,0.38,13,0.029230769,6
2806.741447,65,70,0.14,5,0.028,6
2805.712551,40,56,0.48,16,0.03,6
2805.58011,34,97,0.27,63,0.004285714,6
2805.558541,35,96,0.17,61,0.002786885,6
2805.527613,34,98,0.28,64,0.004375,6
2805.507138,39,56,0.53,17,0.031176471,6
2805.121422,35,62,0.88,27,0.032592593,6
2804.871974,37,95,0.12,58,0.002068966,6
2804.708903,60,83,0.59,23,0.025652174,6
2804.359989,60,76,0.44,16,0.0275,6
2804.18083,55,84,0.77,29,0.026551724,6
2803.580803,37,94,0.17,57,0.002982456,6
2803.403744,55,80,0.74,25,0.0296,6
2803.175395,38,48,0.37,10,0.037,6
2803.051854,58,77,0.55,19,0.028947368,6
2803.020814,47,48,0.03,1,0.03,6
2803.020814,46,49,0.09,3,0.03,6
2802.876639,56,93,0.92,37,0.024864865,6
2802.521306,32,56,0.92,24,0.038333333,6
2802.466116,36,96,0.12,60,0.002,6
2802.250288,56,85,0.83,29,0.02862069,6
2802.250288,54,88,0.97,34,0.028529412,6
2802.208929,54,85,0.83,31,0.026774194,6
2802.208929,53,87,0.9,34,0.026470588,6
2801.567075,36,97,0.09,61,0.00147541,6
2801.549054,54,79,0.75,25,0.03,6
2801.370022,36,94,0.15,58,0.002586207,6
2801.280081,38,53,0.49,15,0.032666667,6
2801.174578,59,79,0.54,20,0.027,6
2801.167252,72,90,0.32,18,0.017777778,6
2800.960926,55,92,0.97,37,0.026216216,6
2800.949531,59,81,0.61,22,0.027727273,6
2800.945202,63,78,0.4,15,0.026666667,6
2800.769928,35,53,0.63,18,0.035,6
2800.124635,52,80,0.93,28,0.033214286,6
2800.064067,51,84,0.96,33,0.029090909,6
2800.042425,43,52,0.27,9,0.03,6
2799.736544,33,97,0.5,64,0.0078125,6
2799.283782,36,51,0.55,15,0.036666667,6
2799.133852,34,99,0.16,65,0.002461538,6
2798.72004,60,80,0.57,20,0.0285,6
2798.72004,59,81,0.63,22,0.028636364,6
2798.708514,57,85,0.73,28,0.026071429,6
2798.675279,35,54,0.68,19,0.035789474,6
2798.653258,62,78,0.44,16,0.0275,6
2798.60527,60,74,0.41,14,0.029285714,6
2798.60527,59,75,0.47,16,0.029375,6
2798.275151,31,59,0.98,28,0.035,6
2798.101164,52,87,0.92,35,0.026285714,6
2797.985186,33,98,0.22,65,0.003384615,6
2797.727009,57,78,0.61,21,0.029047619,6
2797.570607,54,83,0.8,29,0.027586207,6
2797.315725,33,99,0.31,66,0.00469697,6
2797.185138,42,52,0.3,10,0.03,6
2796.921263,75,87,0.21,12,0.0175,6
2796.696991,55,83,0.75,28,0.026785714,6
2796.482783,39,57,0.54,18,0.03,6
2796.360016,52,82,0.89,30,0.029666667,6
2795.751384,33,98,0.51,65,0.007846154,6
2795.363523,54,84,0.82,30,0.027333333,6
2795.170505,42,47,0.17,5,0.034,6
2795.08795,54,90,0.98,36,0.027222222,6
2795.031457,31,81,0.18,50,0.0036,6
2794.888933,40,65,0.1,25,0.004,6
2793.967257,36,60,0.72,24,0.03,6
2793.850741,36,96,0.09,60,0.0015,6
2793.637683,56,66,0.24,10,0.024,6
2793.344315,60,78,0.48,18,0.026666667,6
2793.261614,36,95,0.12,59,0.002033898,6
2792.881847,53,81,0.82,28,0.029285714,6
2792.716565,60,76,0.46,16,0.02875,6
2792.575636,37,59,0.66,22,0.03,6
2791.945744,34,63,0.89,29,0.030689655,6
2791.272035,36,96,0.14,60,0.002333333,6
2790.412358,58,90,0.8,32,0.025,6
2790.410069,60,75,0.44,15,0.029333333,6
2790.20584,34,56,0.77,22,0.035,6
2789.513409,53,81,0.83,28,0.029642857,6
2789.402808,35,95,0.17,60,0.002833333,6
2789.164937,66,72,0.17,6,0.028333333,6
2789.136161,59,82,0.62,23,0.026956522,6
2788.909211,39,56,0.51,17,0.03,6
2788.805115,34,63,0.95,29,0.032758621,6
2788.712327,32,57,0.92,25,0.0368,6
2788.562008,38,52,0.49,14,0.035,6
2788.160409,61,74,0.38,13,0.029230769,6
2788.054879,38,52,0.48,14,0.034285714,6
2787.299591,59,89,0.75,30,0.025,6
2787.299591,57,93,0.88,36,0.024444444,6
2787.299591,56,94,0.93,38,0.024473684,6
2787.235744,77,85,0.14,8,0.0175,6
2786.565056,33,62,0.9,29,0.031034483,6
2786.518317,34,98,0.25,64,0.00390625,6
2786.170392,52,87,0.94,35,0.026857143,6
2786.047581,53,85,0.87,32,0.0271875,6
2785.912108,58,91,0.82,33,0.024848485,6
2785.912108,56,94,0.94,38,0.024736842,6
2785.912108,55,95,0.99,40,0.02475,6
2785.8353,55,78,0.69,23,0.03,6
2784.558963,57,91,0.86,34,0.025294118,6
2784.365225,51,85,0.97,34,0.028529412,6
2783.698012,32,57,0.93,25,0.0372,6
2783.585083,36,97,0.17,61,0.002786885,6
2783.52723,42,51,0.29,9,0.032222222,6
2783.325335,66,99,0.57,33,0.017272727,6
2782.050946,34,57,0.78,23,0.033913043,6
2781.969155,56,78,0.64,22,0.029090909,6
2781.643031,54,85,0.84,31,0.027096774,6
2781.58252,57,84,0.77,27,0.028518519,6
2781.452444,56,79,0.65,23,0.02826087,6
2781.452444,55,80,0.71,25,0.0284,6
2781.393559,41,45,0.15,4,0.0375,6
2781.232334,53,71,0.42,18,0.023333333,6
2781.216656,65,80,0.39,15,0.026,6
2780.936321,61,81,0.52,20,0.026,6
2780.892784,35,56,0.71,21,0.033809524,6
2780.694022,35,60,0.83,25,0.0332,6
2779.753836,57,81,0.65,24,0.027083333,6
2779.698015,67,97,0.53,30,0.017666667,6
2779.657444,36,95,0.21,59,0.003559322,6
2778.838144,59,82,0.65,23,0.02826087,6
2778.548811,57,81,0.71,24,0.029583333,6
2778.548811,56,82,0.77,26,0.029615385,6
2778.548811,55,83,0.83,28,0.029642857,6
2778.541433,35,61,0.85,26,0.032692308,6
2778.377658,54,82,0.79,28,0.028214286,6
2778.370689,33,55,0.82,22,0.037272727,6
2777.893931,61,80,0.51,19,0.026842105,6
2777.257492,36,53,0.61,17,0.035882353,6
2777.185097,32,57,0.91,25,0.0364,6
2776.904284,35,54,0.64,19,0.033684211,6
2776.904108,33,62,0.92,29,0.031724138,6
2776.791142,65,75,0.29,10,0.029,6
2776.721464,58,80,0.59,22,0.026818182,6
2776.63881,40,49,0.32,9,0.035555556,6
2776.580264,33,99,0.22,66,0.003333333,6
2776.277716,36,55,0.66,19,0.034736842,6
2776.173164,64,72,0.22,8,0.0275,6
2776.173164,62,74,0.33,12,0.0275,6
2776.149892,71,92,0.37,21,0.017619048,6
2775.914993,67,93,0.46,26,0.017692308,6
2775.839132,62,72,0.29,10,0.029,6
2775.356009,46,48,0.06,2,0.03,6
2775.356009,45,49,0.12,4,0.03,6
2775.339042,35,96,0.26,61,0.004262295,6
2775.241143,33,63,0.99,30,0.033,6
2774.737511,44,50,0.2,6,0.033333333,6
2774.682423,57,92,0.87,35,0.024857143,6
2774.485349,55,84,0.85,29,0.029310345,6
2774.058013,37,57,0.67,20,0.0335,6
2773.660921,66,73,0.2,7,0.028571429,6
2773.248176,36,59,0.76,23,0.033043478,6
2773.236502,68,72,0.11,4,0.0275,6
2773.236502,66,74,0.22,8,0.0275,6
2773.191818,34,62,0.91,28,0.0325,6
2773.013018,36,58,0.68,22,0.030909091,6
2772.794939,40,75,0.93,35,0.026571429,6
2772.672536,35,97,0.16,62,0.002580645,6
2772.575577,37,50,0.47,13,0.036153846,6
2772.410109,36,61,0.81,25,0.0324,6
2771.678505,33,99,0.47,66,0.007121212,6
2771.373753,63,71,0.23,8,0.02875,6
2771.373753,59,76,0.48,17,0.028235294,6
2771.170841,52,88,0.96,36,0.026666667,6
2770.688903,34,98,0.17,64,0.00265625,6
2770.609445,35,95,0.18,60,0.003,6
2770.441336,70,73,0.08,3,0.026666667,6
2770.441336,67,76,0.24,9,0.026666667,6
2769.842409,64,82,0.46,18,0.025555556,6
2769.783166,34,57,0.79,23,0.034347826,6
2769.511298,55,92,0.88,37,0.023783784,6
2769.511298,54,93,0.93,39,0.023846154,6
2769.225932,62,73,0.31,11,0.028181818,6
2769.201423,66,94,0.5,28,0.017857143,6
2768.861864,35,96,0.21,61,0.003442623,6
2768.845377,68,76,0.21,8,0.02625,6
2768.696542,65,75,0.27,10,0.027,6
2768.509526,37,94,0.12,57,0.002105263,6
2768.462948,58,83,0.71,25,0.0284,6
2768.411202,56,84,0.74,28,0.026428571,6
2767.953437,39,50,0.39,11,0.035454545,6
2767.919293,62,75,0.37,13,0.028461538,6
2767.888387,35,58,0.75,23,0.032608696,6
2767.794457,59,65,0.14,6,0.023333333,6
2767.67947,53,60,0.23,7,0.032857143,6
2767.599743,56,86,0.79,30,0.026333333,6
2766.838062,39,54,0.46,15,0.030666667,6
2766.718698,60,77,0.46,17,0.027058824,6
2766.531103,52,90,0.98,38,0.025789474,6
2766.420058,56,80,0.68,24,0.028333333,6
2766.420058,55,81,0.74,26,0.028461538,6
2766.247138,68,96,0.49,28,0.0175,6
2766.134635,35,97,0.15,62,0.002419355,6
2766.121278,36,60,0.78,24,0.0325,6
2766.117261,36,95,0.13,59,0.00220339,6
2765.90225,31,59,0.99,28,0.035357143,6
2765.505135,52,86,0.93,34,0.027352941,6
2765.21493,56,88,0.89,32,0.0278125,6
2765.09059,55,89,0.95,34,0.027941176,6
2764.750071,57,85,0.74,28,0.026428571,6
2764.58621,58,77,0.54,19,0.028421053,6
2764.58621,57,78,0.6,21,0.028571429,6
2764.166522,31,59,0.97,28,0.034642857,6
2764.103434,35,98,0.13,63,0.002063492,6
2763.823944,62,79,0.45,17,0.026470588,6
2763.812707,73,90,0.3,17,0.017647059,6
2763.812707,70,94,0.42,24,0.0175,6
2763.44521,57,83,0.68,26,0.026153846,6
2763.424923,44,56,0.32,12,0.026666667,6
2763.322476,52,87,0.95,35,0.027142857,6
2763.194291,40,70,0.1,30,0.003333333,6
2763.170258,70,75,0.13,5,0.026,6
2763.112042,51,85,0.98,34,0.028823529,6
2762.974845,31,60,0.98,29,0.033793103,6
2762.892307,62,75,0.35,13,0.026923077,6
2762.861031,62,80,0.47,18,0.026111111,6
2762.680668,69,95,0.45,26,0.017307692,6
2762.646123,63,76,0.36,13,0.027692308,6
2762.443466,61,74,0.37,13,0.028461538,6
2762.339201,58,91,0.81,33,0.024545455,6
2762.31227,51,83,0.95,32,0.0296875,6
2762.21584,74,84,0.18,10,0.018,6
2762.211995,41,51,0.31,10,0.031,6
2762.056441,40,53,0.43,13,0.033076923,6
2761.757582,61,78,0.47,17,0.027647059,6
2761.155326,41,75,0.85,34,0.025,6
2760.764247,51,84,0.97,33,0.029393939,6
2760.206925,35,97,0.11,62,0.001774194,6
2760.117339,32,98,0.51,66,0.007727273,6
2760.026652,32,80,0.12,48,0.0025,6
2759.932954,53,61,0.26,8,0.0325,6
2759.882212,34,61,0.9,27,0.033333333,6
2759.772807,33,99,0.27,66,0.004090909,6
2759.487905,40,55,0.49,15,0.032666667,6
2759.190094,35,60,0.82,25,0.0328,6
2759.155912,35,97,0.12,62,0.001935484,6
2758.925096,34,99,0.22,65,0.003384615,6
2758.423689,39,56,0.56,17,0.032941176,6
2758.413186,34,99,0.25,65,0.003846154,6
2758.328478,33,63,0.94,30,0.031333333,6
2757.876422,57,82,0.71,25,0.0284,6
2757.73567,58,76,0.52,18,0.028888889,6
2757.73567,57,77,0.58,20,0.029,6
2757.632223,39,73,0.93,34,0.027352941,6
2757.139214,64,81,0.44,17,0.025882353,6
2757.123993,58,81,0.61,23,0.026521739,6
2757.089107,59,76,0.5,17,0.029411765,6
2757.063639,56,81,0.69,25,0.0276,6
2756.827157,53,85,0.88,32,0.0275,6
2756.762238,38,49,0.4,11,0.036363636,6
2756.705809,60,75,0.43,15,0.028666667,6
2756.11238,63,77,0.37,14,0.026428571,6
2755.927914,59,81,0.6,22,0.027272727,6
2755.453158,36,56,0.7,20,0.035,6
2755.034353,53,86,0.89,33,0.026969697,6
2754.962296,55,81,0.76,26,0.029230769,6
2754.83837,51,87,0.99,36,0.0275,6
2754.64388,66,71,0.14,5,0.028,6
2754.631272,63,76,0.35,13,0.026923077,6
2754.627248,35,57,0.72,22,0.032727273,6
2754.555106,32,56,0.91,24,0.037916667,6
2754.524576,35,55,0.7,20,0.035,6
2754.366954,59,76,0.49,17,0.028823529,6
2754.071663,60,84,0.64,24,0.026666667,6
2754.05103,34,98,0.29,64,0.00453125,6
2753.894131,54,82,0.8,28,0.028571429,6
2753.807572,64,72,0.23,8,0.02875,6
2753.764124,42,54,0.37,12,0.030833333,6
2753.559139,53,83,0.85,30,0.028333333,6
2753.515634,33,54,0.81,21,0.038571429,6
2753.379808,45,68,0.75,23,0.032608696,6
2753.059687,37,57,0.66,20,0.033,6
2752.984176,37,60,0.7,23,0.030434783,6
2752.740226,56,80,0.7,24,0.029166667,6
2752.101699,75,84,0.16,9,0.017777778,6
2752.082815,32,56,0.9,24,0.0375,6
2751.855305,56,87,0.87,31,0.028064516,6
2751.70607,34,69,0.98,35,0.028,6
2751.5659,68,93,0.44,25,0.0176,6
2751.385466,43,57,0.38,14,0.027142857,6
2751.247505,37,59,0.72,22,0.032727273,6
2751.199598,65,72,0.2,7,0.028571429,6
2751.176743,33,64,0.99,31,0.031935484,6
2750.779051,60,80,0.54,20,0.027,6
2750.779051,58,82,0.65,24,0.027083333,6
2750.773613,38,58,0.6,20,0.03,6
2750.596109,41,53,0.38,12,0.031666667,6
2750.320381,34,60,0.88,26,0.033846154,6
2750.314189,37,70,0.12,33,0.003636364,6
2749.663993,52,86,0.94,34,0.027647059,6
2749.393737,52,83,0.9,31,0.029032258,6
2749.378997,71,92,0.39,21,0.018571429,6
2748.764028,53,88,0.91,35,0.026,6
2748.532697,56,92,0.92,36,0.025555556,6
2748.344754,32,61,0.97,29,0.033448276,6
2747.322861,44,50,0.18,6,0.03,6
2747.150475,41,55,0.43,14,0.030714286,6
2746.641043,35,98,0.14,63,0.002222222,6
2746.615625,59,75,0.46,16,0.02875,6
2746.607369,38,68,0.11,30,0.003666667,6
2746.537798,35,95,0.21,60,0.0035,6
2746.474738,36,58,0.74,22,0.033636364,6
2746.368307,61,79,0.48,18,0.026666667,6
2746.312801,33,56,0.79,23,0.034347826,6
2745.7737,35,59,0.77,24,0.032083333,6
2745.398403,43,52,0.26,9,0.028888889,6
2744.884367,35,99,0.1,64,0.0015625,6
2744.846485,33,58,0.87,25,0.0348,6
2744.740664,35,54,0.66,19,0.034736842,6
2744.731468,70,89,0.34,19,0.017894737,6
2744.360205,63,74,0.31,11,0.028181818,6
2744.360205,62,76,0.39,14,0.027857143,6
2744.345702,33,54,0.8,21,0.038095238,6
2744.291561,64,73,0.25,9,0.027777778,6
2744.110568,62,77,0.42,15,0.028,6
2743.984586,37,56,0.59,19,0.031052632,6
2743.929343,53,94,0.98,41,0.023902439,6
2743.907567,56,67,0.26,11,0.023636364,6
2743.898185,35,98,0.25,63,0.003968254,6
2743.831862,56,79,0.66,23,0.028695652,6
2743.386132,36,78,0.08,42,0.001904762,6
2743.289281,53,86,0.9,33,0.027272727,6
2743.122773,65,75,0.28,10,0.028,6
2743.089274,36,59,0.75,23,0.032608696,6
2742.957499,36,96,0.22,60,0.003666667,6
2742.907054,37,53,0.56,16,0.035,6
2742.903403,40,76,0.95,36,0.026388889,6
2742.198802,38,92,0.13,54,0.002407407,6
2742.157251,31,58,0.96,27,0.035555556,6
2741.784658,59,66,0.16,7,0.022857143,6
2741.59897,34,59,0.86,25,0.0344,6
2741.577354,55,88,0.93,33,0.028181818,6
2741.400171,59,77,0.5,18,0.027777778,6
2741.400171,59,78,0.52,19,0.027368421,6
2741.3122,60,88,0.7,28,0.025,6
2741.007502,38,53,0.53,15,0.035333333,6
2740.893236,36,54,0.62,18,0.034444444,6
2740.893236,35,55,0.69,20,0.0345,6
2740.639637,35,59,0.74,24,0.030833333,6
2740.52501,36,93,0.42,57,0.007368421,6
2740.472984,57,85,0.79,28,0.028214286,6
2740.437224,33,99,0.23,66,0.003484848,6
2740.355454,75,86,0.21,11,0.019090909,6
2740.120175,33,98,0.3,65,0.004615385,6
2739.722992,34,81,0.11,47,0.002340426,6
2739.615634,32,63,0.99,31,0.031935484,6
2739.456036,66,74,0.23,8,0.02875,6
2739.368586,60,81,0.56,21,0.026666667,6
2739.293453,32,98,0.52,66,0.007878788,6
2739.290778,64,74,0.28,10,0.028,6
2739.233821,51,63,0.39,12,0.0325,6
2739.031336,46,78,0.79,32,0.0246875,6
2739.01362,34,82,0.11,48,0.002291667,6
2738.77233,62,78,0.46,16,0.02875,6
2738.565977,57,82,0.69,25,0.0276,6
2738.410742,66,70,0.11,4,0.0275,6
2738.369089,37,53,0.54,16,0.03375,6
2738.240211,57,93,0.89,36,0.024722222,6
2738.097947,41,72,0.84,31,0.027096774,6
2737.848535,53,95,0.99,42,0.023571429,6
2737.766946,53,82,0.84,29,0.028965517,6
2737.704655,38,52,0.47,14,0.033571429,6
2737.618022,52,83,0.91,31,0.029354839,6
2737.605577,67,71,0.11,4,0.0275,6
2737.605577,65,73,0.22,8,0.0275,6
2737.584567,61,77,0.45,16,0.028125,6
2737.4763,57,83,0.71,26,0.027307692,6
2737.412918,38,92,0.12,54,0.002222222,6
2737.282846,59,83,0.63,24,0.02625,6
2737.213782,34,75,0.13,41,0.003170732,6
2737.208163,33,59,0.9,26,0.034615385,6
2737.13553,61,78,0.46,17,0.027058824,6
2736.931748,34,98,0.16,64,0.0025,6
2736.909419,58,90,0.81,32,0.0253125,6
2736.862832,37,61,0.72,24,0.03,6
2736.688436,58,72,0.45,14,0.032142857,6
2736.684968,66,74,0.21,8,0.02625,6
2736.668418,54,87,0.86,33,0.026060606,6
2736.668418,53,88,0.92,35,0.026285714,6
2736.541621,53,89,0.93,36,0.025833333,6
2736.326571,62,67,0.17,5,0.034,6
2736.229192,34,65,0.93,31,0.03,6
2736.109206,64,78,0.38,14,0.027142857,6
2735.953954,59,79,0.57,20,0.0285,6
2735.903109,35,59,0.8,24,0.033333333,6
2735.888167,32,80,0.17,48,0.003541667,6
2735.830884,58,80,0.63,22,0.028636364,6
2735.660736,36,50,0.52,14,0.037142857,6
2735.646215,55,94,0.99,39,0.025384615,6
2735.395605,61,76,0.43,15,0.028666667,6
2735.257191,36,58,0.73,22,0.033181818,6
2735.157075,40,73,0.86,33,0.026060606,6
2735.133485,59,86,0.67,27,0.024814815,6
2735.00117,40,70,0.99,30,0.033,6
2734.782022,64,75,0.3,11,0.027272727,6
2734.696602,33,61,0.88,28,0.031428571,6
2734.470844,64,76,0.32,12,0.026666667,6
2734.251147,60,78,0.5,18,0.027777778,6
2734.056167,45,54,0.25,9,0.027777778,6
2733.962318,69,76,0.18,7,0.025714286,6
2733.958062,60,79,0.54,19,0.028421053,6
2733.874956,57,86,0.81,29,0.027931034,6
2733.800661,51,84,0.98,33,0.02969697,6
2733.738551,57,81,0.69,24,0.02875,6
2733.653821,62,76,0.4,14,0.028571429,6
2733.599879,55,87,0.91,32,0.0284375,6
2733.177107,35,80,0.08,45,0.001777778,6
2733.075279,35,98,0.1,63,0.001587302,6
2732.630046,42,57,0.43,15,0.028666667,6
2732.56757,52,90,0.99,38,0.026052632,6
2732.558879,66,95,0.51,29,0.017586207,6
2731.864805,36,95,0.14,59,0.002372881,6
2731.836342,56,91,0.83,35,0.023714286,6
2731.724688,56,90,0.82,34,0.024117647,6
2731.584977,52,81,0.95,29,0.032758621,6
2731.422742,58,76,0.53,18,0.029444444,6
2731.422742,57,77,0.59,20,0.0295,6
2731.422742,56,78,0.65,22,0.029545455,6
2731.404642,55,80,0.72,25,0.0288,6
2731.404642,54,81,0.78,27,0.028888889,6
2731.318592,46,67,0.68,21,0.032380952,6
2731.091219,36,54,0.61,18,0.033888889,6
2730.801876,40,50,0.33,10,0.033,6
2730.770327,36,55,0.63,19,0.033157895,6
2730.762389,31,57,0.99,26,0.038076923,6
2730.567843,55,93,0.98,38,0.025789474,6
2730.531165,43,70,0.73,27,0.027037037,6
2730.429082,55,91,0.87,36,0.024166667,6
2730.429082,54,92,0.92,38,0.024210526,6
2730.39189,34,56,0.78,22,0.035454545,6
2730.309832,33,97,0.52,64,0.008125,6
2730.261573,32,55,0.88,23,0.03826087,6
2730.088522,55,72,0.38,17,0.022352941,6
2729.74219,37,95,0.16,58,0.002758621,6
2729.660373,37,53,0.55,16,0.034375,6
2729.600051,59,80,0.56,21,0.026666667,6
2729.464854,55,94,0.87,39,0.022307692,6
2729.397552,57,82,0.67,25,0.0268,6
2729.367866,41,54,0.43,13,0.033076923,6
2728.75767,49,57,0.21,8,0.02625,6
2728.751475,52,89,0.97,37,0.026216216,6
2728.708925,59,79,0.56,20,0.028,6
2728.68932,45,50,0.17,5,0.034,6
2728.685352,38,93,0.07,55,0.001272727,6
2728.451131,31,58,0.99,27,0.036666667,6
2728.210781,38,60,0.64,22,0.029090909,6
2728.039931,43,60,0.41,17,0.024117647,6
2727.818241,40,55,0.45,15,0.03,6
2727.807113,53,80,0.88,27,0.032592593,6
2727.792988,36,67,0.84,31,0.027096774,6
2727.784717,56,72,0.55,16,0.034375,6
2727.66329,58,84,0.73,26,0.028076923,6
2727.630721,33,64,0.95,31,0.030645161,6
2727.520526,63,75,0.33,12,0.0275,6
2727.520526,61,77,0.44,16,0.0275,6
2727.520526,60,79,0.52,19,0.027368421,6
2727.520526,58,81,0.63,23,0.027391304,6
2727.375531,37,93,0.17,56,0.003035714,6
2727.350043,61,75,0.4,14,0.028571429,6
2726.693955,56,93,0.91,37,0.024594595,6
2726.381105,33,57,0.84,24,0.035,6
2726.161098,62,82,0.53,20,0.0265,6
2726.125585,64,75,0.31,11,0.028181818,6
2726.108292,59,81,0.59,22,0.026818182,6
2726.095754,35,61,0.96,26,0.036923077,6
2726.060077,59,83,0.62,24,0.025833333,6
2725.948765,36,92,0.43,56,0.007678571,6
2725.669063,33,97,0.29,64,0.00453125,6
2725.104813,63,75,0.34,12,0.028333333,6
2725.104813,59,80,0.59,21,0.028095238,6
2724.923068,53,92,0.97,39,0.024871795,6
2724.834662,36,54,0.63,18,0.035,6
2724.707006,66,73,0.19,7,0.027142857,6
2724.707006,62,77,0.41,15,0.027333333,6
2724.624466,55,92,0.89,37,0.024054054,6
2724.624466,54,93,0.94,39,0.024102564,6
2724.624466,53,94,0.99,41,0.024146341,6
2724.522967,55,90,0.97,35,0.027714286,6
2724.439438,55,82,0.75,27,0.027777778,6
2724.336076,32,58,0.9,26,0.034615385,6
2723.908165,32,79,0.13,47,0.002765957,6
2723.865546,57,84,0.72,27,0.026666667,6
2723.703279,54,92,0.93,38,0.024473684,6
2723.620594,55,83,0.8,28,0.028571429,6
2723.49854,41,47,0.22,6,0.036666667,6
2723.388108,64,78,0.4,14,0.028571429,6
2723.221941,31,82,0.12,51,0.002352941,6
2723.118501,33,56,0.84,23,0.036521739,6
2723.063555,42,53,0.36,11,0.032727273,6
2722.915463,37,93,0.18,56,0.003214286,6
2722.582986,40,67,0.1,27,0.003703704,6
2722.504394,34,97,0.23,63,0.003650794,6
2722.465371,62,78,0.43,16,0.026875,6
2722.38583,32,64,0.98,32,0.030625,6
2721.771452,39,47,0.3,8,0.0375,6
2721.663246,41,48,0.25,7,0.035714286,6
2721.574263,35,97,0.13,62,0.002096774,6
2721.461944,58,81,0.65,23,0.02826087,6
2721.404905,42,63,0.08,21,0.003809524,6
2721.359665,55,79,0.71,24,0.029583333,6
2720.924234,33,59,0.87,26,0.033461538,6
2720.880751,54,93,0.95,39,0.024358974,6
2720.843605,53,75,0.77,22,0.035,6
2720.675094,56,79,0.67,23,0.029130435,6
2720.411793,55,86,0.81,31,0.026129032,6
2720.209951,55,85,0.79,30,0.026333333,6
2720.209951,54,86,0.85,32,0.0265625,6
2719.988021,32,98,0.5,66,0.007575758,6
2719.806368,55,94,0.97,39,0.024871795,6
2719.778385,39,57,0.58,18,0.032222222,6
2719.750495,34,60,0.83,26,0.031923077,6
2719.689339,38,64,0.69,26,0.026538462,6
2719.406595,59,81,0.58,22,0.026363636,6
2719.406595,58,82,0.63,24,0.02625,6
2719.401125,32,60,0.97,28,0.034642857,6
2718.728948,38,58,0.65,20,0.0325,6
2718.533444,63,77,0.4,14,0.028571429,6
2718.464405,33,58,0.86,25,0.0344,6
2718.403835,43,51,0.24,8,0.03,6
2718.16733,63,78,0.42,15,0.028,6
2718.16733,61,80,0.53,19,0.027894737,6
2717.864873,58,88,0.72,30,0.024,6
2717.662463,69,91,0.39,22,0.017727273,6
2717.565359,35,99,0.12,64,0.001875,6
2717.357483,54,83,0.81,29,0.027931034,6
2717.124288,55,83,0.77,28,0.0275,6
2717.124288,54,84,0.83,30,0.027666667,6
2716.705363,58,78,0.58,20,0.029,6
2716.576535,54,85,0.91,31,0.029354839,6
2716.576535,53,86,0.97,33,0.029393939,6
2716.429064,55,73,0.62,18,0.034444444,6
2716.429064,54,74,0.69,20,0.0345,6
2716.190446,70,92,0.41,22,0.018636364,6
2715.85449,40,76,0.92,36,0.025555556,6
2715.840787,61,77,0.43,16,0.026875,6
2715.810113,36,63,0.8,27,0.02962963,6
2715.436635,57,73,0.54,16,0.03375,6
2715.33868,67,74,0.2,7,0.028571429,6
2715.283731,31,82,0.13,51,0.00254902,6
2715.242912,56,85,0.78,29,0.026896552,6
2715.107456,65,74,0.26,9,0.028888889,6
2714.935493,37,94,0.19,57,0.003333333,6
2714.623213,54,98,0.94,44,0.021363636,6
2714.326307,59,80,0.58,21,0.027619048,6
2714.146292,58,72,0.47,14,0.033571429,6
2714.132101,56,86,0.85,30,0.028333333,6
2714.123784,73,88,0.27,15,0.018,6
2714.111476,63,74,0.3,11,0.027272727,6
2714.111476,61,76,0.41,15,0.027333333,6
2714.100058,62,68,0.2,6,0.033333333,6
2714.021529,54,80,0.77,26,0.029615385,6
2713.867811,35,98,0.12,63,0.001904762,6
2713.623419,37,91,0.41,54,0.007592593,6
2713.532057,54,88,0.88,34,0.025882353,6
2713.518456,32,60,0.95,28,0.033928571,6
2713.372537,55,84,0.82,29,0.028275862,6
2713.195323,34,56,0.76,22,0.034545455,6
2713.093527,57,89,0.77,32,0.0240625,6
2712.842051,53,84,0.87,31,0.028064516,6
2712.529312,57,84,0.71,27,0.026296296,6
2712.478658,46,51,0.16,5,0.032,6
2712.362994,55,92,0.9,37,0.024324324,6
2712.360854,34,99,0.13,65,0.002,6
2712.337259,57,83,0.69,26,0.026538462,6
2712.134073,66,98,0.59,32,0.0184375,6
2710.998343,64,71,0.2,7,0.028571429,6
2710.912639,32,56,0.89,24,0.037083333,6
2710.90643,61,75,0.39,14,0.027857143,6
2710.90643,58,78,0.56,20,0.028,6
2710.750561,57,87,0.83,30,0.027666667,6
2710.673769,58,79,0.58,21,0.027619048,6
2710.300073,55,82,0.76,27,0.028148148,6
2710.273503,33,55,0.79,22,0.035909091,6
2710.136384,40,61,0.56,21,0.026666667,6
2710.084125,66,75,0.25,9,0.027777778,6
2710.084125,63,79,0.44,16,0.0275,6
2710.084125,61,81,0.55,20,0.0275,6
2709.773125,61,79,0.52,18,0.028888889,6
2709.771403,53,76,0.79,23,0.034347826,6
2709.771403,52,77,0.86,25,0.0344,6
2709.771403,51,78,0.93,27,0.034444444,6
2709.725209,34,57,0.8,23,0.034782609,6
2709.638926,65,79,0.37,14,0.026428571,6
2709.605366,56,93,0.82,37,0.022162162,6
2709.35591,57,92,0.88,35,0.025142857,6
2709.110128,43,50,0.23,7,0.032857143,6
2708.960623,41,51,0.33,10,0.033,6
2708.629325,59,77,0.52,18,0.028888889,6
2708.609106,32,79,0.14,47,0.002978723,6
2708.558225,56,74,0.58,18,0.032222222,6
2708.558225,54,76,0.71,22,0.032272727,6
2708.513101,56,71,0.53,15,0.035333333,6
2708.490883,36,61,0.74,25,0.0296,6
2708.456342,33,65,0.97,32,0.0303125,6
2708.414175,55,85,0.8,30,0.026666667,6
2708.114012,31,57,0.98,26,0.037692308,6
2708.103871,76,85,0.17,9,0.018888889,6
2707.858097,37,94,0.18,57,0.003157895,6
2707.831439,36,84,0.99,48,0.020625,6
2707.829488,54,84,0.9,30,0.03,6
2707.829488,54,85,0.92,31,0.029677419,6
2707.829488,53,86,0.98,33,0.02969697,6
2707.702938,63,80,0.46,17,0.027058824,6
2707.674745,65,71,0.17,6,0.028333333,6
2707.667688,56,93,0.93,37,0.025135135,6
2707.473421,54,89,0.99,35,0.028285714,6
2707.300683,56,82,0.71,26,0.027307692,6
2707.292306,56,81,0.72,25,0.0288,6
2707.137059,37,66,0.75,29,0.025862069,6
2707.077689,36,95,0.19,59,0.003220339,6
2706.970208,47,49,0.06,2,0.03,6
2706.970208,46,50,0.12,4,0.03,6
2706.970208,45,51,0.18,6,0.03,6
2706.970208,44,52,0.24,8,0.03,6
2706.85216,33,97,0.51,64,0.00796875,6
2706.633644,63,73,0.28,10,0.028,6
2706.633644,57,79,0.62,22,0.028181818,6
2706.484391,36,95,0.24,59,0.004067797,6
2706.034224,60,80,0.58,20,0.029,6
2706.034224,59,81,0.64,22,0.029090909,6
2706.034224,56,85,0.84,29,0.028965517,6
2706.025077,33,84,0.11,51,0.002156863,6
2706.004691,34,97,0.26,63,0.004126984,6
2705.897701,62,77,0.4,15,0.026666667,6
2705.760294,53,96,0.96,43,0.022325581,6
2705.680305,32,85,0.14,53,0.002641509,6
2705.672372,31,81,0.14,50,0.0028,6
2705.337809,42,53,0.33,11,0.03,6
2705.337809,41,54,0.39,13,0.03,6
2705.195436,34,62,0.92,28,0.032857143,6
2704.750372,64,75,0.32,11,0.029090909,6
2704.718369,35,53,0.67,18,0.037222222,6
2704.675081,57,92,0.86,35,0.024571429,6
2704.675081,55,96,0.99,41,0.024146341,6
2703.94662,53,70,0.4,17,0.023529412,6
2703.705389,55,72,0.6,17,0.035294118,6
2703.626329,57,80,0.64,23,0.027826087,6
2703.491168,50,72,0.55,22,0.025,6
2703.435022,67,75,0.22,8,0.0275,6
2703.435022,65,77,0.33,12,0.0275,6
2703.435022,61,82,0.57,21,0.027142857,6
2703.118323,53,93,0.97,40,0.02425,6
2702.972992,54,57,0.07,3,0.023333333,6
2702.957397,55,95,0.88,40,0.022,6
2702.665186,70,91,0.37,21,0.017619048,6
2702.480276,55,84,0.83,29,0.02862069,6
2702.439044,66,76,0.26,10,0.026,6
2702.392018,35,94,0.44,59,0.007457627,6
2702.243703,55,88,0.85,33,0.025757576,6
2702.14632,53,75,0.76,22,0.034545455,6
2702.011228,30,83,0.19,53,0.003584906,6
2701.92119,37,82,0.97,45,0.021555556,6
2701.740235,33,63,0.97,30,0.032333333,6
2701.505063,37,70,0.13,33,0.003939394,6
2701.368874,37,49,0.45,12,0.0375,6
2701.273673,36,93,0.17,57,0.002982456,6
2701.179261,66,99,0.6,33,0.018181818,6
2701.016001,57,84,0.78,27,0.028888889,6
2701.007855,59,77,0.51,18,0.028333333,6
2700.859101,61,69,0.27,8,0.03375,6
2700.852604,51,86,0.99,35,0.028285714,6
2700.776013,58,78,0.57,20,0.0285,6
2700.696677,36,55,0.67,19,0.035263158,6
2700.487113,66,98,0.56,32,0.0175,6
2700.225123,56,83,0.73,27,0.027037037,6
2700.14268,60,82,0.61,22,0.027727273,6
2700.06859,40,55,0.5,15,0.033333333,6
2700.051506,37,91,0.4,54,0.007407407,6
2700.008778,41,73,0.86,32,0.026875,6
2699.887671,35,61,0.84,26,0.032307692,6
2699.819826,53,98,0.97,45,0.021555556,6
2699.768818,60,77,0.49,17,0.028823529,6
2699.656912,33,84,0.13,51,0.00254902,6
2699.651614,43,65,0.08,22,0.003636364,6
2699.596335,60,76,0.45,16,0.028125,6
2699.525273,65,72,0.19,7,0.027142857,6
2699.36461,56,81,0.7,25,0.028,6
2699.271109,33,82,0.12,49,0.00244898,6
2699.267573,60,78,0.51,18,0.028333333,6
2699.14611,62,69,0.23,7,0.032857143,6
2699.116244,33,61,0.87,28,0.031071429,6
2698.862236,60,79,0.51,19,0.026842105,6
2698.757534,52,85,0.93,33,0.028181818,6
2698.666033,34,95,0.24,61,0.003934426,6
2698.383336,71,90,0.36,19,0.018947368,6
2698.321449,32,99,0.3,67,0.004477612,6
2698.31403,60,82,0.58,22,0.026363636,6
2698.252766,62,78,0.42,16,0.02625,6
2698.239721,33,62,0.96,29,0.033103448,6
2698.095821,56,94,0.83,38,0.021842105,6
2697.965554,40,73,0.87,33,0.026363636,6
2697.913547,34,61,0.88,27,0.032592593,6
2697.86872,40,54,0.42,14,0.03,6
2697.833553,36,94,0.26,58,0.004482759,6
2697.707398,37,93,0.13,56,0.002321429,6
2697.585413,56,82,0.74,26,0.028461538,6
2697.569864,32,55,0.89,23,0.038695652,6
2697.569864,31,56,0.97,25,0.0388,6
2697.498033,64,73,0.26,9,0.028888889,6
2697.352758,63,82,0.5,19,0.026315789,6
2697.352758,60,85,0.66,25,0.0264,6
2697.003046,35,93,0.45,58,0.007758621,6
2696.808205,62,76,0.38,14,0.027142857,6
2696.377439,56,84,0.78,28,0.027857143,6
2696.35411,55,80,0.73,25,0.0292,6
2696.35411,54,81,0.79,27,0.029259259,6
2696.35411,53,82,0.85,29,0.029310345,6
2696.324835,54,71,0.39,17,0.022941176,6
2696.211772,53,86,0.94,33,0.028484848,6
2696.174718,54,84,0.89,30,0.029666667,6
2696.174718,53,85,0.95,32,0.0296875,6
2696.170167,34,80,0.11,46,0.002391304,6
2696.169878,41,72,0.82,31,0.026451613,6
2696.077233,65,74,0.24,9,0.026666667,6
2696.070298,34,98,0.24,64,0.00375,6
2696.033106,53,90,0.95,37,0.025675676,6
2695.682368,30,84,0.15,54,0.002777778,6
2695.556384,76,90,0.24,14,0.017142857,6
2695.548836,55,90,0.87,35,0.024857143,6
2695.396754,54,82,0.81,28,0.028928571,6
2695.275444,53,83,0.87,30,0.029,6
2695.068562,37,56,0.65,19,0.034210526,6
2694.961445,34,97,0.29,63,0.004603175,6
2694.692844,46,61,0.34,15,0.022666667,6
2694.692105,54,83,0.88,29,0.030344828,6
2694.680214,57,88,0.77,31,0.02483871,6
2694.680214,56,89,0.82,33,0.024848485,6
2694.652161,53,93,0.98,40,0.0245,6
2694.628594,32,78,0.13,46,0.002826087,6
2694.33115,53,85,0.89,32,0.0278125,6
2694.271346,67,79,0.24,12,0.02,6
2694.259844,66,79,0.34,13,0.026153846,6
2694.259844,62,83,0.55,21,0.026190476,6
2694.259844,59,87,0.73,28,0.026071429,6
2694.189402,58,82,0.66,24,0.0275,6
2694.12063,60,79,0.53,19,0.027894737,6
2694.112133,58,86,0.71,28,0.025357143,6
2694.054232,65,73,0.23,8,0.02875,6
2694.040062,68,78,0.2,10,0.02,6
2693.630157,36,94,0.16,58,0.002758621,6
2693.607065,35,96,0.27,61,0.00442623,6
2693.517101,60,83,0.63,23,0.027391304,6
2693.517101,58,85,0.74,27,0.027407407,6
2693.381466,45,53,0.23,8,0.02875,6
2693.175707,40,74,0.89,34,0.026176471,6
2693.11511,53,87,0.91,34,0.026764706,6
2692.737782,55,91,0.88,36,0.024444444,6
2692.720921,55,85,0.83,30,0.027666667,6
2692.576575,31,83,0.14,52,0.002692308,6
2692.418972,55,95,0.98,40,0.0245,6
2692.38027,54,85,0.89,31,0.028709677,6
2692.115868,34,75,0.14,41,0.003414634,6
2692.11121,34,96,0.48,62,0.007741935,6
2692.093585,41,53,0.36,12,0.03,6
2692.07802,32,60,0.96,28,0.034285714,6
2691.777412,39,51,0.43,12,0.035833333,6
2691.619937,56,87,0.88,31,0.028387097,6
2691.526325,35,59,0.81,24,0.03375,6
2691.482546,65,97,0.57,32,0.0178125,6
2691.397852,36,95,0.25,59,0.004237288,6
2691.199018,41,58,0.49,17,0.028823529,6
2691.188998,34,52,0.72,18,0.04,6
2691.144521,56,83,0.77,27,0.028518519,6
2690.6226,53,97,0.96,44,0.021818182,6
2690.3457,43,49,0.2,6,0.033333333,6
2690.338775,56,89,0.91,33,0.027575758,6
2690.020347,63,75,0.32,12,0.026666667,6
2689.942028,57,83,0.72,26,0.027692308,6
2689.901611,35,94,0.2,59,0.003389831,6
2689.790102,35,69,0.91,34,0.026764706,6
2689.73958,34,81,0.12,47,0.002553191,6
2689.716449,38,53,0.48,15,0.032,6
2689.592391,55,90,0.96,35,0.027428571,6
2689.582852,58,82,0.64,24,0.026666667,6
2689.447168,62,80,0.51,18,0.028333333,6
2689.442111,34,58,0.84,24,0.035,6
2689.278405,48,51,0.04,3,0.013333333,6
2689.179916,32,58,0.91,26,0.035,6
2689.023859,41,68,0.1,27,0.003703704,6
2688.935441,44,82,0.92,38,0.024210526,6
2688.712614,64,74,0.27,10,0.027,6
2688.707768,53,83,0.88,30,0.029333333,6
2688.707768,52,84,0.94,32,0.029375,6
2688.626921,58,83,0.65,25,0.026,6
2688.585356,54,96,0.93,42,0.022142857,6
2688.545916,40,61,0.55,21,0.026190476,6
2688.191541,54,85,0.88,31,0.028387097,6
2688.065148,41,48,0.24,7,0.034285714,6
2688.065148,40,49,0.31,9,0.034444444,6
2687.990765,39,64,0.25,25,0.01,6
2687.880728,39,66,0.11,27,0.004074074,6
2687.829221,38,49,0.41,11,0.037272727,6
2687.719424,54,86,0.89,32,0.0278125,6
2687.719424,53,87,0.95,34,0.027941176,6
2687.614625,61,78,0.45,17,0.026470588,6
2687.47511,59,83,0.67,24,0.027916667,6
2687.47511,56,87,0.86,31,0.027741935,6
2687.110547,33,62,0.97,29,0.033448276,6
2686.814179,53,74,0.47,21,0.022380952,6
2686.807082,56,85,0.76,29,0.026206897,6
2686.684688,52,89,0.98,37,0.026486486,6
2686.66921,58,87,0.77,29,0.026551724,6
2686.523921,35,96,0.22,61,0.003606557,6
2686.271248,34,61,0.89,27,0.032962963,6
2686.251699,42,69,0.75,27,0.027777778,6
2686.184931,69,93,0.43,24,0.017916667,6
2685.89225,31,58,0.95,27,0.035185185,6
2685.88512,55,96,0.88,41,0.021463415,6
2685.88512,53,99,0.98,46,0.021304348,6
2685.791254,64,77,0.36,13,0.027692308,6
2685.714511,36,94,0.27,58,0.004655172,6
2685.504599,69,73,0.11,4,0.0275,6
2685.499806,60,86,0.68,26,0.026153846,6
2685.288525,58,81,0.64,23,0.027826087,6
2685.142951,73,89,0.28,16,0.0175,6
2685.116737,54,87,0.88,33,0.026666667,6
2685.028335,58,85,0.75,27,0.027777778,6
2684.720592,52,76,0.85,24,0.035416667,6
2684.595525,60,81,0.55,21,0.026190476,6
2684.595525,56,86,0.78,30,0.026,6
2684.593627,72,74,0.04,2,0.02,6
2684.593627,71,75,0.08,4,0.02,6
2684.593627,70,76,0.12,6,0.02,6
2684.593627,69,77,0.16,8,0.02,6
2684.264748,52,87,0.96,35,0.027428571,6
2684.039947,38,99,0.09,61,0.00147541,6
2684.009725,39,62,0.65,23,0.02826087,6
2683.987792,36,70,0.15,34,0.004411765,6
2683.939012,56,90,0.83,34,0.024411765,6
2683.921677,36,93,0.22,57,0.003859649,6
2683.897528,69,95,0.47,26,0.018076923,6
2683.707897,42,66,0.09,24,0.00375,6
2683.680169,60,77,0.47,17,0.027647059,6
2683.32503,35,55,0.71,20,0.0355,6
2683.269894,63,72,0.28,9,0.031111111,6
2683.222337,36,67,0.83,31,0.026774194,6
2683.176671,67,97,0.55,30,0.018333333,6
2683.026133,38,68,0.13,30,0.004333333,6
2682.73037,54,73,0.43,19,0.022631579,6
2682.697095,32,99,0.31,67,0.004626866,6
2682.640399,35,94,0.45,59,0.007627119,6
2682.568446,37,92,0.15,55,0.002727273,6
2682.557717,55,88,0.94,33,0.028484848,6
2682.419996,61,85,0.62,24,0.025833333,6
2682.34541,56,85,0.77,29,0.026551724,6
2682.28016,54,94,0.95,40,0.02375,6
2682.161499,57,79,0.64,22,0.029090909,6
2682.069999,35,97,0.22,62,0.003548387,6
2682.01111,38,52,0.5,14,0.035714286,6
2681.787954,40,74,0.88,34,0.025882353,6
2681.772086,58,83,0.72,25,0.0288,6
2681.272539,36,92,0.42,56,0.0075,6
2681.220844,31,83,0.1,52,0.001923077,6
2680.94986,72,90,0.34,18,0.018888889,6
2680.921987,72,91,0.35,19,0.018421053,6
2680.903846,35,60,0.79,25,0.0316,6
2680.879504,62,80,0.5,18,0.027777778,6
2680.879504,62,81,0.52,19,0.027368421,6
2680.879504,61,82,0.58,21,0.027619048,6
2680.879504,59,84,0.69,25,0.0276,6
2680.879504,58,86,0.76,28,0.027142857,6
2680.879504,58,86,0.77,28,0.0275,6
2680.879504,57,86,0.8,29,0.027586207,6
2680.879504,57,87,0.82,30,0.027333333,6
2680.879504,56,88,0.88,32,0.0275,6
2680.879504,55,90,0.95,35,0.027142857,6
2680.833327,57,87,0.84,30,0.028,6
2680.833203,40,65,0.86,25,0.0344,6
2680.771374,53,94,0.97,41,0.023658537,6
2680.6321,46,70,0.76,24,0.031666667,6
2680.451843,57,80,0.66,23,0.028695652,6
2680.420653,43,71,0.73,28,0.026071429,6
2680.347193,32,97,0.53,65,0.008153846,6
2680.300339,57,82,0.7,25,0.028,6
2680.300339,56,83,0.76,27,0.028148148,6
2680.252171,53,85,0.92,32,0.02875,6
2680.122004,67,98,0.56,31,0.018064516,6
2679.978872,37,94,0.15,57,0.002631579,6
2679.745469,58,81,0.62,23,0.026956522,6
2679.720379,35,98,0.21,63,0.003333333,6
2679.649878,58,84,0.74,26,0.028461538,6
2679.525277,63,80,0.48,17,0.028235294,6
2679.490383,60,83,0.65,23,0.02826087,6
2679.426434,64,77,0.37,13,0.028461538,6
2678.905342,43,68,0.7,25,0.028,6
2678.626274,44,54,0.29,10,0.029,6
2678.585207,56,94,0.82,38,0.021578947,6
2678.585207,54,96,0.91,42,0.021666667,6
2678.551278,44,56,0.15,12,0.0125,6
2678.356904,41,66,0.09,25,0.0036,6
2678.24757,54,74,0.7,20,0.035,6
2678.153207,58,93,0.75,35,0.021428571,6
2677.877123,34,59,0.8,25,0.032,6
2677.751423,64,69,0.16,5,0.032,6
2677.746648,42,51,0.34,9,0.037777778,6
2677.696441,31,80,0.19,49,0.003877551,6
2677.525376,41,67,0.1,26,0.003846154,6
2677.520156,35,73,0.13,38,0.003421053,6
2677.486425,57,86,0.82,29,0.028275862,6
2677.37251,33,83,0.12,50,0.0024,6
2677.307752,57,79,0.63,22,0.028636364,6
2677.302024,64,77,0.35,13,0.026923077,6
2677.20379,33,99,0.32,66,0.004848485,6
2676.885001,43,70,0.71,27,0.026296296,6
2676.819094,56,70,0.32,14,0.022857143,6
2676.758805,69,75,0.16,6,0.026666667,6
2676.700413,59,78,0.53,19,0.027894737,6
