% profit,ema1,ema2,threshold,diff,thresh / diff,ID
3244.578084,36,53,0.6,17,0.035294118,4
3141.496199,35,98,0.14,63,0.002222222,4
3110.48567,36,52,0.58,16,0.03625,4
3105.157335,63,67,0.13,4,0.0325,4
3105.157335,61,69,0.26,8,0.0325,4
3084.389984,34,99,0.15,65,0.002307692,4
3081.303292,60,68,0.27,8,0.03375,4
3078.682303,56,73,0.57,17,0.033529412,4
3076.27715,59,69,0.34,10,0.034,4
3076.27715,55,74,0.64,19,0.033684211,4
3072.033816,56,75,0.62,19,0.032631579,4
3067.958786,42,45,0.11,3,0.036666667,4
3066.000469,54,75,0.71,21,0.033809524,4
3060.210177,58,70,0.41,12,0.034166667,4
3055.352335,54,93,0.96,39,0.024615385,4
3052.088533,55,90,0.88,35,0.025142857,4
3052.088533,54,92,0.95,38,0.025,4
3049.46293,59,70,0.37,11,0.033636364,4
3047.945097,57,74,0.55,17,0.032352941,4
3045.896445,63,66,0.1,3,0.033333333,4
3041.406158,56,89,0.83,33,0.025151515,4
3038.949074,58,73,0.49,15,0.032666667,4
3038.51225,61,68,0.23,7,0.032857143,4
3033.388761,58,72,0.46,14,0.032857143,4
3029.875697,60,69,0.3,9,0.033333333,4
3028.643246,57,87,0.76,30,0.025333333,4
3028.643246,56,88,0.81,32,0.0253125,4
3028.487131,54,77,0.77,23,0.033478261,4
3024.725385,55,76,0.69,21,0.032857143,4
3024.013759,61,68,0.24,7,0.034285714,4
3021.451855,54,91,0.93,37,0.025135135,4
3020.547582,54,77,0.76,23,0.033043478,4
3020.146569,53,76,0.79,23,0.034347826,4
3020.01995,35,96,0.18,61,0.00295082,4
3018.179007,60,70,0.33,10,0.033,4
3016.163447,53,77,0.82,24,0.034166667,4
3015.111603,59,72,0.42,13,0.032307692,4
3014.889911,51,79,0.95,28,0.033928571,4
3014.57975,55,73,0.62,18,0.034444444,4
3012.538689,50,85,0.97,35,0.027714286,4
3012.265731,35,55,0.7,20,0.035,4
3010.325439,37,51,0.5,14,0.035714286,4
3010.276132,53,91,0.97,38,0.025526316,4
3008.039412,34,98,0.17,64,0.00265625,4
3006.831145,57,73,0.53,16,0.033125,4
3005.249934,61,69,0.27,8,0.03375,4
3001.55971,56,74,0.6,18,0.033333333,4
2997.707061,53,90,0.96,37,0.025945946,4
2995.939282,62,68,0.2,6,0.033333333,4
2992.556333,54,76,0.75,22,0.034090909,4
2990.561608,34,97,0.18,63,0.002857143,4
2990.149712,55,76,0.7,21,0.033333333,4
2989.694868,59,71,0.39,12,0.0325,4
2988.817724,35,98,0.13,63,0.002063492,4
2987.782825,53,78,0.84,25,0.0336,4
2986.454861,52,79,0.91,27,0.033703704,4
2984.598697,55,75,0.68,20,0.034,4
2984.438338,51,84,0.91,33,0.027575758,4
2981.918229,51,80,0.98,29,0.033793103,4
2981.130338,46,52,0.17,6,0.028333333,4
2980.061901,43,55,0.34,12,0.028333333,4
2980.049767,61,67,0.2,6,0.033333333,4
2980.049767,58,70,0.4,12,0.033333333,4
2979.716224,54,80,0.73,26,0.028076923,4
2979.621693,34,97,0.19,63,0.003015873,4
2979.375073,34,98,0.16,64,0.0025,4
2978.597142,52,77,0.84,25,0.0336,4
2975.307098,54,75,0.72,21,0.034285714,4
2975.161557,35,97,0.15,62,0.002419355,4
2974.724376,54,74,0.69,20,0.0345,4
2971.828964,52,78,0.88,26,0.033846154,4
2971.745852,59,81,0.62,22,0.028181818,4
2970.054709,56,72,0.55,16,0.034375,4
2969.233883,60,80,0.56,20,0.028,4
2968.07562,57,71,0.48,14,0.034285714,4
2967.120689,55,89,0.86,34,0.025294118,4
2966.976622,52,79,0.9,27,0.033333333,4
2965.634645,51,81,0.99,30,0.033,4
2964.649246,51,80,0.97,29,0.033448276,4
2963.899691,34,99,0.14,65,0.002153846,4
2963.648216,56,75,0.63,19,0.033157895,4
2963.630001,60,79,0.54,19,0.028421053,4
2962.884657,58,71,0.43,13,0.033076923,4
2962.884657,55,74,0.63,19,0.033157895,4
2961.257178,59,71,0.4,12,0.033333333,4
2961.257178,53,78,0.83,25,0.0332,4
2960.717115,36,95,0.15,59,0.002542373,4
2960.673311,62,67,0.17,5,0.034,4
2960.280339,63,68,0.16,5,0.032,4
2959.45064,57,72,0.5,15,0.033333333,4
2959.220645,35,96,0.16,61,0.002622951,4
2958.845276,37,53,0.56,16,0.035,4
2958.08867,56,74,0.61,18,0.033888889,4
2957.791576,39,49,0.36,10,0.036,4
2956.818695,40,49,0.31,9,0.034444444,4
2956.619598,58,71,0.44,13,0.033846154,4
2956.619598,55,75,0.67,20,0.0335,4
2956.619598,54,76,0.74,22,0.033636364,4
2956.005024,42,73,0.98,31,0.031612903,4
2955.410386,61,70,0.29,9,0.032222222,4
2954.833764,58,72,0.47,14,0.033571429,4
2952.808306,35,53,0.65,18,0.036111111,4
2951.894979,35,54,0.68,19,0.035789474,4
2951.697228,34,99,0.16,65,0.002461538,4
2951.213727,57,73,0.54,16,0.03375,4
2950.981451,57,69,0.41,12,0.034166667,4
2950.186674,42,49,0.23,7,0.032857143,4
2948.876926,55,74,0.65,19,0.034210526,4
2948.213211,57,71,0.47,14,0.033571429,4
2948.109509,56,72,0.54,16,0.03375,4
2947.713857,51,86,0.93,35,0.026571429,4
2946.874133,58,68,0.34,10,0.034,4
2946.631053,36,54,0.63,18,0.035,4
2946.629888,38,50,0.43,12,0.035833333,4
2946.411806,54,76,0.73,22,0.033181818,4
2946.366885,53,76,0.78,23,0.033913043,4
2945.701871,53,76,0.77,23,0.033478261,4
2945.642246,60,70,0.34,10,0.034,4
2944.41475,55,73,0.61,18,0.033888889,4
2944.292252,53,93,0.99,40,0.02475,4
2943.973348,58,75,0.48,17,0.028235294,4
2942.752313,40,49,0.32,9,0.035555556,4
2942.246612,63,69,0.19,6,0.031666667,4
2941.399748,60,67,0.24,7,0.034285714,4
2941.031683,56,73,0.58,17,0.034117647,4
2941.00741,54,75,0.7,21,0.033333333,4
2937.217928,54,74,0.68,20,0.034,4
2936.993275,37,52,0.53,15,0.035333333,4
2936.555298,52,79,0.89,27,0.032962963,4
2936.555298,51,80,0.96,29,0.033103448,4
2935.837337,59,68,0.31,9,0.034444444,4
2934.488669,36,94,0.17,58,0.002931034,4
2933.98217,59,71,0.41,12,0.034166667,4
2933.446811,41,49,0.27,8,0.03375,4
2931.880982,52,77,0.85,25,0.034,4
2931.771788,53,77,0.8,24,0.033333333,4
2931.181095,50,87,0.99,37,0.026756757,4
2930.517391,35,96,0.19,61,0.003114754,4
2929.477795,52,78,0.87,26,0.033461538,4
2929.477795,51,79,0.94,28,0.033571429,4
2929.332251,53,77,0.81,24,0.03375,4
2928.854919,49,65,0.51,16,0.031875,4
2928.115649,54,78,0.78,24,0.0325,4
2926.275207,34,99,0.17,65,0.002615385,4
2925.619732,43,71,0.9,28,0.032142857,4
2925.587419,55,91,0.9,36,0.025,4
2925.305707,58,74,0.51,16,0.031875,4
2924.342685,35,96,0.17,61,0.002786885,4
2923.425123,35,95,0.18,60,0.003,4
2923.415484,52,86,0.89,34,0.026176471,4
2923.344473,53,92,0.98,39,0.025128205,4
2922.6911,58,86,0.71,28,0.025357143,4
2921.395136,57,72,0.51,15,0.034,4
2921.362311,54,91,0.94,37,0.025405405,4
2921.286774,44,71,0.85,27,0.031481481,4
2921.215746,53,78,0.82,25,0.0328,4
2920.511683,56,74,0.59,18,0.032777778,4
2920.469147,42,72,0.97,30,0.032333333,4
2919.355054,50,86,0.98,36,0.027222222,4
2915.68614,34,98,0.18,64,0.0028125,4
2915.583006,54,90,0.92,36,0.025555556,4
2914.791168,36,95,0.17,59,0.002881356,4
2913.782443,55,92,0.91,37,0.024594595,4
2912.707065,34,98,0.19,64,0.00296875,4
2912.16343,57,70,0.45,13,0.034615385,4
2910.941173,63,77,0.39,14,0.027857143,4
2910.861045,37,53,0.54,16,0.03375,4
2909.85198,57,75,0.58,18,0.032222222,4
2909.85198,55,77,0.71,22,0.032272727,4
2909.718564,33,99,0.2,66,0.003030303,4
2909.087113,53,92,0.99,39,0.025384615,4
2908.767127,56,83,0.77,27,0.028518519,4
2908.33277,57,76,0.54,19,0.028421053,4
2908.25898,56,77,0.6,21,0.028571429,4
2908.247918,34,54,0.72,20,0.036,4
2907.546475,34,97,0.17,63,0.002698413,4
2907.485034,51,78,0.92,27,0.034074074,4
2907.203218,36,96,0.14,60,0.002333333,4
2906.689307,34,97,0.2,63,0.003174603,4
2905.708985,51,85,0.92,34,0.027058824,4
2905.031784,35,97,0.16,62,0.002580645,4
2904.412657,58,69,0.38,11,0.034545455,4
2904.354466,56,71,0.52,15,0.034666667,4
2904.019332,33,56,0.82,23,0.035652174,4
2903.084182,44,70,0.83,26,0.031923077,4
2901.261978,36,94,0.18,58,0.003103448,4
2901.106123,65,75,0.28,10,0.028,4
2900.102824,63,76,0.37,13,0.028461538,4
2900.102824,59,80,0.6,21,0.028571429,4
2898.746333,49,64,0.48,15,0.032,4
2898.272353,55,75,0.66,20,0.033,4
2896.629353,36,53,0.61,17,0.035882353,4
2896.006175,59,82,0.63,23,0.027391304,4
2895.146392,53,81,0.79,28,0.028214286,4
2893.109539,32,58,0.92,26,0.035384615,4
2892.583847,61,74,0.4,13,0.030769231,4
2892.354423,35,97,0.14,62,0.002258065,4
2892.345773,38,51,0.46,13,0.035384615,4
2891.350271,42,57,0.42,15,0.028,4
2891.285726,53,78,0.85,25,0.034,4
2890.067015,53,82,0.79,29,0.027241379,4
2889.422793,51,83,0.91,32,0.0284375,4
2889.218282,55,86,0.88,31,0.028387097,4
2886.740649,62,72,0.31,10,0.031,4
2886.553829,34,99,0.18,65,0.002769231,4
2886.550675,50,85,0.98,35,0.028,4
2886.497619,52,84,0.86,32,0.026875,4
2886.288786,48,66,0.58,18,0.032222222,4
2885.291157,57,78,0.58,21,0.027619048,4
2884.946275,53,79,0.85,26,0.032692308,4
2884.470807,53,91,0.98,38,0.025789474,4
2884.295882,53,90,0.97,37,0.026216216,4
2883.439705,33,99,0.21,66,0.003181818,4
2883.025769,57,77,0.56,20,0.028,4
2882.504346,58,83,0.69,25,0.0276,4
2881.461047,35,98,0.17,63,0.002698413,4
2880.593327,35,95,0.2,60,0.003333333,4
2880.235184,33,55,0.83,22,0.037727273,4
2880.138808,34,96,0.21,62,0.003387097,4
2879.502437,37,56,0.61,19,0.032105263,4
2878.780654,50,84,0.97,34,0.028529412,4
2878.735626,58,81,0.66,23,0.028695652,4
2878.735626,56,84,0.8,28,0.028571429,4
2878.273758,50,79,0.99,29,0.034137931,4
2876.369602,46,68,0.7,22,0.031818182,4
2876.051482,34,96,0.2,62,0.003225806,4
2875.324855,60,74,0.39,14,0.027857143,4
2875.223124,54,87,0.94,33,0.028484848,4
2874.55911,55,78,0.66,23,0.028695652,4
2874.210113,52,61,0.29,9,0.032222222,4
2873.478466,45,70,0.79,25,0.0316,4
2873.285799,58,82,0.68,24,0.028333333,4
2873.285799,57,83,0.74,26,0.028461538,4
2873.285799,56,85,0.82,29,0.028275862,4
2872.505602,35,53,0.66,18,0.036666667,4
2872.026495,52,82,0.85,30,0.028333333,4
2871.774,63,71,0.25,8,0.03125,4
2871.632615,61,79,0.5,18,0.027777778,4
2871.632615,58,82,0.67,24,0.027916667,4
2871.58728,42,73,0.99,31,0.031935484,4
2871.000264,54,81,0.75,27,0.027777778,4
2870.785857,64,76,0.34,12,0.028333333,4
2869.250237,33,99,0.18,66,0.002727273,4
2869.219755,51,82,0.91,31,0.029354839,4
2868.956886,53,80,0.78,27,0.028888889,4
2868.956886,52,81,0.84,29,0.028965517,4
2867.547134,44,71,0.86,27,0.031851852,4
2867.36984,51,87,0.95,36,0.026388889,4
2865.381844,45,69,0.77,24,0.032083333,4
2865.066916,52,80,0.92,28,0.032857143,4
2864.382278,58,69,0.37,11,0.033636364,4
2864.190369,34,98,0.15,64,0.00234375,4
2863.283902,57,77,0.63,20,0.0315,4
2862.272285,39,51,0.41,12,0.034166667,4
2861.228562,36,96,0.15,60,0.0025,4
2860.077068,39,50,0.39,11,0.035454545,4
2860.021833,47,67,0.64,20,0.032,4
2859.976218,59,81,0.61,22,0.027727273,4
2859.706586,43,72,0.93,29,0.032068966,4
2859.659249,54,94,0.98,40,0.0245,4
2859.365235,55,85,0.86,30,0.028666667,4
2858.387604,51,82,0.9,31,0.029032258,4
2858.203948,34,98,0.2,64,0.003125,4
2857.707711,53,87,0.95,34,0.027941176,4
2857.456194,35,98,0.15,63,0.002380952,4
2857.412323,53,84,0.82,31,0.026451613,4
2856.732802,40,48,0.29,8,0.03625,4
2856.51545,35,94,0.2,59,0.003389831,4
2856.361303,35,95,0.19,60,0.003166667,4
2855.843753,50,84,0.98,34,0.028823529,4
2855.766652,32,57,0.89,25,0.0356,4
2855.374411,55,79,0.67,24,0.027916667,4
2855.246159,41,58,0.48,17,0.028235294,4
2854.874784,35,99,0.12,64,0.001875,4
2854.814804,57,83,0.73,26,0.028076923,4
2854.814804,56,84,0.79,28,0.028214286,4
2854.593014,31,58,0.97,27,0.035925926,4
2854.244749,52,83,0.85,31,0.027419355,4
2853.284572,40,50,0.34,10,0.034,4
2853.176284,35,98,0.22,63,0.003492063,4
2852.643053,58,77,0.59,19,0.031052632,4
2852.398457,57,84,0.75,27,0.027777778,4
2852.398457,56,85,0.81,29,0.027931034,4
2852.398457,54,88,0.94,34,0.027647059,4
2852.318638,36,52,0.57,16,0.035625,4
2851.768681,30,43,0.13,13,0.01,4
2850.761391,51,81,0.89,30,0.029666667,4
2850.660184,55,71,0.55,16,0.034375,4
2849.772298,59,75,0.51,16,0.031875,4
2848.872911,50,83,0.96,33,0.029090909,4
2848.333464,34,55,0.74,21,0.035238095,4
2847.874446,44,70,0.84,26,0.032307692,4
2846.876985,55,87,0.85,32,0.0265625,4
2846.611326,41,48,0.25,7,0.035714286,4
2846.373604,39,52,0.43,13,0.033076923,4
2846.112215,56,70,0.48,14,0.034285714,4
2844.63873,63,77,0.4,14,0.028571429,4
2844.177353,64,70,0.19,6,0.031666667,4
2844.177353,61,73,0.38,12,0.031666667,4
2844.158905,36,67,0.31,31,0.01,4
2844.128452,50,63,0.42,13,0.032307692,4
2844.128452,48,65,0.55,17,0.032352941,4
2843.833517,60,71,0.36,11,0.032727273,4
2843.475479,59,75,0.5,16,0.03125,4
2843.367535,52,85,0.87,33,0.026363636,4
2842.869955,35,98,0.16,63,0.002539683,4
2842.233181,59,82,0.64,23,0.027826087,4
2841.888536,43,72,0.92,29,0.031724138,4
2841.642117,60,73,0.41,13,0.031538462,4
2841.280715,62,78,0.45,16,0.028125,4
2841.280715,58,83,0.7,25,0.028,4
2841.128794,60,81,0.57,21,0.027142857,4
2841.12465,35,98,0.21,63,0.003333333,4
2841.065794,59,84,0.68,25,0.0272,4
2838.330212,52,83,0.86,31,0.027741935,4
2838.330212,52,84,0.88,32,0.0275,4
2838.330212,51,84,0.92,33,0.027878788,4
2838.330212,51,85,0.94,34,0.027647059,4
2838.22412,66,77,0.29,11,0.026363636,4
2838.22412,63,80,0.45,17,0.026470588,4
2837.88427,58,75,0.54,17,0.031764706,4
2837.800561,34,54,0.73,20,0.0365,4
2837.648057,57,74,0.56,17,0.032941176,4
2837.54874,34,99,0.19,65,0.002923077,4
2836.711465,59,76,0.47,17,0.027647059,4
2836.655272,67,74,0.19,7,0.027142857,4
2836.615515,35,99,0.11,64,0.00171875,4
2836.344118,64,69,0.16,5,0.032,4
2835.840123,56,87,0.8,31,0.025806452,4
2835.789817,54,72,0.62,18,0.034444444,4
2835.789817,53,73,0.69,20,0.0345,4
2834.418525,59,76,0.53,17,0.031176471,4
2833.748401,39,50,0.38,11,0.034545455,4
2833.509566,61,79,0.51,18,0.028333333,4
2832.972639,66,73,0.2,7,0.028571429,4
2832.87661,33,55,0.82,22,0.037272727,4
2832.691397,63,72,0.28,9,0.031111111,4
2832.45896,53,80,0.87,27,0.032222222,4
2832.342611,34,61,0.84,27,0.031111111,4
2831.678029,36,95,0.14,59,0.002372881,4
2831.399543,30,44,0.13,14,0.009285714,4
2830.809392,53,88,0.96,35,0.027428571,4
2830.664522,56,88,0.82,32,0.025625,4
2830.596513,61,72,0.31,11,0.028181818,4
2828.438194,68,74,0.16,6,0.026666667,4
2828.438194,65,77,0.32,12,0.026666667,4
2828.402595,55,86,0.87,31,0.028064516,4
2828.247377,56,79,0.64,23,0.027826087,4
2828.196598,55,85,0.84,30,0.028,4
2827.688081,60,80,0.57,20,0.0285,4
2827.203811,68,75,0.18,7,0.025714286,4
2827.178533,38,54,0.52,16,0.0325,4
2825.91971,60,73,0.42,13,0.032307692,4
2825.91971,58,75,0.55,17,0.032352941,4
2825.792271,54,79,0.72,25,0.0288,4
2825.589403,53,83,0.8,30,0.026666667,4
2825.485065,53,89,0.96,36,0.026666667,4
2825.201771,62,80,0.49,18,0.027222222,4
2825.201771,60,82,0.6,22,0.027272727,4
2823.61607,36,54,0.61,18,0.033888889,4
2823.507745,53,87,0.96,34,0.028235294,4
2822.990719,35,96,0.15,61,0.002459016,4
2822.974466,56,86,0.83,30,0.027666667,4
2822.866858,57,79,0.59,22,0.026818182,4
2822.821565,46,68,0.71,22,0.032272727,4
2822.68102,36,96,0.16,60,0.002666667,4
2822.680616,54,88,0.95,34,0.027941176,4
2822.221533,62,71,0.29,9,0.032222222,4
2821.390046,60,81,0.58,21,0.027619048,4
2821.325168,54,82,0.77,28,0.0275,4
2821.153185,53,83,0.81,30,0.027,4
2821.14669,54,89,0.91,35,0.026,4
2820.665471,55,85,0.85,30,0.028333333,4
2820.315073,34,55,0.75,21,0.035714286,4
2820.124086,66,77,0.28,11,0.025454545,4
2820.124086,59,85,0.66,26,0.025384615,4
2820.124086,58,87,0.73,29,0.025172414,4
2820.124086,57,88,0.78,31,0.02516129,4
2819.992901,51,77,0.89,26,0.034230769,4
2819.669232,55,81,0.71,26,0.027307692,4
2819.556431,53,75,0.75,22,0.034090909,4
2819.556431,52,76,0.82,24,0.034166667,4
2819.426313,55,79,0.76,24,0.031666667,4
2818.10783,77,84,0.13,7,0.018571429,4
2817.733814,55,89,0.87,34,0.025588235,4
2817.049698,54,87,0.91,33,0.027575758,4
2816.829003,56,77,0.67,21,0.031904762,4
2816.710582,53,88,0.97,35,0.027714286,4
2816.652025,52,85,0.88,33,0.026666667,4
2816.527343,52,82,0.86,30,0.028666667,4
2816.527343,51,83,0.92,32,0.02875,4
2816.251474,34,57,0.8,23,0.034782609,4
2815.986829,54,80,0.83,26,0.031923077,4
2815.922339,33,56,0.81,23,0.035217391,4
2815.646783,57,86,0.79,29,0.027241379,4
2815.575266,59,83,0.66,24,0.0275,4
2814.776484,54,90,0.98,36,0.027222222,4
2814.701794,27,48,0.21,21,0.01,4
2814.242025,55,78,0.75,23,0.032608696,4
2813.637602,39,48,0.34,9,0.037777778,4
2813.277367,37,93,0.16,56,0.002857143,4
2813.047911,36,95,0.13,59,0.00220339,4
2812.966712,71,91,0.37,20,0.0185,4
2812.577644,55,80,0.69,25,0.0276,4
2811.924787,63,70,0.22,7,0.031428571,4
2811.746593,54,87,0.9,33,0.027272727,4
2811.222452,61,71,0.29,10,0.029,4
2811.153399,56,87,0.81,31,0.026129032,4
2810.462218,58,76,0.5,18,0.027777778,4
2810.399638,61,71,0.32,10,0.032,4
2810.291368,57,87,0.77,30,0.025666667,4
2810.291368,55,90,0.89,35,0.025428571,4
2810.135192,57,75,0.6,18,0.033333333,4
2810.006818,55,72,0.58,17,0.034117647,4
2810.006818,54,73,0.65,19,0.034210526,4
2809.750325,54,86,0.9,32,0.028125,4
2808.866191,60,83,0.59,23,0.025652174,4
2808.866191,58,85,0.7,27,0.025925926,4
2808.866191,57,86,0.75,29,0.025862069,4
2808.786461,35,98,0.18,63,0.002857143,4
2807.72164,61,66,0.17,5,0.034,4
2807.341109,35,95,0.21,60,0.0035,4
2806.981507,60,74,0.44,14,0.031428571,4
2806.720553,36,52,0.59,16,0.036875,4
2806.488435,59,73,0.46,14,0.032857143,4
2806.07868,56,84,0.78,28,0.027857143,4
2805.665098,69,94,0.46,25,0.0184,4
2805.134705,55,89,0.88,34,0.025882353,4
2804.947503,64,77,0.36,13,0.027692308,4
2804.917353,70,92,0.41,22,0.018636364,4
2804.677773,61,82,0.57,21,0.027142857,4
2804.230156,57,85,0.77,28,0.0275,4
2804.149781,58,77,0.52,19,0.027368421,4
2804.12121,63,78,0.41,15,0.027333333,4
2804.097455,62,82,0.52,20,0.026,4
2804.060257,57,70,0.44,13,0.033846154,4
2803.556685,58,76,0.57,18,0.031666667,4
2803.556685,56,78,0.7,22,0.031818182,4
2803.106473,58,84,0.71,26,0.027307692,4
2803.034295,36,66,0.31,30,0.010333333,4
2801.945967,56,79,0.63,23,0.027391304,4
2801.945967,54,81,0.74,27,0.027407407,4
2801.735182,76,85,0.17,9,0.018888889,4
2801.316857,56,80,0.65,24,0.027083333,4
2801.191598,56,88,0.83,32,0.0259375,4
2801.175461,55,87,0.89,32,0.0278125,4
2801.111082,53,82,0.81,29,0.027931034,4
2800.888211,65,99,0.62,34,0.018235294,4
2800.408097,61,80,0.52,19,0.027368421,4
2800.182499,31,57,0.99,26,0.038076923,4
2799.802727,63,81,0.46,18,0.025555556,4
2799.508451,40,75,0.91,35,0.026,4
2799.236545,59,73,0.45,14,0.032142857,4
2799.138959,36,94,0.16,58,0.002758621,4
2799.073109,67,75,0.21,8,0.02625,4
2798.934462,54,78,0.8,24,0.033333333,4
2798.135681,55,72,0.59,17,0.034705882,4
2797.154847,33,99,0.19,66,0.002878788,4
2796.895941,36,94,0.15,58,0.002586207,4
2796.833965,46,67,0.68,21,0.032380952,4
2796.706319,62,83,0.53,21,0.025238095,4
2796.313062,34,54,0.74,20,0.037,4
2795.730147,40,47,0.26,7,0.037142857,4
2795.473264,62,73,0.34,11,0.030909091,4
2795.454047,44,71,0.87,27,0.032222222,4
2795.267884,31,43,0.11,12,0.009166667,4
2794.509094,63,80,0.44,17,0.025882353,4
2794.310987,57,78,0.57,21,0.027142857,4
2794.097947,64,71,0.19,7,0.027142857,4
2793.7376,36,95,0.16,59,0.002711864,4
2793.643747,62,79,0.47,17,0.027647059,4
2793.531233,54,92,0.96,38,0.025263158,4
2792.939743,36,93,0.18,57,0.003157895,4
2792.746903,38,49,0.41,11,0.037272727,4
2792.730146,34,56,0.77,22,0.035,4
2792.713937,59,77,0.49,18,0.027222222,4
2791.82685,60,76,0.43,16,0.026875,4
2791.82685,58,78,0.54,20,0.027,4
2791.56388,52,81,0.94,29,0.032413793,4
2791.505333,35,54,0.67,19,0.035263158,4
2790.411136,55,81,0.7,26,0.026923077,4
2789.872121,61,74,0.35,13,0.026923077,4
2789.600844,58,73,0.51,15,0.034,4
2789.243047,65,98,0.62,33,0.018787879,4
2789.201359,52,85,0.9,33,0.027272727,4
2788.325254,47,66,0.61,19,0.032105263,4
2788.201645,57,85,0.74,28,0.026428571,4
2788.164377,62,70,0.26,8,0.0325,4
2787.97197,56,71,0.51,15,0.034,4
2787.962349,64,78,0.38,14,0.027142857,4
2787.56016,43,73,0.94,30,0.031333333,4
2787.421599,57,76,0.61,19,0.032105263,4
2787.151907,32,57,0.92,25,0.0368,4
2787.106998,55,78,0.74,23,0.032173913,4
2787.012425,53,84,0.84,31,0.027096774,4
2786.870863,54,77,0.78,23,0.033913043,4
2786.614056,31,42,0.11,11,0.01,4
2786.573964,38,52,0.48,14,0.034285714,4
2786.266772,32,56,0.89,24,0.037083333,4
2785.435445,61,72,0.35,11,0.031818182,4
2784.990737,61,76,0.4,15,0.026666667,4
2784.990737,58,79,0.56,21,0.026666667,4
2784.631663,35,97,0.17,62,0.002741935,4
2784.184691,59,86,0.69,27,0.025555556,4
2784.13364,57,76,0.62,19,0.032631579,4
2784.081573,54,83,0.77,29,0.026551724,4
2783.810978,34,97,0.21,63,0.003333333,4
2783.523557,35,97,0.18,62,0.002903226,4
2783.399876,61,84,0.59,23,0.025652174,4
2783.094472,50,83,0.97,33,0.029393939,4
2782.812267,53,82,0.8,29,0.027586207,4
2782.812267,51,85,0.93,34,0.027352941,4
2782.735981,34,96,0.22,62,0.003548387,4
2782.095887,59,72,0.43,13,0.033076923,4
2782.095887,57,75,0.59,18,0.032777778,4
2781.801518,59,72,0.44,13,0.033846154,4
2781.796665,55,76,0.71,21,0.033809524,4
2781.584375,52,81,0.95,29,0.032758621,4
2781.57899,51,86,0.94,35,0.026857143,4
2781.396475,54,79,0.81,25,0.0324,4
2781.224501,56,80,0.66,24,0.0275,4
2781.224501,56,81,0.68,25,0.0272,4
2781.224501,54,83,0.79,29,0.027241379,4
2781.203676,33,99,0.23,66,0.003484848,4
2780.550026,53,83,0.82,30,0.027333333,4
2780.550026,50,86,0.99,36,0.0275,4
2780.272172,37,93,0.13,56,0.002321429,4
2780.091378,44,46,0.07,2,0.035,4
2780.091378,43,47,0.14,4,0.035,4
2780.091378,42,48,0.21,6,0.035,4
2780.009455,63,79,0.44,16,0.0275,4
2780.009455,58,85,0.74,27,0.027407407,4
2779.914057,55,86,0.85,31,0.027419355,4
2779.914057,53,89,0.98,36,0.027222222,4
2779.591296,57,79,0.6,22,0.027272727,4
2778.919569,64,78,0.37,14,0.026428571,4
2778.919569,64,79,0.39,15,0.026,4
2778.919569,61,82,0.55,21,0.026190476,4
2778.919569,60,84,0.62,24,0.025833333,4
2778.577363,60,72,0.4,12,0.033333333,4
2778.367984,53,79,0.87,26,0.033461538,4
2777.809431,74,87,0.25,13,0.019230769,4
2777.268993,53,85,0.84,32,0.02625,4
2777.26377,53,84,0.83,31,0.026774194,4
2777.13342,62,77,0.43,15,0.028666667,4
2777.060944,55,87,0.88,32,0.0275,4
2776.857388,56,77,0.68,21,0.032380952,4
2776.74224,56,76,0.65,20,0.0325,4
2776.576876,68,95,0.5,27,0.018518519,4
2776.402676,56,76,0.66,20,0.033,4
2776.166207,64,68,0.13,4,0.0325,4
2776.157262,68,73,0.14,5,0.028,4
2775.72611,62,81,0.51,19,0.026842105,4
2775.72611,60,83,0.62,23,0.026956522,4
2775.72611,57,87,0.8,30,0.026666667,4
2775.72611,56,88,0.86,32,0.026875,4
2775.177776,38,54,0.53,16,0.033125,4
2775.113221,59,74,0.48,15,0.032,4
2775.060692,51,86,0.95,35,0.027142857,4
2775.005883,52,86,0.9,34,0.026470588,4
2775.005883,51,88,0.97,37,0.026216216,4
2774.828271,33,65,0.97,32,0.0303125,4
2774.564515,54,90,0.91,36,0.025277778,4
2774.196647,52,87,0.91,35,0.026,4
2773.918732,56,78,0.61,22,0.027727273,4
2773.786396,58,78,0.55,20,0.0275,4
2773.740727,59,81,0.63,22,0.028636364,4
2773.621639,60,75,0.41,15,0.027333333,4
2773.224843,54,88,0.91,34,0.026764706,4
2773.091574,54,93,0.97,39,0.024871795,4
2773.08477,37,92,0.17,55,0.003090909,4
2772.606759,56,78,0.62,22,0.028181818,4
2772.395223,57,84,0.76,27,0.028148148,4
2772.363977,33,98,0.21,65,0.003230769,4
2772.212186,57,74,0.57,17,0.033529412,4
2772.051569,56,82,0.7,26,0.026923077,4
2771.855747,54,88,0.92,34,0.027058824,4
2771.686402,55,88,0.86,33,0.026060606,4
2771.476179,54,82,0.75,28,0.026785714,4
2771.450971,56,75,0.64,19,0.033684211,4
2771.353676,54,82,0.76,28,0.027142857,4
2771.311259,64,80,0.41,16,0.025625,4
2770.847074,42,50,0.31,8,0.03875,4
2770.716754,55,77,0.72,22,0.032727273,4
2770.459375,54,85,0.89,31,0.028709677,4
2770.099578,34,63,0.89,29,0.030689655,4
2769.910374,34,99,0.13,65,0.002,4
2769.874022,58,84,0.69,26,0.026538462,4
2769.798403,33,55,0.8,22,0.036363636,4
2769.17475,52,84,0.87,32,0.0271875,4
2769.007243,57,80,0.61,23,0.026521739,4
2768.903422,59,77,0.48,18,0.026666667,4
2768.681872,60,84,0.63,24,0.02625,4
2768.570851,57,84,0.74,27,0.027407407,4
2768.570851,54,88,0.93,34,0.027352941,4
2768.562314,31,42,0.1,11,0.009090909,4
2768.459206,36,95,0.18,59,0.003050847,4
2768.16682,66,78,0.31,12,0.025833333,4
2768.16682,63,81,0.47,18,0.026111111,4
2767.711792,35,94,0.21,59,0.003559322,4
2767.679482,54,87,0.93,33,0.028181818,4
2767.477812,61,82,0.56,21,0.026666667,4
2767.477812,58,86,0.74,28,0.026428571,4
2767.419797,64,67,0.1,3,0.033333333,4
2767.150156,65,76,0.3,11,0.027272727,4
2767.150156,63,79,0.43,16,0.026875,4
2767.150156,61,81,0.54,20,0.027,4
2766.448021,75,86,0.21,11,0.019090909,4
2766.387759,53,80,0.88,27,0.032592593,4
2766.332731,55,89,0.92,34,0.027058824,4
2766.214521,33,57,0.85,24,0.035416667,4
2766.148337,59,84,0.67,25,0.0268,4
2766.148337,58,85,0.73,27,0.027037037,4
2765.969016,56,81,0.67,25,0.0268,4
2765.4218,69,93,0.45,24,0.01875,4
2765.4218,67,96,0.54,29,0.01862069,4
2765.4218,66,97,0.58,31,0.018709677,4
2765.343802,62,73,0.3,11,0.027272727,4
2765.207648,55,84,0.83,29,0.02862069,4
2765.207648,54,86,0.91,32,0.0284375,4
2765.035986,54,58,0.13,4,0.0325,4
2764.677116,54,88,0.96,34,0.028235294,4
2763.907727,58,73,0.5,15,0.033333333,4
2763.61855,56,85,0.79,29,0.027241379,4
2763.61855,56,86,0.8,30,0.026666667,4
2763.61855,55,87,0.86,32,0.026875,4
2763.61855,53,89,0.97,36,0.026944444,4
2762.708037,53,74,0.72,21,0.034285714,4
2762.63942,40,73,0.87,33,0.026363636,4
2762.629938,54,83,0.78,29,0.026896552,4
2762.294949,63,78,0.42,15,0.028,4
2762.111131,60,72,0.39,12,0.0325,4
2762.111131,58,74,0.52,16,0.0325,4
2762.054403,34,58,0.82,24,0.034166667,4
2761.875683,73,88,0.29,15,0.019333333,4
2761.678191,59,76,0.46,17,0.027058824,4
2761.665788,63,80,0.46,17,0.027058824,4
2761.080983,58,77,0.51,19,0.026842105,4
2760.86713,63,82,0.48,19,0.025263158,4
2760.160604,26,87,0.57,61,0.009344262,4
2760.102795,53,88,0.99,35,0.028285714,4
2760.01071,58,79,0.57,21,0.027142857,4
2759.954261,60,82,0.61,22,0.027727273,4
2759.521827,31,58,0.99,27,0.036666667,4
2759.43158,57,85,0.76,28,0.027142857,4
2759.343636,53,89,0.99,36,0.0275,4
2759.153208,54,84,0.81,30,0.027,4
2759.073995,43,73,0.95,30,0.031666667,4
2758.869718,45,64,0.52,19,0.027368421,4
2758.737771,44,72,0.88,28,0.031428571,4
2758.570294,63,73,0.27,10,0.027,4
2758.381499,58,80,0.59,22,0.026818182,4
2758.381499,54,85,0.83,31,0.026774194,4
2758.152381,69,73,0.11,4,0.0275,4
2758.152381,67,75,0.22,8,0.0275,4
2757.927511,66,76,0.27,10,0.027,4
2757.863011,46,69,0.73,23,0.03173913,4
2757.771381,33,57,0.84,24,0.035,4
2757.557035,53,79,0.86,26,0.033076923,4
2757.34518,54,91,0.99,37,0.026756757,4
2757.029583,60,71,0.37,11,0.033636364,4
2756.589726,43,49,0.23,6,0.038333333,4
2756.097383,54,78,0.79,24,0.032916667,4
2755.851804,32,41,0.08,9,0.008888889,4
2755.704131,56,86,0.78,30,0.026,4
2755.490633,35,97,0.19,62,0.003064516,4
2755.194718,60,82,0.58,22,0.026363636,4
2755.11814,61,81,0.55,20,0.0275,4
2755.11814,56,87,0.85,31,0.027419355,4
2754.622553,58,74,0.53,16,0.033125,4
2754.550883,66,74,0.21,8,0.02625,4
2754.209979,67,73,0.17,6,0.028333333,4
2754.049801,55,79,0.68,24,0.028333333,4
2753.975749,54,90,0.93,36,0.025833333,4
2753.666608,50,86,0.97,36,0.026944444,4
2753.505817,33,58,0.87,25,0.0348,4
2753.346819,59,75,0.45,16,0.028125,4
2753.346147,56,85,0.8,29,0.027586207,4
2753.115664,32,56,0.88,24,0.036666667,4
2753.068417,52,60,0.26,8,0.0325,4
2752.926259,72,89,0.32,17,0.018823529,4
2752.628804,55,88,0.85,33,0.025757576,4
2752.62737,60,77,0.46,17,0.027058824,4
2752.608917,37,94,0.11,57,0.001929825,4
2752.516993,52,75,0.79,23,0.034347826,4
2752.516993,51,76,0.86,25,0.0344,4
2752.337759,56,86,0.82,30,0.027333333,4
2752.293203,61,74,0.36,13,0.027692308,4
2752.174547,59,83,0.64,24,0.026666667,4
2751.826145,61,70,0.3,9,0.033333333,4
2751.319394,57,86,0.76,29,0.026206897,4
2751.252693,55,77,0.73,22,0.033181818,4
2749.834809,56,80,0.64,24,0.026666667,4
2749.398933,42,48,0.2,6,0.033333333,4
2749.333287,52,85,0.89,33,0.026969697,4
2749.040903,58,80,0.58,22,0.026363636,4
2748.165088,61,75,0.38,14,0.027142857,4
2747.824098,54,89,0.92,35,0.026285714,4
2747.748543,32,57,0.91,25,0.0364,4
2747.0188,37,92,0.16,55,0.002909091,4
2746.364247,33,99,0.22,66,0.003333333,4
2746.32214,34,97,0.47,63,0.007460317,4
2746.041367,54,87,0.92,33,0.027878788,4
2746.038675,57,87,0.81,30,0.027,4
2745.675838,52,83,0.87,31,0.028064516,4
2745.662257,46,69,0.7,23,0.030434783,4
2745.308159,69,74,0.13,5,0.026,4
2745.246544,63,71,0.22,8,0.0275,4
2745.246544,61,73,0.33,12,0.0275,4
2745.246544,59,75,0.44,16,0.0275,4
2745.194644,55,80,0.68,25,0.0272,4
2744.710753,66,75,0.25,9,0.027777778,4
2744.710753,61,80,0.53,19,0.027894737,4
2744.710753,58,84,0.72,26,0.027692308,4
2744.645307,64,69,0.14,5,0.028,4
2744.585974,55,87,0.83,32,0.0259375,4
2744.533658,65,78,0.35,13,0.026923077,4
2744.376847,65,77,0.33,12,0.0275,4
2743.850287,52,80,0.93,28,0.033214286,4
2743.543012,32,58,0.91,26,0.035,4
2743.220831,36,93,0.19,57,0.003333333,4
2743.093679,51,87,0.96,36,0.026666667,4
2742.94553,50,87,0.98,37,0.026486486,4
2742.94522,55,86,0.86,31,0.027741935,4
2742.617275,54,89,0.96,35,0.027428571,4
2742.616931,34,55,0.77,21,0.036666667,4
2742.538597,60,72,0.35,12,0.029166667,4
2741.95025,35,97,0.23,62,0.003709677,4
2741.931683,58,84,0.67,26,0.025769231,4
2741.764068,55,82,0.72,27,0.026666667,4
2741.546273,57,85,0.75,28,0.026785714,4
2741.165775,32,57,0.9,25,0.036,4
2741.104797,53,83,0.83,30,0.027666667,4
2741.104797,52,84,0.89,32,0.0278125,4
2740.724282,58,84,0.7,26,0.026923077,4
2740.534977,61,83,0.57,22,0.025909091,4
2740.469588,53,86,0.88,33,0.026666667,4
2740.469588,52,87,0.94,35,0.026857143,4
2740.421693,35,58,0.76,23,0.033043478,4
2740.146497,59,85,0.69,26,0.026538462,4
2740.146497,58,86,0.75,28,0.026785714,4
2740.146497,56,89,0.87,33,0.026363636,4
2740.146497,55,90,0.93,35,0.026571429,4
2739.883778,60,83,0.63,23,0.027391304,4
2739.786547,62,69,0.23,7,0.032857143,4
2739.712592,72,90,0.33,18,0.018333333,4
2739.345472,36,57,0.68,21,0.032380952,4
2739.271058,52,86,0.91,34,0.026764706,4
2739.129894,32,73,0.4,41,0.009756098,4
2738.75294,33,96,0.5,63,0.007936508,4
2738.048532,50,84,0.99,34,0.029117647,4
2738.000181,36,97,0.14,61,0.002295082,4
2737.206134,59,82,0.6,23,0.026086957,4
2737.01771,56,85,0.76,29,0.026206897,4
2736.841025,50,78,0.96,28,0.034285714,4
2736.709747,60,81,0.59,21,0.028095238,4
2736.709747,57,85,0.78,28,0.027857143,4
2736.709747,56,86,0.84,30,0.028,4
2736.620213,54,78,0.71,24,0.029583333,4
2736.620213,53,79,0.77,26,0.029615385,4
2736.588413,57,80,0.62,23,0.026956522,4
2736.491778,66,98,0.58,32,0.018125,4
2736.487579,39,62,0.24,23,0.010434783,4
2736.178231,35,37,0.02,2,0.01,4
2736.133649,52,80,0.83,28,0.029642857,4
2735.85208,54,88,0.89,34,0.026176471,4
2735.833965,34,96,0.23,62,0.003709677,4
2735.601825,45,46,0.04,1,0.04,4
2735.601825,44,47,0.12,3,0.04,4
2735.601825,43,48,0.2,5,0.04,4
2735.25693,41,68,0.74,27,0.027407407,4
2735.239304,37,57,0.63,20,0.0315,4
2735.232088,55,83,0.74,28,0.026428571,4
2735.232088,54,84,0.79,30,0.026333333,4
2735.187125,45,71,0.82,26,0.031538462,4
2734.446394,36,93,0.42,57,0.007368421,4
2734.389983,55,88,0.91,33,0.027575758,4
2734.209251,54,80,0.74,26,0.028461538,4
2734.139732,53,81,0.8,28,0.028571429,4
2734.137844,61,71,0.33,10,0.033,4
2734.118385,51,85,0.96,34,0.028235294,4
2733.79985,36,96,0.12,60,0.002,4
2733.670498,34,62,0.87,28,0.031071429,4
2733.484224,45,70,0.8,25,0.032,4
2733.332591,35,98,0.2,63,0.003174603,4
2733.200215,62,79,0.48,17,0.028235294,4
2732.564038,35,98,0.12,63,0.001904762,4
2732.525841,54,91,0.95,37,0.025675676,4
2732.052372,55,87,0.87,32,0.0271875,4
2732.00025,64,79,0.4,15,0.026666667,4
2731.967714,52,83,0.88,31,0.028387097,4
2731.95114,36,93,0.43,57,0.00754386,4
2731.923493,59,84,0.66,25,0.0264,4
2731.89825,51,84,0.94,33,0.028484848,4
2731.61225,53,89,0.95,36,0.026388889,4
2731.429749,47,68,0.64,21,0.03047619,4
2731.220187,67,76,0.23,9,0.025555556,4
2731.220187,62,81,0.49,19,0.025789474,4
2731.220187,61,82,0.54,21,0.025714286,4
2731.163503,39,54,0.48,15,0.032,4
2730.838137,31,59,0.99,28,0.035357143,4
2730.722274,43,74,0.96,31,0.030967742,4
2730.695481,62,81,0.52,19,0.027368421,4
2730.51539,33,56,0.83,23,0.036086957,4
2730.388277,34,97,0.22,63,0.003492063,4
2729.983821,57,76,0.55,19,0.028947368,4
2729.411596,38,50,0.45,12,0.0375,4
2729.333304,28,47,0.17,19,0.008947368,4
2728.853815,43,74,0.97,31,0.031290323,4
2728.697047,59,82,0.65,23,0.02826087,4
2728.540247,37,93,0.14,56,0.0025,4
2728.430433,51,83,0.93,32,0.0290625,4
2728.296379,67,70,0.08,3,0.026666667,4
2728.197011,60,84,0.61,24,0.025416667,4
2728.160616,59,86,0.68,27,0.025185185,4
2728.160616,56,90,0.85,34,0.025,4
2727.889295,39,48,0.33,9,0.036666667,4
2727.8475,55,90,0.94,35,0.026857143,4
2727.713061,52,86,0.92,34,0.027058824,4
2727.713061,51,88,0.99,37,0.026756757,4
2727.509343,53,82,0.82,29,0.028275862,4
2727.053202,54,85,0.81,31,0.026129032,4
2726.210762,33,55,0.81,22,0.036818182,4
2726.089726,33,98,0.22,65,0.003384615,4
2725.987766,39,53,0.45,14,0.032142857,4
2725.528378,65,78,0.34,13,0.026153846,4
2724.927559,40,52,0.46,12,0.038333333,4
2724.884315,44,72,0.84,28,0.03,4
2724.039602,51,89,0.98,38,0.025789474,4
2724.034476,53,86,0.86,33,0.026060606,4
2724.034476,52,88,0.93,36,0.025833333,4
2723.759245,58,83,0.71,25,0.0284,4
2723.720383,55,82,0.73,27,0.027037037,4
2723.301636,52,57,0.12,5,0.024,4
2723.195879,36,52,0.6,16,0.0375,4
2723.06526,59,83,0.67,24,0.027916667,4
2722.716333,36,97,0.07,61,0.001147541,4
2722.518646,43,73,0.96,30,0.032,4
2722.402751,52,84,0.9,32,0.028125,4
2721.989206,31,58,0.98,27,0.036296296,4
2721.842858,26,87,0.58,61,0.009508197,4
2721.754332,61,83,0.56,22,0.025454545,4
2721.661671,52,85,0.91,33,0.027575758,4
2721.354236,51,86,0.97,35,0.027714286,4
2720.601451,53,88,0.98,35,0.028,4
2720.430527,51,87,0.97,36,0.026944444,4
2720.393054,56,77,0.61,21,0.029047619,4
2720.393054,55,78,0.67,23,0.029130435,4
2719.856031,55,80,0.7,25,0.028,4
2719.722348,62,78,0.42,16,0.02625,4
2719.190185,38,50,0.44,12,0.036666667,4
2718.84717,56,87,0.86,31,0.027741935,4
2718.84717,55,88,0.92,33,0.027878788,4
2717.924396,62,82,0.51,20,0.0255,4
2717.676502,42,70,0.74,28,0.026428571,4
2717.120001,59,85,0.7,26,0.026923077,4
2716.962387,62,80,0.48,18,0.026666667,4
2716.853908,37,50,0.49,13,0.037692308,4
2716.853908,36,51,0.57,15,0.038,4
2716.554062,40,60,0.56,20,0.028,4
2716.542012,57,86,0.8,29,0.027586207,4
2716.542012,54,90,0.99,36,0.0275,4
2716.538442,53,85,0.85,32,0.0265625,4
2716.278629,34,38,0.04,4,0.01,4
2716.250341,71,90,0.36,19,0.018947368,4
2716.208624,37,51,0.51,14,0.036428571,4
2716.117792,62,81,0.5,19,0.026315789,4
2716.027683,58,83,0.68,25,0.0272,4
2716.015993,53,90,0.98,37,0.026486486,4
2715.51832,53,90,0.99,37,0.026756757,4
2715.320283,56,86,0.81,30,0.027,4
2714.901751,65,80,0.38,15,0.025333333,4
2714.790093,35,53,0.67,18,0.037222222,4
2714.662241,53,89,0.93,36,0.025833333,4
2714.617598,40,75,0.9,35,0.025714286,4
2714.356929,52,87,0.92,35,0.026285714,4
2713.945056,70,92,0.42,22,0.019090909,4
2713.360713,62,79,0.46,17,0.027058824,4
2713.166451,28,82,0.51,54,0.009444444,4
2713.147551,62,80,0.5,18,0.027777778,4
2712.913771,56,79,0.62,23,0.026956522,4
2712.113254,58,87,0.74,29,0.025517241,4
2711.980197,66,98,0.59,32,0.0184375,4
2711.944336,35,59,0.76,24,0.031666667,4
2711.666955,43,56,0.36,13,0.027692308,4
2711.211069,57,84,0.77,27,0.028518519,4
2711.143495,38,55,0.64,17,0.037647059,4
2710.780949,58,86,0.73,28,0.026071429,4
2710.745928,52,81,0.85,29,0.029310345,4
2710.420717,27,48,0.2,21,0.00952381,4
2709.863116,51,86,0.96,35,0.027428571,4
2709.128079,44,66,0.72,22,0.032727273,4
2708.384969,65,79,0.36,14,0.025714286,4
2708.269715,58,81,0.6,23,0.026086957,4
2708.061258,64,73,0.24,9,0.026666667,4
2708.000885,60,84,0.64,24,0.026666667,4
2707.676291,60,78,0.48,18,0.026666667,4
2707.368224,63,78,0.39,15,0.026,4
2706.990302,36,96,0.13,60,0.002166667,4
2706.91249,67,72,0.14,5,0.028,4
2706.873513,57,80,0.69,23,0.03,4
2706.356016,41,50,0.3,9,0.033333333,4
2706.305703,37,52,0.52,15,0.034666667,4
2706.191974,62,72,0.28,10,0.028,4
2706.182142,35,69,0.34,34,0.01,4
2705.873532,41,57,0.18,16,0.01125,4
2705.820973,54,88,0.88,34,0.025882353,4
2705.79494,53,87,0.97,34,0.028529412,4
2705.536559,54,90,0.95,36,0.026388889,4
2705.362578,37,55,0.59,18,0.032777778,4
2705.343209,59,75,0.47,16,0.029375,4
2705.262681,31,59,0.98,28,0.035,4
2705.09949,35,94,0.16,59,0.002711864,4
2705.004628,66,96,0.57,30,0.019,4
2704.695389,55,89,0.89,34,0.026176471,4
2704.695389,54,91,0.96,37,0.025945946,4
2704.688094,55,91,0.91,36,0.025277778,4
2704.551639,43,46,0.11,3,0.036666667,4
2704.551639,40,49,0.33,9,0.036666667,4
2704.328379,53,91,0.99,38,0.026052632,4
2704.039763,44,72,0.89,28,0.031785714,4
2703.980801,29,45,0.15,16,0.009375,4
2702.929981,55,83,0.75,28,0.026785714,4
2702.747348,59,85,0.67,26,0.025769231,4
2702.470883,70,91,0.4,21,0.019047619,4
2702.470883,69,92,0.44,23,0.019130435,4
2702.173448,55,84,0.77,29,0.026551724,4
2702.105304,53,84,0.85,31,0.027419355,4
2701.911185,56,86,0.85,30,0.028333333,4
2701.002471,56,88,0.87,32,0.0271875,4
2700.972479,59,78,0.51,19,0.026842105,4
2700.617331,34,98,0.21,64,0.00328125,4
2700.173673,33,62,0.93,29,0.032068966,4
2700.103825,53,86,0.95,33,0.028787879,4
2700.083765,53,90,0.95,37,0.025675676,4
2699.94684,70,73,0.08,3,0.026666667,4
2699.94684,67,76,0.24,9,0.026666667,4
2699.94684,61,83,0.58,22,0.026363636,4
2699.94684,58,87,0.76,29,0.026206897,4
2699.823542,65,81,0.4,16,0.025,4
2699.823542,64,82,0.45,18,0.025,4
2699.823542,62,85,0.57,23,0.024782609,4
2699.30345,33,39,0.06,6,0.01,4
2699.299804,40,52,0.39,12,0.0325,4
2698.889625,55,77,0.65,22,0.029545455,4
2698.64084,65,69,0.11,4,0.0275,4
2698.473603,36,53,0.62,17,0.036470588,4
2698.435294,63,79,0.42,16,0.02625,4
2698.334979,58,86,0.72,28,0.025714286,4
2698.334979,57,88,0.79,31,0.025483871,4
2698.334979,56,89,0.84,33,0.025454545,4
2698.128214,51,84,0.93,33,0.028181818,4
2697.648908,75,85,0.19,10,0.019,4
2697.601601,60,74,0.41,14,0.029285714,4
2697.52312,68,94,0.49,26,0.018846154,4
2697.52312,67,95,0.53,28,0.018928571,4
2697.454271,58,85,0.75,27,0.027777778,4
2697.296868,58,84,0.73,26,0.028076923,4
2696.784872,57,85,0.79,28,0.028214286,4
2696.535878,48,67,0.58,19,0.030526316,4
2696.334973,38,51,0.48,13,0.036923077,4
2696.009775,64,77,0.35,13,0.026923077,4
2695.647824,38,51,0.47,13,0.036153846,4
2695.605136,55,93,0.93,38,0.024473684,4
2695.29482,65,97,0.61,32,0.0190625,4
2695.166608,59,84,0.69,25,0.0276,4
2695.166608,56,88,0.88,32,0.0275,4
2695.090701,34,59,0.85,25,0.034,4
2694.094688,67,97,0.52,30,0.017333333,4
2694.010096,62,75,0.35,13,0.026923077,4
2693.76884,59,73,0.41,14,0.029285714,4
2693.76884,58,74,0.47,16,0.029375,4
2693.76884,57,75,0.53,18,0.029444444,4
2693.76884,56,76,0.59,20,0.0295,4
2693.247451,34,99,0.22,65,0.003384615,4
2692.35548,61,84,0.58,23,0.025217391,4
2692.35548,60,85,0.63,25,0.0252,4
2692.35548,58,88,0.75,30,0.025,4
2692.35548,57,89,0.8,32,0.025,4
2692.337128,61,80,0.49,19,0.025789474,4
2692.259291,69,89,0.4,20,0.02,4
2691.899257,46,69,0.74,23,0.032173913,4
2691.87149,55,89,0.93,34,0.027352941,4
2691.605719,74,88,0.25,14,0.017857143,4
2691.5136,51,85,0.95,34,0.027941176,4
2691.275142,59,86,0.7,27,0.025925926,4
2690.507022,56,82,0.69,26,0.026538462,4
2690.397383,40,74,0.88,34,0.025882353,4
2690.359726,64,99,0.66,35,0.018857143,4
2689.753841,62,76,0.37,14,0.026428571,4
2689.753841,59,79,0.53,20,0.0265,4
2689.753841,56,83,0.71,27,0.026296296,4
2689.595917,46,64,0.45,18,0.025,4
2689.478672,51,87,0.98,36,0.027222222,4
2689.145239,32,56,0.91,24,0.037916667,4
2688.649202,57,85,0.72,28,0.025714286,4
2688.39948,43,74,0.98,31,0.031612903,4
2688.003671,35,95,0.22,60,0.003666667,4
2687.977158,33,57,0.82,24,0.034166667,4
2687.38346,49,60,0.28,11,0.025454545,4
2686.874118,37,94,0.12,57,0.002105263,4
2686.561355,54,81,0.76,27,0.028148148,4
2686.424502,34,98,0.14,64,0.0021875,4
2686.364718,33,59,0.9,26,0.034615385,4
2686.284333,35,99,0.08,64,0.00125,4
2686.275106,51,58,0.18,7,0.025714286,4
2686.072608,41,67,0.72,26,0.027692308,4
2685.811488,35,53,0.68,18,0.037777778,4
2685.586249,55,87,0.9,32,0.028125,4
2685.286766,38,49,0.4,11,0.036363636,4
2685.263755,33,99,0.25,66,0.003787879,4
2685.253772,36,57,0.67,21,0.031904762,4
2685.237416,37,64,0.75,27,0.027777778,4
2684.921796,39,61,0.24,22,0.010909091,4
2684.668931,56,87,0.82,31,0.026451613,4
2684.613762,52,87,0.93,35,0.026571429,4
2684.074378,54,89,0.94,35,0.026857143,4
2684.039637,33,97,0.5,64,0.0078125,4
2684.03538,34,60,0.84,26,0.032307692,4
2683.857128,57,86,0.74,29,0.025517241,4
2683.834018,54,90,0.94,36,0.026111111,4
2683.814641,54,89,0.98,35,0.028,4
2682.998608,74,86,0.23,12,0.019166667,4
2682.555593,68,71,0.08,3,0.026666667,4
2682.473023,54,89,0.97,35,0.027714286,4
2682.472097,55,83,0.76,28,0.027142857,4
2682.19464,71,91,0.38,20,0.019,4
2682.14702,35,97,0.13,62,0.002096774,4
2682.08527,53,83,0.84,30,0.028,4
2681.47405,53,85,0.87,32,0.0271875,4
2681.429468,54,79,0.73,25,0.0292,4
2681.429468,53,80,0.79,27,0.029259259,4
2681.229763,58,83,0.65,25,0.026,4
2681.178644,34,54,0.75,20,0.0375,4
2680.948679,55,90,0.92,35,0.026285714,4
2680.948679,54,91,0.98,37,0.026486486,4
2680.467109,34,97,0.24,63,0.003809524,4
2680.425752,48,61,0.33,13,0.025384615,4
2680.284931,57,89,0.81,32,0.0253125,4
2679.89666,74,87,0.24,13,0.018461538,4
2679.613894,54,88,0.87,34,0.025588235,4
2679.613894,52,91,0.99,39,0.025384615,4
2679.599127,57,82,0.66,25,0.0264,4
2679.369411,65,76,0.31,11,0.028181818,4
2679.356994,33,59,0.89,26,0.034230769,4
2679.354983,34,55,0.76,21,0.036190476,4
2679.262733,55,89,0.94,34,0.027647059,4
2678.98136,59,84,0.65,25,0.026,4
2678.744354,51,63,0.37,12,0.030833333,4
2678.537641,38,53,0.52,15,0.034666667,4
2678.10444,33,98,0.23,65,0.003538462,4
2677.992746,32,61,0.99,29,0.034137931,4
2677.963542,35,57,0.76,22,0.034545455,4
2677.746554,37,55,0.6,18,0.033333333,4
2676.720723,35,95,0.45,60,0.0075,4
2676.499368,45,71,0.78,26,0.03,4
2676.453115,41,58,0.19,17,0.011176471,4
2676.440179,68,95,0.48,27,0.017777778,4
2676.231501,44,48,0.13,4,0.0325,4
2675.924399,38,52,0.49,14,0.035,4
2675.907924,56,90,0.86,34,0.025294118,4
2675.708257,52,87,0.95,35,0.027142857,4
2675.607502,53,86,0.89,33,0.026969697,4
2675.209479,60,83,0.6,23,0.026086957,4
2675.209479,58,85,0.71,27,0.026296296,4
2675.209479,57,87,0.78,30,0.026,4
2674.982127,52,88,0.96,36,0.026666667,4
2674.610629,56,87,0.83,31,0.026774194,4
2674.445525,45,65,0.5,20,0.025,4
2674.10665,62,79,0.44,17,0.025882353,4
2673.871856,54,87,0.88,33,0.026666667,4
2673.81877,35,93,0.23,58,0.003965517,4
2673.787341,34,99,0.23,65,0.003538462,4
2673.638527,60,85,0.64,25,0.0256,4
2673.446271,26,87,0.56,61,0.009180328,4
2673.304848,59,85,0.68,26,0.026153846,4
2673.304848,56,89,0.86,33,0.026060606,4
2673.033077,51,89,0.99,38,0.026052632,4
2672.943811,55,92,0.92,37,0.024864865,4
2672.914877,34,99,0.24,65,0.003692308,4
2672.64205,55,88,0.9,33,0.027272727,4
2672.54972,60,73,0.37,13,0.028461538,4
2672.144915,48,76,0.65,28,0.023214286,4
2672.108083,53,85,0.86,32,0.026875,4
2671.922764,63,72,0.26,9,0.028888889,4
2671.922764,58,77,0.55,19,0.028947368,4
2671.760774,42,46,0.15,4,0.0375,4
2671.709656,56,84,0.74,28,0.026428571,4
2671.686569,56,88,0.85,32,0.0265625,4
2671.680283,33,97,0.25,64,0.00390625,4
2671.637014,33,99,0.24,66,0.003636364,4
2671.453584,58,82,0.64,24,0.026666667,4
2671.359869,52,88,0.95,36,0.026388889,4
2671.005089,55,84,0.76,29,0.026206897,4
2671.005089,54,86,0.83,32,0.0259375,4
2670.727296,57,93,0.77,36,0.021388889,4
2670.723647,26,88,0.56,62,0.009032258,4
2670.357059,40,59,0.54,19,0.028421053,4
2670.211735,33,97,0.49,64,0.00765625,4
2670.088878,41,69,0.76,28,0.027142857,4
2670.042247,34,56,0.78,22,0.035454545,4
2669.976036,55,82,0.74,27,0.027407407,4
2669.838292,55,86,0.81,31,0.026129032,4
2668.936425,61,73,0.35,12,0.029166667,4
2668.690323,34,96,0.19,62,0.003064516,4
2668.321163,55,88,0.88,33,0.026666667,4
2668.321163,54,89,0.93,35,0.026571429,4
2668.283316,55,87,0.91,32,0.0284375,4
2668.270199,34,99,0.2,65,0.003076923,4
2668.234,51,88,0.98,37,0.026486486,4
2667.811207,34,68,0.99,34,0.029117647,4
2667.801116,40,48,0.3,8,0.0375,4
2667.727307,59,83,0.62,24,0.025833333,4
2667.591452,37,90,0.42,53,0.007924528,4
2667.491152,55,88,0.87,33,0.026363636,4
2667.228588,79,87,0.14,8,0.0175,4
2666.782324,50,85,0.99,35,0.028285714,4
2666.069596,57,81,0.64,24,0.026666667,4
2665.955867,51,86,0.98,35,0.028,4
2665.940786,59,83,0.65,24,0.027083333,4
2665.899733,53,86,0.87,33,0.026363636,4
2665.685651,55,88,0.89,33,0.026969697,4
2665.685651,54,90,0.96,36,0.026666667,4
2665.591098,37,93,0.18,56,0.003214286,4
2664.935481,59,81,0.58,22,0.026363636,4
2664.897181,57,87,0.79,30,0.026333333,4
2664.695593,36,99,0.11,63,0.001746032,4
2664.689538,45,64,0.63,19,0.033157895,4
2664.315454,63,76,0.36,13,0.027692308,4
2664.128091,40,72,0.85,32,0.0265625,4
2664.047827,50,64,0.43,14,0.030714286,4
2663.27642,63,73,0.28,10,0.028,4
2663.104254,55,81,0.72,26,0.027692308,4
2662.978912,42,49,0.28,7,0.04,4
2662.866377,55,82,0.76,27,0.028148148,4
2662.827692,68,72,0.11,4,0.0275,4
2662.827692,66,74,0.22,8,0.0275,4
2662.803199,54,82,0.78,28,0.027857143,4
2662.754214,36,57,0.69,21,0.032857143,4
2662.138026,52,86,0.93,34,0.027352941,4
2662.138026,51,87,0.99,36,0.0275,4
2661.865383,57,84,0.71,27,0.026296296,4
2661.825726,62,73,0.32,11,0.029090909,4
2661.688832,37,54,0.59,17,0.034705882,4
2661.365311,66,79,0.33,13,0.025384615,4
2660.645811,41,48,0.26,7,0.037142857,4
2660.627914,61,78,0.46,17,0.027058824,4
2660.502816,36,55,0.66,19,0.034736842,4
2659.415916,35,54,0.69,19,0.036315789,4
2659.107986,28,46,0.18,18,0.01,4
2659.104126,49,66,0.51,17,0.03,4
2659.032699,61,77,0.45,16,0.028125,4
2658.889402,63,98,0.68,35,0.019428571,4
2658.883443,65,99,0.63,34,0.018529412,4
2658.877218,34,40,0.04,6,0.006666667,4
2658.484484,33,71,0.38,38,0.01,4
2658.272874,57,79,0.63,22,0.028636364,4
2657.860085,54,89,0.99,35,0.028285714,4
2657.807361,59,87,0.7,28,0.025,4
2657.60537,54,84,0.8,30,0.026666667,4
2657.507349,71,91,0.36,20,0.018,4
2657.359937,39,51,0.42,12,0.035,4
2657.043696,57,86,0.78,29,0.026896552,4
2657.043696,56,87,0.84,31,0.027096774,4
2657.043696,55,89,0.91,34,0.026764706,4
2657.043696,54,90,0.97,36,0.026944444,4
2656.958518,36,99,0.12,63,0.001904762,4
2656.924546,45,52,0.2,7,0.028571429,4
2656.887355,53,87,0.88,34,0.025882353,4
2656.887355,52,89,0.95,37,0.025675676,4
2656.877997,62,78,0.44,16,0.0275,4
2656.828709,34,97,0.48,63,0.007619048,4
2656.534871,25,86,0.62,61,0.010163934,4
2656.128954,35,56,0.73,21,0.034761905,4
2656.071771,37,91,0.18,54,0.003333333,4
2656.039048,43,56,0.14,13,0.010769231,4
2656.005204,35,93,0.45,58,0.007758621,4
2655.971085,58,77,0.53,19,0.027894737,4
2655.789177,66,97,0.55,31,0.017741935,4
2655.677941,36,56,0.65,20,0.0325,4
2655.663574,64,75,0.31,11,0.028181818,4
2655.393561,61,81,0.53,20,0.0265,4
2655.290495,33,98,0.2,65,0.003076923,4
2654.148025,55,95,0.87,40,0.02175,4
2653.936916,63,76,0.35,13,0.026923077,4
2653.659806,41,49,0.28,8,0.035,4
2653.659806,40,50,0.35,10,0.035,4
2653.451077,37,99,0.1,62,0.001612903,4
2653.178613,32,56,0.92,24,0.038333333,4
2652.809632,42,50,0.26,8,0.0325,4
2652.734914,55,85,0.78,30,0.026,4
2652.601573,37,93,0.17,56,0.003035714,4
2652.543514,67,94,0.52,27,0.019259259,4
2652.248658,28,47,0.18,19,0.009473684,4
2651.944889,69,93,0.43,24,0.017916667,4
2651.809729,43,55,0.35,12,0.029166667,4
2651.773571,53,88,0.94,35,0.026857143,4
2651.70612,78,83,0.09,5,0.018,4
2651.678715,41,50,0.36,9,0.04,4
2651.369633,51,57,0.16,6,0.026666667,4
2651.351871,56,94,0.82,38,0.021578947,4
2651.107584,53,88,0.92,35,0.026285714,4
2651.107584,52,90,0.99,38,0.026052632,4
2650.730679,32,56,0.9,24,0.0375,4
2650.568639,60,86,0.65,26,0.025,4
2650.554928,59,76,0.49,17,0.028823529,4
2650.358774,59,89,0.74,30,0.024666667,4
2650.323015,40,59,0.21,19,0.011052632,4
2650.290177,60,82,0.59,22,0.026818182,4
2650.290177,60,83,0.61,23,0.026521739,4
2650.290177,58,85,0.72,27,0.026666667,4
2650.086871,36,51,0.55,15,0.036666667,4
2650.057158,73,87,0.27,14,0.019285714,4
2650.024954,77,89,0.21,12,0.0175,4
2649.449327,54,89,0.95,35,0.027142857,4
2649.084233,64,96,0.63,32,0.0196875,4
2648.932603,43,56,0.16,13,0.012307692,4
2648.686056,62,72,0.29,10,0.029,4
2648.674873,61,80,0.54,19,0.028421053,4
2648.472206,53,87,0.9,34,0.026470588,4
2648.472206,52,89,0.97,37,0.026216216,4
2648.305618,58,78,0.57,20,0.0285,4
2647.944648,56,83,0.72,27,0.026666667,4
2647.854104,36,97,0.15,61,0.002459016,4
2647.728063,31,74,0.44,43,0.010232558,4
2647.676733,39,50,0.4,11,0.036363636,4
2647.540276,32,58,0.89,26,0.034230769,4
2647.53468,36,51,0.56,15,0.037333333,4
2647.393558,35,55,0.71,20,0.0355,4
2647.172168,36,93,0.41,57,0.007192982,4
2646.705622,48,66,0.56,18,0.031111111,4
2646.683695,37,53,0.55,16,0.034375,4
2646.553792,67,94,0.49,27,0.018148148,4
2646.362784,63,72,0.25,9,0.027777778,4
2646.362784,60,76,0.44,16,0.0275,4
2646.308907,57,84,0.7,27,0.025925926,4
2646.113341,67,96,0.51,29,0.017586207,4
2646.052141,38,62,0.26,24,0.010833333,4
2645.902514,38,54,0.63,16,0.039375,4
2645.718208,54,92,0.99,38,0.026052632,4
2645.555814,55,91,0.92,36,0.025555556,4
2645.555814,54,92,0.97,38,0.025526316,4
2645.359167,42,56,0.41,14,0.029285714,4
2644.634272,69,94,0.44,25,0.0176,4
2644.511143,36,54,0.64,18,0.035555556,4
2644.320487,34,98,0.24,64,0.00375,4
2644.139461,27,49,0.13,22,0.005909091,4
2644.137412,27,88,0.53,61,0.008688525,4
2643.965409,36,92,0.42,56,0.0075,4
2643.800344,64,78,0.39,14,0.027857143,4
2643.783757,34,60,0.82,26,0.031538462,4
2643.733567,33,99,0.45,66,0.006818182,4
2643.622767,62,77,0.4,15,0.026666667,4
2643.498736,65,73,0.23,8,0.02875,4
2643.376399,56,86,0.77,30,0.025666667,4
2642.781447,37,56,0.62,19,0.032631579,4
2642.433857,24,96,0.64,72,0.008888889,4
2642.169077,67,77,0.26,10,0.026,4
2642.169077,62,83,0.54,21,0.025714286,4
2641.91577,58,87,0.75,29,0.025862069,4
2641.840189,68,76,0.21,8,0.02625,4
2641.134117,64,98,0.65,34,0.019117647,4
2640.988297,66,70,0.11,4,0.0275,4
2640.988297,64,72,0.22,8,0.0275,4
2640.988297,62,74,0.33,12,0.0275,4
2640.890836,36,97,0.13,61,0.002131148,4
2640.709567,40,53,0.5,13,0.038461538,4
2640.398464,30,76,0.47,46,0.010217391,4
2640.24728,52,88,0.94,36,0.026111111,4
2640.05657,36,99,0.13,63,0.002063492,4
2639.730722,58,83,0.66,25,0.0264,4
2639.629368,48,67,0.57,19,0.03,4
2639.513702,55,86,0.82,31,0.026451613,4
2639.029172,49,63,0.32,14,0.022857143,4
2638.870915,33,56,0.85,23,0.036956522,4
2638.831032,34,96,0.24,62,0.003870968,4
2638.678722,58,88,0.76,30,0.025333333,4
2638.635861,56,91,0.87,35,0.024857143,4
2638.592879,50,59,0.23,9,0.025555556,4
2638.521376,60,86,0.66,26,0.025384615,4
2638.218498,65,74,0.24,9,0.026666667,4
2638.183926,36,99,0.14,63,0.002222222,4
2638.180946,73,89,0.29,16,0.018125,4
2638.180946,70,92,0.4,22,0.018181818,4
2638.136359,36,58,0.84,22,0.038181818,4
2637.912344,41,70,0.78,29,0.026896552,4
2637.524475,58,80,0.65,22,0.029545455,4
2637.524475,57,81,0.71,24,0.029583333,4
2637.524475,56,82,0.77,26,0.029615385,4
2637.524475,54,85,0.91,31,0.029354839,4
2637.414893,68,95,0.49,27,0.018148148,4
2637.124202,39,54,0.58,15,0.038666667,4
2637.057602,55,87,0.84,32,0.02625,4
2636.956673,34,58,0.83,24,0.034583333,4
2636.899983,37,63,0.74,26,0.028461538,4
2636.863556,64,73,0.26,9,0.028888889,4
2636.791432,48,61,0.43,13,0.033076923,4
2636.562939,53,87,0.89,34,0.026176471,4
2636.478633,44,54,0.11,10,0.011,4
2636.411581,56,89,0.85,33,0.025757576,4
2636.411581,55,90,0.9,35,0.025714286,4
2636.097269,58,76,0.51,18,0.028333333,4
2636.030157,63,70,0.2,7,0.028571429,4
2635.982776,68,73,0.13,5,0.026,4
2635.676037,60,75,0.43,15,0.028666667,4
2635.620936,32,76,0.28,44,0.006363636,4
2635.468063,55,82,0.82,27,0.03037037,4
2635.353781,35,95,0.44,60,0.007333333,4
2635.233197,58,93,0.73,35,0.020857143,4
2635.212258,56,87,0.79,31,0.025483871,4
2635.125036,36,55,0.63,19,0.033157895,4
2634.847791,67,97,0.54,30,0.018,4
2634.686662,35,94,0.17,59,0.002881356,4
2633.939427,40,51,0.36,11,0.032727273,4
2633.924508,33,60,0.92,27,0.034074074,4
2633.852965,37,50,0.48,13,0.036923077,4
2633.57248,46,70,0.72,24,0.03,4
2633.505624,72,85,0.26,13,0.02,4
2633.505624,71,86,0.3,15,0.02,4
2633.438894,59,77,0.51,18,0.028333333,4
2633.362198,33,62,0.91,29,0.03137931,4
2633.348453,64,81,0.44,17,0.025882353,4
2633.348453,63,82,0.49,19,0.025789474,4
2632.919017,51,62,0.35,11,0.031818182,4
2632.745218,66,78,0.32,12,0.026666667,4
2632.244716,36,96,0.11,60,0.001833333,4
2632.138736,59,78,0.57,19,0.03,4
2632.138736,58,79,0.63,21,0.03,4
2631.827653,38,55,0.66,17,0.038823529,4
2631.618832,31,57,0.98,26,0.037692308,4
2631.554733,35,95,0.43,60,0.007166667,4
2631.506961,63,77,0.37,14,0.026428571,4
2631.506961,60,80,0.53,20,0.0265,4
2630.903125,33,61,0.94,28,0.033571429,4
2630.786133,34,99,0.21,65,0.003230769,4
2630.663679,35,92,0.47,57,0.008245614,4
2630.62079,69,94,0.45,25,0.018,4
2630.62079,67,96,0.52,29,0.017931034,4
2630.563042,71,96,0.43,25,0.0172,4
2630.541975,45,54,0.1,9,0.011111111,4
2630.395981,68,77,0.23,9,0.025555556,4
2630.395981,61,85,0.61,24,0.025416667,4
2630.182026,57,88,0.81,31,0.026129032,4
2630.137922,64,76,0.32,12,0.026666667,4
2630.012357,37,52,0.54,15,0.036,4
2629.803016,28,82,0.5,54,0.009259259,4
2629.717322,49,65,0.5,16,0.03125,4
2629.45139,53,90,0.94,37,0.025405405,4
2629.310098,41,73,0.83,32,0.0259375,4
2629.114158,37,95,0.16,58,0.002758621,4
2628.900546,54,88,0.9,34,0.026470588,4
2628.742579,37,65,0.28,28,0.01,4
2627.987935,52,85,0.92,33,0.027878788,4
2627.726724,56,85,0.77,29,0.026551724,4
2627.127425,35,98,0.19,63,0.003015873,4
2627.055293,57,76,0.56,19,0.029473684,4
2627.055293,56,77,0.62,21,0.02952381,4
2626.58621,64,99,0.63,35,0.018,4
2626.53983,59,80,0.59,21,0.028095238,4
2626.483084,33,98,0.3,65,0.004615385,4
2626.480069,36,94,0.2,58,0.003448276,4
2626.263378,45,53,0.23,8,0.02875,4
2626.211607,66,98,0.56,32,0.0175,4
2626.195687,72,90,0.32,18,0.017777778,4
2626.056866,59,74,0.43,15,0.028666667,4
2626.045677,34,98,0.25,64,0.00390625,4
2625.914579,32,60,0.97,28,0.034642857,4
2625.895266,34,54,0.76,20,0.038,4
2625.513585,67,97,0.53,30,0.017666667,4
2625.479677,36,92,0.44,56,0.007857143,4
2625.38221,37,65,0.29,28,0.010357143,4
2625.131384,64,71,0.2,7,0.028571429,4
2625.110568,73,84,0.22,11,0.02,4
2624.970795,35,96,0.2,61,0.003278689,4
2624.954291,53,75,0.76,22,0.034545455,4
2624.594793,29,80,0.44,51,0.008627451,4
2624.410712,59,80,0.58,21,0.027619048,4
2624.383621,55,85,0.79,30,0.026333333,4
2624.330023,73,88,0.28,15,0.018666667,4
2624.31825,42,71,0.76,29,0.026206897,4
2624.247732,51,83,0.94,32,0.029375,4
2624.042434,37,58,0.66,21,0.031428571,4
2624.034014,49,55,0.16,6,0.026666667,4
2623.811124,58,85,0.69,27,0.025555556,4
2623.738757,64,77,0.37,13,0.028461538,4
2623.738757,59,83,0.68,24,0.028333333,4
2623.693259,54,83,0.8,29,0.027586207,4
2623.693259,53,84,0.86,31,0.027741935,4
2623.55171,27,88,0.55,61,0.009016393,4
2623.456521,47,52,0.06,5,0.012,4
2623.376569,55,83,0.84,28,0.03,4
2623.299042,60,77,0.51,17,0.03,4
2623.242883,54,85,0.82,31,0.026451613,4
2623.188689,40,51,0.37,11,0.033636364,4
2622.933516,55,83,0.83,28,0.029642857,4
2622.840811,38,56,0.67,18,0.037222222,4
2622.840811,37,57,0.75,20,0.0375,4
2622.741789,37,93,0.15,56,0.002678571,4
2622.687861,44,54,0.29,10,0.029,4
2622.333173,36,91,0.45,55,0.008181818,4
2622.302463,54,84,0.9,30,0.03,4
2622.302463,53,85,0.96,32,0.03,4
2622.25593,35,68,0.34,33,0.01030303,4
2622.173087,45,68,0.56,23,0.024347826,4
2621.995948,67,96,0.53,29,0.018275862,4
2621.932162,37,51,0.52,14,0.037142857,4
2621.680429,55,96,0.88,41,0.021463415,4
2621.613227,69,76,0.18,7,0.025714286,4
2621.613227,63,83,0.51,20,0.0255,4
2621.613227,62,84,0.56,22,0.025454545,4
2621.411806,78,79,0.02,1,0.02,4
2621.411806,77,80,0.06,3,0.02,4
2621.411806,76,81,0.1,5,0.02,4
2621.411806,75,82,0.14,7,0.02,4
2621.411806,74,83,0.18,9,0.02,4
2621.294183,57,77,0.57,20,0.0285,4
2621.104602,47,62,0.38,15,0.025333333,4
2620.800763,53,85,0.88,32,0.0275,4
2620.735456,76,84,0.15,8,0.01875,4
2620.399679,72,88,0.31,16,0.019375,4
2620.116342,35,54,0.7,19,0.036842105,4
2620.072665,65,72,0.19,7,0.027142857,4
2619.771396,26,91,0.59,65,0.009076923,4
2619.74536,40,70,0.81,30,0.027,4
2619.720396,60,87,0.67,27,0.024814815,4
2619.720396,59,88,0.72,29,0.024827586,4
2619.720396,58,90,0.79,32,0.0246875,4
2619.720396,57,91,0.84,34,0.024705882,4
2619.645991,56,92,0.88,36,0.024444444,4
2619.574113,61,83,0.59,22,0.026818182,4
2619.392182,39,49,0.37,10,0.037,4
2619.205011,38,55,0.55,17,0.032352941,4
2619.076034,55,80,0.73,25,0.0292,4
2618.888363,61,80,0.5,19,0.026315789,4
2618.779776,54,81,0.79,27,0.029259259,4
2618.755467,63,79,0.45,16,0.028125,4
2618.755467,61,81,0.56,20,0.028,4
2618.755467,60,82,0.62,22,0.028181818,4
2618.755467,57,86,0.81,29,0.027931034,4
2618.755467,56,87,0.87,31,0.028064516,4
2618.755467,55,88,0.93,33,0.028181818,4
2618.652598,36,98,0.13,62,0.002096774,4
2618.612924,54,89,0.9,35,0.025714286,4
2618.57987,57,88,0.8,31,0.025806452,4
2618.57987,54,92,0.98,38,0.025789474,4
2618.548654,52,59,0.16,7,0.022857143,4
2617.627066,33,99,0.26,66,0.003939394,4
2617.252488,35,99,0.06,64,0.0009375,4
2617.221786,35,99,0.07,64,0.00109375,4
2617.124634,60,76,0.49,16,0.030625,4
2617.120804,62,84,0.55,22,0.025,4
2617.120804,61,85,0.6,24,0.025,4
2616.85976,45,52,0.08,7,0.011428571,4
2616.537155,61,78,0.47,17,0.027647059,4
2616.517402,54,84,0.82,30,0.027333333,4
2616.515795,35,68,0.33,33,0.01,4
2616.481839,70,87,0.34,17,0.02,4
2616.427439,72,89,0.3,17,0.017647059,4
2616.238899,34,97,0.23,63,0.003650794,4
2615.964996,65,98,0.59,33,0.017878788,4
2615.837003,33,98,0.28,65,0.004307692,4
2615.816643,29,80,0.48,51,0.009411765,4
2615.729087,35,52,0.65,17,0.038235294,4
2615.279623,36,95,0.19,59,0.003220339,4
2615.278187,69,75,0.16,6,0.026666667,4
2615.104095,29,79,0.48,50,0.0096,4
2615.030763,40,74,0.89,34,0.026176471,4
2614.981636,57,82,0.71,25,0.0284,4
2614.944732,53,82,0.85,29,0.029310345,4
2614.706322,68,93,0.48,25,0.0192,4
2614.605269,75,83,0.15,8,0.01875,4
2614.605269,69,90,0.39,21,0.018571429,4
2614.499405,65,99,0.61,34,0.017941176,4
2614.299717,32,41,0.09,9,0.01,4
2614.194227,54,89,0.89,35,0.025428571,4
2614.101275,56,79,0.67,23,0.029130435,4
2613.644745,70,93,0.41,23,0.017826087,4
2613.644745,66,98,0.57,32,0.0178125,4
2613.537871,35,61,0.81,26,0.031153846,4
2613.334205,59,84,0.64,25,0.0256,4
2613.121998,35,91,0.48,56,0.008571429,4
2613.115985,33,96,0.51,63,0.008095238,4
2613.066531,29,80,0.49,51,0.009607843,4
2612.985684,59,88,0.73,29,0.025172414,4
2612.955783,34,70,0.36,36,0.01,4
2612.928358,51,59,0.19,8,0.02375,4
2612.833666,68,94,0.5,26,0.019230769,4
2612.833666,65,98,0.63,33,0.019090909,4
2612.808528,35,92,0.46,57,0.008070175,4
2612.751526,44,69,0.61,25,0.0244,4
2612.481122,56,89,0.88,33,0.026666667,4
2612.348841,66,95,0.53,29,0.018275862,4
2612.308789,56,84,0.73,28,0.026071429,4
2612.280672,55,87,0.82,32,0.025625,4
2612.029819,37,90,0.41,53,0.007735849,4
2611.86988,63,75,0.34,12,0.028333333,4
2611.639536,71,89,0.33,18,0.018333333,4
2611.628596,35,99,0.13,64,0.00203125,4
2611.580015,52,86,0.94,34,0.027647059,4
2611.439615,37,95,0.17,58,0.002931034,4
2611.374607,58,75,0.49,17,0.028823529,4
2611.374607,56,78,0.63,22,0.028636364,4
2610.702363,35,94,0.46,59,0.00779661,4
2610.660731,57,85,0.73,28,0.026071429,4
2610.436824,28,82,0.52,54,0.00962963,4
2610.088759,58,90,0.8,32,0.025,4
2610.088759,57,91,0.85,34,0.025,4
2610.050259,61,77,0.46,16,0.02875,4
2609.918759,71,89,0.35,18,0.019444444,4
2609.765202,32,85,0.16,53,0.003018868,4
2609.562728,66,72,0.17,6,0.028333333,4
2609.549485,75,84,0.16,9,0.017777778,4
2609.525482,56,88,0.84,32,0.02625,4
2609.525482,55,90,0.91,35,0.026,4
2609.520534,75,86,0.2,11,0.018181818,4
2609.514779,43,57,0.15,14,0.010714286,4
2609.4343,33,72,0.38,39,0.00974359,4
2609.09047,37,92,0.18,55,0.003272727,4
2608.823384,67,78,0.28,11,0.025454545,4
2608.694887,40,59,0.53,19,0.027894737,4
2608.654956,65,74,0.25,9,0.027777778,4
2608.46931,64,74,0.28,10,0.028,4
2608.458763,25,88,0.6,63,0.00952381,4
2608.398705,35,70,0.3,35,0.008571429,4
2608.15479,53,86,0.98,33,0.02969697,4
2607.979721,56,96,0.84,40,0.021,4
2607.715445,25,89,0.59,64,0.00921875,4
2607.472677,58,81,0.65,23,0.02826087,4
2607.43145,31,75,0.44,44,0.01,4
2607.359654,44,55,0.12,11,0.010909091,4
2607.330529,37,90,0.43,53,0.008113208,4
2607.313437,54,93,0.98,39,0.025128205,4
2607.275811,66,96,0.54,30,0.018,4
2607.16548,40,60,0.21,20,0.0105,4
2607.116686,28,83,0.51,55,0.009272727,4
2606.972382,37,96,0.13,59,0.00220339,4
2606.763175,65,97,0.58,32,0.018125,4
2606.676015,33,56,0.84,23,0.036521739,4
2606.635739,35,94,0.45,59,0.007627119,4
2606.359282,37,98,0.11,61,0.001803279,4
2606.346997,36,93,0.2,57,0.003508772,4
2606.333474,68,96,0.49,28,0.0175,4
2606.329521,64,78,0.36,14,0.025714286,4
2606.316557,57,78,0.61,21,0.029047619,4
2605.898037,67,95,0.5,28,0.017857143,4
2605.674103,36,98,0.12,62,0.001935484,4
2605.643196,62,79,0.45,17,0.026470588,4
2605.623156,58,82,0.63,24,0.02625,4
2605.577266,37,89,0.43,52,0.008269231,4
2604.961145,33,99,0.27,66,0.004090909,4
2604.950068,34,70,0.38,36,0.010555556,4
2604.856563,64,81,0.43,17,0.025294118,4
2604.528143,38,88,0.4,50,0.008,4
2604.397369,53,81,0.81,28,0.028928571,4
2604.397369,52,82,0.87,30,0.029,4
2604.347645,42,47,0.18,5,0.036,4
2604.316273,29,78,0.48,49,0.009795918,4
2604.214434,33,96,0.49,63,0.007777778,4
2604.058024,51,78,0.95,27,0.035185185,4
2603.968723,46,65,0.47,19,0.024736842,4
2603.950272,61,85,0.46,24,0.019166667,4
2603.832963,63,83,0.38,20,0.019,4
2603.750303,52,58,0.14,6,0.023333333,4
2603.634753,66,97,0.57,31,0.018387097,4
2603.560464,54,96,0.92,42,0.021904762,4
2603.365608,45,66,0.52,21,0.024761905,4
2603.349118,34,99,0.25,65,0.003846154,4
2603.27888,35,96,0.22,61,0.003606557,4
2603.150867,72,86,0.28,14,0.02,4
2603.150867,71,87,0.32,16,0.02,4
2603.05293,54,97,0.93,43,0.021627907,4
2602.972983,48,62,0.38,14,0.027142857,4
2602.757258,33,98,0.5,65,0.007692308,4
2602.718839,25,93,0.62,68,0.009117647,4
2602.690389,53,89,0.94,36,0.026111111,4
2602.663535,34,66,0.95,32,0.0296875,4
2602.185804,55,79,0.69,24,0.02875,4
2602.185804,54,80,0.75,26,0.028846154,4
2601.921511,25,86,0.63,61,0.010327869,4
2601.90302,29,83,0.49,54,0.009074074,4
2601.879613,66,96,0.53,30,0.017666667,4
2601.732531,68,75,0.19,7,0.027142857,4
2601.588654,30,44,0.14,14,0.01,4
2601.504885,43,73,0.91,30,0.030333333,4
2601.175189,37,97,0.12,60,0.002,4
2601.14691,31,75,0.43,44,0.009772727,4
2600.931084,41,53,0.43,12,0.035833333,4
2600.80946,57,80,0.7,23,0.030434783,4
2600.514241,58,69,0.39,11,0.035454545,4
2600.2943,61,73,0.34,12,0.028333333,4
2599.860544,24,99,0.45,75,0.006,4
2599.288541,34,95,0.23,61,0.003770492,4
2599.281025,55,91,0.93,36,0.025833333,4
2599.032009,63,81,0.48,18,0.026666667,4
2598.973033,48,62,0.35,14,0.025,4
2598.973033,47,63,0.4,16,0.025,4
2598.869072,27,87,0.54,60,0.009,4
2598.846139,37,57,0.76,20,0.038,4
2598.695085,44,73,0.86,29,0.029655172,4
2598.599514,68,92,0.44,24,0.018333333,4
2598.095379,55,91,0.94,36,0.026111111,4
2597.771952,55,86,0.83,31,0.026774194,4
2597.493814,35,95,0.47,60,0.007833333,4
2597.371458,61,79,0.48,18,0.026666667,4
2597.181567,33,41,0.06,8,0.0075,4
2596.869966,34,97,0.46,63,0.007301587,4
2596.699081,35,59,0.77,24,0.032083333,4
2596.601076,39,97,0.09,58,0.001551724,4
2596.281857,67,96,0.56,29,0.019310345,4
2596.123542,33,99,0.29,66,0.004393939,4
2596.115894,35,99,0.14,64,0.0021875,4
2595.993031,36,60,0.79,24,0.032916667,4
2595.920898,56,85,0.78,29,0.026896552,4
2595.870108,62,76,0.4,14,0.028571429,4
2595.547407,66,92,0.52,26,0.02,4
2595.263585,59,91,0.68,32,0.02125,4
2595.263585,57,94,0.78,37,0.021081081,4
2595.088628,34,39,0.05,5,0.01,4
2595.009966,64,70,0.17,6,0.028333333,4
2594.944083,41,47,0.22,6,0.036666667,4
2594.768532,63,82,0.5,19,0.026315789,4
2594.768532,61,84,0.61,23,0.026521739,4
2594.704468,37,58,0.73,21,0.034761905,4
2594.626788,52,77,0.86,25,0.0344,4
2594.54452,51,79,0.98,28,0.035,4
2594.445916,60,81,0.55,21,0.026190476,4
2594.126702,54,87,0.87,33,0.026363636,4
2593.908889,36,91,0.44,55,0.008,4
2593.908259,58,81,0.61,23,0.026521739,4
2593.799476,39,53,0.46,14,0.032857143,4
2593.725749,49,61,0.3,12,0.025,4
2593.454955,35,58,0.75,23,0.032608696,4
2593.406069,54,75,0.74,21,0.035238095,4
2593.366049,58,86,0.76,28,0.027142857,4
2593.243663,63,83,0.5,20,0.025,4
2593.243663,61,86,0.62,25,0.0248,4
2593.23248,39,50,0.41,11,0.037272727,4
2593.164247,59,87,0.71,28,0.025357143,4
2592.989734,56,80,0.69,24,0.02875,4
2592.972778,51,85,0.99,34,0.029117647,4
2592.934889,53,84,0.89,31,0.028709677,4
2592.934889,52,85,0.95,33,0.028787879,4
2592.76457,59,87,0.54,28,0.019285714,4
2592.714023,66,79,0.34,13,0.026153846,4
2592.705526,36,92,0.43,56,0.007678571,4
2592.595963,54,87,0.86,33,0.026060606,4
2592.565712,54,81,0.77,27,0.028518519,4
2592.565712,53,82,0.83,29,0.02862069,4
2592.520357,66,97,0.6,31,0.019354839,4
2592.276137,59,79,0.59,20,0.0295,4
2592.276137,55,84,0.85,29,0.029310345,4
2592.136147,55,81,0.75,26,0.028846154,4
2592.136147,54,82,0.81,28,0.028928571,4
2592.087778,76,82,0.12,6,0.02,4
2592.087778,75,83,0.16,8,0.02,4
2592.087778,74,84,0.2,10,0.02,4
2592.087778,73,85,0.24,12,0.02,4
2592.086361,38,55,0.54,17,0.031764706,4
2591.953004,35,66,0.87,31,0.028064516,4
2591.729242,39,68,0.97,29,0.033448276,4
2591.290514,62,83,0.55,21,0.026190476,4
2591.203773,54,87,0.85,33,0.025757576,4
2591.203773,53,88,0.9,35,0.025714286,4
2591.181182,55,94,0.98,39,0.025128205,4
2591.1145,78,80,0.04,2,0.02,4
2591.1145,77,81,0.08,4,0.02,4
2590.926597,26,88,0.57,62,0.009193548,4
2590.844935,54,85,0.92,31,0.029677419,4
2590.807443,62,78,0.43,16,0.026875,4
2590.807443,60,80,0.54,20,0.027,4
2590.807443,58,82,0.65,24,0.027083333,4
2590.807443,57,83,0.71,26,0.027307692,4
2590.807443,57,84,0.72,27,0.026666667,4
2590.584151,25,87,0.61,62,0.00983871,4
2590.522458,52,83,0.89,31,0.028709677,4
2590.457255,41,71,0.8,30,0.026666667,4
2590.17652,57,83,0.68,26,0.026153846,4
2589.985654,62,76,0.41,14,0.029285714,4
2589.985654,61,77,0.47,16,0.029375,4
2589.985654,60,78,0.53,18,0.029444444,4
2589.985654,60,79,0.55,19,0.028947368,4
2589.985654,59,80,0.61,21,0.029047619,4
2589.985654,58,81,0.67,23,0.029130435,4
2589.985654,57,82,0.73,25,0.0292,4
2589.985654,56,83,0.79,27,0.029259259,4
2589.933051,47,64,0.42,17,0.024705882,4
2589.774561,27,86,0.55,59,0.009322034,4
2589.727471,60,79,0.52,19,0.027368421,4
2589.669185,30,76,0.46,46,0.01,4
2589.651547,81,85,0.07,4,0.0175,4
2589.61085,67,73,0.16,6,0.026666667,4
2589.30186,67,77,0.21,10,0.021,4
2589.17698,55,84,0.82,29,0.028275862,4
2588.774478,67,93,0.48,26,0.018461538,4
2588.771507,44,67,0.57,23,0.024782609,4
2588.728657,61,79,0.47,18,0.026111111,4
2588.67931,46,64,0.46,18,0.025555556,4
2588.62251,36,92,0.45,56,0.008035714,4
2588.559215,43,72,0.9,29,0.031034483,4
2588.503106,35,95,0.48,60,0.008,4
2588.338686,53,83,0.87,30,0.029,4
2588.336645,25,89,0.6,64,0.009375,4
2588.284809,37,96,0.12,59,0.002033898,4
2588.045776,52,84,0.93,32,0.0290625,4
2587.670659,31,59,0.95,28,0.033928571,4
2587.655693,63,99,0.69,36,0.019166667,4
2587.651402,40,94,0.1,54,0.001851852,4
2587.641769,54,83,0.82,29,0.028275862,4
2587.641769,53,84,0.88,31,0.028387097,4
2587.640148,60,81,0.56,21,0.026666667,4
2587.547383,33,99,0.28,66,0.004242424,4
2587.439157,66,73,0.19,7,0.027142857,4
2587.439157,64,75,0.3,11,0.027272727,4
2587.439157,62,77,0.41,15,0.027333333,4
2587.390636,60,69,0.31,9,0.034444444,4
2587.277313,57,82,0.72,25,0.0288,4
2587.274105,62,84,0.42,22,0.019090909,4
2587.246265,61,74,0.38,13,0.029230769,4
2587.22726,59,80,0.55,21,0.026190476,4
2587.162646,70,88,0.34,18,0.018888889,4
2587.162646,67,92,0.47,25,0.0188,4
2587.146454,72,87,0.27,15,0.018,4
2587.050816,39,60,0.23,21,0.010952381,4
2586.890125,27,85,0.54,58,0.009310345,4
2586.803924,36,90,0.46,54,0.008518519,4
2586.682023,37,95,0.13,58,0.002241379,4
2586.616097,46,48,0.07,2,0.035,4
2586.616097,45,49,0.14,4,0.035,4
2586.602503,42,57,0.16,15,0.010666667,4
2586.39665,47,63,0.41,16,0.025625,4
2586.329751,57,90,0.84,33,0.025454545,4
2586.080621,42,72,0.98,30,0.032666667,4
2585.973652,59,70,0.38,11,0.034545455,4
2585.967358,68,90,0.44,22,0.02,4
2585.967358,67,91,0.48,24,0.02,4
2585.933407,57,83,0.7,26,0.026923077,4
2585.933407,56,84,0.76,28,0.027142857,4
2585.871369,32,99,0.55,67,0.008208955,4
2585.824681,55,79,0.7,24,0.029166667,4
2585.661677,36,58,0.7,22,0.031818182,4
2585.599283,59,81,0.6,22,0.027272727,4
2585.495739,36,59,0.72,23,0.031304348,4
2585.433357,42,64,0.62,22,0.028181818,4
