% profit,ema1,ema2,threshold,diff,thresh / diff,ID
3957.033119,43,50,0.26,7,0.037142857,54
3939.401839,41,52,0.41,11,0.037272727,54
3919.001592,45,48,0.11,3,0.036666667,54
3760.856084,57,69,0.41,12,0.034166667,54
3724.662576,58,67,0.31,9,0.034444444,54
3687.424935,58,69,0.37,11,0.033636364,54
3672.257216,38,56,0.68,18,0.037777778,54
3664.843306,57,68,0.38,11,0.034545455,54
3664.843306,56,69,0.45,13,0.034615385,54
3664.843306,55,70,0.52,15,0.034666667,54
3663.233726,57,67,0.35,10,0.035,54
3663.233726,56,68,0.42,12,0.035,54
3660.823057,56,70,0.48,14,0.034285714,54
3632.437462,58,70,0.4,12,0.033333333,54
3624.993788,61,67,0.2,6,0.033333333,54
3616.457264,61,63,0.07,2,0.035,54
3616.457264,60,64,0.14,4,0.035,54
3616.457264,59,65,0.21,6,0.035,54
3616.457264,58,66,0.28,8,0.035,54
3597.956251,56,74,0.59,18,0.032777778,54
3596.887618,54,72,0.62,18,0.034444444,54
3591.066008,57,71,0.47,14,0.033571429,54
3582.839397,57,70,0.44,13,0.033846154,54
3580.081747,58,71,0.43,13,0.033076923,54
3565.797085,61,66,0.17,5,0.034,54
3561.67421,61,68,0.23,7,0.032857143,54
3560.835568,53,73,0.69,20,0.0345,54
3559.987595,63,67,0.13,4,0.0325,54
3559.987595,61,69,0.26,8,0.0325,54
3559.987595,59,71,0.39,12,0.0325,54
3557.565785,60,67,0.24,7,0.034285714,54
3557.24493,35,60,0.9,25,0.036,54
3556.550916,56,72,0.54,16,0.03375,54
3556.550916,55,73,0.61,18,0.033888889,54
3555.218131,55,71,0.55,16,0.034375,54
3554.297515,39,54,0.57,15,0.038,54
3553.940463,56,71,0.51,15,0.034,54
3553.940463,55,72,0.58,17,0.034117647,54
3548.832544,58,72,0.46,14,0.032857143,54
3534.834006,63,66,0.1,3,0.033333333,54
3529.34902,40,53,0.49,13,0.037692308,54
3523.7097,57,66,0.32,9,0.035555556,54
3518.824566,42,51,0.34,9,0.037777778,54
3518.307234,54,73,0.65,19,0.034210526,54
3514.414214,57,72,0.51,15,0.034,54
3511.25792,59,68,0.31,9,0.034444444,54
3511.257917,37,62,0.86,25,0.0344,54
3510.066335,60,68,0.27,8,0.03375,54
3509.404894,57,73,0.53,16,0.033125,54
3509.404894,56,74,0.6,18,0.033333333,54
3509.404894,53,77,0.8,24,0.033333333,54
3509.404894,52,78,0.87,26,0.033461538,54
3509.180847,53,74,0.72,21,0.034285714,54
3508.169896,53,77,0.81,24,0.03375,54
3508.169896,52,78,0.88,26,0.033846154,54
3507.650064,56,67,0.39,11,0.035454545,54
3506.567134,37,62,0.87,25,0.0348,54
3505.467028,58,69,0.38,11,0.034545455,54
3503.02211,55,75,0.67,20,0.0335,54
3502.273483,38,56,0.65,18,0.036111111,54
3501.333282,42,51,0.33,9,0.036666667,54
3501.330306,40,53,0.48,13,0.036923077,54
3500.844738,60,69,0.3,9,0.033333333,54
3500.844738,56,73,0.57,17,0.033529412,54
3500.844738,55,74,0.64,19,0.033684211,54
3499.238167,57,70,0.45,13,0.034615385,54
3499.238167,56,71,0.52,15,0.034666667,54
3497.719049,39,54,0.56,15,0.037333333,54
3494.398234,55,75,0.66,20,0.033,54
3490.820902,43,49,0.23,6,0.038333333,54
3489.446142,54,75,0.71,21,0.033809524,54
3489.12058,51,79,0.94,28,0.033571429,54
3488.124804,54,75,0.7,21,0.033333333,54
3488.124804,53,76,0.77,23,0.033478261,54
3487.596823,55,72,0.59,17,0.034705882,54
3485.354202,60,70,0.33,10,0.033,54
3485.144993,51,77,0.89,26,0.034230769,54
3483.63189,39,59,0.7,20,0.035,54
3480.60853,57,72,0.5,15,0.033333333,54
3480.60853,54,76,0.73,22,0.033181818,54
3479.601342,58,71,0.44,13,0.033846154,54
3478.951242,50,78,0.96,28,0.034285714,54
3478.751858,54,74,0.68,20,0.034,54
3477.699876,52,79,0.9,27,0.033333333,54
3472.209129,54,76,0.74,22,0.033636364,54
3469.727823,42,50,0.3,8,0.0375,54
3469.274143,38,60,0.77,22,0.035,54
3469.026087,59,70,0.37,11,0.033636364,54
3468.219895,51,80,0.97,29,0.033448276,54
3467.176774,53,75,0.75,22,0.034090909,54
3467.176774,52,76,0.82,24,0.034166667,54
3464.269196,51,80,0.98,29,0.033793103,54
3462.978666,51,79,0.95,28,0.033928571,54
3461.967995,59,71,0.4,12,0.033333333,54
3458.694081,39,59,0.69,20,0.0345,54
3457.54282,44,48,0.15,4,0.0375,54
3454.980308,39,57,0.64,18,0.035555556,54
3452.704416,36,58,0.8,22,0.036363636,54
3449.791246,41,52,0.4,11,0.036363636,54
3448.332176,62,67,0.17,5,0.034,54
3444.369607,57,73,0.54,16,0.03375,54
3443.940393,56,73,0.58,17,0.034117647,54
3443.940393,55,74,0.65,19,0.034210526,54
3443.679389,58,70,0.41,12,0.034166667,54
3443.305693,59,69,0.34,10,0.034,54
3441.232025,37,62,0.88,25,0.0352,54
3438.236284,54,69,0.54,15,0.036,54
3437.996864,57,71,0.48,14,0.034285714,54
3431.884566,56,72,0.55,16,0.034375,54
3431.493172,41,51,0.39,10,0.039,54
3429.101212,44,51,0.25,7,0.035714286,54
3428.091052,54,75,0.72,21,0.034285714,54
3428.091052,53,76,0.79,23,0.034347826,54
3427.974434,53,76,0.78,23,0.033913043,54
3426.996337,36,63,0.95,27,0.035185185,54
3421.879451,52,77,0.85,25,0.034,54
3421.710642,42,50,0.31,8,0.03875,54
3418.485438,50,74,0.86,24,0.035833333,54
3418.382274,55,73,0.62,18,0.034444444,54
3416.706289,54,74,0.69,20,0.0345,54
3416.231883,51,78,0.92,27,0.034074074,54
3413.900135,34,61,0.98,27,0.036296296,54
3413.280107,38,60,0.78,22,0.035454545,54
3412.720327,46,59,0.35,13,0.026923077,54
3411.843396,58,72,0.47,14,0.033571429,54
3409.71039,52,75,0.79,23,0.034347826,54
3404.558345,38,55,0.64,17,0.037647059,54
3402.981058,56,75,0.62,19,0.032631579,54
3396.057723,41,56,0.53,15,0.035333333,54
3395.329681,42,55,0.46,13,0.035384615,54
3395.226058,41,51,0.38,10,0.038,54
3394.550745,51,81,0.99,30,0.033,54
3392.343118,5,13,0.46,8,0.0575,54
3388.020758,41,54,0.47,13,0.036153846,54
3387.148641,57,74,0.55,17,0.032352941,54
3385.16223,50,79,0.99,29,0.034137931,54
3378.472682,35,59,0.89,24,0.037083333,54
3378.05032,40,54,0.52,14,0.037142857,54
3377.855482,38,60,0.8,22,0.036363636,54
3377.296251,54,76,0.75,22,0.034090909,54
3377.296251,53,77,0.82,24,0.034166667,54
3376.524813,46,50,0.14,4,0.035,54
3376.524813,45,51,0.21,6,0.035,54
3376.524813,44,52,0.28,8,0.035,54
3376.257041,37,57,0.73,20,0.0365,54
3376.121422,37,61,0.85,24,0.035416667,54
3376.032881,40,57,0.61,17,0.035882353,54
3374.100805,52,80,0.92,28,0.032857143,54
3368.356609,37,56,0.72,19,0.037894737,54
3363.086508,38,57,0.7,19,0.036842105,54
3360.926864,43,53,0.35,10,0.035,54
3356.766178,37,56,0.71,19,0.037368421,54
3355.966389,36,63,0.98,27,0.036296296,54
3355.842338,36,58,0.81,22,0.036818182,54
3353.77362,54,77,0.76,23,0.033043478,54
3353.77362,53,78,0.83,25,0.0332,54
3353.592375,40,55,0.55,15,0.036666667,54
3351.945737,38,58,0.72,20,0.036,54
3351.858432,39,56,0.62,17,0.036470588,54
3351.527037,34,60,0.98,26,0.037692308,54
3350.903218,56,74,0.61,18,0.033888889,54
3350.017239,55,76,0.69,21,0.032857143,54
3343.704702,39,57,0.65,18,0.036111111,54
3343.052579,43,52,0.32,9,0.035555556,54
3342.757395,36,63,0.97,27,0.035925926,54
3341.741531,36,63,0.96,27,0.035555556,54
3340.788377,38,60,0.76,22,0.034545455,54
3340.511257,63,68,0.16,5,0.032,54
3339.354199,55,68,0.47,13,0.036153846,54
3338.994981,36,61,0.91,25,0.0364,54
3338.779198,53,70,0.62,17,0.036470588,54
3338.179207,58,73,0.49,15,0.032666667,54
3337.120988,39,54,0.55,15,0.036666667,54
3335.036283,37,61,0.88,24,0.036666667,54
3335.019613,39,55,0.6,16,0.0375,54
3334.960639,42,54,0.42,12,0.035,54
3334.662368,37,61,0.84,24,0.035,54
3334.00651,61,72,0.35,11,0.031818182,54
3332.997666,49,75,0.95,26,0.036538462,54
3332.709148,55,77,0.71,22,0.032272727,54
3332.435233,39,58,0.67,19,0.035263158,54
3332.370718,58,75,0.54,17,0.031764706,54
3332.36687,52,71,0.7,19,0.036842105,54
3332.312407,37,61,0.87,24,0.03625,54
3329.960956,55,75,0.68,20,0.034,54
3329.418008,56,75,0.63,19,0.033157895,54
3327.604884,59,74,0.48,15,0.032,54
3326.747511,36,62,0.95,26,0.036538462,54
3325.56802,36,62,0.96,26,0.036923077,54
3324.360005,39,55,0.58,16,0.03625,54
3323.750976,39,56,0.63,17,0.037058824,54
3323.37137,60,74,0.44,14,0.031428571,54
3323.145452,54,78,0.79,24,0.032916667,54
3322.266145,43,52,0.33,9,0.036666667,54
3321.591843,42,55,0.45,13,0.034615385,54
3321.591843,41,56,0.52,15,0.034666667,54
3321.591843,40,57,0.59,17,0.034705882,54
3321.097741,38,55,0.63,17,0.037058824,54
3320.769438,40,57,0.62,17,0.036470588,54
3320.658416,37,60,0.82,23,0.035652174,54
3320.446078,36,62,0.93,26,0.035769231,54
3320.270654,42,53,0.39,11,0.035454545,54
3320.198077,45,50,0.18,5,0.036,54
3320.02595,38,54,0.63,16,0.039375,54
3319.920714,39,58,0.7,19,0.036842105,54
3319.664878,56,82,0.75,26,0.028846154,54
3319.656602,62,72,0.31,10,0.031,54
3318.702991,67,72,0.14,5,0.028,54
3318.691834,59,72,0.42,13,0.032307692,54
3318.244738,40,56,0.57,16,0.035625,54
3317.999902,39,53,0.55,14,0.039285714,54
3314.923559,54,78,0.78,24,0.0325,54
3314.2066,56,77,0.67,21,0.031904762,54
3312.897401,42,52,0.36,10,0.036,54
3312.287698,59,73,0.45,14,0.032142857,54
3312.211469,47,49,0.07,2,0.035,54
3311.52551,58,80,0.63,22,0.028636364,54
3311.318054,45,51,0.22,6,0.036666667,54
3309.976345,38,58,0.73,20,0.0365,54
3308.80533,59,75,0.5,16,0.03125,54
3308.553994,61,70,0.29,9,0.032222222,54
3308.068221,38,60,0.79,22,0.035909091,54
3307.793058,54,77,0.77,23,0.033478261,54
3306.758531,57,74,0.56,17,0.032941176,54
3306.758531,53,79,0.85,26,0.032692308,54
3305.834182,57,81,0.69,24,0.02875,54
3304.675104,62,68,0.2,6,0.033333333,54
3303.113373,57,75,0.59,18,0.032777778,54
3303.040973,41,55,0.52,14,0.037142857,54
3302.73457,36,62,0.94,26,0.036153846,54
3299.893554,42,52,0.37,10,0.037,54
3297.888349,55,76,0.7,21,0.033333333,54
3296.902071,39,58,0.66,19,0.034736842,54
3295.553412,57,76,0.61,19,0.032105263,54
3295.553412,55,78,0.74,23,0.032173913,54
3294.661469,43,53,0.37,10,0.037,54
3294.57883,60,71,0.36,11,0.032727273,54
3294.229859,57,75,0.58,18,0.032222222,54
3291.467433,63,70,0.22,7,0.031428571,54
3291.467433,61,71,0.32,10,0.032,54
3291.467433,60,73,0.41,13,0.031538462,54
3291.214606,41,56,0.54,15,0.036,54
3290.645001,42,49,0.28,7,0.04,54
3290.603382,58,65,0.25,7,0.035714286,54
3290.455236,38,59,0.77,21,0.036666667,54
3290.395813,41,53,0.45,12,0.0375,54
3290.022128,41,53,0.44,12,0.036666667,54
3289.810768,54,85,0.88,31,0.028387097,54
3288.935216,45,46,0.04,1,0.04,54
3288.935216,44,47,0.12,3,0.04,54
3288.935216,43,48,0.2,5,0.04,54
3288.821288,53,87,0.96,34,0.028235294,54
3287.841677,36,59,0.87,23,0.037826087,54
3286.985149,41,54,0.48,13,0.036923077,54
3285.788553,55,84,0.82,29,0.028275862,54
3283.20154,59,72,0.43,13,0.033076923,54
3282.587025,41,50,0.36,9,0.04,54
3281.2316,37,59,0.81,22,0.036818182,54
3280.445764,62,77,0.42,15,0.028,54
3280.139164,42,53,0.4,11,0.036363636,54
3278.347859,62,70,0.26,8,0.0325,54
3278.347859,55,77,0.72,22,0.032727273,54
3278.086808,37,61,0.86,24,0.035833333,54
3277.052125,38,59,0.74,21,0.035238095,54
3276.792402,39,58,0.68,19,0.035789474,54
3275.946313,36,57,0.8,21,0.038095238,54
3275.302967,43,51,0.29,8,0.03625,54
3273.090059,59,80,0.59,21,0.028095238,54
3273.068963,46,49,0.11,3,0.036666667,54
3271.821774,57,82,0.71,25,0.0284,54
3271.515557,56,76,0.65,20,0.0325,54
3270.801942,58,82,0.67,24,0.027916667,54
3270.345475,63,69,0.19,6,0.031666667,54
3269.798471,56,83,0.77,27,0.028518519,54
3267.820904,58,81,0.65,23,0.02826087,54
3267.200997,39,58,0.69,19,0.036315789,54
3266.431173,42,54,0.43,12,0.035833333,54
3263.880459,40,57,0.6,17,0.035294118,54
3261.34264,53,86,0.94,33,0.028484848,54
3261.161412,52,79,0.91,27,0.033703704,54
3260.947788,37,58,0.77,21,0.036666667,54
3258.58093,62,69,0.23,7,0.032857143,54
3258.58093,60,72,0.39,12,0.0325,54
3258.58093,58,74,0.52,16,0.0325,54
3257.632038,37,60,0.83,23,0.036086957,54
3256.839398,64,75,0.31,11,0.028181818,54
3255.992652,40,55,0.54,15,0.036,54
3255.9146,55,83,0.81,28,0.028928571,54
3255.9146,54,84,0.87,30,0.029,54
3255.091616,63,71,0.25,8,0.03125,54
3254.502325,62,76,0.4,14,0.028571429,54
3253.961614,4,15,0.59,11,0.053636364,54
3252.448115,44,52,0.29,8,0.03625,54
3251.290654,37,58,0.79,21,0.037619048,54
3248.859838,53,87,0.95,34,0.027941176,54
3248.82496,54,85,0.89,31,0.028709677,54
3248.82496,53,86,0.95,33,0.028787879,54
3242.202823,37,57,0.77,20,0.0385,54
3241.445383,38,56,0.69,18,0.038333333,54
3240.688011,38,59,0.75,21,0.035714286,54
3239.396785,54,86,0.89,32,0.0278125,54
3238.647645,38,59,0.76,21,0.036190476,54
3234.985514,55,84,0.83,29,0.02862069,54
3234.852364,35,61,0.93,26,0.035769231,54
3234.430824,36,58,0.83,22,0.037727273,54
3234.276297,43,53,0.36,10,0.036,54
3233.833639,54,86,0.9,32,0.028125,54
3233.833639,54,87,0.92,33,0.027878788,54
3233.497947,52,71,0.68,19,0.035789474,54
3233.053255,57,82,0.7,25,0.028,54
3231.359716,37,57,0.75,20,0.0375,54
3229.700916,38,57,0.71,19,0.037368421,54
3229.321177,5,12,0.45,7,0.064285714,54
3228.521524,51,74,0.81,23,0.035217391,54
3226.478515,43,51,0.3,8,0.0375,54
3225.800673,56,83,0.76,27,0.028148148,54
3225.1201,55,85,0.82,30,0.027333333,54
3223.315014,54,86,0.88,32,0.0275,54
3223.315014,53,87,0.94,34,0.027647059,54
3223.315014,53,88,0.95,35,0.027142857,54
3222.498525,53,88,0.96,35,0.027428571,54
3222.047716,42,53,0.41,11,0.037272727,54
3220.735622,54,85,0.87,31,0.028064516,54
3220.333765,65,74,0.25,9,0.027777778,54
3217.928246,53,78,0.84,25,0.0336,54
3217.440879,36,61,0.93,25,0.0372,54
3217.382815,40,51,0.44,11,0.04,54
3217.101001,61,79,0.49,18,0.027222222,54
3216.860629,60,80,0.55,20,0.0275,54
3216.689051,37,60,0.85,23,0.036956522,54
3215.462231,60,79,0.54,19,0.028421053,54
3215.010048,37,59,0.82,22,0.037272727,54
3214.731112,52,72,0.71,20,0.0355,54
3211.836984,57,83,0.72,26,0.027692308,54
3211.808832,36,59,0.85,23,0.036956522,54
3211.528235,61,78,0.48,17,0.028235294,54
3211.528235,57,83,0.73,26,0.028076923,54
3211.528235,56,84,0.79,28,0.028214286,54
3210.744304,44,51,0.26,7,0.037142857,54
3209.401032,39,54,0.58,15,0.038666667,54
3209.401032,38,55,0.66,17,0.038823529,54
3209.370205,36,59,0.86,23,0.037391304,54
3208.612492,59,81,0.6,22,0.027272727,54
3208.467391,39,57,0.67,18,0.037222222,54
3208.359674,63,76,0.37,13,0.028461538,54
3208.045648,53,70,0.61,17,0.035882353,54
3207.944998,61,77,0.46,16,0.02875,54
3206.816367,60,79,0.53,19,0.027894737,54
3206.816367,58,82,0.66,24,0.0275,54
3206.278955,40,53,0.5,13,0.038461538,54
3198.584832,58,73,0.5,15,0.033333333,54
3197.271813,41,52,0.42,11,0.038181818,54
3196.843991,5,13,0.45,8,0.05625,54
3195.531592,54,70,0.57,16,0.035625,54
3194.948942,7,8,0.07,1,0.07,54
3193.962482,42,54,0.44,12,0.036666667,54
3192.085286,56,84,0.78,28,0.027857143,54
3192.085286,55,85,0.84,30,0.028,54
3192.075165,53,88,0.98,35,0.028,54
3191.870008,57,83,0.71,26,0.027307692,54
3190.535694,53,71,0.64,18,0.035555556,54
3190.198921,55,86,0.85,31,0.027419355,54
3190.082973,56,84,0.77,28,0.0275,54
3190.082973,55,85,0.83,30,0.027666667,54
3190.082973,55,86,0.84,31,0.027096774,54
3190.082973,54,87,0.9,33,0.027272727,54
3189.8485,4,15,0.6,11,0.054545455,54
3189.831099,35,60,0.92,25,0.0368,54
3188.213886,40,55,0.56,15,0.037333333,54
3186.923172,54,88,0.89,34,0.026176471,54
3185.114721,45,49,0.15,4,0.0375,54
3184.743731,57,65,0.3,8,0.0375,54
3182.645502,53,89,0.97,36,0.026944444,54
3182.616931,40,72,0.99,32,0.0309375,54
3182.088203,41,55,0.5,14,0.035714286,54
3181.715275,39,55,0.59,16,0.036875,54
3180.814035,53,88,0.99,35,0.028285714,54
3180.539106,40,71,0.99,31,0.031935484,54
3180.509968,65,73,0.23,8,0.02875,54
3180.509968,60,78,0.52,18,0.028888889,54
3180.509968,59,80,0.6,21,0.028571429,54
3179.241684,55,85,0.85,30,0.028333333,54
3178.258613,59,81,0.61,22,0.027727273,54
3175.775258,59,64,0.18,5,0.036,54
3175.340768,56,84,0.8,28,0.028571429,54
3175.340768,55,85,0.86,30,0.028666667,54
3175.340193,35,61,0.95,26,0.036538462,54
3174.151083,53,86,0.96,33,0.029090909,54
3173.77104,58,81,0.66,23,0.028695652,54
3173.432898,40,56,0.58,16,0.03625,54
3172.165304,41,55,0.51,14,0.036428571,54
3172.139471,40,70,0.97,30,0.032333333,54
3172.105458,36,60,0.89,24,0.037083333,54
3171.957129,41,69,0.9,28,0.032142857,54
3171.661813,53,72,0.67,19,0.035263158,54
3171.661813,52,73,0.74,21,0.035238095,54
3170.241182,37,60,0.84,23,0.036521739,54
3168.255674,52,87,0.99,35,0.028285714,54
3167.175634,53,86,0.93,33,0.028181818,54
3167.170572,39,57,0.66,18,0.036666667,54
3167.141606,53,85,0.93,32,0.0290625,54
3167.141606,52,86,0.99,34,0.029117647,54
3166.170887,53,88,0.97,35,0.027714286,54
3165.256155,50,76,0.91,26,0.035,54
3161.881318,62,75,0.38,13,0.029230769,54
3161.380491,47,64,0.43,17,0.025294118,54
3160.375497,38,60,0.81,22,0.036818182,54
3160.308457,38,56,0.67,18,0.037222222,54
3158.982402,39,52,0.53,13,0.040769231,54
3157.084971,53,89,0.96,36,0.026666667,54
3156.907494,44,50,0.22,6,0.036666667,54
3156.835409,62,77,0.43,15,0.028666667,54
3156.835409,61,78,0.49,17,0.028823529,54
3155.80141,58,67,0.32,9,0.035555556,54
3155.762996,36,61,0.92,25,0.0368,54
3155.748024,49,76,0.96,27,0.035555556,54
3155.348916,35,60,0.93,25,0.0372,54
3155.180657,64,74,0.29,10,0.029,54
3155.180657,61,76,0.44,15,0.029333333,54
3155.180657,60,77,0.5,17,0.029411765,54
3155.180657,59,78,0.56,19,0.029473684,54
3155.180657,59,79,0.58,20,0.029,54
3155.180657,58,80,0.64,22,0.029090909,54
3154.026282,53,73,0.7,20,0.035,54
3154.026282,52,74,0.77,22,0.035,54
3154.026282,51,75,0.84,24,0.035,54
3152.828687,54,71,0.6,17,0.035294118,54
3151.907198,54,87,0.91,33,0.027575758,54
3151.24791,60,83,0.58,23,0.025217391,54
3150.93594,48,63,0.38,15,0.025333333,54
3146.905899,41,72,0.89,31,0.028709677,54
3146.704532,53,85,0.95,32,0.0296875,54
3146.654282,54,84,0.88,30,0.029333333,54
3146.654282,53,85,0.94,32,0.029375,54
3145.927133,56,81,0.74,25,0.0296,54
3144.832648,54,86,0.91,32,0.0284375,54
3144.832648,53,87,0.97,34,0.028529412,54
3143.914832,59,63,0.15,4,0.0375,54
3142.25389,52,88,0.99,36,0.0275,54
3141.883311,36,64,0.96,28,0.034285714,54
3141.187547,50,75,0.89,25,0.0356,54
3140.761056,56,69,0.46,13,0.035384615,54
3140.013399,55,69,0.5,14,0.035714286,54
3139.710276,54,87,0.89,33,0.026969697,54
3139.419408,57,82,0.72,25,0.0288,54
3139.419408,56,83,0.78,27,0.028888889,54
3139.419408,54,86,0.92,32,0.02875,54
3139.419408,53,87,0.98,34,0.028823529,54
3138.555889,40,52,0.47,12,0.039166667,54
3138.472569,37,63,0.89,26,0.034230769,54
3138.281266,55,70,0.53,15,0.035333333,54
3138.173218,40,56,0.59,16,0.036875,54
3136.897965,36,59,0.84,23,0.036521739,54
3136.882218,57,82,0.73,25,0.0292,54
3136.729601,40,74,0.97,34,0.028529412,54
3135.531712,54,72,0.63,18,0.035,54
3135.4783,39,55,0.57,16,0.035625,54
3134.716141,61,82,0.53,21,0.025238095,54
3134.534725,58,86,0.7,28,0.025,54
3134.534725,57,87,0.75,30,0.025,54
3134.5142,63,75,0.35,12,0.029166667,54
3133.974386,38,56,0.66,18,0.036666667,54
3133.654241,43,69,0.75,26,0.028846154,54
3133.46335,41,70,0.9,29,0.031034483,54
3132.93134,36,59,0.82,23,0.035652174,54
3131.494394,40,71,0.97,31,0.031290323,54
3131.164572,37,58,0.75,21,0.035714286,54
3130.828569,64,79,0.38,15,0.025333333,54
3130.828569,63,80,0.43,17,0.025294118,54
3130.461295,54,92,0.94,38,0.024736842,54
3129.458593,59,79,0.59,20,0.0295,54
3128.564862,37,56,0.74,19,0.038947368,54
3128.336765,53,88,0.94,35,0.026857143,54
3127.71148,57,83,0.74,26,0.028461538,54
3127.40354,37,63,0.88,26,0.033846154,54
3125.952578,59,83,0.65,24,0.027083333,54
3125.173708,42,68,0.81,26,0.031153846,54
3122.765125,62,79,0.47,17,0.027647059,54
3121.987991,40,52,0.46,12,0.038333333,54
3121.024094,57,81,0.7,24,0.029166667,54
3121.024094,56,82,0.76,26,0.029230769,54
3121.024094,55,83,0.82,28,0.029285714,54
3121.024094,55,84,0.84,29,0.028965517,54
3121.024094,54,85,0.9,31,0.029032258,54
3120.831266,61,80,0.53,19,0.027894737,54
3120.831266,58,84,0.72,26,0.027692308,54
3120.6673,49,85,0.99,36,0.0275,54
3119.475612,62,76,0.41,14,0.029285714,54
3119.475612,61,77,0.47,16,0.029375,54
3119.475612,60,78,0.53,18,0.029444444,54
3119.437192,38,58,0.74,20,0.037,54
3118.981687,68,72,0.11,4,0.0275,54
3118.981687,66,74,0.22,8,0.0275,54
3118.878876,58,80,0.65,22,0.029545455,54
3118.414921,34,60,0.99,26,0.038076923,54
3117.81049,42,48,0.25,6,0.041666667,54
3117.290651,41,53,0.42,12,0.035,54
3116.295508,42,52,0.34,10,0.034,54
3115.524036,46,65,0.48,19,0.025263158,54
3114.926356,59,80,0.61,21,0.029047619,54
3114.926356,58,81,0.67,23,0.029130435,54
3114.294823,62,78,0.44,16,0.0275,54
3114.170186,35,59,0.91,24,0.037916667,54
3114.035221,56,90,0.84,34,0.024705882,54
3114.035221,55,91,0.89,36,0.024722222,54
3113.674031,44,49,0.18,5,0.036,54
3112.275902,52,85,0.98,33,0.02969697,54
3111.727628,55,90,0.87,35,0.024857143,54
3111.417985,35,61,0.94,26,0.036153846,54
3110.965042,58,85,0.68,27,0.025185185,54
3109.908762,48,62,0.36,14,0.025714286,54
3109.752963,53,86,0.97,33,0.029393939,54
3108.771728,39,60,0.72,21,0.034285714,54
3108.404425,40,53,0.51,13,0.039230769,54
3107.867684,56,89,0.82,33,0.024848485,54
3107.84858,38,57,0.65,19,0.034210526,54
3107.115367,41,72,0.9,31,0.029032258,54
3107.083063,45,58,0.42,13,0.032307692,54
3106.944851,41,68,0.88,27,0.032592593,54
3105.015542,42,68,0.82,26,0.031538462,54
3104.875646,57,86,0.78,29,0.026896552,54
3104.744854,37,58,0.73,21,0.034761905,54
3104.394247,55,85,0.87,30,0.029,54
3104.394247,54,86,0.93,32,0.0290625,54
3103.35121,57,68,0.39,11,0.035454545,54
3102.622657,4,14,0.57,10,0.057,54
3102.406002,35,60,0.94,25,0.0376,54
3102.267499,56,67,0.4,11,0.036363636,54
3102.259742,37,58,0.74,21,0.035238095,54
3102.149372,57,81,0.71,24,0.029583333,54
3102.149372,56,82,0.77,26,0.029615385,54
3100.830462,53,89,0.94,36,0.026111111,54
3100.624026,55,83,0.83,28,0.029642857,54
3100.518601,42,70,0.81,28,0.028928571,54
3100.379849,58,83,0.68,25,0.0272,54
3100.257585,36,60,0.82,24,0.034166667,54
3099.831415,41,52,0.43,11,0.039090909,54
3097.263874,59,82,0.62,23,0.026956522,54
3097.002652,44,59,0.49,15,0.032666667,54
3093.973461,58,79,0.62,21,0.02952381,54
3093.857109,37,57,0.72,20,0.036,54
3093.848439,40,73,0.96,33,0.029090909,54
3093.573727,55,82,0.8,27,0.02962963,54
3093.573727,54,83,0.86,29,0.029655172,54
3093.573727,53,84,0.92,31,0.029677419,54
3093.258111,57,80,0.68,23,0.029565217,54
3092.864915,60,81,0.59,21,0.028095238,54
3092.468823,36,65,0.98,29,0.033793103,54
3092.194549,60,80,0.56,20,0.028,54
3092.067608,40,70,0.94,30,0.031333333,54
3091.784634,36,63,0.94,27,0.034814815,54
3091.556493,58,87,0.72,29,0.024827586,54
3091.556493,57,88,0.77,31,0.02483871,54
3090.894901,56,83,0.79,27,0.029259259,54
3090.894901,55,84,0.85,29,0.029310345,54
3090.894901,54,85,0.91,31,0.029354839,54
3090.894901,53,87,0.99,34,0.029117647,54
3090.663367,39,73,0.99,34,0.029117647,54
3090.289536,34,61,0.99,27,0.036666667,54
3089.169331,41,69,0.88,28,0.031428571,54
3088.952891,37,59,0.73,22,0.033181818,54
3088.661599,38,61,0.79,23,0.034347826,54
3088.597727,56,66,0.37,10,0.037,54
3088.273448,40,71,0.96,31,0.030967742,54
3087.387293,59,66,0.25,7,0.035714286,54
3087.355612,59,84,0.63,25,0.0252,54
3087.172029,55,89,0.86,34,0.025294118,54
3087.14213,56,85,0.78,29,0.026896552,54
3086.524439,43,70,0.68,27,0.025185185,54
3086.47535,43,66,0.74,23,0.032173913,54
3086.327629,62,81,0.48,19,0.025263158,54
3085.669066,38,62,0.81,24,0.03375,54
3085.555179,60,82,0.59,22,0.026818182,54
3085.555179,56,87,0.83,31,0.026774194,54
3085.204121,60,79,0.55,19,0.028947368,54
3084.271236,52,72,0.72,20,0.036,54
3084.271236,51,73,0.79,22,0.035909091,54
3083.884093,41,69,0.87,28,0.031071429,54
3083.861346,54,73,0.66,19,0.034736842,54
3083.861346,53,74,0.73,21,0.034761905,54
3083.861346,52,75,0.8,23,0.034782609,54
3083.598969,37,57,0.74,20,0.037,54
3082.035602,61,68,0.24,7,0.034285714,54
3081.946939,57,85,0.75,28,0.026785714,54
3081.365234,43,51,0.27,8,0.03375,54
3081.365234,39,56,0.57,17,0.033529412,54
3080.846704,54,86,0.94,32,0.029375,54
3080.833002,56,68,0.43,12,0.035833333,54
3080.398105,64,77,0.35,13,0.026923077,54
3080.398105,62,79,0.46,17,0.027058824,54
3079.995838,59,85,0.66,26,0.025384615,54
3079.920328,53,70,0.63,17,0.037058824,54
3079.907428,62,64,0.07,2,0.035,54
3079.907428,61,65,0.14,4,0.035,54
3079.257601,40,58,0.63,18,0.035,54
3078.718878,42,62,0.64,20,0.032,54
3078.671583,64,76,0.33,12,0.0275,54
3078.671583,60,81,0.57,21,0.027142857,54
3078.55745,57,89,0.79,32,0.0246875,54
3078.375249,65,75,0.28,10,0.028,54
3078.375249,63,77,0.39,14,0.027857143,54
3078.375249,62,78,0.45,16,0.028125,54
3078.375249,59,82,0.64,23,0.027826087,54
3077.755863,50,74,0.87,24,0.03625,54
3077.596649,53,89,0.95,36,0.026388889,54
3076.639904,43,69,0.66,26,0.025384615,54
3076.587256,43,65,0.73,22,0.033181818,54
3076.47717,40,54,0.49,14,0.035,54
3075.953168,55,86,0.83,31,0.026774194,54
3075.655236,38,57,0.66,19,0.034736842,54
3075.421923,64,69,0.16,5,0.032,54
3075.241807,36,59,0.81,23,0.035217391,54
3075.222332,54,69,0.55,15,0.036666667,54
3074.59595,56,86,0.82,30,0.027333333,54
3074.429985,43,61,0.58,18,0.032222222,54
3074.058332,56,84,0.81,28,0.028928571,54
3073.854333,52,58,0.14,6,0.023333333,54
3073.744716,54,84,0.89,30,0.029666667,54
3073.72584,36,58,0.82,22,0.037272727,54
3073.676786,36,59,0.83,23,0.036086957,54
3073.524837,51,73,0.8,22,0.036363636,54
3072.148577,34,63,0.97,29,0.033448276,54
3072.031219,67,74,0.19,7,0.027142857,54
3072.031219,65,76,0.3,11,0.027272727,54
3072.031219,61,81,0.54,20,0.027,54
3071.814306,38,58,0.71,20,0.0355,54
3071.645778,55,86,0.86,31,0.027741935,54
3071.639837,57,84,0.72,27,0.026666667,54
3071.252031,42,67,0.81,25,0.0324,54
3071.095029,41,57,0.55,16,0.034375,54
3070.966069,59,84,0.64,25,0.0256,54
3070.966069,56,88,0.81,32,0.0253125,54
3070.966069,54,90,0.92,36,0.025555556,54
3070.966069,54,91,0.93,37,0.025135135,54
3070.671178,64,77,0.36,13,0.027692308,54
3070.490446,43,65,0.72,22,0.032727273,54
3070.319632,47,59,0.32,12,0.026666667,54
3069.980968,60,65,0.18,5,0.036,54
3069.967172,43,71,0.87,28,0.031071429,54
3069.84428,49,77,0.99,28,0.035357143,54
3069.670645,50,73,0.83,23,0.036086957,54
3069.622363,60,66,0.21,6,0.035,54
3069.622363,59,67,0.28,8,0.035,54
3069.622363,58,68,0.35,10,0.035,54
3069.559648,41,70,0.91,29,0.03137931,54
3069.470029,37,54,0.64,17,0.037647059,54
3068.927949,62,80,0.48,18,0.026666667,54
3068.540436,55,85,0.88,30,0.029333333,54
3067.614586,42,67,0.82,25,0.0328,54
3067.42266,51,72,0.77,21,0.036666667,54
3067.207654,57,86,0.77,29,0.026551724,54
3067.155114,58,86,0.71,28,0.025357143,54
3067.155114,57,88,0.78,31,0.02516129,54
3067.155114,56,89,0.83,33,0.025151515,54
3067.155114,55,90,0.88,35,0.025142857,54
3067.155114,55,91,0.9,36,0.025,54
3067.155114,54,92,0.95,38,0.025,54
3065.472405,60,84,0.61,24,0.025416667,54
3065.311023,49,75,0.94,26,0.036153846,54
3065.129015,60,82,0.6,22,0.027272727,54
3065.129015,59,83,0.66,24,0.0275,54
3065.129015,58,84,0.71,26,0.027307692,54
3065.129015,57,85,0.77,28,0.0275,54
3065.129015,56,87,0.84,31,0.027096774,54
3065.129015,55,88,0.9,33,0.027272727,54
3065.129015,54,90,0.97,36,0.026944444,54
3065.04971,36,63,0.99,27,0.036666667,54
3064.88118,56,87,0.79,31,0.025483871,54
3064.362344,49,62,0.33,13,0.025384615,54
3064.28202,35,59,0.9,24,0.0375,54
3063.199137,35,60,0.89,25,0.0356,54
3063.102476,38,62,0.82,24,0.034166667,54
3062.463768,57,67,0.36,10,0.036,54
3062.463768,53,71,0.65,18,0.036111111,54
3062.294051,66,73,0.2,7,0.028571429,54
3061.266259,51,74,0.82,23,0.035652174,54
3060.986022,50,73,0.85,23,0.036956522,54
3060.933697,40,71,0.95,31,0.030645161,54
3060.469716,52,71,0.69,19,0.036315789,54
3059.509992,40,65,0.8,25,0.032,54
3059.362229,59,82,0.65,23,0.02826087,54
3059.362229,56,86,0.84,30,0.028,54
3059.362229,55,87,0.9,32,0.028125,54
3059.362229,54,89,0.98,35,0.028,54
3059.35936,49,74,0.92,25,0.0368,54
3059.240354,43,72,0.88,29,0.030344828,54
3059.192517,38,61,0.8,23,0.034782609,54
3058.992202,40,58,0.62,18,0.034444444,54
3058.084512,51,75,0.85,24,0.035416667,54
3057.755179,66,77,0.28,11,0.025454545,54
3057.755179,65,78,0.33,13,0.025384615,54
3057.62931,59,81,0.62,22,0.028181818,54
3056.56231,41,69,0.89,28,0.031785714,54
3056.483876,55,89,0.87,34,0.025588235,54
3056.483876,53,92,0.99,39,0.025384615,54
3056.324232,42,48,0.23,6,0.038333333,54
3056.089391,50,61,0.28,11,0.025454545,54
3055.865063,36,64,0.95,28,0.033928571,54
3055.678566,51,72,0.76,21,0.036190476,54
3055.613456,57,85,0.78,28,0.027857143,54
3055.613456,55,88,0.91,33,0.027575758,54
3055.613456,54,89,0.97,35,0.027714286,54
3054.052159,39,55,0.61,16,0.038125,54
3054.003044,50,73,0.84,23,0.036521739,54
3053.865676,61,79,0.51,18,0.028333333,54
3053.600894,42,74,0.96,32,0.03,54
3050.936279,39,52,0.49,13,0.037692308,54
3050.774072,35,62,0.89,27,0.032962963,54
3050.123424,58,83,0.7,25,0.028,54
3049.966247,43,50,0.25,7,0.035714286,54
3049.457318,57,87,0.76,30,0.025333333,54
3048.788564,64,78,0.36,14,0.025714286,54
3048.788564,58,85,0.69,27,0.025555556,54
3048.788564,57,86,0.74,29,0.025517241,54
3046.806898,63,77,0.38,14,0.027142857,54
3046.56537,36,64,0.97,28,0.034642857,54
3046.516368,42,66,0.8,24,0.033333333,54
3046.514535,54,90,0.96,36,0.026666667,54
3046.397901,35,60,0.91,25,0.0364,54
3046.299826,56,86,0.83,30,0.027666667,54
3045.919276,59,84,0.67,25,0.0268,54
3045.681871,49,61,0.31,12,0.025833333,54
3045.658724,51,77,0.9,26,0.034615385,54
3045.658724,50,78,0.97,28,0.034642857,54
3045.596487,41,70,0.89,29,0.030689655,54
3045.136317,45,62,0.45,17,0.026470588,54
3045.004262,59,85,0.65,26,0.025,54
3045.004262,59,86,0.67,27,0.024814815,54
3044.901347,4,14,0.91,10,0.091,54
3044.603972,51,58,0.18,7,0.025714286,54
3044.427943,49,76,0.97,27,0.035925926,54
3043.960209,60,80,0.57,20,0.0285,54
3042.934239,5,12,0.43,7,0.061428571,54
3042.300266,43,73,0.9,30,0.03,54
3041.987031,40,70,0.93,30,0.031,54
3041.758142,39,61,0.74,22,0.033636364,54
3041.677828,59,82,0.63,23,0.027391304,54
3041.677828,58,84,0.7,26,0.026923077,54
3041.677828,56,86,0.81,30,0.027,54
3041.256943,56,70,0.49,14,0.035,54
3041.256943,55,71,0.56,16,0.035,54
3041.135419,60,83,0.61,23,0.026521739,54
3041.135419,58,85,0.72,27,0.026666667,54
3041.135419,57,87,0.79,30,0.026333333,54
3041.135419,55,89,0.9,34,0.026470588,54
3040.504193,58,66,0.29,8,0.03625,54
3040.394369,55,68,0.48,13,0.036923077,54
3040.33655,50,76,0.92,26,0.035384615,54
3040.229148,56,85,0.81,29,0.027931034,54
3039.404106,54,70,0.58,16,0.03625,54
3039.404106,51,74,0.83,23,0.036086957,54
3039.315383,34,55,0.74,21,0.035238095,54
3039.073891,58,85,0.73,27,0.027037037,54
3039.073891,57,86,0.79,29,0.027241379,54
3038.92698,57,85,0.79,28,0.028214286,54
3038.472325,39,75,0.99,36,0.0275,54
3038.084419,56,88,0.83,32,0.0259375,54
3037.729168,57,93,0.88,36,0.024444444,54
3037.623515,61,83,0.56,22,0.025454545,54
3037.033707,42,51,0.32,9,0.035555556,54
3036.892053,40,72,0.98,32,0.030625,54
3036.837029,41,58,0.58,17,0.034117647,54
3036.127386,56,85,0.79,29,0.027241379,54
3036.071102,64,68,0.13,4,0.0325,54
3035.754768,60,63,0.11,3,0.036666667,54
3035.754768,57,66,0.33,9,0.036666667,54
3035.463353,42,58,0.54,16,0.03375,54
3035.42861,54,91,0.92,37,0.024864865,54
3035.248018,53,92,0.98,39,0.025128205,54
3035.105165,61,79,0.5,18,0.027777778,54
3035.073358,54,91,0.94,37,0.025405405,54
3034.89716,47,62,0.49,15,0.032666667,54
3034.464131,38,56,0.64,18,0.035555556,54
3034.392425,58,83,0.71,25,0.0284,54
3034.078373,55,69,0.51,14,0.036428571,54
3034.078373,52,72,0.73,20,0.0365,54
3033.663384,61,82,0.54,21,0.025714286,54
3033.35999,43,48,0.19,5,0.038,54
3033.31987,56,68,0.44,12,0.036666667,54
3033.31987,53,71,0.66,18,0.036666667,54
3033.097481,42,61,0.62,19,0.032631579,54
3032.59306,48,75,0.99,27,0.036666667,54
3032.227668,43,56,0.44,13,0.033846154,54
3031.988965,53,72,0.68,19,0.035789474,54
3031.928443,56,85,0.8,29,0.027586207,54
3031.697724,58,85,0.71,27,0.026296296,54
3030.891861,50,75,0.9,25,0.036,54
3030.53069,59,86,0.68,27,0.025185185,54
3030.53069,58,87,0.73,29,0.025172414,54
3030.53069,56,90,0.85,34,0.025,54
3029.90352,35,54,0.67,19,0.035263158,54
3029.678762,40,50,0.42,10,0.042,54
3028.504516,38,53,0.61,15,0.040666667,54
3028.501494,57,68,0.4,11,0.036363636,54
3028.471315,50,56,0.16,6,0.026666667,54
3028.340144,63,78,0.41,15,0.027333333,54
3028.340144,61,80,0.52,19,0.027368421,54
3028.237781,41,71,0.93,30,0.031,54
3027.973461,36,63,0.93,27,0.034444444,54
3027.64124,43,66,0.73,23,0.03173913,54
3027.470204,41,64,0.74,23,0.032173913,54
3027.213908,64,78,0.37,14,0.026428571,54
3027.166083,62,89,0.54,27,0.02,54
3026.969369,52,74,0.78,22,0.035454545,54
3026.868293,40,60,0.67,20,0.0335,54
3026.737747,41,68,0.86,27,0.031851852,54
3026.463394,41,71,0.87,30,0.029,54
3026.418843,42,54,0.45,12,0.0375,54
3026.333576,46,66,0.51,20,0.0255,54
3025.804304,40,59,0.65,19,0.034210526,54
3025.483678,56,87,0.85,31,0.027419355,54
3025.483678,54,89,0.96,35,0.027428571,54
3025.464555,55,89,0.85,34,0.025,54
3025.464555,53,92,0.97,39,0.024871795,54
3025.365246,55,89,0.91,34,0.026764706,54
3025.24643,54,71,0.61,17,0.035882353,54
3025.240415,56,88,0.84,32,0.02625,54
3025.240415,54,91,0.97,37,0.026216216,54
3025.170277,57,84,0.74,27,0.027407407,54
3024.765179,61,81,0.52,20,0.026,54
3024.765179,60,82,0.57,22,0.025909091,54
3024.765179,57,85,0.73,28,0.026071429,54
3024.765179,56,87,0.8,31,0.025806452,54
3024.540829,39,54,0.6,15,0.04,54
3024.540829,36,58,0.87,22,0.039545455,54
3024.487961,55,88,0.92,33,0.027878788,54
3023.987643,52,73,0.75,21,0.035714286,54
3023.896485,52,57,0.12,5,0.024,54
3023.619223,52,77,0.86,25,0.0344,54
3023.424438,56,86,0.85,30,0.028333333,54
3023.424438,55,87,0.91,32,0.0284375,54
3023.133046,58,82,0.68,24,0.028333333,54
3023.116838,37,58,0.76,21,0.036190476,54
3023.107998,55,87,0.86,32,0.026875,54
3022.189438,44,70,0.8,26,0.030769231,54
3022.158466,4,15,0.57,11,0.051818182,54
3021.984562,63,78,0.4,15,0.026666667,54
3021.952518,57,84,0.73,27,0.027037037,54
3021.53301,60,81,0.58,21,0.027619048,54
3021.53301,58,83,0.69,25,0.0276,54
3021.151509,57,85,0.76,28,0.027142857,54
3021.151509,55,88,0.89,33,0.026969697,54
3020.948583,53,75,0.76,22,0.034545455,54
3020.670795,47,63,0.41,16,0.025625,54
3020.612644,56,88,0.85,32,0.0265625,54
3019.786581,36,59,0.8,23,0.034782609,54
3019.510562,41,50,0.34,9,0.037777778,54
3019.320799,57,69,0.42,12,0.035,54
3018.37004,53,89,0.99,36,0.0275,54
3018.097011,59,65,0.22,6,0.036666667,54
3017.756846,55,70,0.54,15,0.036,54
3017.756846,51,75,0.86,24,0.035833333,54
3017.564762,52,73,0.76,21,0.036190476,54
3017.249133,40,70,0.96,30,0.032,54
3017.147195,59,83,0.62,24,0.025833333,54
3016.720422,56,94,0.94,38,0.024736842,54
3016.653684,40,73,0.93,33,0.028181818,54
3016.305644,49,74,0.91,25,0.0364,54
3015.996815,55,88,0.87,33,0.026363636,54
3015.517507,56,69,0.47,13,0.036153846,54
3015.508133,37,57,0.78,20,0.039,54
3015.360728,40,70,0.95,30,0.031666667,54
3015.138196,61,80,0.51,19,0.026842105,54
3014.36142,57,84,0.76,27,0.028148148,54
3013.924358,39,61,0.75,22,0.034090909,54
3013.631035,56,95,0.93,39,0.023846154,54
3012.581101,56,88,0.8,32,0.025,54
3012.470933,40,74,0.94,34,0.027647059,54
3012.251924,60,83,0.6,23,0.026086957,54
3012.109488,45,67,0.56,22,0.025454545,54
3012.041285,55,91,0.93,36,0.025833333,54
3011.798559,52,57,0.13,5,0.026,54
3011.756895,41,59,0.61,18,0.033888889,54
3011.754863,41,55,0.49,14,0.035,54
3011.754863,40,56,0.56,16,0.035,54
3011.467225,54,87,0.93,33,0.028181818,54
3011.45464,40,60,0.68,20,0.034,54
3011.106606,45,52,0.23,7,0.032857143,54
3010.907459,65,75,0.27,10,0.027,54
3010.410784,58,84,0.69,26,0.026538462,54
3010.232294,53,72,0.69,19,0.036315789,54
3009.510671,36,60,0.88,24,0.036666667,54
3009.356062,54,88,0.92,34,0.027058824,54
3008.952878,57,85,0.74,28,0.026428571,54
3008.574931,39,59,0.71,20,0.0355,54
3008.552908,40,54,0.5,14,0.035714286,54
3008.538686,57,84,0.75,27,0.027777778,54
3008.519173,40,53,0.47,13,0.036153846,54
3008.387444,48,57,0.24,9,0.026666667,54
3008.141022,42,59,0.57,17,0.033529412,54
3008.078889,37,59,0.8,22,0.036363636,54
3007.943182,59,71,0.41,12,0.034166667,54
3007.822177,50,76,0.93,26,0.035769231,54
3007.776835,55,88,0.88,33,0.026666667,54
3007.776835,54,90,0.95,36,0.026388889,54
3006.788341,35,56,0.8,21,0.038095238,54
3006.462345,56,89,0.86,33,0.026060606,54
3006.186467,60,81,0.56,21,0.026666667,54
3006.156953,37,64,0.9,27,0.033333333,54
3006.092753,59,73,0.46,14,0.032857143,54
3006.06966,47,67,0.65,20,0.0325,54
3006.01043,36,60,0.8,24,0.033333333,54
3006.003966,45,66,0.54,21,0.025714286,54
3004.971634,34,57,0.87,23,0.037826087,54
3004.790342,43,57,0.47,14,0.033571429,54
3004.751812,55,87,0.87,32,0.0271875,54
3004.751812,54,88,0.93,34,0.027352941,54
3004.660137,59,81,0.63,22,0.028636364,54
3004.423573,56,88,0.86,32,0.026875,54
3004.423573,55,90,0.93,35,0.026571429,54
3004.230166,37,60,0.81,23,0.035217391,54
3004.114328,58,91,0.83,33,0.025151515,54
3003.749939,37,54,0.65,17,0.038235294,54
3003.56981,60,83,0.59,23,0.025652174,54
3002.414527,41,62,0.68,21,0.032380952,54
3002.226256,43,68,0.64,25,0.0256,54
3002.113179,40,63,0.75,23,0.032608696,54
3001.427093,55,88,0.85,33,0.025757576,54
3000.844614,41,71,0.88,30,0.029333333,54
3000.817792,44,55,0.38,11,0.034545455,54
3000.808054,69,72,0.08,3,0.026666667,54
3000.808054,66,75,0.24,9,0.026666667,54
3000.516599,43,56,0.45,13,0.034615385,54
3000.238713,46,63,0.44,17,0.025882353,54
2999.743131,43,54,0.39,11,0.035454545,54
2999.530052,67,76,0.23,9,0.025555556,54
2999.250806,49,64,0.37,15,0.024666667,54
2998.764956,51,78,0.93,27,0.034444444,54
2998.705644,59,83,0.64,24,0.026666667,54
2998.321029,73,77,0.08,4,0.02,54
2998.19326,48,61,0.42,13,0.032307692,54
2997.938172,43,55,0.41,12,0.034166667,54
2997.938172,42,56,0.48,14,0.034285714,54
2997.721939,61,69,0.27,8,0.03375,54
2997.619519,54,90,0.91,36,0.025277778,54
2997.596454,47,52,0.17,5,0.034,54
2997.21805,54,89,0.95,35,0.027142857,54
2996.901257,44,56,0.41,12,0.034166667,54
2996.293506,54,92,0.98,38,0.025789474,54
2995.94849,37,65,0.93,28,0.033214286,54
2995.910386,49,75,0.96,26,0.036923077,54
2995.815702,37,63,0.9,26,0.034615385,54
2995.754974,38,59,0.78,21,0.037142857,54
2995.253047,41,72,0.87,31,0.028064516,54
2995.245727,46,64,0.46,18,0.025555556,54
2995.090517,56,87,0.86,31,0.027741935,54
2995.090517,54,90,0.99,36,0.0275,54
2995.067494,63,79,0.43,16,0.026875,54
2994.947295,37,64,0.92,27,0.034074074,54
2994.93168,54,68,0.52,14,0.037142857,54
2994.93168,52,70,0.67,18,0.037222222,54
2994.860922,57,86,0.76,29,0.026206897,54
2994.805815,54,89,0.89,35,0.025428571,54
2994.358592,65,77,0.31,12,0.025833333,54
2994.326379,44,67,0.59,23,0.025652174,54
2994.07099,53,91,0.95,38,0.025,54
2994.008127,61,81,0.53,20,0.0265,54
2993.888633,40,72,0.93,32,0.0290625,54
2993.570358,55,89,0.89,34,0.026176471,54
2993.435215,46,56,0.33,10,0.033,54
2993.298708,42,57,0.51,15,0.034,54
2993.289821,40,71,0.98,31,0.031612903,54
2993.205325,40,62,0.72,22,0.032727273,54
2992.591822,51,60,0.21,9,0.023333333,54
2992.039519,68,74,0.16,6,0.026666667,54
2992.039519,65,77,0.32,12,0.026666667,54
2991.820194,55,96,0.98,41,0.023902439,54
2991.492192,38,53,0.57,15,0.038,54
2991.447413,53,90,0.99,37,0.026756757,54
2991.110632,39,49,0.39,10,0.039,54
2991.077723,38,50,0.47,12,0.039166667,54
2990.86625,57,87,0.8,30,0.026666667,54
2990.819024,61,82,0.55,21,0.026190476,54
2990.657724,60,82,0.58,22,0.026363636,54
2990.61417,40,56,0.6,16,0.0375,54
2990.527444,57,84,0.77,27,0.028518519,54
2989.210427,48,58,0.26,10,0.026,54
2988.946865,54,89,0.99,35,0.028285714,54
2988.82537,34,57,0.88,23,0.03826087,54
2988.49722,39,63,0.79,24,0.032916667,54
2988.347461,53,93,0.99,40,0.02475,54
2988.332759,62,80,0.49,18,0.027222222,54
2988.21835,63,87,0.49,24,0.020416667,54
2988.21835,62,88,0.53,26,0.020384615,54
2988.21556,52,76,0.83,24,0.034583333,54
2987.892735,43,48,0.18,5,0.036,54
2987.759184,43,49,0.2,6,0.033333333,54
2987.68326,38,65,0.89,27,0.032962963,54
2987.637782,37,53,0.61,16,0.038125,54
2987.493297,47,53,0.2,6,0.033333333,54
2987.493297,44,56,0.4,12,0.033333333,54
2986.905828,60,85,0.63,25,0.0252,54
2986.850108,56,70,0.5,14,0.035714286,54
2986.760898,54,89,0.93,35,0.026571429,54
2986.695155,55,86,0.87,31,0.028064516,54
2986.676854,54,87,0.94,33,0.028484848,54
2986.30872,50,55,0.16,5,0.032,54
2986.248575,43,59,0.53,16,0.033125,54
2986.166109,55,90,0.92,35,0.026285714,54
2986.166109,54,91,0.98,37,0.026486486,54
2986.166109,54,92,0.99,38,0.026052632,54
2986.137531,39,64,0.82,25,0.0328,54
2986.088532,42,60,0.6,18,0.033333333,54
2986.006313,53,74,0.74,21,0.035238095,54
2986.006313,52,75,0.81,23,0.035217391,54
2985.937844,54,88,0.97,34,0.028529412,54
2985.38365,58,86,0.73,28,0.026071429,54
2985.379474,61,81,0.55,20,0.0275,54
2985.067072,50,63,0.32,13,0.024615385,54
2984.999098,36,64,0.98,28,0.035,54
2984.997596,58,85,0.74,27,0.027407407,54
2984.851111,42,63,0.67,21,0.031904762,54
2984.069116,55,87,0.88,32,0.0275,54
2984.069116,54,88,0.94,34,0.027647059,54
2984.066898,38,57,0.72,19,0.037894737,54
2984.005177,55,71,0.57,16,0.035625,54
2983.916778,37,58,0.78,21,0.037142857,54
2983.815344,39,55,0.56,16,0.035,54
2983.692194,54,89,0.94,35,0.026857143,54
2983.685553,60,82,0.61,22,0.027727273,54
2983.68475,66,72,0.17,6,0.028333333,54
2983.319295,40,48,0.31,8,0.03875,54
2983.272153,46,53,0.24,7,0.034285714,54
2983.272153,45,54,0.31,9,0.034444444,54
2983.26727,36,55,0.72,19,0.037894737,54
2983.171003,46,54,0.27,8,0.03375,54
2982.72338,43,60,0.55,17,0.032352941,54
2982.483605,43,54,0.38,11,0.034545455,54
2982.350845,44,53,0.3,9,0.033333333,54
2981.905373,35,61,0.9,26,0.034615385,54
2981.743361,41,60,0.63,19,0.033157895,54
2980.754493,61,70,0.26,9,0.028888889,54
2980.701392,57,87,0.78,30,0.026,54
2980.701392,55,90,0.9,35,0.025714286,54
2980.049815,64,67,0.1,3,0.033333333,54
2980.049815,61,70,0.3,9,0.033333333,54
2979.852499,59,84,0.66,25,0.0264,54
2979.129633,5,13,0.47,8,0.05875,54
2979.122423,49,74,0.93,25,0.0372,54
2979.047603,40,63,0.76,23,0.033043478,54
2979.017748,42,62,0.65,20,0.0325,54
2978.773907,41,68,0.87,27,0.032222222,54
2978.450019,54,88,0.96,34,0.028235294,54
2977.618917,54,90,0.9,36,0.025,54
2977.34905,48,54,0.2,6,0.033333333,54
2976.983597,56,85,0.82,29,0.028275862,54
2976.882978,58,71,0.4,13,0.030769231,54
2976.617434,63,88,0.5,25,0.02,54
2976.541758,36,61,0.9,25,0.036,54
2976.500512,43,74,0.75,31,0.024193548,54
2976.204315,41,62,0.69,21,0.032857143,54
2976.076244,41,63,0.71,22,0.032272727,54
2975.91282,40,50,0.38,10,0.038,54
2975.878581,51,55,0.13,4,0.0325,54
2975.839231,5,12,0.46,7,0.065714286,54
2975.832999,45,55,0.34,10,0.034,54
2975.826738,42,71,0.81,29,0.027931034,54
2975.800731,59,90,0.77,31,0.02483871,54
2975.507079,50,72,0.82,22,0.037272727,54
2975.421281,46,57,0.36,11,0.032727273,54
2974.73494,63,80,0.44,17,0.025882353,54
2974.69143,38,64,0.87,26,0.033461538,54
2974.328832,64,78,0.38,14,0.027142857,54
2974.267597,36,65,0.99,29,0.034137931,54
2973.985911,42,70,0.82,28,0.029285714,54
2973.897083,35,61,0.89,26,0.034230769,54
2973.845599,59,69,0.31,10,0.031,54
2973.734207,35,59,0.88,24,0.036666667,54
2973.610165,38,65,0.88,27,0.032592593,54
2973.332571,55,87,0.89,32,0.0278125,54
2973.332571,54,88,0.95,34,0.027941176,54
2973.314349,55,86,0.88,31,0.028387097,54
2972.973063,34,62,0.97,28,0.034642857,54
2972.739911,37,67,0.98,30,0.032666667,54
2972.684198,44,58,0.46,14,0.032857143,54
2972.295637,40,70,0.98,30,0.032666667,54
2972.264161,57,75,0.51,18,0.028333333,54
2972.264161,56,76,0.57,20,0.0285,54
2972.183428,35,59,0.95,24,0.039583333,54
2972.18235,37,60,0.86,23,0.037391304,54
2972.027399,63,75,0.34,12,0.028333333,54
2971.882801,51,71,0.74,20,0.037,54
2971.848901,55,89,0.92,34,0.027058824,54
2971.848901,54,91,0.99,37,0.026756757,54
2971.742436,40,61,0.7,21,0.033333333,54
2971.534689,58,74,0.45,16,0.028125,54
2971.444067,39,62,0.77,23,0.033478261,54
2970.726807,55,89,0.93,34,0.027352941,54
2970.392026,50,58,0.21,8,0.02625,54
2969.879477,50,74,0.88,24,0.036666667,54
2969.85055,52,78,0.89,26,0.034230769,54
2969.85055,51,79,0.96,28,0.034285714,54
2969.84681,36,55,0.73,19,0.038421053,54
2969.671398,40,64,0.78,24,0.0325,54
2969.32991,56,75,0.58,19,0.030526316,54
2969.222878,67,75,0.21,8,0.02625,54
2968.754919,53,90,0.95,37,0.025675676,54
2968.446332,53,89,0.98,36,0.027222222,54
2968.236221,36,60,0.85,24,0.035416667,54
2968.1043,54,91,0.96,37,0.025945946,54
2967.714162,57,73,0.49,16,0.030625,54
2967.565169,58,73,0.43,15,0.028666667,54
2967.565169,57,74,0.49,17,0.028823529,54
2967.554969,34,60,0.96,26,0.036923077,54
2967.413081,56,86,0.78,30,0.026,54
2967.313929,38,63,0.84,25,0.0336,54
2967.282265,39,62,0.78,23,0.033913043,54
2967.282265,38,63,0.85,25,0.034,54
2967.255294,41,60,0.64,19,0.033684211,54
2967.255294,40,61,0.71,21,0.033809524,54
2967.176723,59,79,0.57,20,0.0285,54
2967.159608,39,65,0.85,26,0.032692308,54
2966.999579,54,90,0.98,36,0.027222222,54
2966.836812,55,77,0.62,22,0.028181818,54
2966.561608,50,78,0.98,28,0.035,54
2966.408703,41,72,0.88,31,0.028387097,54
2966.124124,36,49,0.54,13,0.041538462,54
2966.036562,57,92,0.89,35,0.025428571,54
2965.981482,38,69,0.97,31,0.031290323,54
2965.790852,44,57,0.43,13,0.033076923,54
2965.492741,39,52,0.52,13,0.04,54
2965.203253,40,51,0.42,11,0.038181818,54
2965.141287,53,69,0.59,16,0.036875,54
2965.076262,52,77,0.77,25,0.0308,54
2964.397602,53,76,0.71,23,0.030869565,54
2963.874577,42,67,0.8,25,0.032,54
2963.280196,58,72,0.43,14,0.030714286,54
2963.235334,44,69,0.63,25,0.0252,54
2963.192633,40,73,0.95,33,0.028787879,54
2963.076978,37,66,0.96,29,0.033103448,54
2963.074246,35,60,0.96,25,0.0384,54
2963.044796,35,56,0.79,21,0.037619048,54
2962.938991,39,53,0.52,14,0.037142857,54
2962.554709,38,66,0.91,28,0.0325,54
2962.489009,44,66,0.69,22,0.031363636,54
2962.259222,53,79,0.79,26,0.030384615,54
2962.190936,60,84,0.62,24,0.025833333,54
2962.176789,56,86,0.8,30,0.026666667,54
2961.719358,39,64,0.83,25,0.0332,54
2960.902936,70,73,0.08,3,0.026666667,54
2960.902936,67,76,0.24,9,0.026666667,54
2960.902936,66,76,0.27,10,0.027,54
2960.902936,64,79,0.4,15,0.026666667,54
2960.902936,62,81,0.51,19,0.026842105,54
2960.902718,5,12,0.44,7,0.062857143,54
2960.375595,59,91,0.77,32,0.0240625,54
2960.249544,46,55,0.3,9,0.033333333,54
2960.191179,39,53,0.56,14,0.04,54
2959.785402,45,65,0.63,20,0.0315,54
2959.573865,41,49,0.33,8,0.04125,54
2959.412499,47,54,0.23,7,0.032857143,54
2959.236782,54,89,0.92,35,0.026285714,54
2959.236782,53,91,0.99,38,0.026052632,54
2959.175941,59,85,0.67,26,0.025769231,54
2959.116648,44,68,0.61,24,0.025416667,54
2958.842565,54,90,0.94,36,0.026111111,54
2958.841848,34,54,0.72,20,0.036,54
2957.901552,58,64,0.22,6,0.036666667,54
2957.901552,55,67,0.44,12,0.036666667,54
2957.7754,56,91,0.86,35,0.024571429,54
2957.612396,49,76,0.98,27,0.036296296,54
2957.600827,38,62,0.83,24,0.034583333,54
2957.55358,63,79,0.42,16,0.02625,54
2957.342384,59,84,0.65,25,0.026,54
2957.33803,44,49,0.19,5,0.038,54
2957.247723,53,78,0.76,25,0.0304,54
2957.144363,36,54,0.7,18,0.038888889,54
2957.012373,50,81,0.95,31,0.030645161,54
2956.849564,38,57,0.69,19,0.036315789,54
2956.798152,60,88,0.68,28,0.024285714,54
2956.7739,38,64,0.86,26,0.033076923,54
2956.670446,32,57,0.88,25,0.0352,54
2956.581401,68,79,0.27,11,0.024545455,54
2956.248358,60,84,0.63,24,0.02625,54
2956.248358,58,86,0.74,28,0.026428571,54
2956.248358,57,88,0.81,31,0.026129032,54
2956.083674,44,53,0.32,9,0.035555556,54
2956.029357,56,89,0.84,33,0.025454545,54
2956.029357,55,90,0.89,35,0.025428571,54
2956.021569,41,63,0.72,22,0.032727273,54
2955.758503,37,65,0.94,28,0.033571429,54
2955.698126,61,82,0.57,21,0.027142857,54
2955.698126,59,84,0.68,25,0.0272,54
2955.698126,59,85,0.7,26,0.026923077,54
2955.698126,57,87,0.81,30,0.027,54
2955.698126,56,89,0.88,33,0.026666667,54
2955.470181,35,61,0.96,26,0.036923077,54
2955.378758,56,74,0.55,18,0.030555556,54
2954.857325,50,80,0.92,30,0.030666667,54
2954.81256,53,91,0.96,38,0.025263158,54
2954.590088,48,59,0.29,11,0.026363636,54
2954.262982,37,53,0.62,16,0.03875,54
2954.254027,56,87,0.65,31,0.020967742,54
2954.242542,60,83,0.62,23,0.026956522,54
2954.242542,60,84,0.64,24,0.026666667,54
2954.242542,58,86,0.75,28,0.026785714,54
2954.175512,35,62,0.95,27,0.035185185,54
2953.843876,53,80,0.75,27,0.027777778,54
2953.627746,62,69,0.2,7,0.028571429,54
2953.437227,45,59,0.45,14,0.032142857,54
2953.435671,56,85,0.83,29,0.02862069,54
2953.24379,60,71,0.37,11,0.033636364,54
2953.185865,49,76,0.99,27,0.036666667,54
2953.170813,34,57,0.89,23,0.038695652,54
2953.141146,57,74,0.52,17,0.030588235,54
2952.945905,58,80,0.62,22,0.028181818,54
2952.832713,48,57,0.29,9,0.032222222,54
2951.84711,36,54,0.69,18,0.038333333,54
2951.538061,5,12,0.41,7,0.058571429,54
2951.49435,58,70,0.42,12,0.035,54
2951.217166,51,72,0.78,21,0.037142857,54
2951.196723,37,58,0.72,21,0.034285714,54
2951.089603,61,83,0.59,22,0.026818182,54
2950.78381,52,70,0.66,18,0.036666667,54
2950.381382,43,58,0.5,15,0.033333333,54
2950.377163,39,74,0.99,35,0.028285714,54
2950.218766,37,59,0.79,22,0.035909091,54
2949.535632,40,59,0.66,19,0.034736842,54
2949.039669,52,78,0.8,26,0.030769231,54
2948.980491,58,82,0.69,24,0.02875,54
2948.980491,57,83,0.75,26,0.028846154,54
2948.575306,45,56,0.37,11,0.033636364,54
2947.74707,55,72,0.6,17,0.035294118,54
2947.617732,61,87,0.71,26,0.027307692,54
2947.302348,65,66,0.03,1,0.03,54
2947.302348,64,67,0.09,3,0.03,54
2947.302348,63,68,0.15,5,0.03,54
2947.156466,49,52,0.1,3,0.033333333,54
2947.144734,56,87,0.82,31,0.026451613,54
2947.134936,40,52,0.48,12,0.04,54
2946.727458,53,90,0.98,37,0.026486486,54
2946.695413,56,89,0.85,33,0.025757576,54
2946.695413,54,92,0.97,38,0.025526316,54
2946.459647,37,66,0.95,29,0.032758621,54
2946.21819,38,54,0.64,16,0.04,54
2945.738271,50,85,0.94,35,0.026857143,54
2945.689418,61,86,0.64,25,0.0256,54
2945.689418,59,89,0.76,30,0.025333333,54
2945.641767,52,76,0.84,24,0.035,54
2945.462923,38,58,0.75,20,0.0375,54
2945.428199,58,88,0.74,30,0.024666667,54
2945.428199,55,92,0.91,37,0.024594595,54
2945.428199,54,93,0.96,39,0.024615385,54
2945.428199,54,94,0.97,40,0.02425,54
2945.241986,63,81,0.35,18,0.019444444,54
2945.212173,54,78,0.68,24,0.028333333,54
2945.099044,4,14,0.94,10,0.094,54
2945.060349,59,83,0.67,24,0.027916667,54
2945.060349,57,86,0.8,29,0.027586207,54
2945.060349,56,88,0.88,32,0.0275,54
2945.041473,55,91,0.92,36,0.025555556,54
2945.035923,38,55,0.68,17,0.04,54
2944.958909,37,56,0.76,19,0.04,54
2944.411085,51,80,0.89,29,0.030689655,54
2944.067431,39,56,0.64,17,0.037647059,54
2944.016046,54,75,0.73,21,0.034761905,54
2943.903796,39,53,0.49,14,0.035,54
2943.45802,42,60,0.59,18,0.032777778,54
2943.381341,60,70,0.34,10,0.034,54
2943.273357,62,82,0.53,20,0.0265,54
2943.273357,61,82,0.56,21,0.026666667,54
2943.273357,61,83,0.58,22,0.026363636,54
2943.273357,59,85,0.69,26,0.026538462,54
2943.273357,58,87,0.76,29,0.026206897,54
2943.227086,37,51,0.5,14,0.035714286,54
2943.173932,51,76,0.87,25,0.0348,54
2943.140749,39,56,0.61,17,0.035882353,54
2942.751481,39,53,0.54,14,0.038571429,54
2942.670525,55,74,0.66,19,0.034736842,54
2942.584903,60,89,0.7,29,0.024137931,54
2942.584903,59,90,0.75,31,0.024193548,54
2942.584903,58,91,0.8,33,0.024242424,54
2942.500021,42,52,0.38,10,0.038,54
2942.473823,54,57,0.07,3,0.023333333,54
2942.303603,37,59,0.83,22,0.037727273,54
2942.206979,50,63,0.4,13,0.030769231,54
2941.604536,58,73,0.45,15,0.03,54
2941.457848,44,52,0.27,8,0.03375,54
2941.35509,67,80,0.36,13,0.027692308,54
2941.25404,46,65,0.54,19,0.028421053,54
2940.806225,54,88,0.9,34,0.026470588,54
2939.483346,54,73,0.67,19,0.035263158,54
2939.377248,58,83,0.67,25,0.0268,54
2938.994873,38,65,0.9,27,0.033333333,54
2938.99202,54,87,0.95,33,0.028787879,54
2938.991197,71,75,0.11,4,0.0275,54
2938.977195,37,66,0.97,29,0.033448276,54
2938.794299,41,50,0.37,9,0.041111111,54
2938.794299,38,53,0.62,15,0.041333333,54
2938.7913,37,65,0.95,28,0.033928571,54
2938.530821,50,77,0.95,27,0.035185185,54
2938.440193,62,87,0.61,25,0.0244,54
2938.440193,61,88,0.66,27,0.024444444,54
2938.431268,54,72,0.64,18,0.035555556,54
2938.223187,57,71,0.49,14,0.035,54
2938.223187,56,72,0.56,16,0.035,54
2938.020447,55,76,0.64,21,0.03047619,54
2937.993098,46,59,0.42,13,0.032307692,54
2937.688076,36,58,0.86,22,0.039090909,54
2937.637885,60,91,0.63,31,0.020322581,54
2937.637885,59,92,0.67,33,0.02030303,54
2937.615896,61,90,0.58,29,0.02,54
2937.499999,58,87,0.55,29,0.018965517,54
2937.131235,51,76,0.88,25,0.0352,54
2936.92744,41,48,0.27,7,0.038571429,54
2936.92744,38,51,0.5,13,0.038461538,54
2936.91659,53,91,0.97,38,0.025526316,54
2936.552415,49,82,0.99,33,0.03,54
2936.428019,57,74,0.57,17,0.033529412,54
2936.158287,40,54,0.53,14,0.037857143,54
2935.953232,34,56,0.77,22,0.035,54
2935.911203,48,59,0.28,11,0.025454545,54
2935.885443,57,88,0.8,31,0.025806452,54
2935.871904,51,59,0.19,8,0.02375,54
2935.823088,65,76,0.29,11,0.026363636,54
2935.622887,39,51,0.46,12,0.038333333,54
2935.367957,49,60,0.35,11,0.031818182,54
2934.863231,65,72,0.2,7,0.028571429,54
2934.729422,60,81,0.54,21,0.025714286,54
2934.469701,52,81,0.81,29,0.027931034,54
2934.271065,46,71,0.6,25,0.024,54
2934.271065,45,72,0.65,27,0.024074074,54
2934.237372,55,90,0.91,35,0.026,54
2934.116183,62,82,0.39,20,0.0195,54
2934.116183,61,83,0.43,22,0.019545455,54
2933.743559,6,11,0.28,5,0.056,54
2933.188184,58,91,0.9,33,0.027272727,54
2933.166162,51,73,0.81,22,0.036818182,54
2933.149644,40,51,0.45,11,0.040909091,54
2933.149644,37,55,0.73,18,0.040555556,54
2933.101704,55,77,0.67,22,0.030454545,54
2933.079682,56,87,0.81,31,0.026129032,54
2932.688685,40,66,0.82,26,0.031538462,54
2932.688685,39,67,0.89,28,0.031785714,54
2932.637776,34,56,0.75,22,0.034090909,54
2932.22113,38,66,0.9,28,0.032142857,54
2932.174552,66,76,0.26,10,0.026,54
2932.174552,62,81,0.49,19,0.025789474,54
2932.174552,58,86,0.72,28,0.025714286,54
2931.969038,64,76,0.31,12,0.025833333,54
2931.766797,57,74,0.51,17,0.03,54
2931.766797,56,75,0.57,19,0.03,54
2931.642582,37,55,0.71,18,0.039444444,54
2931.224305,57,92,0.88,35,0.025142857,54
2930.963361,35,62,0.98,27,0.036296296,54
2930.777406,53,76,0.8,23,0.034782609,54
2930.777406,52,77,0.87,25,0.0348,54
2930.357706,52,80,0.85,28,0.030357143,54
2930.326665,37,64,0.91,27,0.033703704,54
2930.209396,41,68,0.89,27,0.032962963,54
2929.854328,50,77,0.94,27,0.034814815,54
2929.538679,51,79,0.85,28,0.030357143,54
2929.451516,43,55,0.42,12,0.035,54
2929.262446,54,90,0.75,36,0.020833333,54
2929.122053,39,65,0.84,26,0.032307692,54
2929.066761,59,72,0.39,13,0.03,54
2929.022521,66,81,0.41,15,0.027333333,54
2928.96039,62,79,0.45,17,0.026470588,54
2928.96039,59,83,0.63,24,0.02625,54
2928.913946,59,79,0.56,20,0.028,54
2928.878452,53,90,0.78,37,0.021081081,54
2928.827633,46,64,0.56,18,0.031111111,54
2928.591211,51,77,0.91,26,0.035,54
2928.128023,65,82,0.47,17,0.027647059,54
2928.128023,63,84,0.58,21,0.027619048,54
2928.128023,60,88,0.77,28,0.0275,54
2927.533948,44,54,0.35,10,0.035,54
2927.274098,37,62,0.89,25,0.0356,54
2927.189965,56,94,0.93,38,0.024473684,54
2927.166122,60,77,0.49,17,0.028823529,54
2927.141233,53,73,0.72,20,0.036,54
2926.949208,40,73,0.94,33,0.028484848,54
2926.769245,42,69,0.87,27,0.032222222,54
2926.67194,55,75,0.6,20,0.03,54
2926.67194,54,76,0.66,22,0.03,54
2926.452718,38,54,0.65,16,0.040625,54
2926.020556,41,58,0.59,17,0.034705882,54
2925.835948,55,86,0.89,31,0.028709677,54
2925.790245,58,90,0.82,32,0.025625,54
2925.731369,48,66,0.44,18,0.024444444,54
2925.727901,55,89,0.94,34,0.027647059,54
2925.707367,54,77,0.69,23,0.03,54
2925.68548,55,87,0.85,32,0.0265625,54
2925.341786,62,69,0.21,7,0.03,54
2925.341786,61,70,0.27,9,0.03,54
2925.341786,60,71,0.33,11,0.03,54
2925.320101,57,87,0.77,30,0.025666667,54
2925.278952,37,54,0.7,17,0.041176471,54
2925.11684,53,92,0.8,39,0.020512821,54
2924.865844,59,78,0.55,19,0.028947368,54
2924.753113,54,77,0.7,23,0.030434783,54
2924.583904,6,11,0.3,5,0.06,54
2924.570662,54,92,0.96,38,0.025263158,54
2924.544587,55,75,0.61,20,0.0305,54
2924.422951,35,55,0.77,20,0.0385,54
2924.210269,33,56,0.81,23,0.035217391,54
2924.089804,55,76,0.63,21,0.03,54
2923.822482,68,79,0.3,11,0.027272727,54
2923.760847,56,88,0.66,32,0.020625,54
2923.747763,36,60,0.81,24,0.03375,54
2923.582531,51,78,0.94,27,0.034814815,54
2923.496858,36,57,0.78,21,0.037142857,54
2923.38997,57,88,0.82,31,0.026451613,54
2923.38997,56,89,0.87,33,0.026363636,54
2923.34953,58,79,0.61,21,0.029047619,54
2923.32005,40,74,0.95,34,0.027941176,54
2923.301501,39,53,0.57,14,0.040714286,54
2923.232274,40,58,0.61,18,0.033888889,54
2922.792292,55,73,0.63,18,0.035,54
2922.70838,50,80,0.91,30,0.030333333,54
2922.684281,51,81,0.91,30,0.030333333,54
2922.499461,37,58,0.8,21,0.038095238,54
2922.434372,36,58,0.85,22,0.038636364,54
2922.348857,59,73,0.39,14,0.027857143,54
2922.281371,56,89,0.64,33,0.019393939,54
2922.249341,41,53,0.46,12,0.038333333,54
2922.188649,54,94,0.98,40,0.0245,54
2922.059519,41,57,0.56,16,0.035,54
2921.853054,41,67,0.86,26,0.033076923,54
2921.743988,39,60,0.73,21,0.034761905,54
2921.609232,54,89,0.73,35,0.020857143,54
2921.558875,57,72,0.46,15,0.030666667,54
2921.090463,57,87,0.82,30,0.027333333,54
2920.969859,41,71,0.94,30,0.031333333,54
2920.917238,47,65,0.43,18,0.023888889,54
2920.832201,54,90,0.93,36,0.025833333,54
2920.688668,69,76,0.2,7,0.028571429,54
2920.65684,43,68,0.78,25,0.0312,54
2920.551395,56,75,0.64,19,0.033684211,54
2920.358473,62,86,0.6,24,0.025,54
2920.271546,37,56,0.7,19,0.036842105,54
2920.234535,70,77,0.19,7,0.027142857,54
2920.106493,54,88,0.91,34,0.026764706,54
2919.992469,64,66,0.06,2,0.03,54
2919.992469,63,67,0.12,4,0.03,54
2919.992469,62,68,0.18,6,0.03,54
2919.992469,61,69,0.24,8,0.03,54
2919.992469,60,70,0.3,10,0.03,54
2919.992469,59,71,0.36,12,0.03,54
2919.69607,42,75,0.81,33,0.024545455,54
2919.616492,49,63,0.35,14,0.025,54
2919.074564,57,88,0.83,31,0.026774194,54
2919.023584,58,69,0.39,11,0.035454545,54
2918.875908,50,75,0.91,25,0.0364,54
2918.7313,52,80,0.84,28,0.03,54
2918.7313,51,81,0.9,30,0.03,54
2918.424148,56,82,0.74,26,0.028461538,54
2918.007495,55,90,0.68,35,0.019428571,54
2917.873,70,82,0.23,12,0.019166667,54
2917.683139,33,58,0.96,25,0.0384,54
2917.654063,55,93,0.93,38,0.024473684,54
2917.654063,54,95,0.99,41,0.024146341,54
2917.529915,60,89,0.71,29,0.024482759,54
2917.423483,55,90,0.94,35,0.026857143,54
2917.298413,59,84,0.52,25,0.0208,54
2917.224772,69,83,0.27,14,0.019285714,54
2916.885881,54,76,0.67,22,0.030454545,54
2916.885881,53,77,0.73,24,0.030416667,54
2916.885881,50,81,0.94,31,0.030322581,54
2916.729543,58,84,0.68,26,0.026153846,54
2916.729543,57,86,0.75,29,0.025862069,54
2916.483521,50,82,0.92,32,0.02875,54
2916.467533,37,67,0.97,30,0.032333333,54
2916.325032,50,81,0.93,31,0.03,54
2916.24801,48,66,0.58,18,0.032222222,54
2916.104909,37,57,0.79,20,0.0395,54
2916.005325,60,71,0.32,11,0.029090909,54
2915.894859,56,74,0.54,18,0.03,54
2915.878396,36,53,0.6,17,0.035294118,54
2915.612842,58,86,0.76,28,0.027142857,54
2915.612842,56,88,0.87,32,0.0271875,54
2915.279161,45,47,0.08,2,0.04,54
2915.279161,44,48,0.16,4,0.04,54
2915.279161,43,49,0.24,6,0.04,54
2915.279161,42,50,0.32,8,0.04,54
2915.279161,41,51,0.4,10,0.04,54
2915.231016,62,80,0.47,18,0.026111111,54
2915.222957,41,54,0.49,13,0.037692308,54
2915.215184,37,57,0.76,20,0.038,54
2915.106216,61,78,0.45,17,0.026470588,54
2915.069658,55,84,0.81,29,0.027931034,54
2914.977128,53,85,0.92,32,0.02875,54
2914.977128,52,86,0.98,34,0.028823529,54
2914.829376,55,77,0.65,22,0.029545455,54
2914.829376,54,78,0.71,24,0.029583333,54
2914.829376,53,79,0.77,26,0.029615385,54
2914.829376,52,80,0.83,28,0.029642857,54
2914.829376,51,81,0.89,30,0.029666667,54
2914.805247,45,65,0.62,20,0.031,54
2914.721332,38,68,0.95,30,0.031666667,54
2914.712738,35,61,0.97,26,0.037307692,54
2914.712484,50,82,0.95,32,0.0296875,54
2914.686005,36,53,0.66,17,0.038823529,54
2914.616384,42,75,0.98,33,0.02969697,54
2914.475284,45,70,0.68,25,0.0272,54
2914.393024,41,71,0.95,30,0.031666667,54
2914.196919,55,87,0.68,32,0.02125,54
2913.919611,54,78,0.72,24,0.03,54
2913.696689,41,61,0.67,20,0.0335,54
2913.431741,65,83,0.44,18,0.024444444,54
2913.431741,64,84,0.49,20,0.0245,54
2913.230331,51,93,0.87,42,0.020714286,54
2912.920573,57,94,0.88,37,0.023783784,54
2912.823197,58,72,0.42,14,0.03,54
2912.692568,61,83,0.57,22,0.025909091,54
2912.506218,55,89,0.88,34,0.025882353,54
2912.16267,50,82,0.97,32,0.0303125,54
2912.103159,62,85,0.64,23,0.027826087,54
2911.900655,40,64,0.77,24,0.032083333,54
2911.874863,40,58,0.65,18,0.036111111,54
2911.565021,52,79,0.82,27,0.03037037,54
2911.565021,51,80,0.88,29,0.030344828,54
2911.565021,50,82,0.96,32,0.03,54
2911.544783,50,83,0.97,33,0.029393939,54
2911.30633,33,57,0.93,24,0.03875,54
2911.064775,56,89,0.89,33,0.026969697,54
2910.837208,35,61,0.98,26,0.037692308,54
2910.662996,58,85,0.56,27,0.020740741,54
2910.619854,63,83,0.56,20,0.028,54
2910.439972,58,87,0.56,29,0.019310345,54
2910.362181,36,57,0.84,21,0.04,54
2909.65173,66,80,0.39,14,0.027857143,54
2909.593362,37,68,0.2,31,0.006451613,54
2909.298102,38,68,0.96,30,0.032,54
2909.281143,53,78,0.75,25,0.03,54
2909.281143,52,79,0.81,27,0.03,54
2909.281143,51,80,0.87,29,0.03,54
2908.902975,35,60,0.97,25,0.0388,54
2908.723402,46,60,0.37,14,0.026428571,54
2908.719987,45,53,0.28,8,0.035,54
2908.666751,53,90,0.96,37,0.025945946,54
2908.447463,63,78,0.32,15,0.021333333,54
2908.414867,58,85,0.7,27,0.025925926,54
2908.297725,59,68,0.32,9,0.035555556,54
2908.159505,40,49,0.35,9,0.038888889,54
2908.079199,37,56,0.75,19,0.039473684,54
2908.077146,43,50,0.27,7,0.038571429,54
2907.895536,57,88,0.6,31,0.019354839,54
2907.817516,41,61,0.66,20,0.033,54
2907.679774,40,72,0.95,32,0.0296875,54
2907.307102,43,57,0.48,14,0.034285714,54
2907.307102,42,58,0.55,16,0.034375,54
2907.100676,35,62,0.88,27,0.032592593,54
2906.795862,66,77,0.29,11,0.026363636,54
2906.795862,63,80,0.45,17,0.026470588,54
2906.562329,39,54,0.59,15,0.039333333,54
2906.562329,38,55,0.67,17,0.039411765,54
2906.28781,53,79,0.78,26,0.03,54
2905.993186,34,57,0.77,23,0.033478261,54
2905.863605,56,81,0.72,25,0.0288,54
2905.727578,5,13,0.48,8,0.06,54
2905.665245,40,54,0.51,14,0.036428571,54
2905.253147,54,78,0.73,24,0.030416667,54
2905.242393,57,81,0.68,24,0.028333333,54
2905.194172,57,73,0.48,16,0.03,54
2905.188762,63,73,0.29,10,0.029,54
2905.188762,62,74,0.35,12,0.029166667,54
2904.761506,45,57,0.4,12,0.033333333,54
2904.67232,36,56,0.72,20,0.036,54
2904.325614,42,56,0.49,14,0.035,54
2904.209062,51,74,0.84,23,0.036521739,54
2904.009298,50,62,0.3,12,0.025,54
2903.698004,38,54,0.62,16,0.03875,54
2903.631255,39,61,0.76,22,0.034545455,54
2903.610079,54,89,0.9,35,0.025714286,54
2903.579514,54,84,0.86,30,0.028666667,54
2903.563507,42,72,0.94,30,0.031333333,54
2903.523416,36,57,0.83,21,0.03952381,54
2903.076119,50,60,0.26,10,0.026,54
2902.886759,64,75,0.25,11,0.022727273,54
2902.825284,50,76,0.94,26,0.036153846,54
2902.786545,70,75,0.14,5,0.028,54
2902.641529,43,62,0.61,19,0.032105263,54
2902.624904,55,76,0.61,21,0.029047619,54
2902.624904,54,77,0.67,23,0.029130435,54
2902.311745,49,82,0.98,33,0.02969697,54
2902.229403,66,74,0.18,8,0.0225,54
2902.211577,7,13,0.28,6,0.046666667,54
2902.030864,56,71,0.53,15,0.035333333,54
2902.003244,58,87,0.75,29,0.025862069,54
2902.002675,40,57,0.63,17,0.037058824,54
2901.955541,42,57,0.52,15,0.034666667,54
2901.937796,49,84,0.99,35,0.028285714,54
2901.935281,63,69,0.17,6,0.028333333,54
2901.808536,51,54,0.08,3,0.026666667,54
2901.26952,61,87,0.72,26,0.027692308,54
2901.236493,40,62,0.73,22,0.033181818,54
2901.236493,39,63,0.8,24,0.033333333,54
2901.18799,50,62,0.38,12,0.031666667,54
2901.008363,54,74,0.7,20,0.035,54
2901.008363,53,75,0.77,22,0.035,54
2900.979283,57,70,0.46,13,0.035384615,54
2900.849029,55,82,0.78,27,0.028888889,54
2900.849029,54,83,0.84,29,0.028965517,54
2900.611878,45,60,0.48,15,0.032,54
2900.539203,58,65,0.26,7,0.037142857,54
2900.332373,38,52,0.59,14,0.042142857,54
2899.85687,46,66,0.48,20,0.024,54
2899.812052,57,92,0.96,35,0.027428571,54
2899.632831,66,82,0.39,16,0.024375,54
2899.577189,68,78,0.28,10,0.028,54
2899.577189,65,81,0.45,16,0.028125,54
2899.577189,64,83,0.53,19,0.027894737,54
2899.528885,68,76,0.23,8,0.02875,54
2899.495828,64,73,0.26,9,0.028888889,54
2899.49013,58,83,0.64,25,0.0256,54
2899.49013,57,84,0.69,27,0.025555556,54
2899.444658,36,60,0.9,24,0.0375,54
2899.261405,35,59,0.96,24,0.04,54
2899.233213,44,66,0.57,22,0.025909091,54
2899.224015,42,46,0.15,4,0.0375,54
2899.100068,37,61,0.83,24,0.034583333,54
2898.97969,53,90,0.97,37,0.026216216,54
2898.960107,42,66,0.79,24,0.032916667,54
2898.810173,58,87,0.74,29,0.025517241,54
2898.710133,34,56,0.85,22,0.038636364,54
2898.449466,35,54,0.74,19,0.038947368,54
2898.408101,39,53,0.5,14,0.035714286,54
2898.391245,60,78,0.51,18,0.028333333,54
2898.373613,43,52,0.34,9,0.037777778,54
2898.274843,57,80,0.67,23,0.029130435,54
2897.961655,42,73,0.95,31,0.030645161,54
2897.865984,58,84,0.55,26,0.021153846,54
2897.846335,55,88,0.84,33,0.025454545,54
2897.786148,40,74,0.96,34,0.028235294,54
2897.762511,40,69,0.97,29,0.033448276,54
2897.701445,60,84,0.47,24,0.019583333,54
2897.701237,59,85,0.51,26,0.019615385,54
2897.510998,45,63,0.47,18,0.026111111,54
2897.346367,49,83,0.98,34,0.028823529,54
2897.219942,51,79,0.84,28,0.03,54
2897.174898,51,79,0.86,28,0.030714286,54
2896.980683,58,86,0.55,28,0.019642857,54
2896.975496,48,65,0.42,17,0.024705882,54
2896.621568,65,78,0.34,13,0.026153846,54
2896.621568,62,81,0.5,19,0.026315789,54
2896.621568,62,82,0.52,20,0.026,54
2896.621568,59,85,0.68,26,0.026153846,54
2896.392258,62,86,0.59,24,0.024583333,54
2896.392258,61,87,0.64,26,0.024615385,54
2896.392258,60,88,0.69,28,0.024642857,54
2896.392258,59,90,0.76,31,0.024516129,54
2896.392258,58,91,0.81,33,0.024545455,54
2896.302935,35,63,0.98,28,0.035,54
2896.266982,56,88,0.82,32,0.025625,54
2896.184407,64,79,0.39,15,0.026,54
2896.106639,53,87,0.93,34,0.027352941,54
2895.478301,39,57,0.6,18,0.033333333,54
2895.160133,52,59,0.17,7,0.024285714,54
2894.889507,56,73,0.52,17,0.030588235,54
2894.695811,47,57,0.33,10,0.033,54
2894.57193,48,64,0.38,16,0.02375,54
2894.529101,58,68,0.36,10,0.036,54
2894.31574,54,87,0.96,33,0.029090909,54
2894.177527,54,91,0.95,37,0.025675676,54
2893.674953,46,63,0.54,17,0.031764706,54
2893.131497,36,61,0.88,25,0.0352,54
2892.961857,36,59,0.88,23,0.03826087,54
2892.931604,37,52,0.58,15,0.038666667,54
2892.571097,68,78,0.25,10,0.025,54
2892.571097,67,79,0.3,12,0.025,54
2892.571097,66,80,0.35,14,0.025,54
2892.571097,65,81,0.4,16,0.025,54
2892.571097,64,82,0.45,18,0.025,54
2892.571097,62,85,0.57,23,0.024782609,54
2892.477107,40,56,0.53,16,0.033125,54
2892.374055,53,58,0.12,5,0.024,54
2892.322792,72,74,0.05,2,0.025,54
2892.322792,71,75,0.1,4,0.025,54
2892.322792,70,76,0.15,6,0.025,54
2892.322792,69,77,0.2,8,0.025,54
2892.322792,67,80,0.32,13,0.024615385,54
2892.322792,66,81,0.37,15,0.024666667,54
2892.322792,65,82,0.42,17,0.024705882,54
2892.322792,64,83,0.47,19,0.024736842,54
2892.322792,63,84,0.52,21,0.024761905,54
2892.322792,63,85,0.54,22,0.024545455,54
2892.225847,60,72,0.34,12,0.028333333,54
2892.225847,59,73,0.4,14,0.028571429,54
2892.219052,50,81,0.92,31,0.029677419,54
2891.741853,66,86,0.39,20,0.0195,54
2891.631713,64,83,0.48,19,0.025263158,54
2891.542962,56,83,0.75,27,0.027777778,54
2891.224621,52,61,0.29,9,0.032222222,54
2891.184275,55,91,0.91,36,0.025277778,54
2890.901011,52,78,0.78,26,0.03,54
2890.813163,69,74,0.13,5,0.026,54
2890.688192,50,77,0.96,27,0.035555556,54
2890.651987,55,77,0.63,22,0.028636364,54
2890.651987,54,78,0.69,24,0.02875,54
2890.651987,53,79,0.75,26,0.028846154,54
2890.651987,52,81,0.82,29,0.028275862,54
2890.651987,51,82,0.88,31,0.028387097,54
2890.651987,50,83,0.94,33,0.028484848,54
2890.553915,61,75,0.41,14,0.029285714,54
2890.25776,52,78,0.79,26,0.030384615,54
2890.234715,38,61,0.83,23,0.036086957,54
2890.206646,63,84,0.53,21,0.025238095,54
2890.181289,47,67,0.66,20,0.033,54
2889.991441,36,56,0.81,20,0.0405,54
2889.714087,61,76,0.43,15,0.028666667,54
2889.629377,37,55,0.72,18,0.04,54
2889.557441,51,60,0.22,9,0.024444444,54
2889.236574,55,89,0.71,34,0.020882353,54
2888.96237,50,86,0.95,36,0.026388889,54
2888.800618,58,81,0.64,23,0.027826087,54
2888.512634,58,92,0.82,34,0.024117647,54
2888.349997,47,66,0.47,19,0.024736842,54
2887.91959,57,77,0.59,20,0.0295,54
2887.43143,35,55,0.78,20,0.039,54
2887.305894,55,74,0.58,19,0.030526316,54
2887.305894,54,75,0.64,21,0.03047619,54
2887.249742,43,74,0.76,31,0.024516129,54
2886.89028,55,96,0.99,41,0.024146341,54
2886.748306,4,13,0.9,9,0.1,54
2886.663981,44,52,0.3,8,0.0375,54
2886.657351,58,92,0.84,34,0.024705882,54
2886.401571,57,82,0.69,25,0.0276,54
2886.12536,36,64,0.99,28,0.035357143,54
2886.091974,55,90,0.95,35,0.027142857,54
2886.078407,66,74,0.21,8,0.02625,54
2886.07782,56,75,0.55,19,0.028947368,54
2886.07782,53,79,0.74,26,0.028461538,54
2886.0137,41,54,0.44,13,0.033846154,54
2885.812173,43,67,0.75,24,0.03125,54
2885.638231,45,61,0.51,16,0.031875,54
2885.52594,38,58,0.67,20,0.0335,54
2885.431671,39,60,0.75,21,0.035714286,54
2885.296976,61,77,0.45,16,0.028125,54
2885.167322,49,81,0.98,32,0.030625,54
2885.103845,38,64,0.88,26,0.033846154,54
2885.093803,69,76,0.18,7,0.025714286,54
2884.846119,64,82,0.46,18,0.025555556,54
2884.839242,45,59,0.38,14,0.027142857,54
2884.576894,53,91,0.98,38,0.025789474,54
2884.364172,50,53,0.1,3,0.033333333,54
2884.214048,54,80,0.78,26,0.03,54
2883.979494,56,77,0.59,21,0.028095238,54
2883.937036,59,89,0.83,30,0.027666667,54
2883.92518,55,95,0.96,40,0.024,54
2883.871204,53,61,0.18,8,0.0225,54
2883.644427,59,82,0.61,23,0.026521739,54
2883.566054,57,86,0.61,29,0.021034483,54
