% profit,ema1,ema2,threshold,diff,thresh / diff,ID
4446.3168,49,77,0.95,28,0.033928571,43
4133.522649,49,76,0.94,27,0.034814815,43
4131.580815,49,77,0.96,28,0.034285714,43
4084.773201,51,75,0.81,24,0.03375,43
4070.625406,50,76,0.88,26,0.033846154,43
4052.921925,65,72,0.2,7,0.028571429,43
4030.807767,56,68,0.42,12,0.035,43
4030.807767,55,69,0.49,14,0.035,43
4030.807767,51,74,0.8,23,0.034782609,43
4011.375561,52,74,0.74,22,0.033636364,43
4008.450051,63,73,0.29,10,0.029,43
4004.01864,50,75,0.88,25,0.0352,43
4000.710272,50,75,0.87,25,0.0348,43
4000.640742,50,74,0.85,24,0.035416667,43
4000.053121,51,73,0.78,22,0.035454545,43
3999.604944,49,76,0.95,27,0.035185185,43
3973.659982,51,75,0.82,24,0.034166667,43
3973.659982,50,76,0.89,26,0.034230769,43
3970.219487,51,74,0.81,23,0.035217391,43
3962.637168,55,71,0.54,16,0.03375,43
3949.833797,50,77,0.91,27,0.033703704,43
3948.608353,57,69,0.4,12,0.033333333,43
3943.176219,53,74,0.7,21,0.033333333,43
3933.257537,59,67,0.27,8,0.03375,43
3933.257537,54,72,0.61,18,0.033888889,43
3931.40756,56,71,0.5,15,0.033333333,43
3931.40756,52,75,0.77,23,0.033478261,43
3931.356237,56,70,0.47,14,0.033571429,43
3929.971563,50,78,0.93,28,0.033214286,43
3927.508698,51,76,0.84,25,0.0336,43
3924.57932,64,73,0.26,9,0.028888889,43
3921.204623,51,76,0.83,25,0.0332,43
3919.360174,50,77,0.9,27,0.033333333,43
3919.360174,49,78,0.97,29,0.033448276,43
3915.265539,60,66,0.2,6,0.033333333,43
3914.081404,49,78,0.98,29,0.033793103,43
3913.423815,57,70,0.43,13,0.033076923,43
3910.073849,54,73,0.63,19,0.033157895,43
3902.37809,52,75,0.76,23,0.033043478,43
3899.297823,60,77,0.49,17,0.028823529,43
3894.17721,60,73,0.39,13,0.03,43
3892.646426,53,73,0.68,20,0.034,43
3891.245582,54,74,0.66,20,0.033,43
3890.941243,59,70,0.35,11,0.031818182,43
3888.99511,57,72,0.48,15,0.032,43
3886.258237,49,79,0.99,30,0.033,43
3883.836912,51,77,0.86,26,0.033076923,43
3883.362084,56,73,0.54,17,0.031764706,43
3882.472456,59,66,0.24,7,0.034285714,43
3877.730787,52,74,0.75,22,0.034090909,43
3876.647742,53,72,0.66,19,0.034736842,43
3876.647742,52,73,0.73,21,0.034761905,43
3874.000765,53,77,0.76,24,0.031666667,43
3873.030829,62,74,0.35,12,0.029166667,43
3873.030829,61,75,0.41,14,0.029285714,43
3872.588726,59,78,0.55,19,0.028947368,43
3869.416011,58,69,0.36,11,0.032727273,43
3869.416011,55,72,0.56,17,0.032941176,43
3869.376889,55,75,0.63,20,0.0315,43
3867.595317,51,77,0.85,26,0.032692308,43
3866.713673,54,75,0.67,21,0.031904762,43
3865.292659,66,67,0.03,1,0.03,43
3865.292659,65,68,0.09,3,0.03,43
3865.292659,64,69,0.15,5,0.03,43
3865.292659,63,70,0.21,7,0.03,43
3865.292659,62,71,0.27,9,0.03,43
3865.292659,61,72,0.33,11,0.03,43
3864.283604,50,78,0.92,28,0.032857143,43
3863.491322,57,71,0.45,14,0.032142857,43
3862.100899,58,67,0.31,9,0.034444444,43
3854.726088,57,67,0.35,10,0.035,43
3852.651344,61,67,0.19,6,0.031666667,43
3849.470441,53,76,0.74,23,0.032173913,43
3846.497155,60,76,0.47,16,0.029375,43
3845.793864,61,68,0.22,7,0.031428571,43
3842.798472,58,70,0.39,12,0.0325,43
3842.798472,56,72,0.52,16,0.0325,43
3842.798472,55,74,0.61,19,0.032105263,43
3842.660446,53,74,0.69,21,0.032857143,43
3842.08858,49,77,0.97,28,0.034642857,43
3839.620651,59,69,0.32,10,0.032,43
3836.79607,58,79,0.61,21,0.029047619,43
3834.565428,62,66,0.13,4,0.0325,43
3834.565428,60,68,0.26,8,0.0325,43
3830.087762,61,63,0.07,2,0.035,43
3830.087762,60,64,0.14,4,0.035,43
3830.087762,59,65,0.21,6,0.035,43
3830.087762,58,66,0.28,8,0.035,43
3827.64349,58,71,0.41,13,0.031538462,43
3822.156453,57,68,0.38,11,0.034545455,43
3822.156453,56,69,0.45,13,0.034615385,43
3822.156453,55,70,0.52,15,0.034666667,43
3822.156453,54,71,0.59,17,0.034705882,43
3821.964073,50,79,0.94,29,0.032413793,43
3817.135285,60,67,0.23,7,0.032857143,43
3815.338571,54,74,0.65,20,0.0325,43
3815.338571,53,75,0.72,22,0.032727273,43
3815.010406,52,76,0.78,24,0.0325,43
3814.285475,55,73,0.59,18,0.032777778,43
3813.054233,57,71,0.46,14,0.032857143,43
3812.182883,55,73,0.58,18,0.032222222,43
3812.182883,53,75,0.71,22,0.032272727,43
3812.070477,52,76,0.79,24,0.032916667,43
3811.712598,52,78,0.83,26,0.031923077,43
3810.415861,50,76,0.9,26,0.034615385,43
3810.190179,56,71,0.49,15,0.032666667,43
3809.513866,62,67,0.16,5,0.032,43
3809.097183,59,77,0.53,18,0.029444444,43
3809.097183,58,78,0.59,20,0.0295,43
3809.097183,57,79,0.65,22,0.029545455,43
3805.104414,52,77,0.81,25,0.0324,43
3790.347886,55,72,0.57,17,0.033529412,43
3789.101781,53,76,0.75,23,0.032608696,43
3784.222985,58,71,0.42,13,0.032307692,43
3781.221998,57,69,0.41,12,0.034166667,43
3780.860548,49,77,0.98,28,0.035,43
3776.864007,54,75,0.68,21,0.032380952,43
3775.315339,54,76,0.7,22,0.031818182,43
3774.848835,57,78,0.63,21,0.03,43
3774.848835,56,79,0.69,23,0.03,43
3768.768643,60,69,0.29,9,0.032222222,43
3766.719431,54,73,0.64,19,0.033684211,43
3766.033825,62,65,0.1,3,0.033333333,43
3764.135543,60,74,0.42,14,0.03,43
3764.135543,59,75,0.48,16,0.03,43
3764.135543,58,76,0.54,18,0.03,43
3764.135543,57,77,0.6,20,0.03,43
3762.380906,51,79,0.9,28,0.032142857,43
3760.103462,56,80,0.71,24,0.029583333,43
3759.157014,50,80,0.97,30,0.032333333,43
3754.315784,56,73,0.55,17,0.032352941,43
3754.315784,53,77,0.77,24,0.032083333,43
3752.943011,58,68,0.34,10,0.034,43
3752.943011,53,74,0.71,21,0.033809524,43
3752.740058,50,80,0.98,30,0.032666667,43
3742.229783,59,68,0.3,9,0.033333333,43
3742.062821,52,77,0.82,25,0.0328,43
3739.714794,51,78,0.89,27,0.032962963,43
3738.531982,58,69,0.37,11,0.033636364,43
3738.337972,59,72,0.4,13,0.030769231,43
3735.395315,51,78,0.88,27,0.032592593,43
3735.395315,50,79,0.95,29,0.032758621,43
3735.241191,49,78,0.99,29,0.034137931,43
3734.529031,51,79,0.92,28,0.032857143,43
3734.345857,51,79,0.91,28,0.0325,43
3731.697001,53,76,0.76,23,0.033043478,43
3731.697001,52,78,0.85,26,0.032692308,43
3731.049974,55,73,0.6,18,0.033333333,43
3730.847444,66,68,0.06,2,0.03,43
3730.847444,65,69,0.12,4,0.03,43
3730.847444,64,70,0.18,6,0.03,43
3721.470122,52,77,0.85,25,0.034,43
3721.470122,51,78,0.92,27,0.034074074,43
3721.470122,50,79,0.99,29,0.034137931,43
3721.078081,61,68,0.23,7,0.032857143,43
3721.078081,59,69,0.33,10,0.033,43
3721.078081,59,70,0.36,11,0.032727273,43
3721.078081,57,72,0.49,15,0.032666667,43
3721.078081,56,72,0.53,16,0.033125,43
3721.078081,56,73,0.56,17,0.032941176,43
3721.078081,54,75,0.69,21,0.032857143,43
3720.134868,58,70,0.41,12,0.034166667,43
3720.134868,57,71,0.48,14,0.034285714,43
3717.866728,56,73,0.57,17,0.033529412,43
3717.400637,58,70,0.4,12,0.033333333,43
3716.072805,52,76,0.8,24,0.033333333,43
3716.072805,50,79,0.96,29,0.033103448,43
3716.026477,54,75,0.71,21,0.033809524,43
3716.026477,53,76,0.78,23,0.033913043,43
3714.099055,52,75,0.78,23,0.033913043,43
3714.099055,51,76,0.85,25,0.034,43
3714.099055,50,77,0.92,27,0.034074074,43
3711.828012,56,75,0.59,19,0.031052632,43
3711.22364,56,70,0.48,14,0.034285714,43
3711.22364,55,71,0.55,16,0.034375,43
3711.22364,54,72,0.62,18,0.034444444,43
3711.22364,53,73,0.69,20,0.0345,43
3711.22364,52,74,0.76,22,0.034545455,43
3711.22364,51,75,0.83,24,0.034583333,43
3705.817355,52,77,0.83,25,0.0332,43
3705.497185,53,75,0.73,22,0.033181818,43
3703.813545,50,80,0.99,30,0.033,43
3702.649998,55,74,0.62,19,0.032631579,43
3699.279372,60,70,0.31,10,0.031,43
3696.6213,51,76,0.86,25,0.0344,43
3694.081048,55,74,0.64,19,0.033684211,43
3692.257918,54,74,0.67,20,0.0335,43
3687.403803,50,79,0.98,29,0.033793103,43
3686.729724,61,67,0.2,6,0.033333333,43
3684.356312,60,71,0.34,11,0.030909091,43
3684.262149,57,74,0.53,17,0.031176471,43
3683.613792,59,68,0.31,9,0.034444444,43
3683.613792,58,69,0.38,11,0.034545455,43
3682.418031,50,76,0.91,26,0.035,43
3681.486242,57,71,0.47,14,0.033571429,43
3679.544678,59,69,0.34,10,0.034,43
3679.495242,57,72,0.5,15,0.033333333,43
3679.495242,52,77,0.84,25,0.0336,43
3679.495242,51,78,0.91,27,0.033703704,43
3679.311469,51,77,0.87,26,0.033461538,43
3674.787467,52,75,0.79,23,0.034347826,43
3674.787467,50,77,0.93,27,0.034444444,43
3673.170626,56,72,0.55,16,0.034375,43
3667.659737,58,72,0.44,14,0.031428571,43
3666.082121,53,79,0.81,26,0.031153846,43
3662.327112,55,80,0.75,25,0.03,43
3659.909561,54,77,0.72,23,0.031304348,43
3659.228285,52,78,0.84,26,0.032307692,43
3658.887038,55,76,0.66,21,0.031428571,43
3658.561269,59,65,0.2,6,0.033333333,43
3655.351867,57,75,0.55,18,0.030555556,43
3654.902772,49,76,0.93,27,0.034444444,43
3654.341018,62,68,0.19,6,0.031666667,43
3653.93394,58,71,0.43,13,0.033076923,43
3653.93394,55,74,0.63,19,0.033157895,43
3651.957447,53,76,0.77,23,0.033478261,43
3651.957447,51,79,0.93,28,0.033214286,43
3649.387526,52,76,0.82,24,0.034166667,43
3644.195067,56,74,0.57,18,0.031666667,43
3643.362687,61,66,0.17,5,0.034,43
3643.362687,60,68,0.27,8,0.03375,43
3643.362687,56,72,0.54,16,0.03375,43
3643.362687,55,73,0.61,18,0.033888889,43
3642.91143,63,71,0.24,8,0.03,43
3642.91143,62,72,0.3,10,0.03,43
3642.91143,61,73,0.36,12,0.03,43
3641.558348,60,67,0.24,7,0.034285714,43
3641.558348,53,75,0.75,22,0.034090909,43
3641.209839,50,78,0.94,28,0.033571429,43
3640.506356,61,69,0.25,8,0.03125,43
3638.671005,51,73,0.76,22,0.034545455,43
3638.626832,57,70,0.44,13,0.033846154,43
3633.533808,55,77,0.68,22,0.030909091,43
3633.082219,63,71,0.25,8,0.03125,43
3631.870991,61,70,0.28,9,0.031111111,43
3631.617353,50,78,0.96,28,0.034285714,43
3631.22724,57,65,0.28,8,0.035,43
3631.22724,51,72,0.73,21,0.034761905,43
3631.22724,50,73,0.8,23,0.034782609,43
3628.098684,56,71,0.51,15,0.034,43
3628.098684,55,72,0.58,17,0.034117647,43
3628.098684,54,73,0.65,19,0.034210526,43
3628.098684,53,74,0.72,21,0.034285714,43
3626.301702,51,77,0.89,26,0.034230769,43
3623.864039,53,75,0.74,22,0.033636364,43
3623.864039,51,78,0.9,27,0.033333333,43
3623.864039,50,79,0.97,29,0.033448276,43
3620.041175,54,74,0.68,20,0.034,43
3617.929551,58,73,0.47,15,0.031333333,43
3616.792874,55,70,0.5,15,0.033333333,43
3616.75794,50,73,0.81,23,0.035217391,43
3616.088157,54,75,0.7,21,0.033333333,43
3614.694078,52,80,0.88,28,0.031428571,43
3613.422831,55,68,0.44,13,0.033846154,43
3613.105998,55,69,0.47,14,0.033571429,43
3610.838854,59,71,0.38,12,0.031666667,43
3610.035868,57,73,0.5,16,0.03125,43
3609.303448,52,79,0.87,27,0.032222222,43
3600.935369,52,76,0.81,24,0.03375,43
3600.935369,51,77,0.88,26,0.033846154,43
3600.935369,50,78,0.95,28,0.033928571,43
3597.939604,54,69,0.52,15,0.034666667,43
3595.343849,49,75,0.91,26,0.035,43
3593.511591,50,76,0.87,26,0.033461538,43
3593.511591,49,77,0.94,28,0.033571429,43
3587.493678,51,74,0.78,23,0.033913043,43
3584.538796,51,80,0.94,29,0.032413793,43
3577.288223,50,74,0.83,24,0.034583333,43
3577.152918,58,65,0.24,7,0.034285714,43
3574.721282,54,69,0.51,15,0.034,43
3574.721282,53,70,0.58,17,0.034117647,43
3572.998463,54,79,0.77,25,0.0308,43
3572.082183,54,76,0.72,22,0.032727273,43
3568.809132,56,76,0.62,20,0.031,43
3567.162283,51,72,0.72,21,0.034285714,43
3565.061098,68,80,0.24,12,0.02,43
3564.636637,53,78,0.79,25,0.0316,43
3564.636637,51,80,0.92,29,0.031724138,43
3563.041054,50,81,0.99,31,0.031935484,43
3561.90561,57,73,0.52,16,0.0325,43
3559.608317,54,68,0.5,14,0.035714286,43
3558.445846,57,73,0.51,16,0.031875,43
3558.445846,55,75,0.64,20,0.032,43
3558.445846,52,79,0.86,27,0.031851852,43
3555.788484,57,74,0.57,17,0.033529412,43
3554.378126,61,70,0.3,9,0.033333333,43
3552.72358,50,75,0.85,25,0.034,43
3547.875354,54,70,0.54,16,0.03375,43
3546.73289,58,73,0.5,15,0.033333333,43
3544.865913,51,81,0.95,30,0.031666667,43
3543.986234,54,71,0.57,17,0.033529412,43
3543.986234,53,72,0.64,19,0.033684211,43
3543.767169,58,74,0.49,16,0.030625,43
3541.906341,59,64,0.17,5,0.034,43
3540.944634,52,73,0.71,21,0.033809524,43
3540.850229,48,75,0.96,27,0.035555556,43
3540.371578,53,71,0.61,18,0.033888889,43
3540.371578,52,72,0.68,20,0.034,43
3539.200563,53,77,0.78,24,0.0325,43
3536.80777,55,67,0.43,12,0.035833333,43
3532.048968,49,76,0.92,27,0.034074074,43
3530.926203,56,69,0.43,13,0.033076923,43
3530.57255,54,78,0.75,24,0.03125,43
3530.383596,56,66,0.35,10,0.035,43
3530.383596,55,67,0.42,12,0.035,43
3529.085634,49,74,0.89,25,0.0356,43
3527.63399,58,81,0.64,23,0.027826087,43
3526.897229,55,75,0.65,20,0.0325,43
3525.301248,51,82,0.99,31,0.031935484,43
3524.430595,64,69,0.16,5,0.032,43
3522.731369,62,73,0.33,11,0.03,43
3522.731369,61,74,0.39,13,0.03,43
3521.582343,53,79,0.83,26,0.031923077,43
3521.582343,51,81,0.96,30,0.032,43
3520.97407,60,90,0.62,30,0.020666667,43
3520.782512,60,75,0.45,15,0.03,43
3520.782512,59,76,0.51,17,0.03,43
3520.141199,57,82,0.7,25,0.028,43
3519.887529,59,66,0.23,7,0.032857143,43
3518.977646,67,68,0.03,1,0.03,43
3518.977646,66,69,0.09,3,0.03,43
3518.977646,65,70,0.15,5,0.03,43
3517.247278,52,73,0.72,21,0.034285714,43
3516.930565,55,76,0.67,21,0.031904762,43
3516.552742,60,89,0.61,29,0.021034483,43
3516.306186,52,70,0.64,18,0.035555556,43
3515.000733,48,77,0.99,29,0.034137931,43
3514.739067,62,72,0.31,10,0.031,43
3513.036201,60,70,0.32,10,0.032,43
3510.421732,53,77,0.79,24,0.032916667,43
3510.164968,52,71,0.65,19,0.034210526,43
3509.958118,58,77,0.58,19,0.030526316,43
3507.590209,64,71,0.21,7,0.03,43
3507.590209,63,72,0.27,9,0.03,43
3506.336505,53,78,0.84,25,0.0336,43
3505.372914,54,77,0.74,23,0.032173913,43
3503.169537,53,78,0.81,25,0.0324,43
3502.632255,53,78,0.8,25,0.032,43
3502.632255,51,80,0.93,29,0.032068966,43
3502.311983,53,69,0.57,16,0.035625,43
3501.093975,51,73,0.75,22,0.034090909,43
3500.736367,54,82,0.84,28,0.03,43
3496.168433,64,67,0.1,3,0.033333333,43
3495.452771,60,62,0.07,2,0.035,43
3495.452771,59,63,0.14,4,0.035,43
3495.452771,58,64,0.21,6,0.035,43
3493.183944,59,71,0.39,12,0.0325,43
3493.183944,56,75,0.61,19,0.032105263,43
3491.596308,54,77,0.77,23,0.033478261,43
3487.44254,50,72,0.79,22,0.035909091,43
3487.138838,56,77,0.64,21,0.03047619,43
3487.010461,53,70,0.6,17,0.035294118,43
3486.493556,49,74,0.88,25,0.0352,43
3486.480116,55,76,0.7,21,0.033333333,43
3486.474527,64,68,0.13,4,0.0325,43
3486.474527,62,70,0.26,8,0.0325,43
3486.474527,60,72,0.39,12,0.0325,43
3486.044193,57,75,0.59,18,0.032777778,43
3485.217046,56,75,0.6,19,0.031578947,43
3484.495073,60,70,0.34,10,0.034,43
3482.881322,59,76,0.52,17,0.030588235,43
3481.540489,49,75,0.9,26,0.034615385,43
3479.759999,60,72,0.37,12,0.030833333,43
3479.759999,57,76,0.58,19,0.030526316,43
3479.727775,52,72,0.71,20,0.0355,43
3479.479729,52,72,0.69,20,0.0345,43
3477.342038,54,69,0.53,15,0.035333333,43
3477.326744,58,77,0.57,19,0.03,43
3475.680019,48,76,0.97,28,0.034642857,43
3474.219864,55,76,0.68,21,0.032380952,43
3473.143353,51,74,0.79,23,0.034347826,43
3471.171359,58,72,0.45,14,0.032142857,43
3471.171359,54,77,0.73,23,0.03173913,43
3471.156217,53,73,0.66,20,0.033,43
3471.124814,53,70,0.61,17,0.035882353,43
3471.124814,49,75,0.93,26,0.035769231,43
3470.949135,50,75,0.86,25,0.0344,43
3469.831604,55,69,0.48,14,0.034285714,43
3469.831604,54,70,0.55,16,0.034375,43
3469.831604,53,71,0.62,18,0.034444444,43
3468.190537,56,74,0.58,18,0.032222222,43
3468.190537,54,76,0.71,22,0.032272727,43
3466.949525,61,69,0.27,8,0.03375,43
3466.773031,53,71,0.64,18,0.035555556,43
3465.771425,53,70,0.59,17,0.034705882,43
3465.771425,52,71,0.66,19,0.034736842,43
3465.137022,50,74,0.86,24,0.035833333,43
3462.144678,57,78,0.64,21,0.03047619,43
3461.289191,52,78,0.86,26,0.033076923,43
3460.827183,54,77,0.75,23,0.032608696,43
3460.800876,54,68,0.49,14,0.035,43
3460.066817,53,69,0.56,16,0.035,43
3458.64164,52,74,0.73,22,0.033181818,43
3458.64164,51,75,0.8,24,0.033333333,43
3458.114909,49,74,0.87,25,0.0348,43
3457.765312,48,76,0.98,28,0.035,43
3457.711047,51,82,0.98,31,0.031612903,43
3456.435693,52,80,0.9,28,0.032142857,43
3454.636415,54,79,0.79,25,0.0316,43
3454.142559,69,79,0.2,10,0.02,43
3452.84524,59,73,0.43,14,0.030714286,43
3452.829871,54,69,0.54,15,0.036,43
3452.575838,57,73,0.54,16,0.03375,43
3447.51523,62,67,0.17,5,0.034,43
3446.858185,58,73,0.48,15,0.032,43
3446.126716,50,74,0.84,24,0.035,43
3445.893836,51,79,0.95,28,0.033928571,43
3445.283937,58,76,0.56,18,0.031111111,43
3441.784784,63,66,0.1,3,0.033333333,43
3441.784784,60,69,0.3,9,0.033333333,43
3441.784784,54,76,0.73,22,0.033181818,43
3441.784784,53,77,0.8,24,0.033333333,43
3441.360693,48,75,0.94,27,0.034814815,43
3440.077608,59,70,0.37,11,0.033636364,43
3439.455179,52,72,0.7,20,0.035,43
3439.361589,53,81,0.88,28,0.031428571,43
3439.261091,51,73,0.77,22,0.035,43
3438.148872,53,78,0.83,25,0.0332,43
3437.976065,57,74,0.54,17,0.031764706,43
3437.976065,55,77,0.69,22,0.031363636,43
3437.976065,53,79,0.82,26,0.031538462,43
3437.642037,57,72,0.51,15,0.034,43
3436.443448,55,75,0.67,20,0.0335,43
3436.443448,52,79,0.9,27,0.033333333,43
3436.341574,59,74,0.48,15,0.032,43
3436.150277,57,67,0.34,10,0.034,43
3436.11842,67,80,0.27,13,0.020769231,43
3435.775896,49,76,0.96,27,0.035555556,43
3435.022951,54,78,0.76,24,0.031666667,43
3435.022951,52,80,0.89,28,0.031785714,43
3433.65717,56,67,0.38,11,0.034545455,43
3433.65717,55,68,0.45,13,0.034615385,43
3432.834208,53,80,0.86,27,0.031851852,43
3432.310575,56,79,0.7,23,0.030434783,43
3431.331204,55,84,0.81,29,0.027931034,43
3431.324282,52,70,0.63,18,0.035,43
3431.181143,53,87,0.94,34,0.027647059,43
3429.552829,55,79,0.75,24,0.03125,43
3428.938932,59,64,0.18,5,0.036,43
3428.689711,52,81,0.92,29,0.031724138,43
3428.661514,56,74,0.59,18,0.032777778,43
3428.545726,54,86,0.88,32,0.0275,43
3425.820823,55,60,0.19,5,0.038,43
3425.248031,55,80,0.76,25,0.0304,43
3424.928231,51,81,0.97,30,0.032333333,43
3424.161999,52,78,0.87,26,0.033461538,43
3424.161999,51,79,0.94,28,0.033571429,43
3423.385982,51,82,0.97,31,0.031290323,43
3422.424849,49,67,0.68,18,0.037777778,43
3420.569128,57,74,0.55,17,0.032352941,43
3419.689613,51,79,0.86,28,0.030714286,43
3419.260219,63,86,0.48,23,0.020869565,43
3418.910527,55,77,0.7,22,0.031818182,43
3418.71704,52,78,0.88,26,0.033846154,43
3418.517847,50,81,0.94,31,0.030322581,43
3417.898182,54,70,0.57,16,0.035625,43
3417.662045,50,75,0.89,25,0.0356,43
3415.978972,55,75,0.66,20,0.033,43
3415.886631,54,80,0.79,26,0.030384615,43
3414.93281,53,77,0.81,24,0.03375,43
3412.945388,58,71,0.44,13,0.033846154,43
3412.39432,50,66,0.6,16,0.0375,43
3412.369551,53,78,0.82,25,0.0328,43
3412.369551,52,79,0.89,27,0.032962963,43
3412.369551,52,80,0.91,28,0.0325,43
3412.369551,51,81,0.98,30,0.032666667,43
3410.478054,52,82,0.94,30,0.031333333,43
3407.330156,50,74,0.82,24,0.034166667,43
3407.330156,49,75,0.89,26,0.034230769,43
3407.033964,51,71,0.72,20,0.036,43
3406.57158,66,72,0.17,6,0.028333333,43
3406.57158,63,75,0.34,12,0.028333333,43
3405.518565,48,74,0.94,26,0.036153846,43
3404.391228,59,75,0.5,16,0.03125,43
3404.391228,56,78,0.69,22,0.031363636,43
3404.15247,59,72,0.41,13,0.031538462,43
3404.151202,53,80,0.84,27,0.031111111,43
3403.650517,55,68,0.47,13,0.036153846,43
3403.424738,73,75,0.04,2,0.02,43
3403.424738,72,76,0.08,4,0.02,43
3403.424738,71,77,0.12,6,0.02,43
3403.424738,70,78,0.16,8,0.02,43
3403.263101,58,63,0.18,5,0.036,43
3403.051906,59,72,0.42,13,0.032307692,43
3402.043461,51,73,0.79,22,0.035909091,43
3401.293288,54,76,0.67,22,0.030454545,43
3401.226321,51,83,0.99,32,0.0309375,43
3401.161462,59,72,0.43,13,0.033076923,43
3400.525791,51,70,0.69,19,0.036315789,43
3400.452458,51,80,0.97,29,0.033448276,43
3399.687313,55,75,0.61,20,0.0305,43
3398.626865,56,73,0.58,17,0.034117647,43
3398.427184,61,70,0.29,9,0.032222222,43
3397.889709,54,85,0.87,31,0.028064516,43
3396.977695,56,74,0.55,18,0.030555556,43
3395.466099,54,76,0.74,22,0.033636364,43
3395.311586,52,81,0.91,29,0.03137931,43
3394.649931,53,68,0.54,15,0.036,43
3392.905167,50,72,0.82,22,0.037272727,43
3391.317222,63,68,0.16,5,0.032,43
3390.694019,54,78,0.77,24,0.032083333,43
3389.852275,52,79,0.82,27,0.03037037,43
3389.852275,51,80,0.88,29,0.030344828,43
3389.50329,55,75,0.68,20,0.034,43
3389.119362,63,70,0.22,7,0.031428571,43
3389.096153,48,75,0.95,27,0.035185185,43
3387.149068,58,75,0.54,17,0.031764706,43
3387.149068,55,78,0.73,23,0.03173913,43
3386.719598,58,72,0.46,14,0.032857143,43
3386.419414,63,86,0.47,23,0.020434783,43
3385.951976,56,74,0.61,18,0.033888889,43
3385.185633,63,67,0.13,4,0.0325,43
3385.185633,61,69,0.26,8,0.0325,43
3384.794163,53,82,0.88,29,0.030344828,43
3384.676608,57,60,0.11,3,0.036666667,43
3384.676608,54,63,0.33,9,0.036666667,43
3384.19387,52,79,0.88,27,0.032592593,43
3383.588829,62,88,0.53,26,0.020384615,43
3383.471485,55,85,0.83,30,0.027666667,43
3383.471485,54,87,0.9,33,0.027272727,43
3383.471485,53,89,0.97,36,0.026944444,43
3382.841236,53,72,0.65,19,0.034210526,43
3382.749008,54,85,0.9,31,0.029032258,43
3382.26206,58,64,0.22,6,0.036666667,43
3382.26206,55,67,0.44,12,0.036666667,43
3382.125733,53,87,0.93,34,0.027352941,43
3382.125733,52,88,0.99,36,0.0275,43
3381.775736,53,79,0.84,26,0.032307692,43
3381.020133,58,74,0.51,16,0.031875,43
3381.020133,56,76,0.64,20,0.032,43
3380.871675,59,81,0.6,22,0.027272727,43
3380.871675,57,83,0.71,26,0.027307692,43
3380.871675,56,84,0.77,28,0.0275,43
3380.871675,55,86,0.84,31,0.027096774,43
3379.718765,52,71,0.69,19,0.036315789,43
3379.718765,51,72,0.76,21,0.036190476,43
3379.363897,58,66,0.27,8,0.03375,43
3379.34455,55,77,0.72,22,0.032727273,43
3379.34455,52,80,0.92,28,0.032857143,43
3379.255219,62,76,0.4,14,0.028571429,43
3378.724432,61,72,0.35,11,0.031818182,43
3378.649444,56,68,0.41,12,0.034166667,43
3377.899111,61,78,0.47,17,0.027647059,43
3377.485007,60,73,0.41,13,0.031538462,43
3377.170425,52,81,0.9,29,0.031034483,43
3376.900833,60,70,0.33,10,0.033,43
3376.900833,57,73,0.53,16,0.033125,43
3375.706366,51,80,0.95,29,0.032758621,43
3374.552693,49,73,0.86,24,0.035833333,43
3373.829635,60,79,0.53,19,0.027894737,43
3373.637467,63,69,0.19,6,0.031666667,43
3373.543143,58,72,0.47,14,0.033571429,43
3373.189113,54,71,0.58,17,0.034117647,43
3372.998397,53,85,0.92,32,0.02875,43
3372.911733,52,64,0.45,12,0.0375,43
3372.656085,58,76,0.49,18,0.027222222,43
3371.679595,57,66,0.31,9,0.034444444,43
3371.67115,51,80,0.96,29,0.033103448,43
3371.40627,58,80,0.64,22,0.029090909,43
3371.40627,57,81,0.7,24,0.029166667,43
3371.167614,47,69,0.83,22,0.037727273,43
3370.64098,55,83,0.8,28,0.028571429,43
3370.64098,54,84,0.86,30,0.028666667,43
3370.64098,53,86,0.94,33,0.028484848,43
3369.3708,56,75,0.62,19,0.032631579,43
3369.039197,51,80,0.87,29,0.03,43
3368.716953,56,83,0.76,27,0.028148148,43
3367.75266,52,83,0.84,31,0.027096774,43
3367.17271,61,73,0.37,12,0.030833333,43
3366.435546,50,71,0.76,21,0.036190476,43
3366.343638,52,81,0.93,29,0.032068966,43
3366.076739,52,79,0.81,27,0.03,43
3364.278695,57,77,0.62,20,0.031,43
3364.24749,57,75,0.56,18,0.031111111,43
3363.71152,48,73,0.91,25,0.0364,43
3363.69205,53,64,0.41,11,0.037272727,43
3361.662625,60,72,0.38,12,0.031666667,43
3361.311895,56,65,0.32,9,0.035555556,43
3359.877775,57,75,0.58,18,0.032222222,43
3359.877775,55,77,0.71,22,0.032272727,43
3359.60089,57,74,0.56,17,0.032941176,43
3359.60089,56,74,0.6,18,0.033333333,43
3359.60089,55,76,0.69,21,0.032857143,43
3359.60089,54,77,0.76,23,0.033043478,43
3359.431919,60,71,0.35,11,0.031818182,43
3359.233302,62,68,0.2,6,0.033333333,43
3358.925573,50,81,0.95,31,0.030645161,43
3358.845653,56,67,0.4,11,0.036363636,43
3357.802325,55,84,0.82,29,0.028275862,43
3357.802325,54,85,0.88,31,0.028387097,43
3357.802325,53,86,0.93,33,0.028181818,43
3357.802325,53,87,0.95,34,0.027941176,43
3357.802325,52,87,0.99,35,0.028285714,43
3357.416918,55,67,0.45,12,0.0375,43
3357.191596,57,75,0.57,18,0.031666667,43
3356.36412,56,77,0.67,21,0.031904762,43
3356.36412,54,79,0.8,25,0.032,43
3356.24531,49,74,0.93,25,0.0372,43
3356.019199,57,82,0.71,25,0.0284,43
3356.019199,56,83,0.77,27,0.028518519,43
3354.042823,60,65,0.17,5,0.034,43
3353.993684,56,76,0.65,20,0.0325,43
3353.993684,53,79,0.85,26,0.032692308,43
3352.452606,51,71,0.74,20,0.037,43
3351.879553,52,71,0.67,19,0.035263158,43
3349.319455,53,88,0.96,35,0.027428571,43
3348.948195,52,71,0.7,19,0.036842105,43
3348.948195,50,73,0.85,23,0.036956522,43
3348.907022,54,80,0.81,26,0.031153846,43
3347.131803,61,71,0.31,10,0.031,43
3347.130029,59,74,0.47,15,0.031333333,43
3347.010506,55,78,0.71,23,0.030869565,43
3346.552173,50,73,0.82,23,0.035652174,43
3345.274633,52,72,0.72,20,0.036,43
3344.52051,56,79,0.62,23,0.026956522,43
3344.422844,51,85,0.91,34,0.026764706,43
3344.120433,65,82,0.35,17,0.020588235,43
3343.831947,54,83,0.77,29,0.026551724,43
3343.772847,55,62,0.26,7,0.037142857,43
3340.467495,61,88,0.57,27,0.021111111,43
3339.772134,54,86,0.89,32,0.0278125,43
3339.134816,62,69,0.23,7,0.032857143,43
3338.747345,54,81,0.73,27,0.027037037,43
3338.398403,55,68,0.46,13,0.035384615,43
3338.047241,59,71,0.4,12,0.033333333,43
3338.047241,56,75,0.63,19,0.033157895,43
3337.842394,60,71,0.36,11,0.032727273,43
3337.674486,59,73,0.44,14,0.031428571,43
3337.674486,58,74,0.5,16,0.03125,43
3337.674486,56,76,0.63,20,0.0315,43
3337.599486,67,78,0.23,11,0.020909091,43
3336.005031,61,71,0.32,10,0.032,43
3336.005031,57,76,0.6,19,0.031578947,43
3335.365307,49,75,0.92,26,0.035384615,43
3334.393878,58,73,0.49,15,0.032666667,43
3334.351116,58,74,0.52,16,0.0325,43
3334.224599,56,85,0.78,29,0.026896552,43
3333.999583,51,71,0.7,20,0.035,43
3333.743308,56,77,0.66,21,0.031428571,43
3333.434027,49,72,0.83,23,0.036086957,43
3332.234081,64,66,0.06,2,0.03,43
3332.234081,63,67,0.12,4,0.03,43
3332.234081,62,68,0.18,6,0.03,43
3331.741351,56,67,0.39,11,0.035454545,43
3331.316299,52,86,0.98,34,0.028823529,43
3329.825401,53,73,0.67,20,0.0335,43
3329.124834,58,79,0.62,21,0.02952381,43
3329.124834,57,80,0.68,23,0.029565217,43
3329.124834,56,82,0.76,26,0.029230769,43
3329.124834,55,83,0.82,28,0.029285714,43
3328.942934,51,72,0.78,21,0.037142857,43
3328.836079,57,77,0.61,20,0.0305,43
3326.873052,53,82,0.89,29,0.030689655,43
3326.873052,52,83,0.95,31,0.030645161,43
3326.359219,62,69,0.22,7,0.031428571,43
3326.343001,54,70,0.56,16,0.035,43
3326.343001,53,71,0.63,18,0.035,43
3325.473649,48,76,0.99,28,0.035357143,43
3324.270077,53,88,0.95,35,0.027142857,43
3323.770894,53,70,0.62,17,0.036470588,43
3323.498031,52,82,0.93,30,0.031,43
3323.090199,51,72,0.74,21,0.035238095,43
3323.043635,60,73,0.4,13,0.030769231,43
3322.878364,54,81,0.82,27,0.03037037,43
3322.821634,55,70,0.51,15,0.034,43
3322.781454,62,86,0.52,24,0.021666667,43
3322.678786,51,71,0.71,20,0.0355,43
3322.61749,58,75,0.52,17,0.030588235,43
3322.200476,50,74,0.87,24,0.03625,43
3321.389003,48,74,0.93,26,0.035769231,43
3320.839124,58,91,0.72,33,0.021818182,43
3320.839124,56,94,0.82,38,0.021578947,43
3320.839124,55,95,0.87,40,0.02175,43
3320.569721,54,79,0.78,25,0.0312,43
3320.516449,54,69,0.55,15,0.036666667,43
3320.462057,57,76,0.61,19,0.032105263,43
3320.268786,53,67,0.51,14,0.036428571,43
3320.018955,56,66,0.37,10,0.037,43
3320.018955,54,68,0.52,14,0.037142857,43
3319.27147,59,90,0.66,31,0.021290323,43
3318.334786,56,81,0.74,25,0.0296,43
3318.334786,54,84,0.88,30,0.029333333,43
3318.334786,53,85,0.94,32,0.029375,43
3318.334786,53,86,0.96,33,0.029090909,43
3318.064049,55,84,0.83,29,0.02862069,43
3317.956741,61,76,0.44,15,0.029333333,43
3317.956741,60,77,0.5,17,0.029411765,43
3317.956741,59,78,0.56,19,0.029473684,43
3317.714605,55,78,0.72,23,0.031304348,43
3317.714605,53,80,0.85,27,0.031481481,43
3317.095985,56,78,0.68,22,0.030909091,43
3316.715321,56,78,0.67,22,0.030454545,43
3316.715321,55,79,0.73,24,0.030416667,43
3315.454806,55,82,0.8,27,0.02962963,43
3315.454806,54,83,0.86,29,0.029655172,43
3315.136077,59,73,0.45,14,0.032142857,43
3314.243768,53,81,0.87,28,0.031071429,43
3313.674503,56,64,0.29,8,0.03625,43
3312.793917,54,78,0.78,24,0.0325,43
3311.493371,50,87,0.98,37,0.026486486,43
3311.322526,59,63,0.15,4,0.0375,43
3311.322526,57,65,0.3,8,0.0375,43
3311.084085,53,88,0.97,35,0.027714286,43
3309.506367,53,68,0.53,15,0.035333333,43
3309.506367,52,69,0.6,17,0.035294118,43
3306.711779,54,67,0.47,13,0.036153846,43
3306.577357,56,67,0.41,11,0.037272727,43
3306.577357,54,69,0.56,15,0.037333333,43
3306.225024,54,66,0.43,12,0.035833333,43
3305.00269,59,90,0.67,31,0.021612903,43
3304.765034,51,66,0.56,15,0.037333333,43
3304.765034,49,68,0.71,19,0.037368421,43
3304.369589,48,69,0.78,21,0.037142857,43
3303.690868,38,50,0.47,12,0.039166667,43
3302.840992,53,70,0.63,17,0.037058824,43
3302.199457,52,73,0.74,21,0.035238095,43
3302.098151,49,75,0.95,26,0.036538462,43
3302.070793,51,73,0.8,22,0.036363636,43
3301.90105,59,90,0.68,31,0.021935484,43
3301.701819,53,87,0.96,34,0.028235294,43
3301.687877,55,68,0.48,13,0.036923077,43
3301.687877,52,72,0.73,20,0.0365,43
3301.660523,60,63,0.11,3,0.036666667,43
3301.660523,57,66,0.33,9,0.036666667,43
3299.236784,55,85,0.82,30,0.027333333,43
3299.154368,66,80,0.29,14,0.020714286,43
3297.730269,56,60,0.15,4,0.0375,43
3297.730269,54,62,0.3,8,0.0375,43
3297.572416,57,64,0.25,7,0.035714286,43
3295.531041,54,87,0.89,33,0.026969697,43
3295.103087,57,66,0.32,9,0.035555556,43
3295.046532,59,79,0.57,20,0.0285,43
3295.010602,49,75,0.96,26,0.036923077,43
3294.797349,50,72,0.78,22,0.035454545,43
3294.161362,50,73,0.84,23,0.036521739,43
3293.219912,62,70,0.25,8,0.03125,43
3292.905088,54,80,0.72,26,0.027692308,43
3292.64094,50,82,0.94,32,0.029375,43
3292.64094,50,83,0.96,33,0.029090909,43
3292.638601,51,81,0.88,30,0.029333333,43
3292.104358,52,69,0.61,17,0.035882353,43
3292.02534,52,82,0.84,30,0.028,43
3291.384565,60,74,0.43,14,0.030714286,43
3291.384565,59,75,0.49,16,0.030625,43
3291.354034,59,74,0.46,15,0.030666667,43
3290.280978,64,85,0.44,21,0.020952381,43
3289.345602,53,81,0.78,28,0.027857143,43
3288.987698,50,85,0.98,35,0.028,43
3288.772307,57,93,0.79,36,0.021944444,43
3288.470289,49,75,0.94,26,0.036153846,43
3288.055059,59,91,0.68,32,0.02125,43
3287.842771,50,74,0.88,24,0.036666667,43
3287.827359,52,65,0.48,13,0.036923077,43
3287.412102,50,70,0.73,20,0.0365,43
3286.132435,57,93,0.78,36,0.021666667,43
3286.008812,51,72,0.77,21,0.036666667,43
3285.058314,54,71,0.6,17,0.035294118,43
3285.058314,53,72,0.67,19,0.035263158,43
3284.632868,58,92,0.72,34,0.021176471,43
3284.381987,63,74,0.32,11,0.029090909,43
3284.304795,57,68,0.37,11,0.033636364,43
3283.604552,62,75,0.38,13,0.029230769,43
3283.112679,60,78,0.53,18,0.029444444,43
3282.346809,47,75,0.99,28,0.035357143,43
3282.049745,58,76,0.55,18,0.030555556,43
3282.049745,56,77,0.65,21,0.030952381,43
3282.049745,54,80,0.8,26,0.030769231,43
3282.049745,53,81,0.86,28,0.030714286,43
3280.448042,65,83,0.39,18,0.021666667,43
3280.392278,47,74,0.98,27,0.036296296,43
3279.950951,65,83,0.37,18,0.020555556,43
3279.692934,52,85,0.97,33,0.029393939,43
3279.62639,58,92,0.73,34,0.021470588,43
3279.602689,56,70,0.46,14,0.032857143,43
3279.523728,56,95,0.84,39,0.021538462,43
3278.98493,50,74,0.89,24,0.037083333,43
3277.705089,67,81,0.3,14,0.021428571,43
3277.506446,61,89,0.58,28,0.020714286,43
3276.724682,55,65,0.36,10,0.036,43
3276.465578,64,77,0.35,13,0.026923077,43
3276.336338,62,71,0.28,9,0.031111111,43
3276.336338,61,72,0.34,11,0.030909091,43
3276.336338,58,75,0.53,17,0.031176471,43
3276.336338,57,76,0.59,19,0.031052632,43
3276.336338,55,79,0.74,24,0.030833333,43
3274.833992,54,73,0.62,19,0.032631579,43
3274.463332,53,84,0.92,31,0.029677419,43
3273.938163,60,89,0.62,29,0.02137931,43
3273.938163,57,93,0.77,36,0.021388889,43
3273.769924,50,72,0.77,22,0.035,43
3273.67155,56,94,0.83,38,0.021842105,43
3272.372895,58,80,0.63,22,0.028636364,43
3272.372895,57,81,0.69,24,0.02875,43
3271.356944,63,83,0.52,20,0.026,43
3271.222034,53,67,0.5,14,0.035714286,43
3270.488671,51,83,0.9,32,0.028125,43
3270.415772,57,73,0.49,16,0.030625,43
3270.315541,54,72,0.6,18,0.033333333,43
3269.573312,49,76,0.98,27,0.036296296,43
3269.166961,51,73,0.81,22,0.036818182,43
3267.716593,56,69,0.46,13,0.035384615,43
3267.716593,55,69,0.5,14,0.035714286,43
3267.716593,55,70,0.53,15,0.035333333,43
3267.67331,51,84,0.92,33,0.027878788,43
3267.389133,49,73,0.85,24,0.035416667,43
3266.694946,48,74,0.92,26,0.035384615,43
3266.484486,57,84,0.77,27,0.028518519,43
3266.445959,59,91,0.67,32,0.0209375,43
3266.101301,50,67,0.63,17,0.037058824,43
3266.101301,47,70,0.86,23,0.037391304,43
3266.023293,68,76,0.23,8,0.02875,43
3264.850043,59,80,0.59,21,0.028095238,43
3263.753998,56,84,0.76,28,0.027142857,43
3262.788027,56,69,0.44,13,0.033846154,43
3261.761422,56,82,0.75,26,0.028846154,43
3261.365414,57,67,0.36,10,0.036,43
3259.059827,58,67,0.3,9,0.033333333,43
3258.388427,55,93,0.84,38,0.022105263,43
3258.249997,55,64,0.33,9,0.036666667,43
3257.93338,61,87,0.56,26,0.021538462,43
3257.693953,66,80,0.36,14,0.025714286,43
3257.693953,62,85,0.59,23,0.025652174,43
3257.693953,61,86,0.64,25,0.0256,43
3257.37944,54,82,0.75,28,0.026785714,43
3256.463497,55,66,0.39,11,0.035454545,43
3256.463497,54,67,0.46,13,0.035384615,43
3255.732528,61,65,0.13,4,0.0325,43
3255.732528,59,67,0.26,8,0.0325,43
3254.805225,55,72,0.55,17,0.032352941,43
3254.615242,46,71,0.94,25,0.0376,43
3254.493271,59,74,0.42,15,0.028,43
3254.434357,48,74,0.97,26,0.037307692,43
3254.307444,66,79,0.34,13,0.026153846,43
3254.211513,61,77,0.47,16,0.029375,43
3254.191468,55,79,0.66,24,0.0275,43
3254.163945,39,49,0.38,10,0.038,43
3253.908011,55,73,0.62,18,0.034444444,43
3253.908011,54,74,0.69,20,0.0345,43
3253.908011,53,75,0.76,22,0.034545455,43
3253.353762,60,87,0.58,27,0.021481481,43
3252.556381,61,64,0.1,3,0.033333333,43
3252.329012,61,66,0.16,5,0.032,43
3249.7063,51,70,0.67,19,0.035263158,43
3249.659175,62,87,0.53,25,0.0212,43
3249.607532,63,86,0.49,23,0.021304348,43
3248.127753,59,84,0.66,25,0.0264,43
3248.127753,56,88,0.84,32,0.02625,43
3248.125969,63,82,0.54,19,0.028421053,43
3247.948851,60,86,0.74,26,0.028461538,43
3247.675951,62,83,0.6,21,0.028571429,43
3247.080139,51,77,0.9,26,0.034615385,43
3246.679784,52,85,0.98,33,0.02969697,43
3246.252981,51,83,0.94,32,0.029375,43
3246.229276,51,74,0.85,23,0.036956522,43
3245.20981,51,87,0.96,36,0.026666667,43
3244.444874,52,81,0.83,29,0.02862069,43
3244.444874,51,82,0.89,31,0.028709677,43
3243.37102,51,70,0.68,19,0.035789474,43
3242.681784,50,71,0.75,21,0.035714286,43
3242.03869,53,71,0.65,18,0.036111111,43
3241.999641,52,68,0.58,16,0.03625,43
3241.913379,59,61,0.07,2,0.035,43
3241.913379,58,62,0.14,4,0.035,43
3241.913379,57,63,0.21,6,0.035,43
3241.566145,53,82,0.8,29,0.027586207,43
3240.78386,57,70,0.42,13,0.032307692,43
3240.713548,62,84,0.57,22,0.025909091,43
3240.388764,58,61,0.11,3,0.036666667,43
3240.091027,52,76,0.83,24,0.034583333,43
3240.056931,61,88,0.56,27,0.020740741,43
3239.952124,51,72,0.75,21,0.035714286,43
3239.668598,66,81,0.31,15,0.020666667,43
3238.642717,51,76,0.87,25,0.0348,43
3238.017396,52,70,0.67,18,0.037222222,43
3237.716851,61,85,0.52,24,0.021666667,43
3237.340706,56,83,0.78,27,0.028888889,43
3237.340706,55,84,0.84,29,0.028965517,43
3236.062745,51,86,0.93,35,0.026571429,43
3235.650834,64,84,0.43,20,0.0215,43
3235.269773,60,88,0.71,28,0.025357143,43
3234.822931,70,75,0.13,5,0.026,43
3234.419817,51,84,0.96,33,0.029090909,43
3233.993119,57,68,0.39,11,0.035454545,43
3233.50513,56,92,0.79,36,0.021944444,43
3233.395829,64,69,0.14,5,0.028,43
3233.225503,58,83,0.71,25,0.0284,43
3233.071684,55,95,0.88,40,0.022,43
3232.438197,55,78,0.65,23,0.02826087,43
3232.436183,52,83,0.86,31,0.027741935,43
3232.044147,57,85,0.73,28,0.026071429,43
3232.044147,55,87,0.84,32,0.02625,43
3231.61398,71,74,0.08,3,0.026666667,43
3231.61398,68,77,0.24,9,0.026666667,43
3231.61398,63,83,0.53,20,0.0265,43
3231.61398,62,84,0.58,22,0.026363636,43
3231.61398,60,87,0.71,27,0.026296296,43
3231.61398,57,90,0.87,33,0.026363636,43
3231.434267,50,84,0.96,34,0.028235294,43
3230.627271,59,68,0.29,9,0.032222222,43
3230.077891,55,93,0.95,38,0.025,43
3230.051045,56,90,0.79,34,0.023235294,43
3229.902845,54,85,0.89,31,0.028709677,43
3229.902845,53,86,0.95,33,0.028787879,43
3228.436359,49,76,0.97,27,0.035925926,43
3227.97449,56,86,0.81,30,0.027,43
3227.015942,61,78,0.5,17,0.029411765,43
3227.015942,57,83,0.76,26,0.029230769,43
3227.015942,56,84,0.82,28,0.029285714,43
3227.015942,55,85,0.88,30,0.029333333,43
3226.471539,59,79,0.58,20,0.029,43
3226.191998,50,83,0.95,33,0.028787879,43
3226.025984,66,82,0.33,16,0.020625,43
3225.596384,55,92,0.98,37,0.026486486,43
3225.595777,58,89,0.82,31,0.026451613,43
3225.595777,57,91,0.89,34,0.026176471,43
3225.490731,60,81,0.57,21,0.027142857,43
3225.47966,54,80,0.73,26,0.028076923,43
3225.403818,56,77,0.59,21,0.028095238,43
3225.254794,56,86,0.78,30,0.026,43
3225.151674,56,68,0.43,12,0.035833333,43
3225.151674,51,74,0.82,23,0.035652174,43
3224.831847,57,90,0.88,33,0.026666667,43
3223.578761,58,82,0.65,24,0.027083333,43
3223.256436,65,79,0.31,14,0.022142857,43
3223.000325,65,78,0.29,13,0.022307692,43
3222.385369,52,81,0.86,29,0.029655172,43
3222.025732,58,89,0.88,31,0.028387097,43
3221.839007,50,82,0.96,32,0.03,43
3221.746198,53,78,0.76,25,0.0304,43
3220.945654,54,97,0.94,43,0.021860465,43
3220.610748,49,73,0.84,24,0.035,43
3220.547365,66,80,0.3,14,0.021428571,43
3220.533674,51,83,0.91,32,0.0284375,43
3219.532746,58,76,0.5,18,0.027777778,43
3219.123315,55,71,0.56,16,0.035,43
3218.16041,57,75,0.53,18,0.029444444,43
3218.16041,56,76,0.59,20,0.0295,43
3218.16041,55,77,0.65,22,0.029545455,43
3217.940869,38,50,0.46,12,0.038333333,43
3217.830134,59,81,0.63,22,0.028636364,43
3217.765653,64,81,0.46,17,0.027058824,43
3217.765653,62,83,0.57,21,0.027142857,43
3217.765653,61,84,0.63,23,0.027391304,43
3217.765653,59,87,0.76,28,0.027142857,43
3217.648399,56,91,0.93,35,0.026571429,43
3217.457675,61,77,0.46,16,0.02875,43
3217.17561,53,89,0.96,36,0.026666667,43
3217.098252,56,78,0.61,22,0.027727273,43
3216.965551,51,69,0.65,18,0.036111111,43
3216.403081,52,80,0.83,28,0.029642857,43
3216.403081,51,81,0.89,30,0.029666667,43
3216.403081,50,82,0.95,32,0.0296875,43
3216.243387,58,84,0.67,26,0.025769231,43
3215.806951,34,56,0.83,22,0.037727273,43
3215.023057,57,70,0.45,13,0.034615385,43
3214.996347,57,90,0.89,33,0.026969697,43
3214.926825,55,87,0.83,32,0.0259375,43
3214.791583,54,88,0.89,34,0.026176471,43
3214.791583,53,89,0.95,36,0.026388889,43
3214.791583,53,90,0.96,37,0.025945946,43
3214.765467,65,80,0.4,15,0.026666667,43
3214.765467,64,81,0.45,17,0.026470588,43
3214.765467,63,82,0.51,19,0.026842105,43
3214.765467,60,86,0.69,26,0.026538462,43
3214.765467,59,87,0.74,28,0.026428571,43
3214.765467,58,88,0.8,30,0.026666667,43
3214.764862,61,85,0.64,24,0.026666667,43
3214.641578,61,85,0.68,24,0.028333333,43
3214.44719,56,92,0.94,36,0.026111111,43
3213.779367,67,78,0.24,11,0.021818182,43
3213.755522,55,69,0.52,14,0.037142857,43
3213.571698,63,84,0.44,21,0.020952381,43
3213.291747,60,87,0.7,27,0.025925926,43
3213.291747,59,89,0.77,30,0.025666667,43
3213.291747,56,92,0.93,36,0.025833333,43
3210.913045,50,84,0.98,34,0.028823529,43
3210.910761,50,84,0.99,34,0.029117647,43
3210.873953,48,75,0.99,27,0.036666667,43
3210.295846,61,80,0.54,19,0.028421053,43
3209.480639,36,53,0.65,17,0.038235294,43
3209.044754,67,78,0.29,11,0.026363636,43
3208.934959,70,74,0.11,4,0.0275,43
3208.934959,68,76,0.22,8,0.0275,43
3208.934959,65,80,0.41,15,0.027333333,43
3208.934959,63,82,0.52,19,0.027368421,43
3208.720412,64,84,0.42,20,0.021,43
3208.639446,51,84,0.91,33,0.027575758,43
3208.619311,64,80,0.45,16,0.028125,43
3208.178644,56,85,0.79,29,0.027241379,43
3208.178644,55,86,0.85,31,0.027419355,43
3208.178644,54,88,0.92,34,0.027058824,43
3208.159243,56,71,0.52,15,0.034666667,43
3208.159243,55,72,0.59,17,0.034705882,43
3208.091177,63,83,0.43,20,0.0215,43
3208.017632,55,92,0.99,37,0.026756757,43
3207.691466,61,85,0.65,24,0.027083333,43
3207.550074,55,80,0.68,25,0.0272,43
3207.486957,62,83,0.46,21,0.021904762,43
3207.456291,53,82,0.79,29,0.027241379,43
3207.456291,52,83,0.85,31,0.027419355,43
3206.776954,66,73,0.2,7,0.028571429,43
3206.759243,57,67,0.37,10,0.037,43
3206.476218,57,91,0.88,34,0.025882353,43
3206.476218,56,93,0.95,37,0.025675676,43
3206.476218,55,93,0.99,38,0.026052632,43
3206.289659,59,79,0.59,20,0.0295,43
3206.289659,58,80,0.65,22,0.029545455,43
3206.177896,55,90,0.91,35,0.026,43
3206.151852,55,83,0.81,28,0.028928571,43
3206.151852,54,84,0.87,30,0.029,43
3206.151852,53,85,0.93,32,0.0290625,43
3205.78557,49,74,0.91,25,0.0364,43
3205.739549,62,83,0.47,21,0.022380952,43
3205.709659,61,79,0.49,18,0.027222222,43
3205.709659,59,82,0.62,23,0.026956522,43
3205.709659,58,83,0.68,25,0.0272,43
3205.709659,57,84,0.73,27,0.027037037,43
3205.709659,55,87,0.86,32,0.026875,43
3205.670384,65,76,0.31,11,0.028181818,43
3205.670384,62,79,0.48,17,0.028235294,43
3205.43018,52,86,0.9,34,0.026470588,43
3205.404175,62,85,0.49,23,0.021304348,43
3204.949225,51,84,0.9,33,0.027272727,43
3204.949225,50,85,0.96,35,0.027428571,43
3204.80403,57,69,0.42,12,0.035,43
3204.564693,55,79,0.67,24,0.027916667,43
3204.496112,53,89,0.94,36,0.026111111,43
3204.134985,52,80,0.82,28,0.029285714,43
3204.078502,52,67,0.54,15,0.036,43
3204.072921,58,81,0.65,23,0.02826087,43
3204.072921,55,85,0.84,30,0.028,43
3204.072921,54,86,0.9,32,0.028125,43
3203.652584,65,81,0.42,16,0.02625,43
3203.652584,64,82,0.47,18,0.026111111,43
3203.652584,62,85,0.6,23,0.026086957,43
3203.652584,61,86,0.65,25,0.026,43
3203.652584,59,88,0.76,29,0.026206897,43
3203.652584,58,89,0.81,31,0.026129032,43
3203.652584,58,90,0.83,32,0.0259375,43
3202.886679,63,76,0.36,13,0.027692308,43
3202.886679,60,80,0.55,20,0.0275,43
3202.886679,58,82,0.66,24,0.0275,43
3202.634262,67,79,0.25,12,0.020833333,43
3202.497785,60,78,0.52,18,0.028888889,43
3202.402794,54,72,0.63,18,0.035,43
3202.402794,53,73,0.7,20,0.035,43
3202.402794,52,74,0.77,22,0.035,43
3202.402794,51,75,0.84,24,0.035,43
3202.402794,50,77,0.94,27,0.034814815,43
3202.306159,67,73,0.17,6,0.028333333,43
3202.123134,60,88,0.61,28,0.021785714,43
3202.11938,56,70,0.49,14,0.035,43
3201.590734,57,92,0.86,35,0.024571429,43
3201.565878,69,77,0.17,8,0.02125,43
3201.07766,58,88,0.81,30,0.027,43
3200.987173,57,89,0.87,32,0.0271875,43
3200.898623,53,66,0.47,13,0.036153846,43
3200.86991,59,87,0.75,28,0.026785714,43
3200.86991,56,92,0.95,36,0.026388889,43
3200.865982,62,87,0.54,25,0.0216,43
3200.865982,59,91,0.69,32,0.0215625,43
3199.721976,52,82,0.88,30,0.029333333,43
3199.583732,58,78,0.54,20,0.027,43
3199.358645,53,69,0.59,16,0.036875,43
3198.769898,48,72,0.88,24,0.036666667,43
3198.593998,54,87,0.96,33,0.029090909,43
3198.513198,64,83,0.4,19,0.021052632,43
3198.418349,61,64,0.11,3,0.036666667,43
3198.137487,53,90,0.95,37,0.025675676,43
3198.118479,62,84,0.59,22,0.026818182,43
3198.118479,60,86,0.7,26,0.026923077,43
3198.118479,59,88,0.77,29,0.026551724,43
3198.118479,58,89,0.83,31,0.026774194,43
3198.118479,56,91,0.94,35,0.026857143,43
3197.903196,58,68,0.35,10,0.035,43
3197.845293,49,74,0.92,25,0.0368,43
3197.492267,62,71,0.25,9,0.027777778,43
3197.186473,58,88,0.83,30,0.027666667,43
3196.535892,57,90,0.86,33,0.026060606,43
3196.129677,52,81,0.85,29,0.029310345,43
3196.064646,57,83,0.72,26,0.027692308,43
3195.684802,60,80,0.54,20,0.027,43
3195.614246,61,86,0.53,25,0.0212,43
3195.382624,54,79,0.71,25,0.0284,43
3195.219744,64,82,0.39,18,0.021666667,43
3195.123807,37,51,0.54,14,0.038571429,43
3195.008669,59,87,0.61,28,0.021785714,43
3194.992956,58,83,0.66,25,0.0264,43
3194.992956,56,85,0.77,29,0.026551724,43
3194.669834,53,74,0.73,21,0.034761905,43
3194.669834,52,75,0.8,23,0.034782609,43
3194.514287,35,54,0.72,19,0.037894737,43
3194.19175,54,89,0.9,35,0.025714286,43
3193.720746,60,86,0.68,26,0.026153846,43
3193.646419,59,88,0.82,29,0.028275862,43
3193.44199,59,83,0.67,24,0.027916667,43
3192.306669,57,62,0.18,5,0.036,43
3192.272906,48,73,0.89,25,0.0356,43
3191.802823,55,84,0.85,29,0.029310345,43
3191.237944,34,55,0.82,21,0.039047619,43
3190.990789,52,85,0.9,33,0.027272727,43
3190.940446,55,90,0.9,35,0.025714286,43
3190.867488,55,92,0.84,37,0.022702703,43
3190.846158,68,73,0.14,5,0.028,43
3190.846158,63,78,0.42,15,0.028,43
3190.182445,64,79,0.34,15,0.022666667,43
3190.081463,51,81,0.9,30,0.03,43
3190.081463,51,82,0.92,31,0.029677419,43
3190.081463,50,83,0.98,33,0.02969697,43
3190.039056,56,85,0.83,29,0.02862069,43
3189.936466,53,78,0.75,25,0.03,43
3189.825386,60,82,0.62,22,0.028181818,43
3189.38415,54,78,0.71,24,0.029583333,43
3189.38415,53,79,0.77,26,0.029615385,43
3189.246956,53,80,0.79,27,0.029259259,43
3188.718876,61,88,0.59,27,0.021851852,43
3188.718876,58,92,0.74,34,0.021764706,43
3188.132377,66,79,0.35,13,0.026923077,43
3188.132377,64,82,0.48,18,0.026666667,43
3187.790162,54,73,0.66,19,0.034736842,43
3187.780523,59,88,0.75,29,0.025862069,43
3187.780523,58,90,0.82,32,0.025625,43
3187.622201,54,93,0.98,39,0.025128205,43
3187.536175,64,84,0.41,20,0.0205,43
3187.408234,51,85,0.92,34,0.027058824,43
3187.408234,50,86,0.98,36,0.027222222,43
3187.211049,63,81,0.51,18,0.028333333,43
3186.945476,61,85,0.63,24,0.02625,43
3186.945476,56,91,0.92,35,0.026285714,43
3186.505385,52,68,0.57,16,0.035625,43
3185.883428,37,51,0.55,14,0.039285714,43
3185.503066,48,71,0.85,23,0.036956522,43
3185.368895,60,88,0.62,28,0.022142857,43
3185.21521,54,83,0.85,29,0.029310345,43
3185.04438,52,73,0.75,21,0.035714286,43
3184.894053,56,93,0.91,37,0.024594595,43
3184.697507,51,82,0.91,31,0.029354839,43
3184.697507,50,83,0.97,33,0.029393939,43
3184.443321,51,87,0.95,36,0.026388889,43
3184.163381,50,86,0.97,36,0.026944444,43
3184.097764,54,92,0.98,38,0.025789474,43
3183.95271,64,81,0.37,17,0.021764706,43
3182.832022,36,53,0.64,17,0.037647059,43
3182.557486,58,89,0.78,31,0.02516129,43
3182.557486,56,92,0.9,36,0.025,43
3182.322414,50,78,0.97,28,0.034642857,43
3182.251596,61,87,0.57,26,0.021923077,43
3182.251596,59,89,0.66,30,0.022,43
3182.058107,50,84,0.97,34,0.028529412,43
3181.969648,54,64,0.37,10,0.037,43
3181.969648,52,67,0.55,15,0.036666667,43
3181.969648,50,69,0.7,19,0.036842105,43
3181.34581,53,79,0.78,26,0.03,43
3180.835473,52,80,0.84,28,0.03,43
3180.085749,59,75,0.44,16,0.0275,43
3179.989176,49,72,0.82,23,0.035652174,43
3179.036307,62,87,0.52,25,0.0208,43
3178.237171,68,76,0.17,8,0.02125,43
3178.020362,67,77,0.22,10,0.022,43
3177.365423,58,82,0.7,24,0.029166667,43
3177.365423,55,86,0.9,31,0.029032258,43
3177.347051,58,65,0.26,7,0.037142857,43
3177.246789,54,81,0.74,27,0.027407407,43
3177.079316,56,77,0.61,21,0.029047619,43
3177.079316,55,78,0.67,23,0.029130435,43
3177.079316,54,79,0.73,25,0.0292,43
3177.079316,52,82,0.87,30,0.029,43
3177.079316,51,83,0.93,32,0.0290625,43
3176.755582,57,77,0.55,20,0.0275,43
3176.719187,57,81,0.71,24,0.029583333,43
3176.719187,56,82,0.77,26,0.029615385,43
3176.26365,59,66,0.25,7,0.035714286,43
3176.201933,53,83,0.81,30,0.027,43
3175.083305,59,80,0.58,21,0.027619048,43
3174.711969,55,69,0.51,14,0.036428571,43
3174.122458,35,54,0.74,19,0.038947368,43
3174.010312,58,86,0.77,28,0.0275,43
3174.007537,58,85,0.75,27,0.027777778,43
3173.940557,61,84,0.64,23,0.027826087,43
3173.810172,49,70,0.76,21,0.036190476,43
3173.668834,60,85,0.7,25,0.028,43
3173.626985,54,88,0.88,34,0.025882353,43
3173.168585,62,83,0.58,21,0.027619048,43
3173.168585,60,85,0.69,25,0.0276,43
3173.168585,59,87,0.77,28,0.0275,43
3172.863145,49,71,0.79,22,0.035909091,43
3172.471423,61,81,0.56,20,0.028,43
3172.471423,57,86,0.81,29,0.027931034,43
3172.353714,60,86,0.57,26,0.021923077,43
3171.997198,59,89,0.65,30,0.021666667,43
3171.997198,58,91,0.71,33,0.021515152,43
3171.938533,56,90,0.94,34,0.027647059,43
3171.677656,56,76,0.58,20,0.029,43
3171.677656,53,80,0.78,27,0.028888889,43
3171.612403,63,81,0.4,18,0.022222222,43
3171.593235,58,84,0.7,26,0.026923077,43
3171.164671,59,82,0.61,23,0.026521739,43
3171.101554,64,74,0.28,10,0.028,43
3170.866202,58,85,0.71,27,0.026296296,43
3170.866202,57,87,0.78,30,0.026,43
3170.778295,64,83,0.42,19,0.022105263,43
3170.778295,62,85,0.51,23,0.022173913,43
3170.778295,57,91,0.75,34,0.022058824,43
3170.778295,56,92,0.8,36,0.022222222,43
3170.540452,60,82,0.59,22,0.026818182,43
3170.379539,64,85,0.43,21,0.02047619,43
3170.140434,58,90,0.7,32,0.021875,43
3170.140434,57,92,0.76,35,0.021714286,43
3170.140434,56,93,0.81,37,0.021891892,43
3169.98555,63,81,0.48,18,0.026666667,43
3169.795676,56,75,0.57,19,0.03,43
3169.763351,56,91,0.95,35,0.027142857,43
3169.239313,59,89,0.76,30,0.025333333,43
3168.837869,57,84,0.72,27,0.026666667,43
3168.837869,55,86,0.83,31,0.026774194,43
3168.837869,54,88,0.9,34,0.026470588,43
3168.801318,65,80,0.39,15,0.026,43
3168.801318,65,81,0.41,16,0.025625,43
3168.801318,64,82,0.46,18,0.025555556,43
3168.760495,55,82,0.72,27,0.026666667,43
3168.760495,54,83,0.78,29,0.026896552,43
3168.690942,52,86,0.99,34,0.029117647,43
3168.303315,55,94,0.96,39,0.024615385,43
3168.05452,50,85,0.97,35,0.027714286,43
3167.725431,59,87,0.8,28,0.028571429,43
3166.932542,53,84,0.91,31,0.029354839,43
3166.703341,67,76,0.2,9,0.022222222,43
3166.380773,70,95,0.44,25,0.0176,43
3166.360251,64,77,0.37,13,0.028461538,43
3166.252885,50,76,0.95,26,0.036538462,43
3166.166485,55,86,0.89,31,0.028709677,43
3166.11451,62,73,0.34,11,0.030909091,43
3165.98252,52,84,0.87,32,0.0271875,43
3165.907712,57,90,0.94,33,0.028484848,43
3165.783188,55,86,0.88,31,0.028387097,43
3165.689008,53,72,0.7,19,0.036842105,43
3165.631169,63,77,0.41,14,0.029285714,43
3165.631169,60,81,0.61,21,0.029047619,43
3165.568497,66,79,0.28,13,0.021538462,43
3165.542674,62,84,0.47,22,0.021363636,43
3165.126989,59,83,0.68,24,0.028333333,43
3165.034063,52,66,0.52,14,0.037142857,43
3164.91849,67,81,0.29,14,0.020714286,43
3164.845994,61,71,0.29,10,0.029,43
3164.845994,54,79,0.72,25,0.0288,43
3164.782318,50,71,0.74,21,0.035238095,43
3164.394724,55,94,0.86,39,0.022051282,43
3164.365779,55,96,0.89,41,0.021707317,43
3163.902394,62,86,0.53,24,0.022083333,43
3163.884425,61,88,0.58,27,0.021481481,43
3163.446667,53,81,0.79,28,0.028214286,43
3163.347401,61,82,0.58,21,0.027619048,43
3163.344636,64,78,0.39,14,0.027857143,43
3163.173635,62,76,0.41,14,0.029285714,43
3163.13316,55,76,0.63,21,0.03,43
3163.13316,54,77,0.69,23,0.03,43
3162.361917,54,85,0.91,31,0.029354839,43
3162.350745,70,75,0.11,5,0.022,43
3162.284111,51,82,0.93,31,0.03,43
3162.211354,65,79,0.39,14,0.027857143,43
3162.032265,63,85,0.48,22,0.021818182,43
3162.032265,60,89,0.63,29,0.021724138,43
3162.031098,50,83,0.99,33,0.03,43
3161.759607,51,88,0.97,37,0.026216216,43
3161.409926,54,88,0.91,34,0.026764706,43
3161.409926,53,90,0.98,37,0.026486486,43
3161.39431,62,68,0.17,6,0.028333333,43
3161.229645,62,70,0.23,8,0.02875,43
3161.229645,58,74,0.46,16,0.02875,43
3161.229645,57,75,0.52,18,0.028888889,43
3161.229645,55,78,0.66,23,0.028695652,43
3161.060422,60,86,0.71,26,0.027307692,43
3160.62809,63,82,0.53,19,0.027894737,43
3160.587656,60,90,0.63,30,0.021,43
3160.38355,58,67,0.32,9,0.035555556,43
3159.83492,58,88,0.82,30,0.027333333,43
3159.83492,57,89,0.88,32,0.0275,43
3159.763845,56,88,0.89,32,0.0278125,43
3159.761082,66,76,0.28,10,0.028,43
3159.761082,63,79,0.45,16,0.028125,43
3159.761082,59,84,0.7,25,0.028,43
3159.638855,53,86,0.97,33,0.029393939,43
3159.528411,53,84,0.84,31,0.027096774,43
3159.344621,60,86,0.56,26,0.021538462,43
3159.159513,68,80,0.25,12,0.020833333,43
3158.838331,57,89,0.89,32,0.0278125,43
3158.765747,67,78,0.3,11,0.027272727,43
3158.424604,53,72,0.68,19,0.035789474,43
3158.306185,58,75,0.48,17,0.028235294,43
3158.306185,57,76,0.54,19,0.028421053,43
3158.306185,56,77,0.6,21,0.028571429,43
3158.293583,50,76,0.92,26,0.035384615,43
3158.203055,61,81,0.58,20,0.029,43
3158.056908,50,86,0.99,36,0.0275,43
3158.056876,47,73,0.95,26,0.036538462,43
3157.588904,61,85,0.53,24,0.022083333,43
3157.542403,55,90,0.96,35,0.027428571,43
3157.539643,56,88,0.88,32,0.0275,43
3157.539643,55,89,0.94,34,0.027647059,43
3157.53531,54,89,0.98,35,0.028,43
3157.198486,53,80,0.77,27,0.028518519,43
3157.052585,58,66,0.29,8,0.03625,43
3157.052585,54,70,0.58,16,0.03625,43
3156.869852,56,86,0.8,30,0.026666667,43
3156.792005,56,71,0.53,15,0.035333333,43
3156.569016,56,88,0.85,32,0.0265625,43
3156.277033,52,74,0.8,22,0.036363636,43
3155.761748,55,87,0.87,32,0.0271875,43
3155.429725,58,91,0.73,33,0.022121212,43
3155.119741,57,92,0.87,35,0.024857143,43
3154.906329,50,70,0.72,20,0.036,43
3154.773268,43,69,0.73,26,0.028076923,43
3154.466889,62,64,0.07,2,0.035,43
3154.466889,61,65,0.14,4,0.035,43
3154.466889,60,66,0.21,6,0.035,43
3154.466889,59,67,0.28,8,0.035,43
3153.435098,60,85,0.56,25,0.0224,43
3153.072178,56,92,0.98,36,0.027222222,43
3152.88262,52,72,0.74,20,0.037,43
3152.88262,50,75,0.92,25,0.0368,43
3152.799886,65,81,0.34,16,0.02125,43
3152.70854,66,74,0.23,8,0.02875,43
3152.67066,54,96,0.94,42,0.022380952,43
3152.437231,57,88,0.89,31,0.028709677,43
3151.962795,57,76,0.55,19,0.028947368,43
3151.879212,58,90,0.79,32,0.0246875,43
3151.778393,59,68,0.32,9,0.035555556,43
3151.280624,58,84,0.75,26,0.028846154,43
3150.203876,62,84,0.48,22,0.021818182,43
3150.040418,69,76,0.15,7,0.021428571,43
3149.744075,54,89,0.94,35,0.026857143,43
3149.055335,71,76,0.11,5,0.022,43
3148.978927,59,86,0.76,27,0.028148148,43
3148.978927,58,87,0.82,29,0.028275862,43
3148.42514,53,89,0.98,36,0.027222222,43
3147.705269,57,87,0.83,30,0.027666667,43
3147.702517,60,83,0.64,23,0.027826087,43
3147.679158,66,77,0.3,11,0.027272727,43
3147.679158,64,79,0.41,15,0.027333333,43
3147.679158,62,81,0.52,19,0.027368421,43
3147.676406,60,83,0.63,23,0.027391304,43
3147.591021,48,73,0.9,25,0.036,43
3147.288862,63,77,0.38,14,0.027142857,43
3147.284985,63,77,0.39,14,0.027857143,43
3147.281763,54,92,0.97,38,0.025526316,43
3146.930375,59,84,0.69,25,0.0276,43
3146.92153,47,74,0.97,27,0.035925926,43
3146.836955,59,88,0.63,29,0.021724138,43
3146.836643,59,73,0.4,14,0.028571429,43
3146.717496,58,90,0.71,32,0.0221875,43
3146.717496,57,92,0.77,35,0.022,43
3146.468809,61,83,0.49,22,0.022272727,43
3146.212715,58,88,0.7,30,0.023333333,43
3146.157065,55,74,0.65,19,0.034210526,43
3146.157065,54,75,0.72,21,0.034285714,43
3146.127556,56,63,0.25,7,0.035714286,43
3146.014861,54,70,0.59,16,0.036875,43
3145.75027,59,65,0.22,6,0.036666667,43
3145.75027,56,68,0.44,12,0.036666667,43
3145.534863,55,85,0.86,30,0.028666667,43
3145.513846,58,85,0.72,27,0.026666667,43
3145.430158,51,77,0.84,26,0.032307692,43
3145.430158,49,79,0.97,30,0.032333333,43
3145.042888,63,80,0.49,17,0.028823529,43
3145.004723,66,81,0.33,15,0.022,43
3144.937163,53,76,0.79,23,0.034347826,43
3144.91489,51,74,0.84,23,0.036521739,43
3144.767845,68,75,0.19,7,0.027142857,43
3144.767845,61,83,0.59,22,0.026818182,43
3144.767845,60,84,0.65,24,0.027083333,43
3144.767845,58,86,0.76,28,0.027142857,43
3144.765771,56,85,0.82,29,0.028275862,43
3144.737268,55,91,0.84,36,0.023333333,43
3144.371203,69,73,0.11,4,0.0275,43
3144.371203,67,75,0.22,8,0.0275,43
3144.135578,55,88,0.88,33,0.026666667,43
3144.135578,54,90,0.95,36,0.026388889,43
3143.941337,52,84,0.86,32,0.026875,43
3143.749319,61,84,0.5,23,0.02173913,43
3143.695456,49,76,0.99,27,0.036666667,43
3143.628758,62,82,0.44,20,0.022,43
3143.431053,53,71,0.66,18,0.036666667,43
3143.431053,50,75,0.91,25,0.0364,43
3143.404971,52,73,0.76,21,0.036190476,43
3142.811765,55,64,0.32,9,0.035555556,43
3142.489537,58,82,0.69,24,0.02875,43
3142.489537,57,83,0.75,26,0.028846154,43
3142.407001,65,78,0.35,13,0.026923077,43
3142.237637,59,84,0.72,25,0.0288,43
3142.155718,49,77,0.99,28,0.035357143,43
3141.821294,53,74,0.75,21,0.035714286,43
3141.71439,59,83,0.64,24,0.026666667,43
3141.71439,57,85,0.75,28,0.026785714,43
3141.71439,57,86,0.77,29,0.026551724,43
3141.71439,56,87,0.82,31,0.026451613,43
3141.71439,55,89,0.89,34,0.026176471,43
3141.71439,54,89,0.93,35,0.026571429,43
3141.71439,54,91,0.96,37,0.025945946,43
3141.592927,66,78,0.27,12,0.0225,43
3141.411003,57,71,0.49,14,0.035,43
3141.295311,57,68,0.4,11,0.036363636,43
3140.877069,64,80,0.35,16,0.021875,43
3140.807792,57,79,0.68,22,0.030909091,43
3139.708642,59,76,0.53,17,0.031176471,43
3139.433872,56,84,0.78,28,0.027857143,43
3139.320251,56,62,0.22,6,0.036666667,43
3139.320251,54,65,0.4,11,0.036363636,43
3139.320251,53,65,0.44,12,0.036666667,43
3139.320251,51,68,0.62,17,0.036470588,43
3139.320251,50,69,0.69,19,0.036315789,43
3139.320251,49,70,0.77,21,0.036666667,43
3139.320251,48,72,0.87,24,0.03625,43
3139.303588,61,80,0.51,19,0.026842105,43
3139.238269,50,87,0.99,37,0.026756757,43
3138.52205,58,68,0.36,10,0.036,43
3138.482635,61,76,0.4,15,0.026666667,43
3138.196845,52,77,0.88,25,0.0352,43
3138.1502,52,89,0.99,37,0.026756757,43
3138.066511,55,87,0.91,32,0.0284375,43
3137.813693,61,72,0.31,11,0.028181818,43
3137.669047,65,69,0.11,4,0.0275,43
3137.669047,63,71,0.22,8,0.0275,43
3137.669047,61,73,0.33,12,0.0275,43
3137.535283,53,90,0.99,37,0.026756757,43
3137.12803,63,80,0.47,17,0.027647059,43
3136.882211,50,77,0.95,27,0.035185185,43
3136.52995,54,87,0.91,33,0.027575758,43
3136.225318,69,75,0.16,6,0.026666667,43
3136.225318,66,78,0.32,12,0.026666667,43
3136.049784,66,76,0.29,10,0.029,43
3135.798377,64,80,0.36,16,0.0225,43
3135.798377,62,82,0.45,20,0.0225,43
3135.787967,65,76,0.32,11,0.029090909,43
3135.787967,62,80,0.52,18,0.028888889,43
3135.731372,58,68,0.33,10,0.033,43
3135.731372,55,71,0.53,16,0.033125,43
3135.594216,56,90,0.95,34,0.027941176,43
3135.49749,63,82,0.41,19,0.021578947,43
3135.459842,58,89,0.86,31,0.027741935,43
3135.455219,57,91,0.84,34,0.024705882,43
3135.455219,56,92,0.89,36,0.024722222,43
3135.402929,55,63,0.29,8,0.03625,43
3135.174376,51,85,0.93,34,0.027352941,43
3135.081796,61,82,0.54,21,0.025714286,43
3135.081796,58,86,0.72,28,0.025714286,43
3135.081796,57,87,0.77,30,0.025666667,43
3135.016711,60,76,0.43,16,0.026875,43
3134.964693,62,77,0.43,15,0.028666667,43
3134.510262,51,83,0.92,32,0.02875,43
3134.326837,60,85,0.55,25,0.022,43
3134.210968,54,71,0.61,17,0.035882353,43
3134.198105,60,80,0.57,20,0.0285,43
3134.065418,57,87,0.82,30,0.027333333,43
3134.051323,54,87,0.88,33,0.026666667,43
3133.911057,52,82,0.85,30,0.028333333,43
3133.835455,52,85,0.88,33,0.026666667,43
3133.768191,55,77,0.64,22,0.029090909,43
3133.768191,54,78,0.7,24,0.029166667,43
3133.633317,53,81,0.8,28,0.028571429,43
3132.982684,59,77,0.55,18,0.030555556,43
3132.835047,52,66,0.51,14,0.036428571,43
3132.75313,59,84,0.64,25,0.0256,43
3132.75313,59,85,0.66,26,0.025384615,43
3132.176512,53,82,0.83,29,0.02862069,43
3132.176512,52,83,0.89,31,0.028709677,43
3132.176512,51,84,0.95,33,0.028787879,43
3131.944881,63,72,0.28,9,0.031111111,43
3131.750921,53,88,0.94,35,0.026857143,43
3131.510199,55,79,0.69,24,0.02875,43
3131.510199,54,80,0.75,26,0.028846154,43
3131.510199,53,81,0.81,28,0.028928571,43
3131.479307,55,70,0.55,15,0.036666667,43
3131.230695,51,81,0.91,30,0.030333333,43
3130.85299,65,77,0.33,12,0.0275,43
3130.805642,55,92,0.94,37,0.025405405,43
3129.599167,57,79,0.6,22,0.027272727,43
3129.252349,65,74,0.26,9,0.028888889,43
3128.862659,51,69,0.64,18,0.035555556,43
3128.604301,54,96,0.95,42,0.022619048,43
3127.888613,53,79,0.76,26,0.029230769,43
3127.888613,52,81,0.84,29,0.028965517,43
3127.888613,51,82,0.9,31,0.029032258,43
3127.753984,52,82,0.86,30,0.028666667,43
3127.47383,56,89,0.85,33,0.025757576,43
3127.268197,56,89,0.9,33,0.027272727,43
3126.724934,59,67,0.29,8,0.03625,43
3126.508901,70,73,0.08,3,0.026666667,43
3126.508901,67,76,0.24,9,0.026666667,43
3126.420123,65,80,0.33,15,0.022,43
3126.389421,63,82,0.42,19,0.022105263,43
3126.386686,61,84,0.51,23,0.022173913,43
3126.32656,62,80,0.5,18,0.027777778,43
3126.037578,58,87,0.83,29,0.02862069,43
3125.914415,51,74,0.83,23,0.036086957,43
3125.914415,50,75,0.9,25,0.036,43
3125.464877,56,84,0.8,28,0.028571429,43
3125.464877,54,87,0.94,33,0.028484848,43
3125.420437,62,80,0.48,18,0.026666667,43
3125.11603,56,90,0.91,34,0.026764706,43
3124.646759,50,82,0.97,32,0.0303125,43
3124.375181,57,89,0.86,32,0.026875,43
3124.375181,55,91,0.97,36,0.026944444,43
3124.301921,67,77,0.28,10,0.028,43
3124.301921,64,81,0.47,17,0.027647059,43
3123.748195,51,86,0.94,35,0.026857143,43
3123.532602,59,85,0.71,26,0.027307692,43
3123.51855,58,67,0.33,9,0.036666667,43
3123.22268,52,90,0.99,38,0.026052632,43
3122.607345,62,82,0.57,20,0.0285,43
3122.525546,51,86,0.95,35,0.027142857,43
3122.469792,55,89,0.9,34,0.026470588,43
3122.469792,54,91,0.97,37,0.026216216,43
3122.091559,49,71,0.8,22,0.036363636,43
3121.841568,56,85,0.84,29,0.028965517,43
3121.790893,58,84,0.74,26,0.028461538,43
3120.628553,55,80,0.69,25,0.0276,43
3120.628553,52,84,0.88,32,0.0275,43
3120.628553,51,85,0.94,34,0.027647059,43
3120.513659,59,87,0.62,28,0.022142857,43
3120.117328,63,80,0.38,17,0.022352941,43
3119.46303,51,75,0.85,24,0.035416667,43
3119.201566,53,84,0.83,31,0.026774194,43
3118.944928,51,68,0.61,17,0.035882353,43
3118.927132,60,67,0.25,7,0.035714286,43
3118.753139,48,71,0.84,23,0.036521739,43
3118.753139,47,72,0.92,25,0.0368,43
3118.753139,47,73,0.94,26,0.036153846,43
3118.58174,54,72,0.65,18,0.036111111,43
3118.413987,68,72,0.11,4,0.0275,43
3118.413987,66,74,0.22,8,0.0275,43
3118.413987,64,76,0.33,12,0.0275,43
3118.126198,64,76,0.35,12,0.029166667,43
3118.067117,54,81,0.75,27,0.027777778,43
3118.067117,53,82,0.81,29,0.027931034,43
3118.067117,52,83,0.87,31,0.028064516,43
3118.046222,56,79,0.63,23,0.027391304,43
3118.046222,56,80,0.65,24,0.027083333,43
3118.044003,60,75,0.41,15,0.027333333,43
3118.044003,58,77,0.52,19,0.027368421,43
3117.613476,58,88,0.66,30,0.022,43
3117.522485,65,78,0.36,13,0.027692308,43
3117.522485,60,84,0.66,24,0.0275,43
3117.496617,65,79,0.38,14,0.027142857,43
3117.496617,63,81,0.49,18,0.027222222,43
3117.244182,63,77,0.4,14,0.028571429,43
3117.06092,56,87,0.89,31,0.028709677,43
3117.02785,52,76,0.77,24,0.032083333,43
3116.242347,56,88,0.9,32,0.028125,43
3116.223915,57,89,0.9,32,0.028125,43
3116.06472,56,89,0.84,33,0.025454545,43
3116.06472,55,91,0.91,36,0.025277778,43
3116.061995,60,84,0.61,24,0.025416667,43
3115.698757,65,73,0.23,8,0.02875,43
3115.698757,63,76,0.37,13,0.028461538,43
3115.698757,59,80,0.6,21,0.028571429,43
3115.680818,56,90,0.96,34,0.028235294,43
3115.616072,35,54,0.73,19,0.038421053,43
3115.587855,60,75,0.47,15,0.031333333,43
3115.452158,59,88,0.8,29,0.027586207,43
3115.41572,56,69,0.48,13,0.036923077,43
3114.960071,57,83,0.74,26,0.028461538,43
3114.61236,64,80,0.43,16,0.026875,43
3114.61236,62,82,0.54,20,0.027,43
3114.61236,61,84,0.61,23,0.026521739,43
3114.61236,60,85,0.67,25,0.0268,43
3114.61236,59,86,0.72,27,0.026666667,43
3114.61236,58,87,0.78,29,0.026896552,43
3114.61236,57,89,0.85,32,0.0265625,43
3114.539935,60,83,0.66,23,0.028695652,43
3114.487728,53,85,0.85,32,0.0265625,43
3114.487728,52,87,0.92,35,0.026285714,43
3114.379442,57,78,0.66,21,0.031428571,43
3113.906158,52,85,0.91,33,0.027575758,43
3113.906158,51,86,0.97,35,0.027714286,43
3113.571993,50,85,0.99,35,0.028285714,43
3113.566254,56,91,0.78,35,0.022285714,43
3113.441136,51,75,0.87,24,0.03625,43
3113.415295,53,73,0.72,20,0.036,43
3113.136458,62,81,0.53,19,0.027894737,43
3113.122286,56,93,0.94,37,0.025405405,43
3113.061182,69,72,0.08,3,0.026666667,43
3113.061182,66,75,0.24,9,0.026666667,43
3113.061182,61,81,0.53,20,0.0265,43
3113.061182,60,83,0.6,23,0.026086957,43
3112.998115,60,73,0.37,13,0.028461538,43
3112.537896,50,77,0.97,27,0.035925926,43
3111.76643,59,82,0.63,23,0.027391304,43
3111.676775,56,80,0.74,24,0.030833333,43
3111.32519,54,86,0.94,32,0.029375,43
3111.093846,69,75,0.17,6,0.028333333,43
3111.093846,66,78,0.34,12,0.028333333,43
3111.064347,58,84,0.73,26,0.028076923,43
3111.064347,57,85,0.79,28,0.028214286,43
3111.064347,56,86,0.85,30,0.028333333,43
3110.946791,56,90,0.92,34,0.027058824,43
3110.889362,61,79,0.51,18,0.028333333,43
3110.669786,55,72,0.61,17,0.035882353,43
3110.669786,55,73,0.64,18,0.035555556,43
3110.587237,61,73,0.38,12,0.031666667,43
3110.543163,50,76,0.94,26,0.036153846,43
3110.406005,65,79,0.4,14,0.028571429,43
3109.601785,63,84,0.53,21,0.025238095,43
3109.581792,54,74,0.71,20,0.0355,43
3109.531597,65,75,0.29,10,0.029,43
3109.531597,63,78,0.43,15,0.028666667,43
3109.502193,63,79,0.42,16,0.02625,43
3109.470292,66,75,0.25,9,0.027777778,43
3109.470292,60,82,0.61,22,0.027727273,43
3109.28518,57,84,0.75,27,0.027777778,43
3109.28518,54,88,0.94,34,0.027647059,43
3108.72854,65,77,0.31,12,0.025833333,43
3108.72854,60,83,0.59,23,0.025652174,43
3108.145363,63,79,0.46,16,0.02875,43
3108.145363,59,83,0.69,24,0.02875,43
3108.145363,58,85,0.77,27,0.028518519,43
3108.145363,57,86,0.83,29,0.02862069,43
3107.988381,58,85,0.78,27,0.028888889,43
3107.796404,59,82,0.65,23,0.02826087,43
3107.759849,62,77,0.44,15,0.029333333,43
3107.476135,70,74,0.09,4,0.0225,43
3107.379531,41,47,0.23,6,0.038333333,43
3106.861663,51,84,0.93,33,0.028181818,43
3106.859451,54,80,0.74,26,0.028461538,43
3106.763256,62,78,0.45,16,0.028125,43
3106.763256,58,83,0.7,25,0.028,43
3106.653244,55,71,0.58,16,0.03625,43
3106.54106,60,87,0.74,27,0.027407407,43
3106.539684,63,82,0.5,19,0.026315789,43
3105.687606,58,90,0.84,32,0.02625,43
3105.631365,65,78,0.37,13,0.028461538,43
3105.547606,54,88,0.98,34,0.028823529,43
3104.867448,51,85,0.97,34,0.028529412,43
3104.265255,55,95,0.89,40,0.02225,43
3102.683595,56,85,0.81,29,0.027931034,43
3102.458802,60,79,0.55,19,0.028947368,43
3102.458802,59,80,0.61,21,0.029047619,43
3102.458802,58,81,0.67,23,0.029130435,43
3102.458802,54,86,0.92,32,0.02875,43
3102.458802,53,87,0.98,34,0.028823529,43
3102.453844,67,76,0.25,9,0.027777778,43
3102.140332,65,74,0.25,9,0.027777778,43
3101.678589,64,81,0.36,17,0.021176471,43
3101.338704,58,87,0.79,29,0.027241379,43
3101.250367,64,80,0.44,16,0.0275,43
3101.250367,62,82,0.55,20,0.0275,43
3101.250367,59,85,0.72,26,0.027692308,43
3101.250367,59,86,0.74,27,0.027407407,43
3101.250367,57,88,0.85,31,0.027419355,43
3101.137231,59,86,0.73,27,0.027037037,43
3101.137231,57,88,0.84,31,0.027096774,43
3100.870412,64,70,0.19,6,0.031666667,43
3100.506204,63,72,0.26,9,0.028888889,43
3100.298046,57,70,0.46,13,0.035384615,43
3100.216939,61,85,0.62,24,0.025833333,43
3100.216939,60,87,0.69,27,0.025555556,43
3100.216939,59,88,0.74,29,0.025517241,43
3099.524149,58,82,0.68,24,0.028333333,43
3099.269841,62,78,0.44,16,0.0275,43
3099.108792,66,76,0.26,10,0.026,43
3099.108792,65,76,0.29,11,0.026363636,43
3099.108792,62,80,0.47,18,0.026111111,43
3099.108792,62,81,0.49,19,0.025789474,43
3099.108792,59,84,0.65,25,0.026,43
3099.026004,51,67,0.59,16,0.036875,43
3099.020984,58,85,0.76,27,0.028148148,43
3098.88497,56,82,0.79,26,0.030384615,43
3098.831843,54,87,0.95,33,0.028787879,43
3098.662395,53,81,0.83,28,0.029642857,43
3098.578314,56,89,0.91,33,0.027575758,43
3098.54892,52,92,0.99,40,0.02475,43
3098.47827,59,86,0.77,27,0.028518519,43
3098.357549,61,68,0.2,7,0.028571429,43
3098.014552,58,91,0.81,33,0.024545455,43
3098.002642,62,76,0.34,14,0.024285714,43
3098.002642,61,77,0.39,16,0.024375,43
3097.97104,52,93,0.99,41,0.024146341,43
3097.377454,53,94,0.95,41,0.023170732,43
3097.260036,57,69,0.43,12,0.035833333,43
3096.960036,60,86,0.67,26,0.025769231,43
3096.960036,58,89,0.79,31,0.025483871,43
3096.960036,57,90,0.84,33,0.025454545,43
3096.927413,60,79,0.52,19,0.027368421,43
3096.350792,55,89,0.95,34,0.027941176,43
3095.526388,67,72,0.14,5,0.028,43
3095.526388,62,77,0.42,15,0.028,43
3095.526388,61,79,0.5,18,0.027777778,43
3095.526388,59,81,0.61,22,0.027727273,43
3095.499793,55,76,0.64,21,0.03047619,43
3095.247211,61,86,0.66,25,0.0264,43
3095.002106,58,90,0.81,32,0.0253125,43
3094.738945,57,84,0.76,27,0.028148148,43
3094.51101,59,78,0.51,19,0.026842105,43
3094.442912,59,85,0.58,26,0.022307692,43
3094.157801,60,85,0.71,25,0.0284,43
3093.996844,56,82,0.69,26,0.026538462,43
3093.824668,57,86,0.84,29,0.028965517,43
3093.762098,51,89,0.99,38,0.026052632,43
3093.574468,61,83,0.6,22,0.027272727,43
3093.374681,52,74,0.78,22,0.035454545,43
3093.370307,69,76,0.18,7,0.025714286,43
3093.321029,54,88,0.95,34,0.027941176,43
3093.043809,55,87,0.9,32,0.028125,43
3093.043809,54,88,0.96,34,0.028235294,43
3093.00944,53,91,0.94,38,0.024736842,43
3092.661826,57,84,0.74,27,0.027407407,43
3092.425231,61,83,0.62,22,0.028181818,43
3092.315219,55,72,0.6,17,0.035294118,43
3092.315219,54,73,0.67,19,0.035263158,43
3092.315219,52,76,0.84,24,0.035,43
3092.294833,54,97,0.95,43,0.022093023,43
3092.278626,55,83,0.74,28,0.026428571,43
3092.164152,57,88,0.79,31,0.025483871,43
3092.028923,64,74,0.29,10,0.029,43
3092.028923,63,75,0.35,12,0.029166667,43
3092.028923,61,78,0.49,17,0.028823529,43
3092.028923,57,82,0.72,25,0.0288,43
3091.930826,61,77,0.45,16,0.028125,43
3091.789975,58,81,0.66,23,0.028695652,43
3091.115552,51,77,0.91,26,0.035,43
3091.073528,69,73,0.09,4,0.0225,43
3090.999009,61,87,0.55,26,0.021153846,43
3090.840635,58,69,0.39,11,0.035454545,43
3090.772528,61,76,0.43,15,0.028666667,43
3090.662248,68,77,0.2,9,0.022222222,43
3090.634475,62,79,0.49,17,0.028823529,43
3090.634475,61,80,0.55,19,0.028947368,43
3090.438389,65,79,0.37,14,0.026428571,43
3090.212147,53,77,0.74,24,0.030833333,43
3090.065956,52,83,0.9,31,0.029032258,43
3089.866379,54,92,0.96,38,0.025263158,43
3089.73184,54,72,0.64,18,0.035555556,43
3089.616741,51,76,0.9,25,0.036,43
3089.434109,46,72,0.97,26,0.037307692,43
3089.350854,60,78,0.51,18,0.028333333,43
3089.011079,58,86,0.63,28,0.0225,43
3088.906928,49,81,0.99,32,0.0309375,43
3088.612746,54,91,0.95,37,0.025675676,43
3088.428855,59,88,0.78,29,0.026896552,43
3088.366424,67,75,0.18,8,0.0225,43
3088.066884,51,78,0.93,27,0.034444444,43
3088.00041,52,81,0.88,29,0.030344828,43
3087.984672,57,79,0.59,22,0.026818182,43
3087.984672,54,82,0.76,28,0.027142857,43
3087.738888,66,79,0.29,13,0.022307692,43
3087.688413,59,81,0.62,22,0.028181818,43
3087.632929,58,88,0.79,30,0.026333333,43
3087.250848,57,92,0.78,35,0.022285714,43
3087.165632,57,88,0.87,31,0.028064516,43
3087.165632,56,88,0.91,32,0.0284375,43
3087.165632,55,89,0.97,34,0.028529412,43
3087.140668,53,73,0.71,20,0.0355,43
3086.932653,55,82,0.73,27,0.027037037,43
3086.932653,54,83,0.79,29,0.027241379,43
3086.932653,53,84,0.85,31,0.027419355,43
3086.932653,53,85,0.86,32,0.026875,43
3086.932653,52,86,0.92,34,0.027058824,43
3086.932653,51,87,0.98,36,0.027222222,43
3086.305074,50,78,0.91,28,0.0325,43
3086.274025,54,93,0.89,39,0.022820513,43
3086.183612,68,78,0.21,10,0.021,43
3086.112267,53,88,0.99,35,0.028285714,43
3085.951558,49,80,0.99,31,0.031935484,43
3085.809919,53,82,0.82,29,0.028275862,43
3085.772983,55,87,0.88,32,0.0275,43
3085.760285,56,83,0.75,27,0.027777778,43
3085.754455,61,71,0.3,10,0.03,43
3085.754455,60,72,0.36,12,0.03,43
3085.738456,52,77,0.86,25,0.0344,43
3085.57274,48,80,0.98,32,0.030625,43
3085.570543,51,76,0.77,25,0.0308,43
3085.265044,56,87,0.87,31,0.028064516,43
3085.148433,55,91,0.98,36,0.027222222,43
3085.136364,59,74,0.43,15,0.028666667,43
3085.083135,62,80,0.41,18,0.022777778,43
3085.083135,60,83,0.52,23,0.022608696,43
3084.953707,46,58,0.37,12,0.030833333,43
3084.949355,58,77,0.6,19,0.031578947,43
3084.556775,51,85,0.96,34,0.028235294,43
3084.267934,55,71,0.57,16,0.035625,43
3084.263634,55,83,0.79,28,0.028214286,43
3084.233039,56,89,0.79,33,0.023939394,43
3084.165337,52,86,0.91,34,0.026764706,43
3084.165337,51,88,0.98,37,0.026486486,43
3083.71179,52,78,0.8,26,0.030769231,43
3083.52795,57,83,0.62,26,0.023846154,43
3083.035151,56,92,0.99,36,0.0275,43
3082.91169,57,91,0.91,34,0.026764706,43
3082.892975,57,80,0.66,23,0.028695652,43
3082.87295,51,84,0.94,33,0.028484848,43
3082.868308,54,72,0.56,18,0.031111111,43
3082.730479,51,78,0.95,27,0.035185185,43
3082.693224,62,76,0.39,14,0.027857143,43
3082.559684,59,66,0.22,7,0.031428571,43
3082.435121,52,74,0.79,22,0.035909091,43
3082.407331,62,72,0.32,10,0.032,43
3082.407331,60,74,0.45,14,0.032142857,43
3082.321204,59,84,0.67,25,0.0268,43
3082.283311,51,85,0.95,34,0.027941176,43
3082.281116,57,77,0.56,20,0.028,43
3082.281116,56,78,0.62,22,0.028181818,43
3082.281116,55,79,0.68,24,0.028333333,43
3082.281116,54,81,0.76,27,0.028148148,43
3081.973249,55,81,0.81,26,0.031153846,43
3081.90975,54,78,0.73,24,0.030416667,43
3081.90975,51,82,0.94,31,0.030322581,43
3081.88713,59,79,0.56,20,0.028,43
3081.751919,57,82,0.69,25,0.0276,43
3081.636477,64,80,0.46,16,0.02875,43
3081.370968,60,65,0.18,5,0.036,43
3081.269215,54,79,0.74,25,0.0296,43
3081.269215,53,80,0.8,27,0.02962963,43
3081.212681,54,71,0.62,17,0.036470588,43
3081.212681,52,73,0.77,21,0.036666667,43
3081.016172,56,75,0.58,19,0.030526316,43
3080.945315,58,88,0.76,30,0.025333333,43
3080.945315,56,91,0.88,35,0.025142857,43
3080.656228,56,91,0.98,35,0.028,43
3080.583263,59,85,0.74,26,0.028461538,43
3080.583263,58,86,0.8,28,0.028571429,43
3080.583263,57,87,0.86,30,0.028666667,43
3080.529109,59,85,0.7,26,0.026923077,43
3080.513941,62,84,0.61,22,0.027727273,43
3080.356683,63,76,0.38,13,0.029230769,43
3080.246982,56,91,0.96,35,0.027428571,43
3080.201064,67,74,0.2,7,0.028571429,43
3080.196416,51,86,0.96,35,0.027428571,43
3080.017538,52,83,0.88,31,0.028387097,43
3080.004447,56,93,0.92,37,0.024864865,43
3079.849877,56,69,0.47,13,0.036153846,43
3079.849877,53,72,0.69,19,0.036315789,43
3079.75076,49,79,0.98,30,0.032666667,43
3079.578407,57,91,0.85,34,0.025,43
3079.315276,57,81,0.68,24,0.028333333,43
3079.201033,60,87,0.72,27,0.026666667,43
3079.201033,58,90,0.85,32,0.0265625,43
3079.201033,57,91,0.9,34,0.026470588,43
3079.088248,55,87,0.93,32,0.0290625,43
3079.088248,54,88,0.99,34,0.029117647,43
3079.066024,59,87,0.78,28,0.027857143,43
3078.980727,55,81,0.71,26,0.027307692,43
3078.980727,53,83,0.82,30,0.027333333,43
3078.844461,57,91,0.86,34,0.025294118,43
3078.844461,56,92,0.91,36,0.025277778,43
3078.844461,55,93,0.96,38,0.025263158,43
3078.714728,49,69,0.74,20,0.037,43
3078.482783,57,81,0.64,24,0.026666667,43
3078.332925,67,75,0.23,8,0.02875,43
3078.332925,62,81,0.54,19,0.028421053,43
3078.332925,61,82,0.6,21,0.028571429,43
3078.332925,58,86,0.79,28,0.028214286,43
3078.332925,57,87,0.85,30,0.028333333,43
3078.103402,52,75,0.81,23,0.035217391,43
3078.103402,50,78,0.98,28,0.035,43
3077.75831,63,85,0.46,22,0.020909091,43
3077.471836,54,84,0.85,30,0.028333333,43
3077.292243,63,80,0.46,17,0.027058824,43
3077.28955,61,82,0.57,21,0.027142857,43
3076.762669,59,76,0.46,17,0.027058824,43
3076.596615,62,75,0.37,13,0.028461538,43
3076.547385,56,92,0.96,36,0.026666667,43
3076.452414,53,83,0.83,30,0.027666667,43
3076.452414,52,84,0.89,32,0.0278125,43
3076.450223,60,74,0.39,14,0.027857143,43
3076.450223,59,76,0.47,17,0.027647059,43
3075.835798,49,78,0.96,29,0.033103448,43
3075.525227,59,78,0.54,19,0.028421053,43
3075.525227,56,82,0.73,26,0.028076923,43
3075.465431,51,87,0.97,36,0.026944444,43
3075.390286,57,81,0.67,24,0.027916667,43
3075.315019,58,80,0.62,22,0.028181818,43
3075.110375,56,88,0.92,32,0.02875,43
3075.000667,56,94,0.84,38,0.022105263,43
3075.000667,55,96,0.9,41,0.02195122,43
3074.888896,60,79,0.54,19,0.028421053,43
3074.888896,55,85,0.85,30,0.028333333,43
3074.830796,54,77,0.7,23,0.030434783,43
3074.375323,68,77,0.19,9,0.021111111,43
3074.220736,58,89,0.68,31,0.021935484,43
3073.860401,54,90,0.89,36,0.024722222,43
3073.74701,62,83,0.59,21,0.028095238,43
3073.74701,61,84,0.65,23,0.02826087,43
3073.722409,38,49,0.43,11,0.039090909,43
3073.555067,55,89,0.96,34,0.028235294,43
3073.552378,57,86,0.82,29,0.028275862,43
3073.552378,56,87,0.88,31,0.028387097,43
3073.459859,59,73,0.41,14,0.029285714,43
3073.459859,58,74,0.47,16,0.029375,43
3073.431763,62,86,0.5,24,0.020833333,43
3073.378047,64,78,0.38,14,0.027142857,43
3073.378047,62,80,0.49,18,0.027222222,43
3072.759945,52,75,0.7,23,0.030434783,43
3072.727216,52,89,0.96,37,0.025945946,43
3072.608324,63,83,0.44,20,0.022,43
3072.515206,51,87,0.99,36,0.0275,43
3072.404635,62,83,0.55,21,0.026190476,43
3072.354273,65,75,0.27,10,0.027,43
3072.329015,57,75,0.54,18,0.03,43
3072.329015,56,76,0.6,20,0.03,43
3072.329015,55,77,0.66,22,0.03,43
3072.329015,54,78,0.72,24,0.03,43
3072.237798,50,68,0.66,18,0.036666667,43
3072.237798,46,73,0.99,27,0.036666667,43
3071.794373,33,57,0.93,24,0.03875,43
3071.768798,64,79,0.43,15,0.028666667,43
3071.768798,60,84,0.68,24,0.028333333,43
3071.467134,53,74,0.74,21,0.035238095,43
3071.118761,58,79,0.6,21,0.028571429,43
3071.086331,56,89,0.89,33,0.026969697,43
3070.816584,57,86,0.78,29,0.026896552,43
3070.743017,57,89,0.71,32,0.0221875,43
3070.626663,56,86,0.87,30,0.029,43
3070.4848,64,79,0.42,15,0.028,43
3070.428752,51,78,0.94,27,0.034814815,43
3070.382341,54,92,0.9,38,0.023684211,43
3070.036983,68,76,0.21,8,0.02625,43
3069.709063,59,69,0.35,10,0.035,43
3069.709063,58,70,0.42,12,0.035,43
3069.664375,60,80,0.56,20,0.028,43
3069.293336,61,82,0.59,21,0.028095238,43
3069.293336,61,83,0.61,22,0.027727273,43
3069.229546,59,86,0.6,27,0.022222222,43
3068.958123,56,87,0.83,31,0.026774194,43
3068.739654,67,77,0.27,10,0.027,43
3068.739654,62,83,0.56,21,0.026666667,43
3068.739654,61,84,0.62,23,0.026956522,43
3068.430307,59,89,0.78,30,0.026,43
3067.877664,68,76,0.18,8,0.0225,43
3067.805715,52,77,0.87,25,0.0348,43
3067.479061,44,67,0.65,23,0.02826087,43
3067.312027,49,80,0.98,31,0.031612903,43
3067.232834,66,77,0.31,11,0.028181818,43
3067.202165,55,73,0.63,18,0.035,43
3067.202165,54,74,0.7,20,0.035,43
3067.132385,57,89,0.81,32,0.0253125,43
3067.132385,55,92,0.93,37,0.025135135,43
3067.132385,55,93,0.94,38,0.024736842,43
3066.976679,54,92,0.89,38,0.023421053,43
3066.907954,62,81,0.43,19,0.022631579,43
3066.889735,63,79,0.44,16,0.0275,43
3066.882572,64,81,0.38,17,0.022352941,43
3066.703491,60,78,0.44,18,0.024444444,43
3066.703491,59,79,0.49,20,0.0245,43
3066.647958,58,86,0.78,28,0.027857143,43
3066.647958,57,87,0.84,30,0.028,43
3066.647958,57,88,0.86,31,0.027741935,43
3066.647958,55,90,0.97,35,0.027714286,43
3066.604209,64,81,0.48,17,0.028235294,43
3066.604209,61,85,0.67,24,0.027916667,43
3066.604209,60,86,0.73,26,0.028076923,43
3066.593043,62,79,0.46,17,0.027058824,43
3066.314629,55,83,0.85,28,0.030357143,43
3066.314629,54,84,0.91,30,0.030333333,43
3065.905559,66,82,0.35,16,0.021875,43
3065.718264,65,67,0.06,2,0.03,43
3065.718264,64,68,0.12,4,0.03,43
3065.718264,63,69,0.18,6,0.03,43
3065.718264,62,70,0.24,8,0.03,43
3065.438629,47,59,0.32,12,0.026666667,43
3065.230801,56,86,0.84,30,0.028,43
3065.060314,52,78,0.81,26,0.031153846,43
3065.040645,72,73,0.02,1,0.02,43
3065.040645,71,74,0.06,3,0.02,43
3065.040645,70,75,0.1,5,0.02,43
3065.040645,69,76,0.14,7,0.02,43
3065.040645,68,77,0.18,9,0.02,43
3064.599432,52,88,0.96,36,0.026666667,43
3064.589176,59,85,0.73,26,0.028076923,43
3064.581797,56,72,0.56,16,0.035,43
3064.470142,52,75,0.82,23,0.035652174,43
3064.333261,51,79,0.88,28,0.031428571,43
3064.117693,65,77,0.34,12,0.028333333,43
3063.995457,59,73,0.42,14,0.03,43
3063.922648,55,94,0.97,39,0.024871795,43
3063.857895,38,50,0.45,12,0.0375,43
3063.423707,60,88,0.7,28,0.025,43
3063.423707,59,89,0.75,30,0.025,43
3063.144292,55,86,0.87,31,0.028064516,43
3063.091885,36,53,0.63,17,0.037058824,43
3062.928622,62,80,0.51,18,0.028333333,43
3062.793441,61,74,0.38,13,0.029230769,43
3062.766258,52,87,0.97,35,0.027714286,43
3062.690065,58,75,0.49,17,0.028823529,43
3062.676957,57,80,0.62,23,0.026956522,43
3062.5457,62,78,0.46,16,0.02875,43
3062.451171,66,82,0.32,16,0.02,43
3062.260337,51,75,0.88,24,0.036666667,43
3062.212067,50,78,0.99,28,0.035357143,43
3062.014744,68,75,0.2,7,0.028571429,43
3061.979365,56,84,0.81,28,0.028928571,43
3061.979365,55,85,0.87,30,0.029,43
3061.979365,54,86,0.93,32,0.0290625,43
3061.895762,54,88,0.97,34,0.028529412,43
3061.839791,59,82,0.67,23,0.029130435,43
3061.839791,58,83,0.73,25,0.0292,43
3061.759952,58,79,0.56,21,0.026666667,43
3061.513513,55,70,0.54,15,0.036,43
3061.513513,51,75,0.86,24,0.035833333,43
3061.513513,50,76,0.93,26,0.035769231,43
3061.476635,61,81,0.57,20,0.0285,43
3061.005465,58,87,0.81,29,0.027931034,43
3060.857822,63,81,0.5,18,0.027777778,43
3060.388425,53,91,0.99,38,0.026052632,43
3060.331712,57,90,0.92,33,0.027878788,43
3060.300334,52,88,0.98,36,0.027222222,43
3060.19483,55,87,0.85,32,0.0265625,43
3060.068072,56,90,0.85,34,0.025,43
3060.068072,55,91,0.9,36,0.025,43
3060.068072,54,93,0.97,39,0.024871795,43
3059.899638,67,99,0.56,32,0.0175,43
3059.889041,61,79,0.52,18,0.028888889,43
3059.889041,60,80,0.58,20,0.029,43
3059.71326,50,79,0.92,29,0.031724138,43
3059.568435,58,75,0.5,17,0.029411765,43
3059.568435,57,76,0.56,19,0.029473684,43
3059.568435,56,77,0.62,21,0.02952381,43
3059.568435,55,79,0.7,24,0.029166667,43
3059.568435,54,80,0.76,26,0.029230769,43
3059.568435,53,81,0.82,28,0.029285714,43
3059.407073,56,91,0.97,35,0.027714286,43
3059.340092,53,87,0.99,34,0.029117647,43
3059.286998,62,77,0.36,15,0.024,43
3059.249991,63,85,0.47,22,0.021363636,43
3059.093704,57,90,0.73,33,0.022121212,43
3058.904223,64,75,0.31,11,0.028181818,43
3058.904223,61,78,0.48,17,0.028235294,43
3058.761377,57,82,0.73,25,0.0292,43
3058.761377,56,83,0.79,27,0.029259259,43
3058.586584,54,84,0.84,30,0.028,43
3058.554228,53,88,0.91,35,0.026,43
3058.406958,54,85,0.93,31,0.03,43
3058.38595,57,92,0.88,35,0.025142857,43
3058.38595,56,93,0.93,37,0.025135135,43
3058.38595,55,94,0.98,39,0.025128205,43
3058.38595,55,94,0.99,39,0.025384615,43
3058.219485,60,84,0.67,24,0.027916667,43
3057.828485,65,80,0.42,15,0.028,43
3057.793656,55,90,0.95,35,0.027142857,43
3057.703052,39,49,0.39,10,0.039,43
3057.678696,64,77,0.36,13,0.027692308,43
3057.539708,58,79,0.64,21,0.03047619,43
3057.539708,57,80,0.7,23,0.030434783,43
3057.353927,61,80,0.52,19,0.027368421,43
3057.353927,59,83,0.65,24,0.027083333,43
3057.353927,57,85,0.76,28,0.027142857,43
3057.350271,50,79,0.93,29,0.032068966,43
3057.305741,54,93,0.99,39,0.025384615,43
3057.251513,59,81,0.64,22,0.029090909,43
3057.03263,56,89,0.92,33,0.027878788,43
3057.03263,55,90,0.98,35,0.028,43
3056.887011,55,78,0.68,23,0.029565217,43
3056.754641,66,78,0.33,12,0.0275,43
3056.745829,61,86,0.56,25,0.0224,43
3056.673181,64,75,0.32,11,0.029090909,43
3056.584012,58,83,0.69,25,0.0276,43
3056.46291,56,80,0.66,24,0.0275,43
3056.442585,53,86,0.91,33,0.027575758,43
3056.419944,53,84,0.86,31,0.027741935,43
3056.322562,50,77,0.84,27,0.031111111,43
3055.8227,40,48,0.3,8,0.0375,43
3055.733397,55,83,0.75,28,0.026785714,43
3055.647059,55,88,0.91,33,0.027575758,43
3055.568337,60,85,0.68,25,0.0272,43
3055.507326,55,88,0.95,33,0.028787879,43
3055.360148,44,68,0.67,24,0.027916667,43
3055.249906,60,77,0.52,17,0.030588235,43
3055.212168,65,66,0.03,1,0.03,43
3055.212168,64,67,0.09,3,0.03,43
3055.212168,63,68,0.15,5,0.03,43
3055.212168,62,69,0.21,7,0.03,43
3055.212168,61,70,0.27,9,0.03,43
3055.128816,47,58,0.33,11,0.03,43
3055.063201,59,75,0.51,16,0.031875,43
3054.933839,58,87,0.8,29,0.027586207,43
3054.933839,56,90,0.93,34,0.027352941,43
3054.933839,55,91,0.99,36,0.0275,43
3054.889672,40,48,0.31,8,0.03875,43
3054.561721,60,71,0.33,11,0.03,43
3054.561721,59,72,0.39,13,0.03,43
3054.512721,68,74,0.17,6,0.028333333,43
3054.026504,53,86,0.88,33,0.026666667,43
3053.907309,51,78,0.85,27,0.031481481,43
3053.877151,51,76,0.88,25,0.0352,43
3053.806284,69,78,0.19,9,0.021111111,43
3053.734082,51,76,0.89,25,0.0356,43
3053.629137,54,92,0.95,38,0.025,43
3053.498127,56,89,0.93,33,0.028181818,43
3053.498127,55,90,0.99,35,0.028285714,43
3053.48153,59,71,0.41,12,0.034166667,43
3053.242007,64,79,0.4,15,0.026666667,43
3052.950689,56,93,0.84,37,0.022702703,43
3052.806755,58,85,0.69,27,0.025555556,43
3052.666897,62,73,0.32,11,0.029090909,43
3052.548913,50,77,0.96,27,0.035555556,43
3052.435516,59,82,0.64,23,0.027826087,43
3052.435516,55,87,0.89,32,0.0278125,43
3051.8856,55,84,0.77,29,0.026551724,43
3051.879681,59,84,0.71,25,0.0284,43
3051.877009,66,75,0.26,9,0.028888889,43
3051.877009,64,78,0.4,14,0.028571429,43
3051.877009,60,82,0.63,22,0.028636364,43
3051.723211,80,89,0.15,9,0.016666667,43
3051.596404,54,79,0.75,25,0.03,43
3051.551802,61,75,0.4,14,0.028571429,43
3051.382969,57,90,0.83,33,0.025151515,43
3051.283537,54,86,0.91,32,0.0284375,43
3051.283537,53,87,0.97,34,0.028529412,43
3051.085395,37,50,0.51,13,0.039230769,43
3050.913601,56,88,0.83,32,0.0259375,43
3050.913601,55,88,0.87,33,0.026363636,43
3050.913601,54,90,0.94,36,0.026111111,43
3050.840558,58,89,0.85,31,0.027419355,43
3050.81351,57,88,0.88,31,0.028387097,43
3050.683171,51,86,0.98,35,0.028,43
3050.680998,52,85,0.92,33,0.027878788,43
3050.611779,54,72,0.66,18,0.036666667,43
3050.499699,69,74,0.11,5,0.022,43
3050.47897,55,81,0.7,26,0.026923077,43
3050.337271,61,81,0.54,20,0.027,43
3050.047093,63,76,0.31,13,0.023846154,43
3049.924298,52,89,0.97,37,0.026216216,43
3049.793249,54,82,0.77,28,0.0275,43
3049.791077,57,78,0.58,21,0.027619048,43
3049.726648,59,67,0.25,8,0.03125,43
3049.653952,59,79,0.6,20,0.03,43
3049.653952,58,80,0.66,22,0.03,43
3049.653952,57,81,0.72,24,0.03,43
3049.575182,57,72,0.43,15,0.028666667,43
3049.510058,57,91,0.87,34,0.025588235,43
3049.493993,49,57,0.21,8,0.02625,43
3049.148716,53,87,0.89,34,0.026176471,43
3049.148716,52,88,0.94,36,0.026111111,43
3049.09888,53,83,0.84,30,0.028,43
3048.648963,57,80,0.65,23,0.02826087,43
3048.536784,57,90,0.9,33,0.027272727,43
3048.228804,52,84,0.91,32,0.0284375,43
3048.09386,65,83,0.38,18,0.021111111,43
3048.015332,58,74,0.48,16,0.03,43
3047.986088,67,74,0.19,7,0.027142857,43
3047.986088,63,79,0.43,16,0.026875,43
3047.917687,65,82,0.36,17,0.021176471,43
3047.647057,69,74,0.14,5,0.028,43
3047.611651,55,89,0.98,34,0.028823529,43
3047.472488,60,88,0.59,28,0.021071429,43
3047.353569,58,89,0.84,31,0.027096774,43
3047.347263,57,89,0.74,32,0.023125,43
3047.118219,52,83,0.91,31,0.029354839,43
3047.067304,51,78,0.86,27,0.031851852,43
3047.058182,52,85,0.89,33,0.026969697,43
3047.026164,58,88,0.67,30,0.022333333,43
3047.023702,63,83,0.4,20,0.02,43
3047.021035,62,84,0.44,22,0.02,43
3046.980921,40,47,0.27,7,0.038571429,43
3046.746824,53,78,0.7,25,0.028,43
3046.724353,56,79,0.73,23,0.03173913,43
3046.602446,64,71,0.19,7,0.027142857,43
3046.602446,62,73,0.3,11,0.027272727,43
3046.415594,56,81,0.72,25,0.0288,43
3046.391368,57,90,0.91,33,0.027575758,43
3046.321287,63,83,0.54,20,0.027,43
3046.19792,53,86,0.92,33,0.027878788,43
3045.889085,52,86,0.93,34,0.027352941,43
3045.487388,57,77,0.65,20,0.0325,43
3045.019747,62,82,0.56,20,0.028,43
3044.971222,53,90,0.97,37,0.026216216,43
3044.926938,59,77,0.52,18,0.028888889,43
3044.926938,58,78,0.58,20,0.029,43
3044.92152,55,90,0.84,35,0.024,43
3044.766381,53,75,0.78,22,0.035454545,43
3044.766381,52,76,0.85,24,0.035416667,43
3044.222582,61,86,0.63,25,0.0252,43
3044.222582,60,87,0.68,27,0.025185185,43
3044.222582,59,88,0.73,29,0.025172414,43
3044.222582,58,90,0.8,32,0.025,43
3044.213691,37,52,0.57,15,0.038,43
3044.212837,55,80,0.8,25,0.032,43
3044.1503,55,91,0.92,36,0.025555556,43
3044.006562,59,83,0.62,24,0.025833333,43
3043.917307,68,79,0.23,11,0.020909091,43
3043.914946,59,89,0.67,30,0.022333333,43
3043.868699,52,87,0.98,35,0.028,43
3043.706554,51,77,0.92,26,0.035384615,43
3043.703241,35,54,0.71,19,0.037368421,43
3043.500834,61,86,0.67,25,0.0268,43
3043.373246,52,84,0.9,32,0.028125,43
3043.317308,60,79,0.46,19,0.024210526,43
3043.170629,65,83,0.36,18,0.02,43
3042.894454,58,88,0.85,30,0.028333333,43
3042.878897,56,82,0.74,26,0.028461538,43
3042.784685,61,82,0.56,21,0.026666667,43
3042.579793,64,72,0.23,8,0.02875,43
3042.579793,60,76,0.46,16,0.02875,43
3042.521401,58,76,0.58,18,0.032222222,43
3042.419103,54,89,0.97,35,0.027714286,43
3042.413479,57,90,0.85,33,0.025757576,43
3042.413479,56,92,0.92,36,0.025555556,43
3042.413479,55,93,0.97,38,0.025526316,43
3042.128677,54,91,0.9,37,0.024324324,43
3042.021908,56,70,0.5,14,0.035714286,43
3041.738468,53,75,0.79,22,0.035909091,43
3041.631229,61,68,0.24,7,0.034285714,43
3041.615611,55,91,0.96,36,0.026666667,43
3041.487654,54,89,0.91,35,0.026,43
3041.483998,65,76,0.3,11,0.027272727,43
3041.483998,63,78,0.41,15,0.027333333,43
3041.379563,59,89,0.64,30,0.021333333,43
3041.129183,62,72,0.28,10,0.028,43
3041.129183,59,75,0.45,16,0.028125,43
3041.129183,58,76,0.51,18,0.028333333,43
3041.129183,58,77,0.53,19,0.027894737,43
3041.129183,56,79,0.64,23,0.027826087,43
3041.129183,55,80,0.7,25,0.028,43
3041.036565,56,91,0.81,35,0.023142857,43
3041.036565,55,93,0.87,38,0.022894737,43
3040.887013,51,83,0.96,32,0.03,43
3040.439503,65,80,0.3,15,0.02,43
3040.38904,57,90,0.76,33,0.023030303,43
3039.894192,55,84,0.8,29,0.027586207,43
3039.894192,54,85,0.86,31,0.027741935,43
3039.856942,54,89,0.92,35,0.026285714,43
3039.824341,62,79,0.47,17,0.027647059,43
3039.785709,58,85,0.74,27,0.027407407,43
3039.778306,56,81,0.71,25,0.0284,43
3039.661326,52,82,0.89,30,0.029666667,43
3039.626254,54,87,0.93,33,0.028181818,43
3039.38899,57,78,0.57,21,0.027142857,43
3039.179795,55,88,0.93,33,0.028181818,43
3039.179795,54,89,0.99,35,0.028285714,43
3038.976017,50,80,0.94,30,0.031333333,43
3038.835739,57,91,0.92,34,0.027058824,43
3038.194271,48,70,0.81,22,0.036818182,43
3038.194271,47,71,0.89,24,0.037083333,43
3037.80765,58,82,0.67,24,0.027916667,43
3037.80765,57,83,0.73,26,0.028076923,43
3037.80765,56,84,0.79,28,0.028214286,43
3037.80765,55,86,0.86,31,0.027741935,43
3037.80765,54,87,0.92,33,0.027878788,43
3037.80765,53,88,0.98,35,0.028,43
3037.787796,52,75,0.83,23,0.036086957,43
3037.762563,51,77,0.93,26,0.035769231,43
3037.647074,63,74,0.31,11,0.028181818,43
3037.647074,60,77,0.48,17,0.028235294,43
3037.600353,55,88,0.85,33,0.025757576,43
3037.546449,54,94,0.99,40,0.02475,43
3037.009712,60,82,0.6,22,0.027272727,43
3036.872164,58,88,0.84,30,0.028,43
3036.718815,62,85,0.58,23,0.025217391,43
3036.699275,54,73,0.68,19,0.035789474,43
3036.590308,61,81,0.55,20,0.0275,43
3036.590308,59,83,0.66,24,0.0275,43
3036.171105,39,48,0.35,9,0.038888889,43
3035.662341,69,75,0.13,6,0.021666667,43
3035.499147,57,93,0.76,36,0.021111111,43
3035.135442,54,81,0.86,27,0.031851852,43
3035.025743,54,91,0.89,37,0.024054054,43
3034.994829,56,85,0.8,29,0.027586207,43
3034.994829,54,88,0.93,34,0.027352941,43
3034.994829,53,89,0.99,36,0.0275,43
3034.917429,61,74,0.4,13,0.030769231,43
3034.858442,56,90,0.8,34,0.023529412,43
3034.858442,54,93,0.91,39,0.023333333,43
3034.82891,57,85,0.81,28,0.028928571,43
3034.800968,53,84,0.95,31,0.030645161,43
3034.78237,67,78,0.22,11,0.02,43
3034.78237,66,79,0.26,13,0.02,43
3034.752767,62,86,0.51,24,0.02125,43
3034.610807,60,81,0.58,21,0.027619048,43
3034.610807,57,85,0.77,28,0.0275,43
3034.610807,54,89,0.96,35,0.027428571,43
3034.547705,67,81,0.28,14,0.02,43
3034.477604,55,89,0.91,34,0.026764706,43
3033.582473,58,89,0.8,31,0.025806452,43
3033.582473,56,91,0.91,35,0.026,43
3033.582473,55,93,0.98,38,0.025789474,43
3033.293169,55,82,0.77,27,0.028518519,43
3033.235314,51,80,0.89,29,0.030689655,43
3033.123444,54,85,0.82,31,0.026451613,43
3032.726314,49,80,0.96,31,0.030967742,43
3032.633176,53,82,0.93,29,0.032068966,43
3032.613224,55,83,0.78,28,0.027857143,43
3032.589397,51,79,0.87,28,0.031071429,43
3032.502209,66,81,0.32,15,0.021333333,43
3032.261367,58,85,0.7,27,0.025925926,43
3032.261367,55,89,0.88,34,0.025882353,43
3032.205884,55,80,0.79,25,0.0316,43
3032.035205,56,92,0.82,36,0.022777778,43
3032.035205,55,94,0.88,39,0.022564103,43
3032.035205,54,95,0.93,41,0.022682927,43
3032.035205,53,97,0.99,44,0.0225,43
3031.800852,58,84,0.71,26,0.027307692,43
3031.800852,56,87,0.84,31,0.027096774,43
3031.800852,55,88,0.9,33,0.027272727,43
3031.800852,54,89,0.95,35,0.027142857,43
3031.800852,54,90,0.97,36,0.026944444,43
3031.775043,56,77,0.63,21,0.03,43
3031.775043,55,78,0.69,23,0.03,43
3031.449151,60,69,0.31,9,0.034444444,43
3031.276332,66,76,0.27,10,0.027,43
3031.276332,62,81,0.51,19,0.026842105,43
3031.061079,58,78,0.57,20,0.0285,43
3030.996729,56,83,0.71,27,0.026296296,43
3030.655199,51,88,0.99,37,0.026756757,43
3030.444157,72,74,0.04,2,0.02,43
3030.444157,71,75,0.08,4,0.02,43
3030.444157,70,76,0.12,6,0.02,43
3030.444157,69,77,0.16,8,0.02,43
3030.053479,61,78,0.41,17,0.024117647,43
3030.006713,55,89,0.87,34,0.025588235,43
3030.006713,55,90,0.89,35,0.025428571,43
3030.006713,54,91,0.94,37,0.025405405,43
3029.939165,58,91,0.83,33,0.025151515,43
3029.841632,58,83,0.67,25,0.0268,43
3029.640354,50,78,0.87,28,0.031071429,43
3029.508011,63,65,0.07,2,0.035,43
3029.508011,62,66,0.14,4,0.035,43
3029.508011,61,67,0.21,6,0.035,43
3029.508011,60,68,0.28,8,0.035,43
3029.501554,63,84,0.45,21,0.021428571,43
3029.450101,61,83,0.58,22,0.026363636,43
3029.450101,60,85,0.65,25,0.026,43
3029.450101,58,87,0.76,29,0.026206897,43
3029.450101,57,88,0.81,31,0.026129032,43
3029.399977,67,79,0.26,12,0.021666667,43
3029.060665,54,82,0.88,28,0.031428571,43
3029.016064,48,55,0.22,7,0.031428571,43
3029.011921,34,56,0.82,22,0.037272727,43
3028.997098,57,85,0.78,28,0.027857143,43
3028.975245,59,86,0.75,27,0.027777778,43
3028.786824,62,83,0.43,21,0.02047619,43
3028.595973,58,73,0.42,15,0.028,43
3028.565317,60,84,0.69,24,0.02875,43
3028.564622,73,94,0.36,21,0.017142857,43
3028.564622,71,96,0.43,25,0.0172,43
3028.542613,54,90,0.98,36,0.027222222,43
3028.47384,66,80,0.28,14,0.02,43
3028.47384,65,81,0.32,16,0.02,43
3028.47384,64,82,0.36,18,0.02,43
3028.16283,56,86,0.83,30,0.027666667,43
3027.628803,53,76,0.8,23,0.034782609,43
3027.398135,54,81,0.87,27,0.032222222,43
3027.188886,52,76,0.86,24,0.035833333,43
3027.114507,64,80,0.42,16,0.02625,43
3027.114507,63,81,0.47,18,0.026111111,43
3027.114507,59,86,0.7,27,0.025925926,43
3027.114507,58,88,0.77,30,0.025666667,43
3027.114507,57,89,0.82,32,0.025625,43
3027.030288,59,78,0.58,19,0.030526316,43
3026.953663,63,82,0.48,19,0.025263158,43
3026.851603,53,87,0.9,34,0.026470588,43
3026.567282,57,87,0.79,30,0.026333333,43
3026.290429,53,92,0.95,39,0.024358974,43
3026.226721,54,80,0.77,26,0.029615385,43
3025.968759,56,74,0.51,18,0.028333333,43
3025.794138,62,72,0.27,10,0.027,43
3025.402426,55,82,0.78,27,0.028888889,43
3025.386226,68,75,0.16,7,0.022857143,43
3025.053131,55,81,0.8,26,0.030769231,43
3024.607213,51,76,0.78,25,0.0312,43
3024.515606,49,78,0.9,29,0.031034483,43
3024.461969,51,86,0.99,35,0.028285714,43
3024.319504,57,88,0.74,31,0.023870968,43
3024.233839,65,77,0.32,12,0.026666667,43
3024.233839,60,83,0.61,23,0.026521739,43
3024.214175,54,84,0.8,30,0.026666667,43
3024.177296,54,94,0.89,40,0.02225,43
3024.129298,52,86,0.96,34,0.028235294,43
3023.813263,56,81,0.67,25,0.0268,43
3023.62903,54,90,0.92,36,0.025555556,43
3023.559927,53,92,0.94,39,0.024102564,43
3023.559523,53,79,0.79,26,0.030384615,43
3023.477957,53,85,0.9,32,0.028125,43
3023.187369,55,83,0.83,28,0.029642857,43
3023.085917,54,86,0.84,32,0.02625,43
3022.587458,63,80,0.48,17,0.028235294,43
3022.587458,60,83,0.65,23,0.02826087,43
3022.19758,59,87,0.71,28,0.025357143,43
3022.19758,56,90,0.87,34,0.025588235,43
3021.830933,49,56,0.21,7,0.03,43
3021.687534,58,81,0.56,23,0.024347826,43
3021.687534,57,82,0.61,25,0.0244,43
3021.661111,52,85,0.93,33,0.028181818,43
3021.484382,56,82,0.78,26,0.03,43
3021.303776,53,83,0.95,30,0.031666667,43
3021.27016,58,84,0.68,26,0.026153846,43
3021.152243,54,93,0.9,39,0.023076923,43
3021.143216,57,92,0.89,35,0.025428571,43
3020.978784,53,93,0.95,40,0.02375,43
3020.978264,60,90,0.64,30,0.021333333,43
3020.855918,63,83,0.51,20,0.0255,43
3020.855918,62,84,0.56,22,0.025454545,43
3020.855918,61,85,0.61,24,0.025416667,43
3020.815558,60,75,0.44,15,0.029333333,43
3020.717604,60,84,0.53,24,0.022083333,43
3020.655527,59,85,0.69,26,0.026538462,43
3020.521411,60,86,0.6,26,0.023076923,43
3020.521411,59,87,0.65,28,0.023214286,43
3020.521411,58,89,0.71,31,0.022903226,43
3019.678789,64,74,0.24,10,0.024,43
3019.648635,52,77,0.79,25,0.0316,43
3019.607643,59,88,0.65,29,0.022413793,43
3019.607643,58,89,0.7,31,0.022580645,43
3019.607643,57,91,0.76,34,0.022352941,43
3019.607643,56,91,0.79,35,0.022571429,43
3019.607643,56,93,0.82,37,0.022162162,43
3019.607643,55,93,0.85,38,0.022368421,43
3019.607643,54,95,0.91,41,0.022195122,43
3019.54533,62,87,0.55,25,0.022,43
3019.54533,60,89,0.64,29,0.022068966,43
3019.453552,56,70,0.43,14,0.030714286,43
3019.392888,60,81,0.6,21,0.028571429,43
3019.272583,60,78,0.5,18,0.027777778,43
3018.902235,69,78,0.2,9,0.022222222,43
3018.902235,64,84,0.44,20,0.022,43
3018.892626,57,92,0.92,35,0.026285714,43
3018.710213,56,78,0.64,22,0.029090909,43
3018.521478,56,89,0.94,33,0.028484848,43
3018.420554,35,56,0.76,21,0.036190476,43
3018.370686,53,85,0.91,32,0.0284375,43
3018.364237,62,74,0.37,12,0.030833333,43
3018.364237,61,75,0.43,14,0.030714286,43
3018.243981,56,75,0.53,19,0.027894737,43
3018.009298,58,73,0.45,15,0.03,43
3018.009298,57,74,0.51,17,0.03,43
3017.990577,62,82,0.53,20,0.0265,43
3017.622083,66,77,0.25,11,0.022727273,43
3017.355845,52,81,0.87,29,0.03,43
3017.239922,60,74,0.44,14,0.031428571,43
3016.990514,53,92,0.98,39,0.025128205,43
3016.94202,39,50,0.42,11,0.038181818,43
3016.72321,70,76,0.14,6,0.023333333,43
3016.72321,67,80,0.3,13,0.023076923,43
3016.602448,55,95,0.98,40,0.0245,43
3016.561539,59,78,0.48,19,0.025263158,43
3016.441343,57,86,0.8,29,0.027586207,43
3016.408085,58,86,0.74,28,0.026428571,43
3016.381859,64,80,0.33,16,0.020625,43
3016.224947,61,83,0.63,22,0.028636364,43
3016.181778,54,84,0.81,30,0.027,43
3016.179629,56,81,0.68,25,0.0272,43
3016.17263,52,87,0.94,35,0.026857143,43
3016.059361,58,85,0.73,27,0.027037037,43
3016.059361,57,86,0.79,29,0.027241379,43
3015.921636,53,93,0.94,40,0.0235,43
3015.921636,52,94,0.99,42,0.023571429,43
3015.780176,57,76,0.57,19,0.03,43
3015.1517,53,86,0.87,33,0.026363636,43
3014.963186,62,75,0.4,13,0.030769231,43
3014.54802,62,84,0.6,22,0.027272727,43
3014.54802,60,87,0.73,27,0.027037037,43
3014.286634,52,80,0.85,28,0.030357143,43
3014.084863,60,84,0.63,24,0.02625,43
3014.082224,63,80,0.45,17,0.026470588,43
3013.76239,48,57,0.27,9,0.03,43
3012.852661,58,82,0.57,24,0.02375,43
3012.35629,66,73,0.17,7,0.024285714,43
3012.286549,58,80,0.61,22,0.027727273,43
3012.286549,54,85,0.85,31,0.027419355,43
3012.19976,53,76,0.72,23,0.031304348,43
3011.912612,62,79,0.45,17,0.026470588,43
3011.709906,52,88,0.95,36,0.026388889,43
3011.578689,57,81,0.73,24,0.030416667,43
3011.46221,64,76,0.34,12,0.028333333,43
3011.46221,60,81,0.59,21,0.028095238,43
3011.160621,62,83,0.53,21,0.025238095,43
3011.160621,57,90,0.82,33,0.024848485,43
3011.160621,56,91,0.87,35,0.024857143,43
3010.940633,63,78,0.4,15,0.026666667,43
3010.940633,58,84,0.69,26,0.026538462,43
3010.813326,56,87,0.86,31,0.027741935,43
3010.813326,55,88,0.92,33,0.027878788,43
3010.785688,54,86,0.87,32,0.0271875,43
3010.701217,59,71,0.34,12,0.028333333,43
3010.006897,65,75,0.28,10,0.028,43
3009.699087,60,81,0.56,21,0.026666667,43
3009.699087,57,85,0.74,28,0.026428571,43
3009.54211,55,77,0.73,22,0.033181818,43
3009.188424,57,88,0.8,31,0.025806452,43
3009.186136,57,79,0.63,22,0.028636364,43
3009.185789,58,86,0.73,28,0.026071429,43
3009.166699,53,80,0.81,27,0.03,43
3008.686938,51,78,0.83,27,0.030740741,43
3008.682824,61,85,0.56,24,0.023333333,43
3008.550236,57,89,0.83,32,0.0259375,43
3008.550236,56,90,0.88,34,0.025882353,43
3008.550236,55,91,0.93,36,0.025833333,43
3008.418557,45,60,0.46,15,0.030666667,43
3008.36649,63,70,0.23,7,0.032857143,43
3008.306315,57,87,0.81,30,0.027,43
3008.306315,57,88,0.83,31,0.026774194,43
3008.306315,55,90,0.94,35,0.026857143,43
3008.041969,60,85,0.59,25,0.0236,43
3007.967669,53,82,0.85,29,0.029310345,43
3007.957899,57,92,0.79,35,0.022571429,43
3007.335235,56,78,0.72,22,0.032727273,43
3007.212234,57,79,0.64,22,0.029090909,43
3007.00636,59,87,0.79,28,0.028214286,43
3007.00636,59,88,0.81,29,0.027931034,43
3007.00636,58,89,0.87,31,0.028064516,43
3006.936131,68,98,0.52,30,0.017333333,43
3006.858432,60,85,0.66,25,0.0264,43
3006.745695,61,81,0.52,20,0.026,43
3006.745695,60,82,0.57,22,0.025909091,43
3006.745695,57,86,0.75,29,0.025862069,43
3006.745695,56,88,0.82,32,0.025625,43
3006.745695,54,90,0.93,36,0.025833333,43
3006.555386,56,86,0.79,30,0.026333333,43
3006.358335,60,79,0.45,19,0.023684211,43
3006.355425,59,82,0.66,23,0.028695652,43
3005.758816,60,76,0.49,16,0.030625,43
3005.434577,52,85,0.96,33,0.029090909,43
3005.314958,44,63,0.5,19,0.026315789,43
3005.045885,76,89,0.22,13,0.016923077,43
3004.896746,52,75,0.84,23,0.036521739,43
3004.499046,53,75,0.77,22,0.035,43
3004.433764,50,80,0.93,30,0.031,43
3004.384579,40,49,0.34,9,0.037777778,43
3004.017824,58,71,0.37,13,0.028461538,43
3003.891175,66,76,0.23,10,0.023,43
3003.762581,58,83,0.72,25,0.0288,43
3003.762581,57,84,0.78,27,0.028888889,43
3003.762581,57,85,0.8,28,0.028571429,43
3003.730347,60,73,0.38,13,0.029230769,43
3003.730347,59,74,0.44,15,0.029333333,43
3003.679399,51,83,0.95,32,0.0296875,43
3002.974524,55,88,0.89,33,0.026969697,43
3002.881938,60,86,0.72,26,0.027692308,43
3002.663664,60,84,0.54,24,0.0225,43
3002.499389,51,63,0.46,12,0.038333333,43
3002.130575,61,76,0.46,15,0.030666667,43
3002.130575,58,80,0.67,22,0.030454545,43
3002.055149,56,84,0.67,28,0.023928571,43
3001.998923,64,82,0.38,18,0.021111111,43
3001.791224,36,54,0.68,18,0.037777778,43
3001.782009,63,80,0.39,17,0.022941176,43
3001.561757,55,92,0.83,37,0.022432432,43
3001.504979,67,72,0.12,5,0.024,43
3001.181894,57,90,0.93,33,0.028181818,43
3001.181894,56,91,0.99,35,0.028285714,43
3000.866406,56,87,0.81,31,0.026129032,43
3000.785978,63,75,0.29,12,0.024166667,43
3000.737389,66,71,0.14,5,0.028,43
3000.709642,56,82,0.81,26,0.031153846,43
3000.676657,53,85,0.87,32,0.0271875,43
3000.659739,56,83,0.74,27,0.027407407,43
3000.465921,55,81,0.75,26,0.028846154,43
3000.413882,53,92,0.96,39,0.024615385,43
3000.36633,61,84,0.6,23,0.026086957,43
3000.36633,59,87,0.72,28,0.025714286,43
3000.36633,56,91,0.89,35,0.025428571,43
3000.324674,56,86,0.82,30,0.027333333,43
3000.154617,53,95,0.97,42,0.023095238,43
