% profit,ema1,ema2,threshold,diff,thresh / diff,ID
3683.249665,32,57,0.88,25,0.0352,5
3523.785861,31,59,0.98,28,0.035,5
3505.193691,31,58,0.95,27,0.035185185,5
3461.249295,31,58,0.97,27,0.035925926,5
3439.495737,33,56,0.81,23,0.035217391,5
3436.783967,35,53,0.64,18,0.035555556,5
3428.347486,34,54,0.72,20,0.036,5
3416.629852,34,55,0.74,21,0.035238095,5
3406.550238,34,54,0.71,20,0.0355,5
3401.98989,33,55,0.79,22,0.035909091,5
3398.336825,31,58,0.96,27,0.035555556,5
3397.451683,32,58,0.91,26,0.035,5
3366.647677,32,57,0.89,25,0.0356,5
3363.728092,33,56,0.82,23,0.035652174,5
3362.922956,59,71,0.39,12,0.0325,5
3361.997567,61,68,0.23,7,0.032857143,5
3358.431605,61,67,0.2,6,0.033333333,5
3351.444764,36,52,0.57,16,0.035625,5
3350.772193,32,57,0.87,25,0.0348,5
3337.872179,32,56,0.87,24,0.03625,5
3330.6707,58,70,0.4,12,0.033333333,5
3305.759535,37,51,0.5,14,0.035714286,5
3294.749699,58,71,0.43,13,0.033076923,5
3281.086175,56,74,0.59,18,0.032777778,5
3250.550354,35,54,0.67,19,0.035263158,5
3244.498993,60,68,0.27,8,0.03375,5
3243.012337,32,58,0.89,26,0.034230769,5
3241.841989,54,75,0.7,21,0.033333333,5
3241.779281,55,74,0.64,19,0.033684211,5
3236.905746,60,69,0.3,9,0.033333333,5
3236.905746,57,72,0.5,15,0.033333333,5
3236.905746,54,76,0.73,22,0.033181818,5
3235.813705,55,75,0.66,20,0.033,5
3230.360164,31,58,0.98,27,0.036296296,5
3226.71986,52,78,0.87,26,0.033461538,5
3223.773929,55,74,0.65,19,0.034210526,5
3223.527993,59,69,0.34,10,0.034,5
3222.784499,56,73,0.57,17,0.033529412,5
3219.139833,36,53,0.6,17,0.035294118,5
3215.108551,55,73,0.61,18,0.033888889,5
3215.016951,57,71,0.47,14,0.033571429,5
3213.64819,33,56,0.8,23,0.034782609,5
3209.82473,60,67,0.24,7,0.034285714,5
3205.700011,51,79,0.95,28,0.033928571,5
3205.612486,53,77,0.8,24,0.033333333,5
3205.273314,54,75,0.72,21,0.034285714,5
3205.273314,53,76,0.79,23,0.034347826,5
3201.174551,58,72,0.46,14,0.032857143,5
3200.988335,56,72,0.54,16,0.03375,5
3195.74913,59,68,0.31,9,0.034444444,5
3195.74913,58,69,0.38,11,0.034545455,5
3195.087749,51,79,0.94,28,0.033571429,5
3193.669069,61,66,0.17,5,0.034,5
3191.334332,54,75,0.71,21,0.033809524,5
3191.334332,53,76,0.78,23,0.033913043,5
3185.284219,58,70,0.41,12,0.034166667,5
3185.284219,57,71,0.48,14,0.034285714,5
3185.284219,56,72,0.55,16,0.034375,5
3181.05015,53,76,0.77,23,0.033478261,5
3179.676102,34,55,0.73,21,0.034761905,5
3175.457456,52,77,0.86,25,0.0344,5
3167.125307,33,57,0.82,24,0.034166667,5
3158.913172,55,73,0.62,18,0.034444444,5
3158.913172,52,77,0.85,25,0.034,5
3149.725224,63,66,0.1,3,0.033333333,5
3140.549692,63,67,0.13,4,0.0325,5
3140.549692,61,69,0.26,8,0.0325,5
3137.857627,41,53,0.38,12,0.031666667,5
3137.391549,56,85,0.79,29,0.027241379,5
3135.278002,54,74,0.69,20,0.0345,5
3134.972767,59,70,0.37,11,0.033636364,5
3133.144227,31,59,0.99,28,0.035357143,5
3133.049421,58,71,0.44,13,0.033846154,5
3131.072449,57,84,0.74,27,0.027407407,5
3124.112574,31,59,0.97,28,0.034642857,5
3123.742844,54,74,0.68,20,0.034,5
3121.595006,39,55,0.51,16,0.031875,5
3115.011297,32,58,0.9,26,0.034615385,5
3114.680094,57,85,0.74,28,0.026428571,5
3114.680094,54,89,0.92,35,0.026285714,5
3113.441934,54,94,0.97,40,0.02425,5
3112.46524,32,57,0.9,25,0.036,5
3109.775605,55,87,0.85,32,0.0265625,5
3105.336098,35,53,0.65,18,0.036111111,5
3102.385444,55,93,0.92,38,0.024210526,5
3099.590966,57,84,0.73,27,0.027037037,5
3098.89773,56,86,0.8,30,0.026666667,5
3098.518311,62,79,0.46,17,0.027058824,5
3090.623106,52,77,0.84,25,0.0336,5
3089.939126,58,83,0.68,25,0.0272,5
3088.893506,59,82,0.62,23,0.026956522,5
3088.354097,57,70,0.45,13,0.034615385,5
3087.746833,56,76,0.59,20,0.0295,5
3083.130857,56,71,0.52,15,0.034666667,5
3083.130857,55,72,0.59,17,0.034705882,5
3083.031988,39,48,0.33,9,0.036666667,5
3075.683028,55,86,0.85,31,0.027419355,5
3075.647076,57,83,0.72,26,0.027692308,5
3075.106141,53,90,0.98,37,0.026486486,5
3074.207307,59,82,0.63,23,0.027391304,5
3073.846972,52,78,0.89,26,0.034230769,5
3073.542066,51,78,0.93,27,0.034444444,5
3071.49123,53,91,0.96,38,0.025263158,5
3068.272738,60,81,0.57,21,0.027142857,5
3068.272738,56,86,0.81,30,0.027,5
3068.240591,51,79,0.96,28,0.034285714,5
3063.680963,44,51,0.22,7,0.031428571,5
3059.471765,33,55,0.78,22,0.035454545,5
3058.816301,38,50,0.43,12,0.035833333,5
3058.738946,55,87,0.86,32,0.026875,5
3058.738946,54,88,0.92,34,0.027058824,5
3058.355273,47,49,0.06,2,0.03,5
3058.355273,46,50,0.12,4,0.03,5
3058.355273,45,51,0.18,6,0.03,5
3054.925738,52,73,0.74,21,0.035238095,5
3052.010741,60,84,0.6,24,0.025,5
3052.010741,59,85,0.65,26,0.025,5
3051.665529,54,87,0.92,33,0.027878788,5
3051.274952,51,78,0.92,27,0.034074074,5
3046.291573,56,92,0.87,36,0.024166667,5
3046.240183,33,55,0.8,22,0.036363636,5
3046.112456,53,75,0.76,22,0.034545455,5
3046.112456,52,76,0.83,24,0.034583333,5
3045.6232,58,86,0.71,28,0.025357143,5
3045.6232,57,88,0.78,31,0.02516129,5
3045.6232,56,89,0.83,33,0.025151515,5
3045.6232,55,91,0.9,36,0.025,5
3043.123489,50,76,0.91,26,0.035,5
3038.132079,36,53,0.59,17,0.034705882,5
3037.933807,55,91,0.89,36,0.024722222,5
3037.620054,58,87,0.72,29,0.024827586,5
3037.284473,57,85,0.75,28,0.026785714,5
3035.651985,52,78,0.88,26,0.033846154,5
3033.371834,43,72,0.9,29,0.031034483,5
3033.155808,53,89,0.98,36,0.027222222,5
3028.623098,57,86,0.75,29,0.025862069,5
3025.64751,54,89,0.91,35,0.026,5
3022.923679,57,69,0.41,12,0.034166667,5
3021.984325,32,59,0.93,27,0.034444444,5
3021.77405,54,86,0.89,32,0.0278125,5
3021.095257,59,84,0.64,25,0.0256,5
3020.528927,56,70,0.48,14,0.034285714,5
3019.340027,54,93,0.97,39,0.024871795,5
3019.239889,55,86,0.84,31,0.027096774,5
3018.997301,45,69,0.75,24,0.03125,5
3018.300939,54,92,0.96,38,0.025263158,5
3017.92654,57,90,0.81,33,0.024545455,5
3017.822832,54,87,0.91,33,0.027575758,5
3017.723777,53,75,0.75,22,0.034090909,5
3017.643363,61,82,0.54,21,0.025714286,5
3017.643363,60,83,0.59,23,0.025652174,5
3017.011713,59,83,0.63,24,0.02625,5
3017.011713,56,87,0.81,31,0.026129032,5
3017.011713,55,88,0.86,33,0.026060606,5
3017.011713,54,90,0.93,36,0.025833333,5
3017.011713,53,91,0.99,38,0.026052632,5
3016.351718,56,91,0.86,35,0.024571429,5
3015.890714,37,58,0.66,21,0.031428571,5
3015.004174,54,87,0.9,33,0.027272727,5
3015.004174,53,89,0.97,36,0.026944444,5
3014.274511,53,77,0.81,24,0.03375,5
3014.047103,53,89,0.99,36,0.0275,5
3012.791857,55,86,0.86,31,0.027741935,5
3012.779023,55,88,0.87,33,0.026363636,5
3012.585262,63,83,0.49,20,0.0245,5
3011.809511,57,90,0.8,33,0.024242424,5
3011.377186,53,90,0.97,37,0.026216216,5
3010.547555,55,87,0.87,32,0.0271875,5
3010.473743,35,54,0.66,19,0.034736842,5
3010.091442,58,89,0.76,31,0.024516129,5
3009.756273,59,81,0.61,22,0.027727273,5
3009.734459,58,85,0.7,27,0.025925926,5
3009.437404,44,70,0.82,26,0.031538462,5
3009.205477,56,90,0.84,34,0.024705882,5
3008.87893,32,64,0.99,32,0.0309375,5
3008.855352,55,71,0.55,16,0.034375,5
3008.761635,33,57,0.83,24,0.034583333,5
3008.630654,59,85,0.66,26,0.025384615,5
3008.423044,65,80,0.37,15,0.024666667,5
3008.423044,64,81,0.42,17,0.024705882,5
3007.870181,57,87,0.76,30,0.025333333,5
3007.793698,44,71,0.83,27,0.030740741,5
3007.734036,34,60,0.82,26,0.031538462,5
3006.072728,59,84,0.65,25,0.026,5
3006.072728,58,86,0.72,28,0.025714286,5
3006.072728,57,87,0.77,30,0.025666667,5
3006.072728,56,89,0.84,33,0.025454545,5
3006.023993,40,56,0.5,16,0.03125,5
3005.981923,55,70,0.53,15,0.035333333,5
3005.86815,55,93,0.93,38,0.024473684,5
3002.810051,54,71,0.6,17,0.035294118,5
3002.810051,53,72,0.67,19,0.035263158,5
3002.129845,35,57,0.71,22,0.032272727,5
3001.929697,56,85,0.8,29,0.027586207,5
3001.708848,58,84,0.69,26,0.026538462,5
3000.720711,54,88,0.93,34,0.027352941,5
3000.273074,54,92,0.94,38,0.024736842,5
3000.273074,53,93,0.99,40,0.02475,5
2999.82404,54,88,0.94,34,0.027647059,5
2999.755128,32,56,0.86,24,0.035833333,5
2998.461256,54,72,0.62,18,0.034444444,5
2998.206371,35,99,0.12,64,0.001875,5
2997.03239,34,55,0.75,21,0.035714286,5
2996.96506,55,87,0.88,32,0.0275,5
2996.449163,56,86,0.82,30,0.027333333,5
2996.418661,37,55,0.58,18,0.032222222,5
2995.535342,42,51,0.29,9,0.032222222,5
2995.396872,41,52,0.41,11,0.037272727,5
2993.986041,57,86,0.76,29,0.026206897,5
2993.927238,63,68,0.16,5,0.032,5
2993.022425,58,84,0.7,26,0.026923077,5
2992.514353,54,92,0.97,38,0.025526316,5
2992.406148,53,88,0.96,35,0.027428571,5
2992.279218,44,52,0.24,8,0.03,5
2991.765003,54,94,0.98,40,0.0245,5
2991.484202,55,90,0.9,35,0.025714286,5
2991.202761,51,75,0.84,24,0.035,5
2990.689505,59,83,0.64,24,0.026666667,5
2990.610409,32,56,0.88,24,0.036666667,5
2990.525333,53,87,0.95,34,0.027941176,5
2990.26403,53,91,0.97,38,0.025526316,5
2987.789775,56,73,0.58,17,0.034117647,5
2987.693452,60,82,0.58,22,0.026363636,5
2986.807424,53,73,0.69,20,0.0345,5
2985.423737,36,52,0.58,16,0.03625,5
2985.261692,33,56,0.79,23,0.034347826,5
2985.202205,33,62,0.91,29,0.03137931,5
2985.156691,31,57,0.96,26,0.036923077,5
2984.421974,58,90,0.77,32,0.0240625,5
2984.421974,57,91,0.82,34,0.024117647,5
2983.574289,55,91,0.91,36,0.025277778,5
2983.186592,55,77,0.65,22,0.029545455,5
2983.186592,54,78,0.71,24,0.029583333,5
2983.077803,57,90,0.82,33,0.024848485,5
2983.077803,54,94,0.99,40,0.02475,5
2983.061296,63,70,0.22,7,0.031428571,5
2983.061296,59,75,0.5,16,0.03125,5
2982.556589,57,73,0.53,16,0.033125,5
2981.981611,66,79,0.33,13,0.025384615,5
2981.981611,65,80,0.38,15,0.025333333,5
2981.007214,57,87,0.78,30,0.026,5
2980.606135,55,92,0.9,37,0.024324324,5
2980.510967,56,91,0.87,35,0.024857143,5
2980.510967,55,92,0.92,37,0.024864865,5
2980.42984,54,88,0.91,34,0.026764706,5
2980.374875,34,66,0.96,32,0.03,5
2980.272878,59,87,0.69,28,0.024642857,5
2980.226151,56,88,0.82,32,0.025625,5
2980.123889,53,90,0.99,37,0.026756757,5
2977.9907,34,65,0.94,31,0.030322581,5
2977.943169,60,73,0.37,13,0.028461538,5
2977.943169,55,79,0.68,24,0.028333333,5
2977.908323,63,70,0.2,7,0.028571429,5
2976.691767,44,49,0.16,5,0.032,5
2976.306663,61,81,0.53,20,0.0265,5
2976.228558,54,93,0.95,39,0.024358974,5
2974.970989,55,94,0.93,39,0.023846154,5
2974.552462,53,88,0.98,35,0.028,5
2974.458467,60,73,0.41,13,0.031538462,5
2973.636007,36,98,0.12,62,0.001935484,5
2973.46168,56,74,0.6,18,0.033333333,5
2973.340989,56,87,0.82,31,0.026451613,5
2973.071995,64,81,0.43,17,0.025294118,5
2973.071995,62,84,0.55,22,0.025,5
2972.316649,34,55,0.71,21,0.033809524,5
2970.543328,67,78,0.28,11,0.025454545,5
2970.543328,62,83,0.54,21,0.025714286,5
2970.543328,61,85,0.61,24,0.025416667,5
2970.543328,60,86,0.66,26,0.025384615,5
2970.543328,59,87,0.71,28,0.025357143,5
2970.543328,57,89,0.82,32,0.025625,5
2969.79417,37,52,0.53,15,0.035333333,5
2969.46014,63,82,0.49,19,0.025789474,5
2969.343123,60,86,0.65,26,0.025,5
2969.274645,55,89,0.86,34,0.025294118,5
2968.794384,55,89,0.88,34,0.025882353,5
2968.597789,44,48,0.15,4,0.0375,5
2968.368062,63,69,0.19,6,0.031666667,5
2968.340926,61,71,0.29,10,0.029,5
2967.986928,61,84,0.59,23,0.025652174,5
2967.986928,58,88,0.76,30,0.025333333,5
2967.623848,53,87,0.96,34,0.028235294,5
2967.519806,67,99,0.55,32,0.0171875,5
2967.271047,55,75,0.67,20,0.0335,5
2966.787722,59,87,0.7,28,0.025,5
2966.438783,34,53,0.69,19,0.036315789,5
2966.281164,38,59,0.65,21,0.030952381,5
2966.194108,54,90,0.91,36,0.025277778,5
2966.070868,34,55,0.72,21,0.034285714,5
2964.62717,54,91,0.95,37,0.025675676,5
2964.374729,53,77,0.82,24,0.034166667,5
2964.341079,52,76,0.82,24,0.034166667,5
2964.341079,51,77,0.89,26,0.034230769,5
2964.242026,37,50,0.47,13,0.036153846,5
2963.176684,48,66,0.57,18,0.031666667,5
2962.776604,55,88,0.85,33,0.025757576,5
2962.770168,55,88,0.88,33,0.026666667,5
2962.770168,54,89,0.93,35,0.026571429,5
2962.532396,31,58,0.99,27,0.036666667,5
2962.434672,56,79,0.64,23,0.027826087,5
2962.434672,54,82,0.77,28,0.0275,5
2961.66678,57,90,0.83,33,0.025151515,5
2961.569971,40,53,0.49,13,0.037692308,5
2961.506208,47,67,0.63,20,0.0315,5
2961.10134,57,72,0.51,15,0.034,5
2960.549071,60,82,0.59,22,0.026818182,5
2960.549071,56,87,0.83,31,0.026774194,5
2960.066291,66,74,0.22,8,0.0275,5
2960.066291,61,80,0.52,19,0.027368421,5
2959.922891,55,90,0.89,35,0.025428571,5
2959.522352,54,93,0.96,39,0.024615385,5
2959.366414,57,85,0.76,28,0.027142857,5
2958.941171,61,85,0.6,24,0.025,5
2958.102474,54,90,0.92,36,0.025555556,5
2958.03967,54,88,0.9,34,0.026470588,5
2957.951746,58,89,0.77,31,0.02483871,5
2957.900735,59,74,0.44,15,0.029333333,5
2957.110123,69,97,0.48,28,0.017142857,5
2956.399108,55,90,0.91,35,0.026,5
2956.362028,58,76,0.5,18,0.027777778,5
2956.276166,62,84,0.54,22,0.024545455,5
2956.276166,61,85,0.59,24,0.024583333,5
2956.276166,60,86,0.64,26,0.024615385,5
2955.957787,58,86,0.7,28,0.025,5
2955.573942,62,71,0.26,9,0.028888889,5
2955.405829,55,92,0.93,37,0.025135135,5
2955.090556,63,82,0.48,19,0.025263158,5
2954.380946,56,88,0.83,32,0.0259375,5
2954.380946,54,90,0.94,36,0.026111111,5
2954.224917,50,83,0.97,33,0.029393939,5
2954.03161,53,79,0.77,26,0.029615385,5
2954.03161,52,80,0.83,28,0.029642857,5
2954.03161,51,81,0.89,30,0.029666667,5
2953.639949,54,86,0.9,32,0.028125,5
2953.374159,53,89,0.96,36,0.026666667,5
2953.070248,59,88,0.71,29,0.024482759,5
2952.306069,60,73,0.38,13,0.029230769,5
2952.246032,56,93,0.89,37,0.024054054,5
2952.246032,55,94,0.94,39,0.024102564,5
2952.246032,54,95,0.99,41,0.024146341,5
2951.350106,53,88,0.97,35,0.027714286,5
2951.179303,57,83,0.73,26,0.028076923,5
2951.164048,54,87,0.93,33,0.028181818,5
2951.164048,53,88,0.99,35,0.028285714,5
2950.744314,56,88,0.81,32,0.0253125,5
2950.744314,54,91,0.93,37,0.025135135,5
2950.744314,53,92,0.98,39,0.025128205,5
2950.721696,57,88,0.77,31,0.02483871,5
2950.721696,56,89,0.82,33,0.024848485,5
2950.721696,56,90,0.83,34,0.024411765,5
2950.062385,54,76,0.74,22,0.033636364,5
2948.924387,61,86,0.61,25,0.0244,5
2948.924387,60,87,0.66,27,0.024444444,5
2948.924387,59,89,0.73,30,0.024333333,5
2948.924387,58,90,0.78,32,0.024375,5
2948.924387,57,91,0.83,34,0.024411765,5
2948.924387,56,92,0.88,36,0.024444444,5
2948.741466,58,82,0.67,24,0.027916667,5
2948.61321,31,57,0.97,26,0.037307692,5
2948.444023,51,82,0.91,31,0.029354839,5
2948.163887,33,57,0.84,24,0.035,5
2947.911013,50,79,0.99,29,0.034137931,5
2947.5884,56,91,0.88,35,0.025142857,5
2947.500819,61,72,0.32,11,0.029090909,5
2946.906719,62,72,0.31,10,0.031,5
2946.654801,55,85,0.84,30,0.028,5
2946.008866,46,68,0.7,22,0.031818182,5
2945.943337,43,50,0.26,7,0.037142857,5
2945.512065,59,75,0.45,16,0.028125,5
2945.155988,53,92,0.96,39,0.024615385,5
2944.0297,58,85,0.71,27,0.026296296,5
2944.0297,55,89,0.89,34,0.026176471,5
2942.917851,51,77,0.9,26,0.034615385,5
2942.917851,50,78,0.97,28,0.034642857,5
2941.507902,55,92,0.94,37,0.025405405,5
2941.134302,59,77,0.49,18,0.027222222,5
2940.496549,58,68,0.35,10,0.035,5
2940.496549,57,69,0.42,12,0.035,5
2940.496549,56,70,0.49,14,0.035,5
2940.496549,55,71,0.56,16,0.035,5
2940.434957,60,85,0.65,25,0.026,5
2940.434957,60,86,0.67,26,0.025769231,5
2940.434957,59,87,0.72,28,0.025714286,5
2940.434957,58,88,0.77,30,0.025666667,5
2940.317618,63,77,0.39,14,0.027857143,5
2938.96323,54,80,0.75,26,0.028846154,5
2938.96323,53,81,0.81,28,0.028928571,5
2938.81923,35,63,0.86,28,0.030714286,5
2938.759266,56,78,0.62,22,0.028181818,5
2938.689501,64,80,0.4,16,0.025,5
2938.689501,63,81,0.45,18,0.025,5
2938.689501,62,82,0.5,20,0.025,5
2938.689501,61,83,0.55,22,0.025,5
2938.689501,60,85,0.62,25,0.0248,5
2938.689501,59,86,0.67,27,0.024814815,5
2937.782968,35,62,0.79,27,0.029259259,5
2937.6579,56,84,0.78,28,0.027857143,5
2937.620132,53,92,0.97,39,0.024871795,5
2937.149842,38,58,0.66,20,0.033,5
2936.921022,55,90,0.86,35,0.024571429,5
2936.362698,56,90,0.85,34,0.025,5
2936.120751,35,53,0.67,18,0.037222222,5
2935.778827,33,57,0.81,24,0.03375,5
2935.648395,56,91,0.89,35,0.025428571,5
2935.351251,58,87,0.73,29,0.025172414,5
2935.037771,45,69,0.76,24,0.031666667,5
2934.497038,43,73,0.91,30,0.030333333,5
2933.920571,61,79,0.5,18,0.027777778,5
2933.841518,60,72,0.35,12,0.029166667,5
2933.800065,34,54,0.73,20,0.0365,5
2932.224952,57,76,0.55,19,0.028947368,5
2932.224952,56,77,0.61,21,0.029047619,5
2931.84945,53,88,0.95,35,0.027142857,5
2931.63678,58,69,0.37,11,0.033636364,5
2931.463345,55,79,0.76,24,0.031666667,5
2931.277475,61,75,0.38,14,0.027142857,5
2931.092234,35,99,0.13,64,0.00203125,5
2930.596887,57,75,0.53,18,0.029444444,5
2930.453113,52,84,0.92,32,0.02875,5
2930.347462,37,60,0.71,23,0.030869565,5
2930.244578,40,51,0.36,11,0.032727273,5
2930.22877,57,91,0.84,34,0.024705882,5
2930.099999,59,73,0.41,14,0.029285714,5
2930.099999,58,74,0.47,16,0.029375,5
2929.903207,36,98,0.11,62,0.001774194,5
2929.703464,63,80,0.45,17,0.026470588,5
2929.217104,54,79,0.73,25,0.0292,5
2928.984859,58,75,0.5,17,0.029411765,5
2928.694235,65,77,0.32,12,0.026666667,5
2928.358457,53,92,0.99,39,0.025384615,5
2928.328126,53,90,0.96,37,0.025945946,5
2928.085609,56,87,0.8,31,0.025806452,5
2927.802974,58,76,0.51,18,0.028333333,5
2927.768697,54,80,0.74,26,0.028461538,5
2927.542987,35,52,0.62,17,0.036470588,5
2926.959767,55,91,0.88,36,0.024444444,5
2926.551884,56,92,0.89,36,0.024722222,5
2926.551884,55,93,0.94,38,0.024736842,5
2926.551884,55,94,0.95,39,0.024358974,5
2926.056311,35,54,0.64,19,0.033684211,5
2925.937426,55,95,0.95,40,0.02375,5
2925.224388,54,72,0.63,18,0.035,5
2925.07517,56,84,0.8,28,0.028571429,5
2925.001636,54,93,0.99,39,0.025384615,5
2924.712247,53,81,0.82,28,0.029285714,5
2924.712247,52,82,0.88,30,0.029333333,5
2924.629779,37,61,0.73,24,0.030416667,5
2924.448202,55,78,0.67,23,0.029130435,5
2923.478417,57,76,0.54,19,0.028421053,5
2923.444188,56,77,0.6,21,0.028571429,5
2922.712692,49,65,0.5,16,0.03125,5
2922.446361,51,85,0.98,34,0.028823529,5
2922.286209,53,82,0.82,29,0.028275862,5
2922.251994,52,83,0.88,31,0.028387097,5
2922.251994,51,84,0.94,33,0.028484848,5
2921.795765,55,90,0.88,35,0.025142857,5
2920.80807,39,52,0.44,13,0.033846154,5
2919.676762,34,56,0.75,22,0.034090909,5
2919.540561,57,83,0.74,26,0.028461538,5
2919.342684,67,76,0.23,9,0.025555556,5
2919.342684,62,81,0.49,19,0.025789474,5
2919.280911,55,90,0.87,35,0.024857143,5
2919.280911,54,91,0.92,37,0.024864865,5
2918.711033,56,88,0.84,32,0.02625,5
2918.272,62,72,0.28,10,0.028,5
2917.750175,52,82,0.87,30,0.029,5
2916.847353,53,91,0.98,38,0.025789474,5
2916.729525,66,80,0.35,14,0.025,5
2916.729525,65,81,0.4,16,0.025,5
2916.729525,64,82,0.45,18,0.025,5
2916.729525,63,83,0.5,20,0.025,5
2916.729525,61,86,0.62,25,0.0248,5
2916.531617,57,77,0.57,20,0.0285,5
2915.753754,59,88,0.72,29,0.024827586,5
2915.391907,54,90,0.95,36,0.026388889,5
2915.244991,54,91,0.96,37,0.025945946,5
2915.040546,61,70,0.29,9,0.032222222,5
2914.660936,52,62,0.31,10,0.031,5
2914.440381,61,71,0.32,10,0.032,5
2914.105525,57,86,0.77,29,0.026551724,5
2912.891782,63,76,0.37,13,0.028461538,5
2912.174237,57,89,0.79,32,0.0246875,5
2911.755662,31,59,0.95,28,0.033928571,5
2911.617353,59,86,0.68,27,0.025185185,5
2911.129024,59,72,0.42,13,0.032307692,5
2911.038963,61,78,0.48,17,0.028235294,5
2910.614149,61,83,0.56,22,0.025454545,5
2910.614149,60,84,0.61,24,0.025416667,5
2910.523052,42,53,0.35,11,0.031818182,5
2910.481702,56,79,0.65,23,0.02826087,5
2910.447621,55,80,0.71,25,0.0284,5
2910.447621,53,83,0.85,30,0.028333333,5
2910.258377,37,50,0.49,13,0.037692308,5
2910.250612,62,82,0.51,20,0.0255,5
2910.059816,59,74,0.43,15,0.028666667,5
2910.029525,53,93,0.98,40,0.0245,5
2909.815012,69,74,0.13,5,0.026,5
2909.803951,55,89,0.87,34,0.025588235,5
2909.627463,54,59,0.16,5,0.032,5
2909.461586,51,63,0.37,12,0.030833333,5
2909.290424,55,92,0.91,37,0.024594595,5
2909.110183,63,79,0.42,16,0.02625,5
2908.844161,62,64,0.07,2,0.035,5
2908.844161,61,65,0.14,4,0.035,5
2908.844161,60,66,0.21,6,0.035,5
2908.553156,43,53,0.3,10,0.03,5
2908.44023,62,84,0.56,22,0.025454545,5
2908.067394,32,58,0.92,26,0.035384615,5
2907.999582,54,92,0.95,38,0.025,5
2907.018756,57,77,0.63,20,0.0315,5
2906.641418,54,81,0.75,27,0.027777778,5
2905.836693,64,77,0.35,13,0.026923077,5
2905.722268,53,73,0.7,20,0.035,5
2905.68443,54,89,0.94,35,0.026857143,5
2905.552657,56,78,0.63,22,0.028636364,5
2905.552657,55,79,0.69,24,0.02875,5
2905.533415,60,87,0.67,27,0.024814815,5
2905.533415,59,88,0.73,29,0.025172414,5
2905.533415,58,89,0.78,31,0.02516129,5
2905.533415,56,92,0.9,36,0.025,5
2905.533415,55,93,0.95,38,0.025,5
2905.524268,53,60,0.22,7,0.031428571,5
2905.500773,55,82,0.72,27,0.026666667,5
2905.181304,56,78,0.64,22,0.029090909,5
2904.220353,52,83,0.89,31,0.028709677,5
2904.171955,54,91,0.91,37,0.024594595,5
2904.077425,50,82,0.95,32,0.0296875,5
2904.031403,52,84,0.9,32,0.028125,5
2904.031403,51,85,0.96,34,0.028235294,5
2904.031403,51,86,0.98,35,0.028,5
2903.954133,36,62,0.79,26,0.030384615,5
2903.37278,59,85,0.68,26,0.026153846,5
2902.577686,68,97,0.5,29,0.017241379,5
2902.577686,66,99,0.57,33,0.017272727,5
2901.634137,63,82,0.47,19,0.024736842,5
2901.634137,62,83,0.52,21,0.024761905,5
2901.634137,61,84,0.57,23,0.024782609,5
2901.344219,43,49,0.23,6,0.038333333,5
2901.236491,38,49,0.41,11,0.037272727,5
2900.942268,55,79,0.7,24,0.029166667,5
2900.942268,54,80,0.76,26,0.029230769,5
2900.942268,51,84,0.96,33,0.029090909,5
2900.696765,54,87,0.94,33,0.028484848,5
2900.320428,32,59,0.9,27,0.033333333,5
2900.159905,62,82,0.52,20,0.026,5
2900.159905,58,87,0.75,29,0.025862069,5
2900.054539,58,85,0.72,27,0.026666667,5
2899.527479,51,82,0.9,31,0.029032258,5
2899.527479,50,83,0.96,33,0.029090909,5
2899.490804,54,81,0.77,27,0.028518519,5
2899.490804,53,82,0.83,29,0.02862069,5
2899.388198,51,62,0.35,11,0.031818182,5
2899.233167,52,74,0.77,22,0.035,5
2899.049573,68,75,0.18,7,0.025714286,5
2899.049573,63,80,0.44,17,0.025882353,5
2898.904668,54,81,0.78,27,0.028888889,5
2898.904668,53,82,0.84,29,0.028965517,5
2898.904668,52,83,0.9,31,0.029032258,5
2898.88846,58,75,0.49,17,0.028823529,5
2898.870098,51,83,0.94,32,0.029375,5
2898.644565,65,78,0.34,13,0.026153846,5
2898.644565,61,83,0.57,22,0.025909091,5
2898.253852,70,95,0.43,25,0.0172,5
2897.921426,54,83,0.78,29,0.026896552,5
2897.791741,62,80,0.48,18,0.026666667,5
2897.791741,62,81,0.5,19,0.026315789,5
2897.130911,52,81,0.84,29,0.028965517,5
2897.114365,56,80,0.65,24,0.027083333,5
2897.114365,54,82,0.76,28,0.027142857,5
2896.731356,58,83,0.69,25,0.0276,5
2896.558821,66,77,0.28,11,0.025454545,5
2896.547981,56,94,0.9,38,0.023684211,5
2896.481797,55,79,0.67,24,0.027916667,5
2896.430865,53,81,0.8,28,0.028571429,5
2896.071869,54,83,0.79,29,0.027241379,5
2895.975061,63,81,0.46,18,0.025555556,5
2895.783188,33,55,0.82,22,0.037272727,5
2895.735621,54,80,0.83,26,0.031923077,5
2895.697233,53,82,0.81,29,0.027931034,5
2895.697233,52,83,0.87,31,0.028064516,5
2895.47472,69,96,0.49,27,0.018148148,5
2895.405221,52,81,0.94,29,0.032413793,5
2895.209253,55,86,0.87,31,0.028064516,5
2895.006003,58,87,0.74,29,0.025517241,5
2894.926039,55,80,0.7,25,0.028,5
2894.926039,54,81,0.76,27,0.028148148,5
2894.926039,53,83,0.83,30,0.027666667,5
2894.386944,35,58,0.76,23,0.033043478,5
2894.200922,64,69,0.14,5,0.028,5
2894.088577,56,77,0.67,21,0.031904762,5
2894.008333,57,88,0.79,31,0.025483871,5
2893.699395,67,75,0.21,8,0.02625,5
2892.034255,51,80,0.97,29,0.033448276,5
2891.797166,52,84,0.88,32,0.0275,5
2891.768475,63,80,0.36,17,0.021176471,5
2891.766152,40,54,0.45,14,0.032142857,5
2890.853659,39,50,0.39,11,0.035454545,5
2890.630918,54,92,0.93,38,0.024473684,5
2890.054946,33,54,0.77,21,0.036666667,5
2889.807736,54,95,0.98,41,0.023902439,5
2889.201925,55,86,0.88,31,0.028387097,5
2888.805207,31,59,0.96,28,0.034285714,5
2888.638383,63,84,0.51,21,0.024285714,5
2888.638383,62,85,0.56,23,0.024347826,5
2888.41835,55,76,0.7,21,0.033333333,5
2888.359958,60,71,0.36,11,0.032727273,5
2888.312007,57,89,0.8,32,0.025,5
2887.417296,39,57,0.59,18,0.032777778,5
2887.198488,66,78,0.3,12,0.025,5
2887.170383,59,80,0.6,21,0.028571429,5
2887.163188,49,64,0.48,15,0.032,5
2886.723406,47,68,0.66,21,0.031428571,5
2886.361097,52,86,0.92,34,0.027058824,5
2886.347823,56,90,0.86,34,0.025294118,5
2886.25385,59,73,0.45,14,0.032142857,5
2886.125189,52,85,0.92,33,0.027878788,5
2885.927378,54,91,0.94,37,0.025405405,5
2885.8906,59,77,0.48,18,0.026666667,5
2885.76215,58,88,0.75,30,0.025,5
2885.482699,57,80,0.62,23,0.026956522,5
2885.45091,35,98,0.13,63,0.002063492,5
2885.402926,57,74,0.55,17,0.032352941,5
2885.359847,57,75,0.58,18,0.032222222,5
2885.359847,55,77,0.71,22,0.032272727,5
2885.345346,58,75,0.54,17,0.031764706,5
2885.166157,53,84,0.85,31,0.027419355,5
2885.042546,46,68,0.69,22,0.031363636,5
2885.038948,57,89,0.83,32,0.0259375,5
2885.038948,56,91,0.9,35,0.025714286,5
2885.038948,55,92,0.95,37,0.025675676,5
2884.857642,52,85,0.89,33,0.026969697,5
2884.855978,56,89,0.85,33,0.025757576,5
2884.855978,55,91,0.92,36,0.025555556,5
2884.690862,57,90,0.84,33,0.025454545,5
2884.519356,58,73,0.49,15,0.032666667,5
2884.051695,35,52,0.64,17,0.037647059,5
2883.861689,60,83,0.6,23,0.026086957,5
2883.861689,59,85,0.67,26,0.025769231,5
2883.582623,60,84,0.62,24,0.025833333,5
2883.582623,57,88,0.8,31,0.025806452,5
2882.734083,59,84,0.66,25,0.0264,5
2882.588758,64,79,0.39,15,0.026,5
2882.588758,61,82,0.55,21,0.026190476,5
2882.588758,58,86,0.73,28,0.026071429,5
2882.362762,51,63,0.38,12,0.031666667,5
2881.834464,54,79,0.81,25,0.0324,5
2881.711545,57,78,0.58,21,0.027619048,5
2881.555459,60,80,0.56,20,0.028,5
2881.555459,59,81,0.62,22,0.028181818,5
2881.555459,56,85,0.81,29,0.027931034,5
2881.455243,51,85,0.97,34,0.028529412,5
2881.401318,38,52,0.48,14,0.034285714,5
2880.724128,35,58,0.75,23,0.032608696,5
2880.536287,33,62,0.92,29,0.031724138,5
2880.435644,58,76,0.52,18,0.028888889,5
2880.308991,40,52,0.46,12,0.038333333,5
2880.295726,56,75,0.63,19,0.033157895,5
2880.106481,43,73,0.92,30,0.030666667,5
2879.744262,68,96,0.49,28,0.0175,5
2879.181915,40,55,0.5,15,0.033333333,5
2879.173251,60,81,0.58,21,0.027619048,5
2879.173251,57,84,0.75,27,0.027777778,5
2878.126745,69,97,0.5,28,0.017857143,5
2878.03836,64,78,0.37,14,0.026428571,5
2877.558912,57,79,0.59,22,0.026818182,5
2877.444361,48,66,0.56,18,0.031111111,5
2877.18544,54,88,0.96,34,0.028235294,5
2877.039088,55,78,0.74,23,0.032173913,5
2876.83649,55,81,0.72,26,0.027692308,5
2876.83649,54,82,0.78,28,0.027857143,5
2876.83649,52,84,0.89,32,0.0278125,5
2876.83649,52,85,0.91,33,0.027575758,5
2876.672719,55,88,0.9,33,0.027272727,5
2875.812085,52,84,0.91,32,0.0284375,5
2875.794982,57,74,0.56,17,0.032941176,5
2875.743539,59,75,0.46,16,0.02875,5
2875.566098,71,93,0.38,22,0.017272727,5
2875.566098,69,95,0.45,26,0.017307692,5
2875.395548,41,51,0.39,10,0.039,5
2875.165748,51,87,0.99,36,0.0275,5
2875.130571,53,85,0.85,32,0.0265625,5
2875.130571,52,86,0.91,34,0.026764706,5
2874.972526,56,89,0.86,33,0.026060606,5
2874.451062,58,88,0.74,30,0.024666667,5
2874.418516,45,68,0.74,23,0.032173913,5
2874.329045,57,70,0.44,13,0.033846154,5
2874.128029,54,90,0.96,36,0.026666667,5
2873.843833,53,61,0.25,8,0.03125,5
2873.164013,51,86,0.95,35,0.027142857,5
2873.078404,32,57,0.92,25,0.0368,5
2872.105232,55,77,0.72,22,0.032727273,5
2871.934832,60,84,0.63,24,0.02625,5
2871.810492,51,84,0.95,33,0.028787879,5
2871.688689,37,61,0.74,24,0.030833333,5
2871.264249,32,60,0.92,28,0.032857143,5
2870.741682,57,88,0.81,31,0.026129032,5
2870.443602,34,63,0.95,29,0.032758621,5
2869.825359,55,84,0.83,29,0.02862069,5
2869.8102,73,91,0.33,18,0.018333333,5
2869.804348,34,54,0.75,20,0.0375,5
2869.663206,54,78,0.79,24,0.032916667,5
2869.469081,57,77,0.56,20,0.028,5
2869.444263,60,83,0.61,23,0.026521739,5
2869.444263,57,87,0.79,30,0.026333333,5
2869.171817,60,74,0.4,14,0.028571429,5
2869.052868,51,85,0.94,34,0.027647059,5
2868.598959,56,71,0.51,15,0.034,5
2868.478952,56,76,0.65,20,0.0325,5
2868.318394,39,58,0.59,19,0.031052632,5
2868.153588,60,75,0.41,15,0.027333333,5
2868.153588,58,77,0.52,19,0.027368421,5
2867.477489,38,57,0.63,19,0.033157895,5
2867.258551,63,81,0.47,18,0.026111111,5
2867.258551,59,86,0.7,27,0.025925926,5
2866.990375,55,80,0.69,25,0.0276,5
2866.990375,53,83,0.82,30,0.027333333,5
2866.933853,36,97,0.11,61,0.001803279,5
2866.703987,37,53,0.55,16,0.034375,5
2866.330271,50,65,0.47,15,0.031333333,5
2866.322547,55,72,0.58,17,0.034117647,5
2866.322547,54,73,0.65,19,0.034210526,5
2865.788437,53,83,0.84,30,0.028,5
2865.788437,51,85,0.95,34,0.027941176,5
2865.788437,51,86,0.97,35,0.027714286,5
2865.75993,66,98,0.56,32,0.0175,5
2865.33208,52,75,0.79,23,0.034347826,5
2864.815451,64,70,0.17,6,0.028333333,5
2864.797441,67,77,0.26,10,0.026,5
2864.711166,58,86,0.74,28,0.026428571,5
2864.63127,32,63,0.98,31,0.031612903,5
2864.440679,32,56,0.9,24,0.0375,5
2864.391834,56,83,0.77,27,0.028518519,5
2864.383025,35,98,0.14,63,0.002222222,5
2863.958259,60,85,0.63,25,0.0252,5
2863.71554,44,72,0.85,28,0.030357143,5
2863.581042,68,72,0.11,4,0.0275,5
2863.332971,56,85,0.82,29,0.028275862,5
2862.601155,34,56,0.76,22,0.034545455,5
2862.587192,66,78,0.31,12,0.025833333,5
2862.587192,65,79,0.36,14,0.025714286,5
2862.587192,60,85,0.64,25,0.0256,5
2862.587192,56,90,0.87,34,0.025588235,5
2862.47227,51,87,0.98,36,0.027222222,5
2862.158846,39,49,0.36,10,0.036,5
2861.572315,56,79,0.63,23,0.027391304,5
2861.496552,55,81,0.71,26,0.027307692,5
2861.429184,62,83,0.53,21,0.025238095,5
2861.429184,61,84,0.58,23,0.025217391,5
2860.953446,43,52,0.29,9,0.032222222,5
2860.682172,52,80,0.92,28,0.032857143,5
2859.903073,59,71,0.4,12,0.033333333,5
2859.666158,32,62,0.96,30,0.032,5
2859.630188,63,73,0.27,10,0.027,5
2859.495863,58,77,0.54,19,0.028421053,5
2859.189232,55,89,0.9,34,0.026470588,5
2859.189232,54,91,0.97,37,0.026216216,5
2859.105348,33,61,0.89,28,0.031785714,5
2858.687057,64,80,0.41,16,0.025625,5
2858.680892,54,86,0.91,32,0.0284375,5
2858.680892,53,87,0.97,34,0.028529412,5
2858.595215,35,64,0.88,29,0.030344828,5
2858.534803,54,60,0.19,6,0.031666667,5
2857.960061,39,51,0.41,12,0.034166667,5
2857.769855,63,71,0.23,8,0.02875,5
2857.68922,60,80,0.55,20,0.0275,5
2857.574117,34,60,0.84,26,0.032307692,5
2857.328793,41,55,0.44,14,0.031428571,5
2857.299519,54,84,0.79,30,0.026333333,5
2857.162132,55,88,0.89,33,0.026969697,5
2857.096291,34,54,0.74,20,0.037,5
2856.712855,60,74,0.39,14,0.027857143,5
2856.607352,52,80,0.93,28,0.033214286,5
2856.413243,53,80,0.88,27,0.032592593,5
2856.305296,36,61,0.78,25,0.0312,5
2856.246265,56,79,0.66,23,0.028695652,5
2856.163763,55,85,0.85,30,0.028333333,5
2856.109744,35,99,0.14,64,0.0021875,5
2855.997569,53,79,0.85,26,0.032692308,5
2855.751346,42,45,0.11,3,0.036666667,5
2855.634726,48,65,0.54,17,0.031764706,5
2855.33125,45,70,0.78,25,0.0312,5
2855.243082,42,53,0.33,11,0.03,5
2854.606581,57,77,0.58,20,0.029,5
2854.283088,50,64,0.44,14,0.031428571,5
2853.918541,38,51,0.46,13,0.035384615,5
2853.575694,53,84,0.84,31,0.027096774,5
2853.230849,57,79,0.6,22,0.027272727,5
2852.985678,61,79,0.49,18,0.027222222,5
2852.567328,44,71,0.84,27,0.031111111,5
2852.561976,55,82,0.73,27,0.027037037,5
2852.350976,32,57,0.91,25,0.0364,5
2851.970739,39,56,0.57,17,0.033529412,5
2851.540553,41,49,0.27,8,0.03375,5
2851.470469,56,75,0.62,19,0.032631579,5
2851.237826,57,78,0.6,21,0.028571429,5
2850.92148,59,83,0.62,24,0.025833333,5
2850.878523,57,82,0.71,25,0.0284,5
2850.574244,45,71,0.8,26,0.030769231,5
2850.483423,56,84,0.79,28,0.028214286,5
2850.438312,54,93,0.98,39,0.025128205,5
2850.407329,54,89,0.95,35,0.027142857,5
2849.215502,54,85,0.89,31,0.028709677,5
2849.215502,53,86,0.95,33,0.028787879,5
2848.964407,57,89,0.81,32,0.0253125,5
2848.797277,34,53,0.72,19,0.037894737,5
2848.69812,61,73,0.34,12,0.028333333,5
2848.69812,57,78,0.59,21,0.028095238,5
2848.521138,35,96,0.18,61,0.00295082,5
2848.256818,53,79,0.86,26,0.033076923,5
2847.706363,59,86,0.69,27,0.025555556,5
2847.641112,61,74,0.36,13,0.027692308,5
2847.563829,37,60,0.75,23,0.032608696,5
2847.563829,36,61,0.82,25,0.0328,5
2847.456517,35,64,0.85,29,0.029310345,5
2846.817041,59,84,0.67,25,0.0268,5
2846.611966,59,78,0.5,19,0.026315789,5
2846.555333,35,65,0.86,30,0.028666667,5
2846.528011,37,96,0.12,59,0.002033898,5
2846.224619,54,77,0.77,23,0.033478261,5
2846.011866,40,57,0.5,17,0.029411765,5
2845.731895,54,88,0.95,34,0.027941176,5
2845.575544,62,73,0.31,11,0.028181818,5
2845.462164,49,67,0.56,18,0.031111111,5
2844.050558,54,90,0.97,36,0.026944444,5
2843.656585,40,52,0.47,12,0.039166667,5
2843.594159,67,76,0.19,9,0.021111111,5
2843.500087,54,78,0.78,24,0.0325,5
2842.861032,41,52,0.36,11,0.032727273,5
2842.687959,60,79,0.54,19,0.028421053,5
2842.251859,38,54,0.52,16,0.0325,5
2841.961508,31,57,0.98,26,0.037692308,5
2841.570445,33,58,0.83,25,0.0332,5
2840.894508,46,71,0.76,25,0.0304,5
2840.718275,46,70,0.74,24,0.030833333,5
2840.313584,38,60,0.64,22,0.029090909,5
2840.036641,34,64,0.97,30,0.032333333,5
2840.033116,55,81,0.73,26,0.028076923,5
2839.999832,59,76,0.48,17,0.028235294,5
2839.988804,61,73,0.33,12,0.0275,5
2839.416154,59,76,0.47,17,0.027647059,5
2839.120174,62,72,0.29,10,0.029,5
2838.172976,40,51,0.38,11,0.034545455,5
2837.948985,58,82,0.68,24,0.028333333,5
2837.948985,57,84,0.76,27,0.028148148,5
2837.907797,42,75,0.99,33,0.03,5
2837.885274,54,77,0.76,23,0.033043478,5
2837.793041,40,50,0.34,10,0.034,5
2837.727483,58,88,0.78,30,0.026,5
2837.700456,47,48,0.03,1,0.03,5
2837.700456,46,49,0.09,3,0.03,5
2837.700456,45,50,0.15,5,0.03,5
2837.116418,70,74,0.1,4,0.025,5
2837.116418,69,75,0.15,6,0.025,5
2837.116418,68,76,0.2,8,0.025,5
2837.116418,67,77,0.25,10,0.025,5
2836.564512,45,50,0.16,5,0.032,5
2836.138566,43,71,0.9,28,0.032142857,5
2835.661013,38,49,0.4,11,0.036363636,5
2835.286896,51,83,0.91,32,0.0284375,5
2835.159412,52,81,0.95,29,0.032758621,5
2835.137103,44,51,0.21,7,0.03,5
2835.137103,43,52,0.27,9,0.03,5
2835.00307,60,70,0.33,10,0.033,5
2834.810043,41,56,0.44,15,0.029333333,5
2834.424131,63,71,0.22,8,0.0275,5
2834.423176,48,67,0.59,19,0.031052632,5
2834.001862,49,66,0.52,17,0.030588235,5
2833.955862,36,59,0.72,23,0.031304348,5
2833.245527,56,90,0.89,34,0.026176471,5
2833.11065,45,72,0.82,27,0.03037037,5
2833.055428,51,87,0.97,36,0.026944444,5
2833.043398,33,56,0.83,23,0.036086957,5
2832.994449,66,77,0.23,11,0.020909091,5
2832.899896,52,87,0.92,35,0.026285714,5
2832.899896,51,88,0.98,37,0.026486486,5
2832.890617,47,66,0.61,19,0.032105263,5
2832.840784,33,58,0.86,25,0.0344,5
2832.725544,41,49,0.28,8,0.035,5
2832.594644,56,87,0.84,31,0.027096774,5
2831.796195,54,82,0.79,28,0.028214286,5
2831.563829,54,84,0.8,30,0.026666667,5
2831.35119,55,76,0.69,21,0.032857143,5
2831.199863,36,54,0.62,18,0.034444444,5
2831.19127,53,80,0.79,27,0.029259259,5
2830.887182,58,81,0.66,23,0.028695652,5
2830.471782,66,97,0.55,31,0.017741935,5
2830.149153,49,66,0.53,17,0.031176471,5
2830.078333,36,98,0.15,62,0.002419355,5
2830.070506,52,86,0.89,34,0.026176471,5
2829.23866,53,78,0.84,25,0.0336,5
2829.23866,52,79,0.91,27,0.033703704,5
2829.23866,51,80,0.98,29,0.033793103,5
2829.228549,57,80,0.61,23,0.026521739,5
2829.089811,50,62,0.39,12,0.0325,5
2828.417081,33,60,0.87,27,0.032222222,5
2828.291646,55,80,0.72,25,0.0288,5
2827.48184,65,79,0.35,14,0.025,5
2827.313619,37,52,0.52,15,0.034666667,5
2827.28961,33,56,0.85,23,0.036956522,5
2827.014422,31,61,0.99,30,0.033,5
2826.978589,60,76,0.43,16,0.026875,5
2826.978589,58,78,0.54,20,0.027,5
2826.7884,50,63,0.41,13,0.031538462,5
2826.552739,51,81,0.99,30,0.033,5
2826.47878,50,65,0.46,15,0.030666667,5
2826.451739,35,54,0.65,19,0.034210526,5
2825.92485,56,81,0.66,25,0.0264,5
2825.641565,34,67,0.94,33,0.028484848,5
2825.023629,36,97,0.13,61,0.002131148,5
2824.688933,46,69,0.72,23,0.031304348,5
2824.627475,60,88,0.68,28,0.024285714,5
2824.550846,34,59,0.8,25,0.032,5
2824.393047,50,84,0.97,34,0.028529412,5
2823.674079,66,97,0.54,31,0.017419355,5
2823.469343,63,74,0.29,11,0.026363636,5
2822.910461,68,73,0.13,5,0.026,5
2822.90459,71,92,0.37,21,0.017619048,5
2822.276769,37,60,0.72,23,0.031304348,5
2822.245214,55,91,0.93,36,0.025833333,5
2821.727154,37,57,0.64,20,0.032,5
2821.681552,56,91,0.85,35,0.024285714,5
2821.57319,35,55,0.68,20,0.034,5
2821.462864,32,56,0.89,24,0.037083333,5
2821.216925,64,77,0.34,13,0.026153846,5
2821.175335,56,78,0.61,22,0.027727273,5
2820.726709,55,81,0.7,26,0.026923077,5
2820.696268,57,93,0.86,36,0.023888889,5
2820.399145,36,54,0.61,18,0.033888889,5
2820.395783,39,53,0.55,14,0.039285714,5
2820.14792,35,60,0.8,25,0.032,5
2819.785709,68,74,0.16,6,0.026666667,5
2819.781006,39,47,0.29,8,0.03625,5
2819.734427,65,71,0.16,6,0.026666667,5
2819.068565,36,63,0.78,27,0.028888889,5
2818.970436,58,79,0.56,21,0.026666667,5
2818.950256,55,92,0.96,37,0.025945946,5
2818.797809,52,85,0.9,33,0.027272727,5
2818.703181,42,73,0.99,31,0.031935484,5
2818.104217,31,60,0.98,29,0.033793103,5
2817.999359,43,50,0.23,7,0.032857143,5
2817.823025,57,92,0.85,35,0.024285714,5
2817.796027,56,80,0.66,24,0.0275,5
2817.77981,58,83,0.7,25,0.028,5
2817.466843,52,63,0.34,11,0.030909091,5
2817.351754,47,69,0.67,22,0.030454545,5
2817.322364,53,74,0.72,21,0.034285714,5
2817.319161,37,59,0.65,22,0.029545455,5
2817.292014,53,62,0.28,9,0.031111111,5
2817.069822,59,83,0.65,24,0.027083333,5
2816.615468,54,92,0.99,38,0.026052632,5
2816.600325,53,57,0.13,4,0.0325,5
2816.596453,34,57,0.76,23,0.033043478,5
2816.380541,51,86,0.96,35,0.027428571,5
2816.16539,36,57,0.67,21,0.031904762,5
2815.448557,55,87,0.89,32,0.0278125,5
2815.443954,50,84,0.99,34,0.029117647,5
2815.196456,57,92,0.84,35,0.024,5
2814.425831,49,58,0.23,9,0.025555556,5
2814.081019,42,53,0.36,11,0.032727273,5
2813.769514,58,78,0.53,20,0.0265,5
2813.630008,55,78,0.66,23,0.028695652,5
2813.417567,60,75,0.42,15,0.028,5
2813.000657,57,85,0.73,28,0.026071429,5
2812.27336,58,78,0.55,20,0.0275,5
2811.885476,53,78,0.83,25,0.0332,5
2811.159578,58,77,0.53,19,0.027894737,5
2811.128948,35,58,0.74,23,0.032173913,5
2810.94379,63,77,0.38,14,0.027142857,5
2810.842925,62,86,0.58,24,0.024166667,5
2810.842925,61,87,0.63,26,0.024230769,5
2810.694827,55,90,0.92,35,0.026285714,5
2810.620995,49,65,0.51,16,0.031875,5
2810.152049,59,67,0.28,8,0.035,5
2810.050964,36,61,0.71,25,0.0284,5
2810.037994,35,60,0.79,25,0.0316,5
2809.85657,56,94,0.91,38,0.023947368,5
2809.85657,55,95,0.96,40,0.024,5
2809.725242,56,88,0.85,32,0.0265625,5
2809.652554,52,79,0.9,27,0.033333333,5
2809.361424,35,53,0.66,18,0.036666667,5
2809.219934,61,68,0.24,7,0.034285714,5
2809.089207,45,73,0.84,28,0.03,5
2809.050508,43,74,0.93,31,0.03,5
2808.791899,52,84,0.87,32,0.0271875,5
2808.791899,51,86,0.94,35,0.026857143,5
2808.455792,44,63,0.07,19,0.003684211,5
2808.33896,56,81,0.68,25,0.0272,5
2808.32127,53,80,0.78,27,0.028888889,5
2808.140706,70,91,0.37,21,0.017619048,5
2808.12919,34,58,0.82,24,0.034166667,5
2808.076753,65,70,0.14,5,0.028,5
2807.487507,58,84,0.68,26,0.026153846,5
2807.055275,56,81,0.67,25,0.0268,5
2806.943707,37,52,0.51,15,0.034,5
2806.694032,56,93,0.91,37,0.024594595,5
2806.694032,55,94,0.96,39,0.024615385,5
2806.673243,47,67,0.62,20,0.031,5
2806.651244,33,61,0.88,28,0.031428571,5
2806.499301,33,63,0.95,30,0.031666667,5
2806.098448,54,92,0.98,38,0.025789474,5
2806.046256,33,55,0.81,22,0.036818182,5
2805.63456,58,75,0.48,17,0.028235294,5
2805.624378,51,64,0.4,13,0.030769231,5
2805.327349,37,59,0.73,22,0.033181818,5
2805.093188,40,48,0.29,8,0.03625,5
2805.092153,32,57,0.93,25,0.0372,5
2805.082676,34,66,0.92,32,0.02875,5
2804.724181,35,61,0.82,26,0.031538462,5
2804.718064,35,99,0.17,64,0.00265625,5
2804.444511,53,85,0.86,32,0.026875,5
2804.426396,70,95,0.44,25,0.0176,5
2804.311669,61,72,0.31,11,0.028181818,5
2804.17404,33,63,0.94,30,0.031333333,5
2803.974691,57,79,0.61,22,0.027727273,5
2803.966972,49,67,0.55,18,0.030555556,5
2803.867521,32,62,0.97,30,0.032333333,5
2803.750755,50,63,0.42,13,0.032307692,5
2803.608318,55,97,0.98,42,0.023333333,5
2803.473574,52,81,0.85,29,0.029310345,5
2803.167043,56,93,0.9,37,0.024324324,5
2802.816536,54,79,0.72,25,0.0288,5
2802.699586,36,63,0.82,27,0.03037037,5
2802.604883,56,80,0.67,24,0.027916667,5
2802.194265,55,87,0.9,32,0.028125,5
2802.189961,56,86,0.79,30,0.026333333,5
2802.171597,64,80,0.33,16,0.020625,5
2802.158356,59,82,0.64,23,0.027826087,5
2801.898736,47,69,0.68,22,0.030909091,5
2801.668721,47,68,0.65,21,0.030952381,5
2801.586819,37,57,0.65,20,0.0325,5
2801.546087,54,73,0.66,19,0.034736842,5
2801.546087,53,74,0.73,21,0.034761905,5
2801.544472,42,50,0.31,8,0.03875,5
2801.339067,65,69,0.11,4,0.0275,5
2800.645528,40,56,0.51,16,0.031875,5
2800.486978,33,56,0.84,23,0.036521739,5
2800.364931,48,68,0.62,20,0.031,5
2800.253344,54,89,0.96,35,0.027428571,5
2800.025688,32,62,0.95,30,0.031666667,5
2799.010185,60,89,0.7,29,0.024137931,5
2799.010185,59,90,0.75,31,0.024193548,5
2798.683545,53,84,0.86,31,0.027741935,5
2798.522704,54,83,0.77,29,0.026551724,5
2798.522704,52,85,0.88,33,0.026666667,5
2798.506148,72,93,0.37,21,0.017619048,5
2798.377659,62,80,0.46,18,0.025555556,5
2798.372242,39,51,0.42,12,0.035,5
2797.752596,55,82,0.74,27,0.027407407,5
2797.752596,54,83,0.8,29,0.027586207,5
2797.575618,62,79,0.45,17,0.026470588,5
2797.575618,61,80,0.5,19,0.026315789,5
2797.229664,32,63,0.97,31,0.031290323,5
2796.492821,35,57,0.75,22,0.034090909,5
2796.144925,58,79,0.59,21,0.028095238,5
2795.988213,64,83,0.38,19,0.02,5
2795.988213,63,84,0.42,21,0.02,5
2795.981837,51,88,0.95,37,0.025675676,5
2795.980659,34,60,0.83,26,0.031923077,5
2795.665609,37,60,0.65,23,0.02826087,5
2795.553289,57,87,0.8,30,0.026666667,5
2795.553289,55,90,0.93,35,0.026571429,5
2795.039225,39,56,0.51,17,0.03,5
2794.908224,58,80,0.61,22,0.027727273,5
2794.520153,70,92,0.39,22,0.017727273,5
2794.265863,62,67,0.17,5,0.034,5
2794.235438,67,97,0.52,30,0.017333333,5
2794.008768,56,86,0.83,30,0.027666667,5
2793.745116,71,75,0.1,4,0.025,5
2793.745116,70,76,0.15,6,0.025,5
2793.745116,69,77,0.2,8,0.025,5
2793.745116,68,78,0.25,10,0.025,5
2793.745116,67,79,0.3,12,0.025,5
2793.745116,63,84,0.52,21,0.024761905,5
2793.745116,62,85,0.57,23,0.024782609,5
2793.470337,32,61,0.96,29,0.033103448,5
2793.445081,51,87,0.95,36,0.026388889,5
2793.209011,62,73,0.3,11,0.027272727,5
2792.936774,32,59,0.92,27,0.034074074,5
2792.789105,60,76,0.42,16,0.02625,5
2792.68246,59,80,0.58,21,0.027619048,5
2792.603151,50,78,0.96,28,0.034285714,5
2792.569619,66,69,0.08,3,0.026666667,5
2792.538306,52,61,0.29,9,0.032222222,5
2792.418367,66,77,0.29,11,0.026363636,5
2792.277037,60,81,0.56,21,0.026666667,5
2792.267866,60,76,0.44,16,0.0275,5
2792.175866,63,79,0.43,16,0.026875,5
2791.896104,38,56,0.58,18,0.032222222,5
2791.339612,57,85,0.77,28,0.0275,5
2790.959266,51,88,0.96,37,0.025945946,5
2790.792749,48,67,0.6,19,0.031578947,5
2790.689198,36,98,0.13,62,0.002096774,5
2790.221479,61,78,0.47,17,0.027647059,5
2789.75795,40,50,0.35,10,0.035,5
2789.532528,40,55,0.45,15,0.03,5
2789.530477,67,73,0.16,6,0.026666667,5
2789.504134,36,53,0.58,17,0.034117647,5
2789.483641,58,91,0.8,33,0.024242424,5
2789.483641,55,95,0.97,40,0.02425,5
2789.47698,54,80,0.73,26,0.028076923,5
2789.076982,53,85,0.84,32,0.02625,5
2788.936666,32,63,0.99,31,0.031935484,5
2788.805291,36,97,0.12,61,0.001967213,5
2788.602112,57,82,0.69,25,0.0276,5
2788.357237,36,59,0.73,23,0.03173913,5
2788.250972,56,94,0.92,38,0.024210526,5
2787.982928,38,90,0.38,52,0.007307692,5
2787.877223,37,95,0.13,58,0.002241379,5
2787.597833,52,82,0.86,30,0.028666667,5
2787.537549,37,55,0.6,18,0.033333333,5
2787.329375,36,69,0.8,33,0.024242424,5
2786.882584,58,91,0.79,33,0.023939394,5
2786.821729,59,82,0.61,23,0.026521739,5
2786.344461,67,74,0.18,7,0.025714286,5
2785.793755,61,86,0.63,25,0.0252,5
2785.793755,60,87,0.68,27,0.025185185,5
2785.604125,62,74,0.34,12,0.028333333,5
2785.515572,38,56,0.57,18,0.031666667,5
2785.459234,53,87,0.94,34,0.027647059,5
2785.229366,52,75,0.8,23,0.034782609,5
2784.923627,44,73,0.87,29,0.03,5
2784.7631,77,82,0.09,5,0.018,5
2784.666584,37,71,0.14,34,0.004117647,5
2784.551567,59,76,0.53,17,0.031176471,5
2784.511762,64,71,0.2,7,0.028571429,5
2784.498329,63,72,0.24,9,0.026666667,5
2784.498329,60,75,0.4,15,0.026666667,5
2784.498329,58,77,0.51,19,0.026842105,5
2784.259385,55,82,0.71,27,0.026296296,5
2784.04346,32,59,0.91,27,0.033703704,5
2783.526997,51,83,0.93,32,0.0290625,5
2783.259101,57,80,0.6,23,0.026086957,5
2783.23457,44,47,0.1,3,0.033333333,5
2783.21426,71,90,0.34,19,0.017894737,5
2783.038901,65,76,0.3,11,0.027272727,5
2783.005444,59,89,0.74,30,0.024666667,5
2783.005444,58,90,0.79,32,0.0246875,5
2782.663001,63,72,0.25,9,0.027777778,5
2782.496984,35,99,0.11,64,0.00171875,5
2782.488864,56,90,0.88,34,0.025882353,5
2782.475159,58,83,0.67,25,0.0268,5
2782.312274,72,91,0.33,19,0.017368421,5
2782.300541,60,78,0.5,18,0.027777778,5
2782.267911,62,76,0.39,14,0.027857143,5
2781.960215,65,76,0.29,11,0.026363636,5
2781.891557,39,57,0.57,18,0.031666667,5
2781.80978,48,65,0.55,17,0.032352941,5
2781.152761,35,97,0.16,62,0.002580645,5
2780.664654,75,89,0.25,14,0.017857143,5
2780.417063,34,99,0.17,65,0.002615385,5
2780.256387,40,49,0.31,9,0.034444444,5
2780.246648,61,84,0.6,23,0.026086957,5
2780.175622,51,89,0.97,38,0.025526316,5
2780.025463,35,99,0.1,64,0.0015625,5
2779.620809,36,60,0.81,24,0.03375,5
2779.3601,71,73,0.05,2,0.025,5
2779.091837,36,98,0.1,62,0.001612903,5
2779.075816,50,57,0.18,7,0.025714286,5
2778.977915,69,96,0.48,27,0.017777778,5
2778.824873,33,55,0.83,22,0.037727273,5
2778.820923,68,98,0.52,30,0.017333333,5
2778.807429,37,50,0.48,13,0.036923077,5
2778.706913,67,99,0.56,32,0.0175,5
2778.641305,47,67,0.64,20,0.032,5
2778.603091,36,97,0.1,61,0.001639344,5
2778.558144,40,54,0.43,14,0.030714286,5
2778.329735,78,86,0.14,8,0.0175,5
2778.321167,63,71,0.25,8,0.03125,5
2778.207458,31,60,0.99,29,0.034137931,5
2777.451294,58,90,0.8,32,0.025,5
2777.451294,57,91,0.85,34,0.025,5
2777.253501,63,78,0.39,15,0.026,5
2777.225502,70,93,0.4,23,0.017391304,5
2777.007267,71,94,0.4,23,0.017391304,5
2776.706787,65,75,0.27,10,0.027,5
2776.211284,56,80,0.64,24,0.026666667,5
2776.211284,53,84,0.82,31,0.026451613,5
2776.158934,74,90,0.29,16,0.018125,5
2775.921359,54,84,0.78,30,0.026,5
2775.908064,47,70,0.7,23,0.030434783,5
2775.824861,65,71,0.17,6,0.028333333,5
2775.630752,35,54,0.68,19,0.035789474,5
2775.444259,60,74,0.41,14,0.029285714,5
2775.223188,43,74,0.94,31,0.030322581,5
2775.094962,62,74,0.32,12,0.026666667,5
2775.091668,40,51,0.37,11,0.033636364,5
2774.903129,42,74,0.98,32,0.030625,5
2774.827305,55,85,0.83,30,0.027666667,5
2774.655067,52,88,0.92,36,0.025555556,5
2774.424499,53,85,0.83,32,0.0259375,5
2774.04828,67,71,0.11,4,0.0275,5
2773.753329,61,82,0.53,21,0.025238095,5
2772.937272,53,81,0.79,28,0.028214286,5
2772.937272,52,82,0.85,30,0.028333333,5
2772.80981,68,77,0.23,9,0.025555556,5
2772.751372,61,74,0.35,13,0.026923077,5
2772.751372,57,78,0.57,21,0.027142857,5
2772.751372,55,80,0.68,25,0.0272,5
2772.582783,66,71,0.14,5,0.028,5
2772.462681,73,92,0.33,19,0.017368421,5
2771.860548,40,55,0.47,15,0.031333333,5
2771.542849,52,87,0.9,35,0.025714286,5
2771.459026,48,68,0.61,20,0.0305,5
2770.983218,37,61,0.71,24,0.029583333,5
2770.830655,44,70,0.84,26,0.032307692,5
2770.806042,62,81,0.48,19,0.025263158,5
2770.785068,35,98,0.15,63,0.002380952,5
2770.737099,51,76,0.87,25,0.0348,5
2770.725259,52,86,0.88,34,0.025882353,5
2770.333696,44,46,0.07,2,0.035,5
2770.228763,36,62,0.8,26,0.030769231,5
2769.887092,37,55,0.59,18,0.032777778,5
2769.651711,34,53,0.73,19,0.038421053,5
2769.573257,62,73,0.34,11,0.030909091,5
2769.341241,33,58,0.84,25,0.0336,5
2769.288829,79,83,0.07,4,0.0175,5
2769.288829,77,85,0.14,8,0.0175,5
2769.236623,68,98,0.53,30,0.017666667,5
2769.026103,45,69,0.77,24,0.032083333,5
2769.011998,65,66,0.03,1,0.03,5
2769.011998,64,67,0.09,3,0.03,5
2769.011998,63,68,0.15,5,0.03,5
2769.011998,62,69,0.21,7,0.03,5
2769.011998,61,70,0.27,9,0.03,5
2769.011998,60,71,0.33,11,0.03,5
2769.011998,59,72,0.39,13,0.03,5
2768.827087,52,86,0.9,34,0.026470588,5
2768.361074,56,81,0.65,25,0.026,5
2768.330464,61,76,0.42,15,0.028,5
2768.115231,62,73,0.32,11,0.029090909,5
2767.993825,60,77,0.45,17,0.026470588,5
2767.993825,57,81,0.63,24,0.02625,5
2767.839162,33,54,0.8,21,0.038095238,5
2767.272954,55,84,0.81,29,0.027931034,5
2767.256198,58,73,0.45,15,0.03,5
2767.256198,54,78,0.72,24,0.03,5
2766.941569,63,78,0.4,15,0.026666667,5
2766.821911,58,82,0.66,24,0.0275,5
2766.821147,48,58,0.26,10,0.026,5
2766.620284,32,56,0.92,24,0.038333333,5
2766.298528,58,80,0.57,22,0.025909091,5
2766.215447,45,52,0.2,7,0.028571429,5
2766.04027,38,56,0.59,18,0.032777778,5
2766.009264,56,89,0.87,33,0.026363636,5
2765.6775,70,96,0.45,26,0.017307692,5
2765.63959,72,74,0.05,2,0.025,5
2765.63959,67,80,0.32,13,0.024615385,5
2765.63959,66,81,0.37,15,0.024666667,5
2765.63959,65,82,0.42,17,0.024705882,5
2765.63959,64,83,0.47,19,0.024736842,5
2765.63959,63,85,0.54,22,0.024545455,5
2765.56401,69,97,0.49,28,0.0175,5
2765.027192,56,84,0.77,28,0.0275,5
2765.021467,70,95,0.45,25,0.018,5
2764.910668,35,65,0.85,30,0.028333333,5
2764.81407,56,75,0.58,19,0.030526316,5
2764.532114,44,70,0.83,26,0.031923077,5
2764.131057,36,60,0.75,24,0.03125,5
2763.836074,32,60,0.93,28,0.033214286,5
2763.783368,32,57,0.86,25,0.0344,5
2763.730898,71,94,0.41,23,0.017826087,5
2763.641149,53,84,0.83,31,0.026774194,5
2763.596912,58,84,0.71,26,0.027307692,5
2763.335305,65,82,0.34,17,0.02,5
2763.308192,35,52,0.65,17,0.038235294,5
2763.167536,66,73,0.19,7,0.027142857,5
2763.167536,64,76,0.32,12,0.026666667,5
2763.127966,36,60,0.79,24,0.032916667,5
2763.012588,59,88,0.74,29,0.025517241,5
2763.012588,58,89,0.79,31,0.025483871,5
2762.867519,39,50,0.38,11,0.034545455,5
2762.867519,38,51,0.45,13,0.034615385,5
2762.569741,55,81,0.69,26,0.026538462,5
2762.569741,54,82,0.74,28,0.026428571,5
2762.271273,31,57,0.99,26,0.038076923,5
2762.127739,63,74,0.31,11,0.028181818,5
2761.789257,33,54,0.81,21,0.038571429,5
2761.683894,67,99,0.57,32,0.0178125,5
2761.629731,52,85,0.87,33,0.026363636,5
2761.405592,58,81,0.64,23,0.027826087,5
2761.393093,42,49,0.23,7,0.032857143,5
2761.254752,56,83,0.75,27,0.027777778,5
2761.04225,59,81,0.6,22,0.027272727,5
2761.000555,53,97,0.95,44,0.021590909,5
2760.637295,54,83,0.76,29,0.026206897,5
2760.634261,37,59,0.66,22,0.03,5
2760.589101,35,65,0.87,30,0.029,5
2760.393808,59,76,0.46,17,0.027058824,5
2760.357335,53,84,0.81,31,0.026129032,5
2760.101704,57,83,0.68,26,0.026153846,5
2759.347569,59,70,0.38,11,0.034545455,5
2759.347569,58,71,0.45,13,0.034615385,5
2759.290623,57,88,0.82,31,0.026451613,5
2759.217424,35,69,0.93,34,0.027352941,5
2759.128822,61,79,0.48,18,0.026666667,5
2759.108995,51,87,0.94,36,0.026111111,5
2758.921147,34,62,0.87,28,0.031071429,5
2758.857094,57,72,0.52,15,0.034666667,5
2758.747926,68,97,0.53,29,0.018275862,5
2758.747926,67,99,0.58,32,0.018125,5
2758.682663,55,83,0.73,28,0.026071429,5
2758.44837,61,80,0.51,19,0.026842105,5
2758.404113,57,86,0.78,29,0.026896552,5
2758.404113,55,89,0.91,34,0.026764706,5
2758.199873,36,56,0.67,20,0.0335,5
2758.0587,43,47,0.14,4,0.035,5
2757.955523,42,48,0.21,6,0.035,5
2757.65204,61,74,0.4,13,0.030769231,5
2757.15831,38,59,0.66,21,0.031428571,5
2757.133083,58,84,0.67,26,0.025769231,5
2757.042626,41,54,0.42,13,0.032307692,5
2757.028848,36,60,0.71,24,0.029583333,5
2757.023089,42,52,0.32,10,0.032,5
2756.919064,59,86,0.71,27,0.026296296,5
2756.713123,40,53,0.42,13,0.032307692,5
2756.419548,51,87,0.96,36,0.026666667,5
2756.048149,61,86,0.51,25,0.0204,5
2755.797924,63,76,0.36,13,0.027692308,5
2755.284653,56,79,0.62,23,0.026956522,5
2755.107473,58,76,0.57,18,0.031666667,5
2755.004227,62,86,0.59,24,0.024583333,5
2755.004227,61,87,0.64,26,0.024615385,5
2755.004227,60,88,0.69,28,0.024642857,5
2754.867944,58,80,0.62,22,0.028181818,5
2754.600686,50,84,0.98,34,0.028823529,5
2754.516695,35,61,0.81,26,0.031153846,5
2754.395897,45,70,0.77,25,0.0308,5
2754.334724,42,53,0.37,11,0.033636364,5
2754.294418,57,79,0.58,22,0.026363636,5
2754.225008,60,80,0.53,20,0.0265,5
2754.015078,56,80,0.63,24,0.02625,5
2753.836101,54,81,0.74,27,0.027407407,5
2753.745975,57,92,0.77,35,0.022,5
2753.689233,42,74,0.99,32,0.0309375,5
2753.430344,34,67,0.93,33,0.028181818,5
2753.270939,57,81,0.68,24,0.028333333,5
2753.138665,59,91,0.76,32,0.02375,5
2753.138665,58,92,0.81,34,0.023823529,5
2753.04789,54,74,0.7,20,0.035,5
2752.860326,37,53,0.54,16,0.03375,5
2752.554273,63,72,0.26,9,0.028888889,5
2752.549216,52,90,0.98,38,0.025789474,5
2752.477772,35,61,0.88,26,0.033846154,5
2752.393331,35,62,0.88,27,0.032592593,5
2752.230881,50,77,0.94,27,0.034814815,5
2752.159617,36,96,0.11,60,0.001833333,5
2752.136097,32,64,0.96,32,0.03,5
2752.106199,62,75,0.34,13,0.026153846,5
2751.90289,34,63,0.97,29,0.033448276,5
2751.706398,37,61,0.75,24,0.03125,5
2751.293097,61,78,0.46,17,0.027058824,5
2751.27274,35,71,0.86,36,0.023888889,5
2750.912087,54,82,0.75,28,0.026785714,5
2750.90854,61,75,0.4,14,0.028571429,5
2750.821155,56,88,0.67,32,0.0209375,5
2750.656399,50,85,0.99,35,0.028285714,5
2750.310846,34,59,0.83,25,0.0332,5
2749.923366,53,86,0.85,33,0.025757576,5
2749.886399,63,72,0.28,9,0.031111111,5
2749.77498,61,77,0.45,16,0.028125,5
2749.773987,64,73,0.25,9,0.027777778,5
2749.684232,39,56,0.54,17,0.031764706,5
2749.504021,60,88,0.7,28,0.025,5
2749.504021,59,89,0.75,30,0.025,5
2749.504021,59,90,0.76,31,0.024516129,5
2749.504021,58,91,0.81,33,0.024545455,5
2749.504021,57,92,0.86,35,0.024571429,5
2749.201237,34,54,0.76,20,0.038,5
2749.011315,35,57,0.74,22,0.033636364,5
2748.630716,57,80,0.65,23,0.02826087,5
2748.630716,56,81,0.71,25,0.0284,5
2748.613284,76,85,0.16,9,0.017777778,5
2748.517622,59,81,0.59,22,0.026818182,5
2748.504199,54,91,0.99,37,0.026756757,5
2748.437356,63,78,0.41,15,0.027333333,5
2747.903246,58,83,0.66,25,0.0264,5
2747.82679,57,82,0.7,25,0.028,5
2747.618234,60,76,0.46,16,0.02875,5
2747.533328,32,61,0.98,29,0.033793103,5
2747.284699,61,82,0.56,21,0.026666667,5
2747.241213,38,54,0.53,16,0.033125,5
2747.005694,37,96,0.13,59,0.00220339,5
2746.712292,63,86,0.45,23,0.019565217,5
2746.698902,44,48,0.13,4,0.0325,5
2746.336236,67,74,0.19,7,0.027142857,5
2746.336236,61,81,0.54,20,0.027,5
2746.092515,32,55,0.88,23,0.03826087,5
2746.006544,38,60,0.67,22,0.030454545,5
2745.40397,60,79,0.53,19,0.027894737,5
2745.341992,36,51,0.56,15,0.037333333,5
2745.112269,34,64,0.84,30,0.028,5
2744.723676,65,73,0.22,8,0.0275,5
2744.723676,63,75,0.33,12,0.0275,5
2744.723676,61,77,0.44,16,0.0275,5
2744.621743,59,79,0.56,20,0.028,5
2744.095984,35,64,0.89,29,0.030689655,5
2744.080164,64,71,0.19,7,0.027142857,5
2744.00453,55,83,0.74,28,0.026428571,5
2743.924752,36,59,0.79,23,0.034347826,5
2743.347333,44,69,0.81,25,0.0324,5
2743.235445,59,85,0.69,26,0.026538462,5
2742.807042,59,75,0.44,16,0.0275,5
2742.771346,53,83,0.81,30,0.027,5
2742.695497,56,85,0.78,29,0.026896552,5
2741.894687,35,63,0.87,28,0.031071429,5
2741.631434,37,59,0.69,22,0.031363636,5
2741.608031,52,62,0.32,10,0.032,5
2741.316303,32,60,0.91,28,0.0325,5
2741.193879,63,77,0.37,14,0.026428571,5
2741.191243,34,53,0.68,19,0.035789474,5
2740.777,38,53,0.51,15,0.034,5
2740.710978,59,80,0.57,21,0.027142857,5
2740.177265,35,97,0.13,62,0.002096774,5
2740.153568,56,82,0.68,26,0.026153846,5
2739.907278,32,55,0.89,23,0.038695652,5
2739.846811,62,78,0.45,16,0.028125,5
2739.77961,57,94,0.77,37,0.020810811,5
2739.723697,59,71,0.37,12,0.030833333,5
2739.366584,68,98,0.54,30,0.018,5
2738.954828,35,99,0.16,64,0.0025,5
2738.853619,34,62,0.95,28,0.033928571,5
2738.807587,56,95,0.92,39,0.023589744,5
2738.794134,67,95,0.49,28,0.0175,5
2738.790925,36,93,0.43,57,0.00754386,5
2738.659451,57,81,0.67,24,0.027916667,5
2738.641424,55,97,0.87,42,0.020714286,5
2738.533951,42,59,0.47,17,0.027647059,5
2737.962734,53,86,0.86,33,0.026060606,5
2737.883277,54,91,0.77,37,0.020810811,5
2737.80139,33,60,0.88,27,0.032592593,5
2737.795561,57,74,0.52,17,0.030588235,5
2737.722793,33,63,0.89,30,0.029666667,5
2737.643916,61,75,0.37,14,0.026428571,5
2737.576213,37,62,0.72,25,0.0288,5
2737.405179,64,74,0.28,10,0.028,5
2737.39657,43,75,0.96,32,0.03,5
2736.694758,34,63,0.91,29,0.03137931,5
2736.281176,51,83,0.92,32,0.02875,5
2736.171046,62,80,0.47,18,0.026111111,5
2736.170616,65,77,0.31,12,0.025833333,5
2735.934334,58,75,0.55,17,0.032352941,5
2735.752603,43,64,0.08,21,0.003809524,5
2735.599871,44,73,0.88,29,0.030344828,5
2735.560257,34,65,0.95,31,0.030645161,5
2735.540176,37,92,0.41,55,0.007454545,5
2735.11288,51,88,0.97,37,0.026216216,5
2734.974652,41,51,0.33,10,0.033,5
2734.913088,62,75,0.37,13,0.028461538,5
2734.706061,46,49,0.1,3,0.033333333,5
2734.672416,57,93,0.78,36,0.021666667,5
2733.852713,35,97,0.17,62,0.002741935,5
2733.673338,32,56,0.91,24,0.037916667,5
2733.635293,55,96,0.86,41,0.02097561,5
2733.498141,51,89,0.98,38,0.025789474,5
2733.380269,69,94,0.44,25,0.0176,5
2733.36208,51,84,0.93,33,0.028181818,5
2733.004918,60,80,0.54,20,0.027,5
2733.004918,57,84,0.72,27,0.026666667,5
2732.957645,60,69,0.31,9,0.034444444,5
2732.734844,35,55,0.67,20,0.0335,5
2732.734844,34,56,0.74,22,0.033636364,5
2732.676045,40,50,0.33,10,0.033,5
2732.641714,58,85,0.69,27,0.025555556,5
2732.47479,55,91,0.94,36,0.026111111,5
2732.202806,55,96,0.98,41,0.023902439,5
2732.010342,37,91,0.39,54,0.007222222,5
2731.59917,61,79,0.47,18,0.026111111,5
2731.445624,65,98,0.59,33,0.017878788,5
2731.362254,34,61,0.87,27,0.032222222,5
2730.919376,38,58,0.62,20,0.031,5
2730.777323,35,55,0.69,20,0.0345,5
2730.519841,65,78,0.27,13,0.020769231,5
2730.203373,34,58,0.78,24,0.0325,5
2730.181895,54,91,0.98,37,0.026486486,5
2730.116595,58,87,0.76,29,0.026206897,5
2729.707934,33,55,0.84,22,0.038181818,5
2729.455829,62,78,0.43,16,0.026875,5
2729.452416,54,84,0.85,30,0.028333333,5
2729.44065,58,79,0.55,21,0.026190476,5
2729.360092,32,61,0.95,29,0.032758621,5
2729.298792,35,98,0.12,63,0.001904762,5
2729.084508,63,76,0.35,13,0.026923077,5
2729.019557,54,89,0.97,35,0.027714286,5
2728.351749,62,77,0.43,15,0.028666667,5
2728.327874,56,82,0.73,26,0.028076923,5
2728.327874,55,83,0.79,28,0.028214286,5
2728.271807,55,96,0.97,41,0.023658537,5
2728.096393,46,70,0.73,24,0.030416667,5
2727.870509,58,81,0.63,23,0.027391304,5
2727.870509,57,83,0.7,26,0.026923077,5
2727.870509,56,84,0.76,28,0.027142857,5
2727.855811,57,83,0.71,26,0.027307692,5
2727.632847,66,81,0.3,15,0.02,5
2727.191325,51,86,0.99,35,0.028285714,5
2727.14857,60,82,0.49,22,0.022272727,5
2727.08029,32,61,0.94,29,0.032413793,5
2726.987288,41,50,0.3,9,0.033333333,5
2726.887596,34,59,0.82,25,0.0328,5
2726.872525,60,77,0.48,17,0.028235294,5
2726.608447,37,56,0.62,19,0.032631579,5
2726.217053,36,96,0.15,60,0.0025,5
2726.094003,42,73,0.98,31,0.031612903,5
2725.728073,43,46,0.1,3,0.033333333,5
2725.654648,42,74,0.97,32,0.0303125,5
2725.605999,38,58,0.59,20,0.0295,5
2725.464668,58,82,0.65,24,0.027083333,5
2725.442684,38,57,0.6,19,0.031578947,5
2724.839441,58,73,0.46,15,0.030666667,5
2724.753618,56,95,0.82,39,0.021025641,5
2724.714909,38,55,0.55,17,0.032352941,5
2724.380822,56,96,0.94,40,0.0235,5
2724.380822,55,97,0.99,42,0.023571429,5
2723.412097,36,57,0.68,21,0.032380952,5
2723.373178,37,66,0.79,29,0.027241379,5
2723.278368,35,62,0.9,27,0.033333333,5
2722.929694,64,78,0.36,14,0.025714286,5
2722.817921,51,88,0.99,37,0.026756757,5
2722.73152,43,74,0.98,31,0.031612903,5
2722.729689,60,81,0.55,21,0.026190476,5
2722.584599,64,99,0.62,35,0.017714286,5
2722.267926,60,79,0.52,19,0.027368421,5
2721.887584,60,82,0.56,22,0.025454545,5
2721.611068,34,69,0.98,35,0.028,5
2721.47887,50,86,0.99,36,0.0275,5
2721.351899,42,52,0.34,10,0.034,5
2721.341289,56,82,0.74,26,0.028461538,5
2721.250971,44,72,0.88,28,0.031428571,5
2720.943801,35,98,0.18,63,0.002857143,5
2720.740059,34,72,0.92,38,0.024210526,5
2720.73647,35,62,0.89,27,0.032962963,5
2720.628237,33,63,0.93,30,0.031,5
2720.399956,65,74,0.24,9,0.026666667,5
2720.371592,54,98,0.92,44,0.020909091,5
2720.033264,54,97,0.91,43,0.021162791,5
2719.992933,59,75,0.51,16,0.031875,5
2719.914385,32,65,0.97,33,0.029393939,5
2719.866851,64,75,0.3,11,0.027272727,5
2719.866851,62,77,0.41,15,0.027333333,5
2719.681916,60,73,0.42,13,0.032307692,5
2719.659524,54,86,0.88,32,0.0275,5
2719.355825,44,72,0.86,28,0.030714286,5
2719.151821,60,82,0.57,22,0.025909091,5
2718.928759,32,61,0.93,29,0.032068966,5
2718.796923,55,96,0.87,41,0.021219512,5
2718.545986,59,74,0.48,15,0.032,5
2718.54361,66,74,0.21,8,0.02625,5
2718.432748,33,59,0.85,26,0.032692308,5
2718.196016,55,97,0.88,42,0.020952381,5
2718.096865,36,93,0.44,57,0.007719298,5
2717.873948,35,70,0.95,35,0.027142857,5
2717.871231,64,68,0.13,4,0.0325,5
2717.871231,62,70,0.26,8,0.0325,5
2717.871231,60,72,0.39,12,0.0325,5
2717.871231,58,74,0.52,16,0.0325,5
2717.729526,61,88,0.65,27,0.024074074,5
2717.682763,37,53,0.56,16,0.035,5
2717.664341,35,97,0.15,62,0.002419355,5
2717.325937,36,58,0.7,22,0.031818182,5
2717.325937,34,61,0.85,27,0.031481481,5
2716.966548,56,96,0.83,40,0.02075,5
2716.82279,54,88,0.88,34,0.025882353,5
2716.700718,77,86,0.16,9,0.017777778,5
2716.546448,66,75,0.23,9,0.025555556,5
2716.340363,43,74,0.97,31,0.031290323,5
2716.107248,57,89,0.84,32,0.02625,5
2715.7957,39,53,0.46,14,0.032857143,5
2715.546945,62,81,0.4,19,0.021052632,5
2715.339331,34,60,0.85,26,0.032692308,5
2715.324372,33,61,0.9,28,0.032142857,5
2715.27263,38,55,0.56,17,0.032941176,5
2715.208658,56,77,0.68,21,0.032380952,5
2715.050548,48,67,0.58,19,0.030526316,5
2714.958566,33,99,0.48,66,0.007272727,5
2714.711244,70,79,0.17,9,0.018888889,5
2714.657562,45,72,0.81,27,0.03,5
2714.125272,35,60,0.75,25,0.03,5
2714.105962,60,78,0.48,18,0.026666667,5
2714.020604,36,94,0.43,58,0.007413793,5
2713.911479,44,71,0.85,27,0.031481481,5
2713.707107,55,91,0.95,36,0.026388889,5
2713.033699,55,85,0.82,30,0.027333333,5
2712.99053,34,99,0.16,65,0.002461538,5
2712.958417,61,81,0.52,20,0.026,5
2712.870579,57,81,0.64,24,0.026666667,5
2712.837129,72,91,0.34,19,0.017894737,5
2712.80659,42,73,0.97,31,0.031290323,5
2712.789714,38,58,0.6,20,0.03,5
2712.534805,61,80,0.43,19,0.022631579,5
2712.532274,38,54,0.63,16,0.039375,5
2712.487314,64,69,0.16,5,0.032,5
2712.487314,62,71,0.29,9,0.032222222,5
2712.303499,49,57,0.21,8,0.02625,5
2712.084033,57,80,0.66,23,0.028695652,5
2711.97482,60,90,0.64,30,0.021333333,5
2711.962285,55,82,0.76,27,0.028148148,5
2711.933597,36,93,0.42,57,0.007368421,5
2711.858433,62,80,0.49,18,0.027222222,5
2711.623881,38,52,0.49,14,0.035,5
2711.449183,27,89,0.55,62,0.008870968,5
2711.391472,41,51,0.38,10,0.038,5
2711.209294,54,85,0.87,31,0.028064516,5
2711.209294,53,86,0.93,33,0.028181818,5
2711.148153,66,75,0.2,9,0.022222222,5
2710.849174,56,92,0.91,36,0.025277778,5
2710.849174,55,93,0.96,38,0.025263158,5
2710.804792,56,93,0.82,37,0.022162162,5
2710.739292,62,78,0.44,16,0.0275,5
2710.697965,51,87,0.93,36,0.025833333,5
2710.662227,56,78,0.7,22,0.031818182,5
2710.614423,34,97,0.44,63,0.006984127,5
2710.445462,57,82,0.66,25,0.0264,5
2710.330351,57,94,0.88,37,0.023783784,5
2710.330351,56,95,0.93,39,0.023846154,5
2710.250839,59,84,0.53,25,0.0212,5
2710.010843,67,96,0.51,29,0.017586207,5
2709.88361,56,88,0.87,32,0.0271875,5
2709.66762,35,55,0.7,20,0.035,5
2709.570746,62,69,0.23,7,0.032857143,5
2709.548204,61,81,0.44,20,0.022,5
2709.468764,59,83,0.53,24,0.022083333,5
2709.127793,63,79,0.35,16,0.021875,5
2709.116936,61,72,0.35,11,0.031818182,5
2709.103008,55,86,0.81,31,0.026129032,5
2708.759933,36,62,0.82,26,0.031538462,5
2708.546256,55,95,0.86,40,0.0215,5
2708.442654,34,63,0.9,29,0.031034483,5
2708.265503,46,71,0.75,25,0.03,5
2708.175745,51,89,0.99,38,0.026052632,5
2708.154006,55,87,0.83,32,0.0259375,5
2708.131403,58,77,0.59,19,0.031052632,5
2707.815817,52,87,0.91,35,0.026,5
2707.627986,61,83,0.58,22,0.026363636,5
2707.523258,68,71,0.08,3,0.026666667,5
2707.451888,35,99,0.18,64,0.0028125,5
2707.448164,36,57,0.69,21,0.032857143,5
2707.257992,40,49,0.3,9,0.033333333,5
2707.096075,35,61,0.87,26,0.033461538,5
2706.995318,60,82,0.6,22,0.027272727,5
2706.712188,62,80,0.4,18,0.022222222,5
2706.513383,59,77,0.52,18,0.028888889,5
2706.236876,59,78,0.54,19,0.028421053,5
2706.105645,34,55,0.76,21,0.036190476,5
2706.070338,53,84,0.88,31,0.028387097,5
2706.070338,52,85,0.94,33,0.028484848,5
2706.033351,63,79,0.41,16,0.025625,5
2705.870187,39,54,0.49,15,0.032666667,5
2705.715589,33,61,0.91,28,0.0325,5
2705.701478,51,78,0.94,27,0.034814815,5
2705.45883,35,57,0.76,22,0.034545455,5
2705.317652,57,84,0.62,27,0.022962963,5
2705.133152,66,75,0.24,9,0.026666667,5
2704.792565,36,92,0.41,56,0.007321429,5
2704.690739,60,74,0.44,14,0.031428571,5
2704.216789,40,56,0.53,16,0.033125,5
2703.859827,56,85,0.75,29,0.025862069,5
2703.785759,35,95,0.46,60,0.007666667,5
2703.676034,37,95,0.15,58,0.002586207,5
2703.670338,74,89,0.27,15,0.018,5
2703.670338,71,92,0.38,21,0.018095238,5
2703.670338,70,94,0.43,24,0.017916667,5
2703.014695,34,99,0.15,65,0.002307692,5
2702.998126,58,79,0.6,21,0.028571429,5
2702.440082,59,79,0.55,20,0.0275,5
2702.382173,68,96,0.5,28,0.017857143,5
2702.242057,41,52,0.39,11,0.035454545,5
2702.207673,35,59,0.77,24,0.032083333,5
2701.961539,71,93,0.39,22,0.017727273,5
2701.892991,63,82,0.39,19,0.020526316,5
2701.815442,36,95,0.16,59,0.002711864,5
2701.211205,54,58,0.13,4,0.0325,5
2701.211205,52,60,0.26,8,0.0325,5
2701.182246,34,64,0.85,30,0.028333333,5
2701.131173,67,95,0.5,28,0.017857143,5
2701.086275,56,86,0.84,30,0.028,5
2701.077456,56,94,0.83,38,0.021842105,5
2700.899178,56,86,0.77,30,0.025666667,5
2700.667264,56,80,0.68,24,0.028333333,5
2700.526189,68,74,0.13,6,0.021666667,5
2700.491634,38,60,0.65,22,0.029545455,5
2700.470133,38,50,0.44,12,0.036666667,5
2700.453684,62,79,0.44,17,0.025882353,5
2700.208074,61,74,0.37,13,0.028461538,5
2699.907052,56,85,0.67,29,0.023103448,5
2699.907052,54,88,0.78,34,0.022941176,5
2699.759861,65,79,0.29,14,0.020714286,5
2699.689888,53,89,0.93,36,0.025833333,5
2699.679586,54,87,0.86,33,0.026060606,5
2699.660235,46,69,0.71,23,0.030869565,5
2699.632939,79,84,0.09,5,0.018,5
2699.632939,73,91,0.32,18,0.017777778,5
2699.567164,62,84,0.45,22,0.020454545,5
2699.435803,53,79,0.79,26,0.030384615,5
2699.433363,41,48,0.25,7,0.035714286,5
2698.940215,59,81,0.51,22,0.023181818,5
2698.911079,34,70,0.99,36,0.0275,5
2698.910943,64,70,0.19,6,0.031666667,5
2698.910943,61,73,0.38,12,0.031666667,5
2698.656813,55,78,0.75,23,0.032608696,5
2698.361852,40,62,0.6,22,0.027272727,5
2698.311036,55,94,0.97,39,0.024871795,5
2698.276117,57,94,0.79,37,0.021351351,5
2698.208564,36,62,0.81,26,0.031153846,5
2698.103906,62,79,0.38,17,0.022352941,5
2698.091091,43,51,0.27,8,0.03375,5
2698.084291,51,85,0.93,34,0.027352941,5
2697.788935,52,90,0.99,38,0.026052632,5
2697.758176,57,93,0.87,36,0.024166667,5
2697.715989,66,99,0.6,33,0.018181818,5
2697.594005,42,72,0.97,30,0.032333333,5
2697.536359,36,93,0.41,57,0.007192982,5
2697.478505,73,87,0.25,14,0.017857143,5
2697.360631,36,51,0.57,15,0.038,5
2697.219828,43,72,0.92,29,0.031724138,5
2697.20473,58,78,0.57,20,0.0285,5
2697.137692,64,77,0.29,13,0.022307692,5
2696.979229,35,62,0.83,27,0.030740741,5
2696.590305,36,95,0.17,59,0.002881356,5
2696.486624,45,46,0.04,1,0.04,5
2696.486624,44,47,0.12,3,0.04,5
2696.452106,64,81,0.35,17,0.020588235,5
2696.197887,62,86,0.48,24,0.02,5
2695.825427,66,78,0.25,12,0.020833333,5
2695.485869,62,75,0.35,13,0.026923077,5
2695.352401,74,88,0.26,14,0.018571429,5
2695.128892,32,62,0.98,30,0.032666667,5
2694.63051,64,76,0.33,12,0.0275,5
2694.615886,53,88,0.91,35,0.026,5
2694.460647,47,63,0.51,16,0.031875,5
2694.051123,60,75,0.43,15,0.028666667,5
2693.863673,36,58,0.71,22,0.032272727,5
2693.774124,46,64,0.58,18,0.032222222,5
2693.745738,37,51,0.52,14,0.037142857,5
2693.724354,36,99,0.11,63,0.001746032,5
2693.551957,33,60,0.92,27,0.034074074,5
2693.502326,53,89,0.94,36,0.026111111,5
2693.310907,40,57,0.51,17,0.03,5
2693.241655,64,75,0.31,11,0.028181818,5
2693.158273,62,68,0.2,6,0.033333333,5
2693.127925,43,71,0.89,28,0.031785714,5
2692.97878,51,64,0.41,13,0.031538462,5
2692.882921,57,91,0.86,34,0.025294118,5
2692.882921,55,94,0.98,39,0.025128205,5
2692.864325,43,72,0.91,29,0.03137931,5
