% profit,ema1,ema2,threshold,diff,thresh / diff,ID
3933.225323,57,67,0.35,10,0.035,36
3915.883437,52,84,0.94,32,0.029375,36
3887.236407,59,65,0.21,6,0.035,36
3861.268317,52,85,0.95,33,0.028787879,36
3838.897184,58,66,0.28,8,0.035,36
3809.072659,52,86,0.95,34,0.027941176,36
3785.74848,52,85,0.96,33,0.029090909,36
3772.565422,52,88,0.96,36,0.026666667,36
3760.305567,52,86,0.96,34,0.028235294,36
3742.930585,54,84,0.84,30,0.028,36
3742.930585,53,85,0.9,32,0.028125,36
3735.806147,52,88,0.97,36,0.026944444,36
3732.903166,53,84,0.89,31,0.028709677,36
3731.967085,53,85,0.91,32,0.0284375,36
3730.479473,55,74,0.58,19,0.030526316,36
3721.16206,54,83,0.83,29,0.02862069,36
3721.16206,52,86,0.97,34,0.028529412,36
3718.676808,53,83,0.88,30,0.029333333,36
3716.219052,55,84,0.79,29,0.027241379,36
3716.219052,54,85,0.85,31,0.027419355,36
3716.219052,53,86,0.9,33,0.027272727,36
3716.219052,52,87,0.96,35,0.027428571,36
3716.219052,52,88,0.98,36,0.027222222,36
3715.862426,54,85,0.86,31,0.027741935,36
3715.862426,53,86,0.92,33,0.027878788,36
3715.862426,52,87,0.98,35,0.028,36
3704.148072,52,84,0.95,32,0.0296875,36
3702.958279,55,82,0.77,27,0.028518519,36
3702.958279,52,87,0.99,35,0.028285714,36
3683.436351,55,85,0.8,30,0.026666667,36
3682.398912,55,83,0.78,28,0.027857143,36
3682.398912,53,86,0.91,33,0.027575758,36
3682.398912,52,87,0.97,35,0.027714286,36
3655.910515,61,63,0.07,2,0.035,36
3655.910515,60,64,0.14,4,0.035,36
3655.757116,55,84,0.8,29,0.027586207,36
3635.576477,53,88,0.93,35,0.026571429,36
3621.974204,51,86,0.97,35,0.027714286,36
3615.750536,56,84,0.75,28,0.026785714,36
3615.750536,56,85,0.77,29,0.026551724,36
3612.436735,54,86,0.86,32,0.026875,36
3611.381895,53,86,0.95,33,0.028787879,36
3610.945785,55,86,0.82,31,0.026451613,36
3610.945785,54,88,0.89,34,0.026176471,36
3609.401968,65,72,0.2,7,0.028571429,36
3602.270941,53,86,0.94,33,0.028484848,36
3593.913401,56,82,0.75,26,0.028846154,36
3593.913401,55,83,0.81,28,0.028928571,36
3592.512667,52,85,0.91,33,0.027575758,36
3591.167826,52,90,0.99,38,0.026052632,36
3589.137378,53,87,0.91,34,0.026764706,36
3588.625564,53,85,0.92,32,0.02875,36
3587.082978,58,82,0.64,24,0.026666667,36
3586.912215,53,85,0.94,32,0.029375,36
3581.571544,60,80,0.53,20,0.0265,36
3581.571544,57,83,0.69,26,0.026538462,36
3581.571544,57,84,0.71,27,0.026296296,36
3580.874413,53,83,0.89,30,0.029666667,36
3580.768924,57,81,0.68,24,0.028333333,36
3574.789471,51,87,0.98,36,0.027222222,36
3573.061376,58,80,0.63,22,0.028636364,36
3572.565972,56,83,0.74,27,0.027407407,36
3571.187315,56,70,0.48,14,0.034285714,36
3571.187315,55,71,0.55,16,0.034375,36
3569.42467,57,82,0.68,25,0.0272,36
3568.728974,52,85,0.97,33,0.029393939,36
3564.62681,59,77,0.53,18,0.029444444,36
3564.62681,58,78,0.59,20,0.0295,36
3564.62681,57,79,0.65,22,0.029545455,36
3564.62681,56,80,0.71,24,0.029583333,36
3563.434444,52,86,0.99,34,0.029117647,36
3562.782829,52,86,0.98,34,0.028823529,36
3562.116029,64,73,0.26,9,0.028888889,36
3561.950139,53,88,0.92,35,0.026285714,36
3558.684318,54,86,0.85,32,0.0265625,36
3558.4706,54,84,0.87,30,0.029,36
3558.4706,53,85,0.93,32,0.0290625,36
3558.114665,51,88,0.99,37,0.026756757,36
3557.490773,53,84,0.91,31,0.029354839,36
3556.501833,52,89,0.97,37,0.026216216,36
3556.130419,54,87,0.88,33,0.026666667,36
3552.94289,52,86,0.92,34,0.027058824,36
3552.534982,57,80,0.67,23,0.029130435,36
3552.534982,56,81,0.73,25,0.0292,36
3552.534982,55,82,0.79,27,0.029259259,36
3547.742322,53,89,0.94,36,0.026111111,36
3547.314415,54,82,0.83,28,0.029642857,36
3547.209888,62,75,0.37,13,0.028461538,36
3544.619218,58,80,0.62,22,0.028181818,36
3543.511213,57,70,0.44,13,0.033846154,36
3540.908114,53,77,0.73,24,0.030416667,36
3539.049208,56,85,0.76,29,0.026206897,36
3539.049208,54,87,0.87,33,0.026363636,36
3537.460817,57,83,0.7,26,0.026923077,36
3537.460817,55,85,0.81,30,0.027,36
3537.460817,54,86,0.87,32,0.0271875,36
3537.460817,53,88,0.94,35,0.026857143,36
3536.141811,55,81,0.77,26,0.029615385,36
3535.697484,50,78,0.89,28,0.031785714,36
3535.173135,57,80,0.66,23,0.028695652,36
3534.216836,53,87,0.92,34,0.027058824,36
3533.877219,52,88,0.99,36,0.0275,36
3533.436387,60,77,0.49,17,0.028823529,36
3532.023558,53,89,0.95,36,0.026388889,36
3530.152984,59,78,0.55,19,0.028947368,36
3529.507288,57,81,0.69,24,0.02875,36
3528.754165,53,85,0.86,32,0.026875,36
3528.718772,55,81,0.72,26,0.027692308,36
3526.704182,61,76,0.43,15,0.028666667,36
3524.95642,56,81,0.72,25,0.0288,36
3524.95642,56,82,0.74,26,0.028461538,36
3524.95642,55,82,0.78,27,0.028888889,36
3524.95642,55,83,0.8,28,0.028571429,36
3524.95642,54,84,0.86,30,0.028666667,36
3524.143973,54,83,0.85,29,0.029310345,36
3523.885186,57,78,0.59,21,0.028095238,36
3522.431565,53,84,0.85,31,0.027419355,36
3520.63472,61,74,0.36,13,0.027692308,36
3517.028675,54,85,0.87,31,0.028064516,36
3514.177675,53,83,0.83,30,0.027666667,36
3512.777094,52,89,0.99,37,0.026756757,36
3512.523543,52,87,0.95,35,0.027142857,36
3512.377175,52,86,0.93,34,0.027352941,36
3511.871301,52,85,0.9,33,0.027272727,36
3511.83991,55,86,0.83,31,0.026774194,36
3511.288458,53,87,0.93,34,0.027352941,36
3510.915448,49,79,0.96,30,0.032,36
3509.649391,59,78,0.54,19,0.028421053,36
3503.41975,49,80,0.98,31,0.031612903,36
3503.146979,54,82,0.78,28,0.027857143,36
3501.02422,55,81,0.76,26,0.029230769,36
3500.748666,59,79,0.56,20,0.028,36
3499.876152,51,87,0.97,36,0.026944444,36
3499.471236,58,79,0.6,21,0.028571429,36
3498.043939,56,67,0.39,11,0.035454545,36
3497.150832,60,75,0.42,15,0.028,36
3497.130171,54,82,0.82,28,0.029285714,36
3496.727309,56,80,0.66,24,0.0275,36
3495.402699,51,76,0.81,25,0.0324,36
3494.581783,57,79,0.6,22,0.027272727,36
3494.479069,57,81,0.67,24,0.027916667,36
3494.305479,51,80,0.88,29,0.030344828,36
3494.193503,53,84,0.88,31,0.028387097,36
3494.193503,52,85,0.94,33,0.028484848,36
3491.322006,56,80,0.67,24,0.027916667,36
3489.993414,56,80,0.7,24,0.029166667,36
3489.488795,62,74,0.35,12,0.029166667,36
3489.488795,61,75,0.41,14,0.029285714,36
3489.488795,60,76,0.47,16,0.029375,36
3489.488795,58,79,0.61,21,0.029047619,36
3489.354862,54,83,0.84,29,0.028965517,36
3488.548117,56,84,0.74,28,0.026428571,36
3486.111294,53,84,0.9,31,0.029032258,36
3482.985576,54,82,0.81,28,0.028928571,36
3482.985576,53,83,0.87,30,0.029,36
3482.985576,52,84,0.93,32,0.0290625,36
3482.323577,55,83,0.79,28,0.028214286,36
3482.323577,54,84,0.85,30,0.028333333,36
3482.323577,53,86,0.93,33,0.028181818,36
3481.835203,63,72,0.25,9,0.027777778,36
3479.077549,52,77,0.78,25,0.0312,36
3478.026414,58,78,0.55,20,0.0275,36
3477.043592,51,78,0.84,27,0.031111111,36
3476.76904,54,87,0.89,33,0.026969697,36
3476.76904,53,88,0.95,35,0.027142857,36
3476.116239,53,83,0.84,30,0.028,36
3475.880885,59,76,0.48,17,0.028235294,36
3475.207233,50,79,0.91,29,0.03137931,36
3472.135214,60,78,0.5,18,0.027777778,36
3471.536621,51,86,0.96,35,0.027428571,36
3469.903685,52,89,0.98,37,0.026486486,36
3468.588221,52,76,0.76,24,0.031666667,36
3467.651202,52,87,0.94,35,0.026857143,36
3467.468265,55,83,0.82,28,0.029285714,36
3467.402423,54,84,0.88,30,0.029333333,36
3466.199773,56,82,0.73,26,0.028076923,36
3465.717508,53,87,0.94,34,0.027647059,36
3462.956995,58,80,0.61,22,0.027727273,36
3462.665577,51,77,0.83,26,0.031923077,36
3461.895724,55,81,0.71,26,0.027307692,36
3461.895724,54,82,0.77,28,0.0275,36
3461.393966,55,81,0.74,26,0.028461538,36
3461.393966,54,82,0.8,28,0.028571429,36
3461.393966,53,83,0.86,30,0.028666667,36
3461.026576,51,78,0.85,27,0.031481481,36
3458.022491,49,81,0.99,32,0.0309375,36
3456.679631,54,75,0.65,21,0.030952381,36
3455.864066,53,76,0.71,23,0.030869565,36
3453.411291,56,81,0.68,25,0.0272,36
3453.025776,61,66,0.17,5,0.034,36
3453.025776,56,71,0.51,15,0.034,36
3452.833673,51,85,0.99,34,0.029117647,36
3452.798772,52,84,0.92,32,0.02875,36
3452.737039,56,79,0.67,23,0.029130435,36
3452.339215,50,81,0.94,31,0.030322581,36
3451.56577,58,77,0.53,19,0.027894737,36
3451.291604,54,83,0.79,29,0.027241379,36
3450.559196,57,79,0.61,22,0.027727273,36
3448.815317,55,72,0.58,17,0.034117647,36
3447.505625,57,66,0.32,9,0.035555556,36
3446.615495,58,69,0.38,11,0.034545455,36
3446.361871,53,84,0.84,31,0.027096774,36
3445.956001,55,82,0.74,27,0.027407407,36
3445.956001,53,85,0.87,32,0.0271875,36
3444.845431,59,76,0.47,17,0.027647059,36
3442.482812,60,78,0.51,18,0.028333333,36
3439.372144,54,83,0.81,29,0.027931034,36
3438.096334,54,93,0.88,39,0.022564103,36
3435.551247,51,87,0.99,36,0.0275,36
3434.266407,52,86,0.94,34,0.027647059,36
3433.750888,54,85,0.89,31,0.028709677,36
3432.131693,50,79,0.92,29,0.031724138,36
3430.449225,59,68,0.31,9,0.034444444,36
3429.729477,54,73,0.65,19,0.034210526,36
3429.729477,53,74,0.72,21,0.034285714,36
3427.848992,54,83,0.8,29,0.027586207,36
3427.834092,52,76,0.82,24,0.034166667,36
3427.279066,51,77,0.89,26,0.034230769,36
3426.519917,53,86,0.88,33,0.026666667,36
3425.120671,50,78,0.9,28,0.032142857,36
3420.426349,53,85,0.88,32,0.0275,36
3418.652087,54,73,0.61,19,0.032105263,36
3414.947233,61,77,0.45,16,0.028125,36
3414.553226,54,84,0.81,30,0.027,36
3414.16419,56,72,0.5,16,0.03125,36
3412.677801,54,76,0.67,22,0.030454545,36
3412.523542,52,86,0.91,34,0.026764706,36
3411.753432,60,67,0.24,7,0.034285714,36
3411.753432,53,75,0.75,22,0.034090909,36
3409.490163,54,81,0.8,27,0.02962963,36
3407.874822,52,77,0.77,25,0.0308,36
3406.234744,52,72,0.71,20,0.0355,36
3406.076593,53,79,0.77,26,0.029615385,36
3405.004934,53,84,0.87,31,0.028064516,36
3405.004934,52,85,0.93,33,0.028181818,36
3405.004934,51,86,0.99,35,0.028285714,36
3402.774424,53,84,0.86,31,0.027741935,36
3402.013748,55,81,0.73,26,0.028076923,36
3402.013748,54,82,0.79,28,0.028214286,36
3401.673216,59,79,0.57,20,0.0285,36
3401.164833,55,80,0.73,25,0.0292,36
3398.602106,54,74,0.63,20,0.0315,36
3396.837092,57,78,0.6,21,0.028571429,36
3396.695669,56,73,0.52,17,0.030588235,36
3395.8428,58,77,0.54,19,0.028421053,36
3395.375066,55,84,0.82,29,0.028275862,36
3394.976477,49,80,0.99,31,0.031935484,36
3393.801038,52,87,0.93,35,0.026571429,36
3393.597877,54,85,0.84,31,0.027096774,36
3393.019828,63,67,0.13,4,0.0325,36
3393.019828,61,69,0.26,8,0.0325,36
3392.703645,52,78,0.79,26,0.030384615,36
3391.564262,59,77,0.49,18,0.027222222,36
3391.564262,55,82,0.73,27,0.027037037,36
3388.247735,65,70,0.14,5,0.028,36
3387.413482,53,75,0.7,22,0.031818182,36
3386.733975,53,78,0.75,25,0.03,36
3385.934991,52,88,0.95,36,0.026388889,36
3385.202768,53,90,0.96,37,0.025945946,36
3384.443174,55,92,0.83,37,0.022432432,36
3383.349319,52,85,0.92,33,0.027878788,36
3381.526452,62,75,0.36,13,0.027692308,36
3381.526452,60,77,0.47,17,0.027647059,36
3378.909043,52,85,0.89,33,0.026969697,36
3377.723435,54,83,0.82,29,0.028275862,36
3376.306514,55,83,0.76,28,0.027142857,36
3376.199766,57,80,0.62,23,0.026956522,36
3375.984696,61,68,0.23,7,0.032857143,36
3374.94248,51,86,0.98,35,0.028,36
3374.693018,57,82,0.7,25,0.028,36
3374.693018,56,83,0.76,27,0.028148148,36
3374.232282,62,76,0.38,14,0.027142857,36
3374.232282,60,78,0.49,18,0.027222222,36
3374.232282,58,80,0.6,22,0.027272727,36
3373.170967,63,76,0.35,13,0.026923077,36
3372.701386,52,84,0.91,32,0.0284375,36
3372.701386,51,85,0.97,34,0.028529412,36
3372.557215,49,79,0.97,30,0.032333333,36
3372.469458,61,78,0.46,17,0.027058824,36
3372.469458,59,80,0.57,21,0.027142857,36
3372.362633,52,84,0.9,32,0.028125,36
3372.224662,51,85,0.98,34,0.028823529,36
3372.078992,58,78,0.57,20,0.0285,36
3372.078992,57,79,0.63,22,0.028636364,36
3371.887087,56,80,0.69,24,0.02875,36
3370.547103,50,77,0.88,27,0.032592593,36
3370.170885,62,76,0.39,14,0.027857143,36
3370.170885,56,83,0.75,27,0.027777778,36
3368.448593,61,79,0.48,18,0.026666667,36
3367.130667,64,74,0.27,10,0.027,36
3367.070329,57,80,0.65,23,0.02826087,36
3366.878701,55,81,0.75,26,0.028846154,36
3365.944068,56,83,0.73,27,0.027037037,36
3364.869977,59,76,0.49,17,0.028823529,36
3364.869977,58,77,0.55,19,0.028947368,36
3364.846162,54,85,0.88,31,0.028387097,36
3363.47511,51,81,0.9,30,0.03,36
3360.654309,55,87,0.84,32,0.02625,36
3360.004238,62,73,0.31,11,0.028181818,36
3359.72001,51,79,0.85,28,0.030357143,36
3359.72001,51,80,0.87,29,0.03,36
3359.63947,53,83,0.85,30,0.028333333,36
3359.332257,56,66,0.36,10,0.036,36
3358.562452,52,79,0.81,27,0.03,36
3358.555162,54,84,0.82,30,0.027333333,36
3358.021192,56,75,0.57,19,0.03,36
3358.021192,55,76,0.63,21,0.03,36
3356.616597,60,68,0.25,8,0.03125,36
3356.151108,59,72,0.38,13,0.029230769,36
3356.061285,59,77,0.5,18,0.027777778,36
3355.363232,58,78,0.56,20,0.028,36
3354.050834,53,70,0.61,17,0.035882353,36
3353.703298,56,71,0.48,15,0.032,36
3353.703298,55,73,0.57,18,0.031666667,36
3353.544295,51,86,0.95,35,0.027142857,36
3353.279285,55,83,0.75,28,0.026785714,36
3352.816018,56,82,0.71,26,0.027307692,36
3352.041239,54,85,0.83,31,0.026774194,36
3352.041239,53,86,0.89,33,0.026969697,36
3351.567428,57,65,0.29,8,0.03625,36
3348.453182,56,79,0.66,23,0.028695652,36
3348.388852,53,87,0.95,34,0.027941176,36
3348.36355,60,75,0.43,15,0.028666667,36
3348.010688,59,81,0.59,22,0.026818182,36
3344.778621,63,73,0.28,10,0.028,36
3344.778621,61,75,0.39,14,0.027857143,36
3344.778621,58,79,0.58,21,0.027619048,36
3344.765539,53,91,0.98,38,0.025789474,36
3343.451776,56,82,0.72,26,0.027692308,36
3343.322524,66,73,0.19,7,0.027142857,36
3342.595073,57,82,0.69,25,0.0276,36
3342.527475,59,78,0.52,19,0.027368421,36
3342.440592,52,84,0.89,32,0.0278125,36
3342.318612,53,87,0.9,34,0.026470588,36
3339.386962,55,88,0.86,33,0.026060606,36
3339.386962,54,90,0.93,36,0.025833333,36
3339.386962,53,91,0.99,38,0.026052632,36
3338.001672,53,78,0.74,25,0.0296,36
3337.61037,57,78,0.61,21,0.029047619,36
3335.408791,57,81,0.65,24,0.027083333,36
3335.396443,58,73,0.44,15,0.029333333,36
3335.396443,57,74,0.5,17,0.029411765,36
3335.396443,56,75,0.56,19,0.029473684,36
3335.364621,57,80,0.64,23,0.027826087,36
3335.268945,64,70,0.17,6,0.028333333,36
3335.233581,54,89,0.91,35,0.026,36
3334.918443,57,74,0.51,17,0.03,36
3334.152534,55,77,0.64,22,0.029090909,36
3334.152534,54,78,0.7,24,0.029166667,36
3332.86788,58,81,0.64,23,0.027826087,36
3332.86788,54,86,0.89,32,0.0278125,36
3332.648792,53,93,0.93,40,0.02325,36
3332.301944,61,66,0.16,5,0.032,36
3332.1708,58,75,0.49,17,0.028823529,36
3331.901574,54,74,0.64,20,0.032,36
3331.901574,52,76,0.77,24,0.032083333,36
3330.453026,57,82,0.67,25,0.0268,36
3330.453026,55,84,0.78,29,0.026896552,36
3330.408921,59,78,0.53,19,0.027894737,36
3330.408921,57,81,0.66,24,0.0275,36
3329.165494,56,89,0.77,33,0.023333333,36
3329.022613,55,84,0.81,29,0.027931034,36
3328.551216,56,81,0.71,25,0.0284,36
3327.610139,57,88,0.72,31,0.023225806,36
3327.311047,57,71,0.44,14,0.031428571,36
3327.113358,60,76,0.44,16,0.0275,36
3326.704432,59,85,0.62,26,0.023846154,36
3326.107515,54,86,0.88,32,0.0275,36
3325.890015,54,82,0.76,28,0.027142857,36
3325.55985,55,75,0.6,20,0.03,36
3325.55985,54,76,0.66,22,0.03,36
3323.582141,50,82,0.96,32,0.03,36
3323.36932,61,73,0.34,12,0.028333333,36
3322.855784,64,74,0.28,10,0.028,36
3322.785483,57,75,0.52,18,0.028888889,36
3322.785483,56,76,0.58,20,0.029,36
3322.67787,57,77,0.57,20,0.0285,36
3322.51647,64,72,0.22,8,0.0275,36
3322.51647,62,74,0.33,12,0.0275,36
3322.049796,57,80,0.63,23,0.027391304,36
3321.830161,54,80,0.74,26,0.028461538,36
3321.604767,51,85,0.95,34,0.027941176,36
3321.30665,56,81,0.69,25,0.0276,36
3321.139022,53,81,0.8,28,0.028571429,36
3318.78241,59,79,0.55,20,0.0275,36
3318.435208,50,80,0.91,30,0.030333333,36
3317.413071,59,74,0.43,15,0.028666667,36
3317.091135,54,92,0.87,38,0.022894737,36
3316.837659,60,77,0.46,17,0.027058824,36
3316.837659,58,79,0.57,21,0.027142857,36
3312.303101,54,77,0.69,23,0.03,36
3311.602091,55,79,0.69,24,0.02875,36
3311.536086,56,78,0.63,22,0.028636364,36
3311.393902,49,81,0.97,32,0.0303125,36
3310.906132,63,70,0.2,7,0.028571429,36
3310.906132,58,76,0.51,18,0.028333333,36
3309.548302,57,79,0.62,22,0.028181818,36
3309.514326,60,74,0.4,14,0.028571429,36
3309.262798,54,84,0.83,30,0.027666667,36
3308.746318,61,77,0.43,16,0.026875,36
3308.309036,55,77,0.65,22,0.029545455,36
3308.309036,54,78,0.71,24,0.029583333,36
3307.541897,59,68,0.29,9,0.032222222,36
3307.541897,57,70,0.42,13,0.032307692,36
3306.692837,52,77,0.79,25,0.0316,36
3306.351173,52,94,0.98,42,0.023333333,36
3306.34671,55,83,0.77,28,0.0275,36
3305.116193,53,74,0.68,21,0.032380952,36
3304.132743,50,85,0.99,35,0.028285714,36
3303.46266,52,73,0.71,21,0.033809524,36
3303.407939,57,85,0.73,28,0.026071429,36
3302.978522,61,71,0.29,10,0.029,36
3302.293246,58,82,0.65,24,0.027083333,36
3302.293246,56,84,0.76,28,0.027142857,36
3302.007321,56,81,0.7,25,0.028,36
3300.966986,55,72,0.55,17,0.032352941,36
3300.548236,56,83,0.72,27,0.026666667,36
3299.865308,56,74,0.54,18,0.03,36
3299.152869,59,80,0.58,21,0.027619048,36
3299.152869,56,84,0.77,28,0.0275,36
3299.152869,55,85,0.83,30,0.027666667,36
3299.115978,57,76,0.55,19,0.028947368,36
3298.292623,51,84,0.98,33,0.02969697,36
3298.189449,65,66,0.03,1,0.03,36
3298.189449,64,67,0.09,3,0.03,36
3298.189449,63,68,0.15,5,0.03,36
3297.853308,61,74,0.37,13,0.028461538,36
3297.349816,53,76,0.72,23,0.031304348,36
3297.254168,61,67,0.2,6,0.033333333,36
3297.101578,62,71,0.26,9,0.028888889,36
3297.09974,58,79,0.59,21,0.028095238,36
3297.09974,55,82,0.76,27,0.028148148,36
3297.09478,56,77,0.61,21,0.029047619,36
3296.848911,58,73,0.45,15,0.03,36
3295.854542,52,83,0.93,31,0.03,36
3294.876511,60,72,0.36,12,0.03,36
3294.876511,59,73,0.42,14,0.03,36
3294.753625,63,74,0.3,11,0.027272727,36
3294.753625,61,76,0.41,15,0.027333333,36
3294.520825,52,83,0.87,31,0.028064516,36
3294.334787,58,72,0.42,14,0.03,36
3293.533628,58,81,0.62,23,0.026956522,36
3293.383118,60,72,0.35,12,0.029166667,36
3292.515292,57,81,0.7,24,0.029166667,36
3292.125669,54,88,0.9,34,0.026470588,36
3292.125669,53,89,0.96,36,0.026666667,36
3292.120363,57,89,0.72,32,0.0225,36
3289.857035,58,80,0.59,22,0.026818182,36
3288.995536,53,85,0.89,32,0.0278125,36
3288.53077,55,82,0.75,27,0.027777778,36
3288.112706,52,83,0.88,31,0.028387097,36
3287.77387,52,81,0.85,29,0.029310345,36
3287.746548,53,73,0.67,20,0.0335,36
3287.73373,59,79,0.54,20,0.027,36
3286.203118,53,82,0.87,29,0.03,36
3284.010474,52,80,0.83,28,0.029642857,36
3283.398867,55,80,0.7,25,0.028,36
3283.398867,54,81,0.76,27,0.028148148,36
3283.088878,50,83,0.98,33,0.02969697,36
3283.072899,59,74,0.44,15,0.029333333,36
3283.072899,58,75,0.5,17,0.029411765,36
3282.517054,58,74,0.48,16,0.03,36
3282.517054,57,75,0.54,18,0.03,36
3282.25157,66,70,0.11,4,0.0275,36
3282.162662,53,82,0.81,29,0.027931034,36
3281.342559,56,77,0.62,21,0.02952381,36
3281.342559,55,78,0.68,23,0.029565217,36
3281.317914,59,77,0.51,18,0.028333333,36
3280.74112,57,76,0.56,19,0.029473684,36
3279.422967,54,79,0.72,25,0.0288,36
3278.042049,49,78,0.95,29,0.032758621,36
3278.025404,54,72,0.6,18,0.033333333,36
3277.921709,51,85,0.94,34,0.027647059,36
3277.436855,54,91,0.87,37,0.023513514,36
3277.187101,51,84,0.93,33,0.028181818,36
3276.807064,51,84,0.97,33,0.029393939,36
3276.441678,56,80,0.68,24,0.028333333,36
3275.984069,56,70,0.46,14,0.032857143,36
3275.413994,58,68,0.33,10,0.033,36
3275.413994,55,71,0.53,16,0.033125,36
3275.413994,52,74,0.73,22,0.033181818,36
3275.196071,53,81,0.79,28,0.028214286,36
3274.916182,55,90,0.82,35,0.023428571,36
3274.770901,64,66,0.06,2,0.03,36
3274.770901,63,67,0.12,4,0.03,36
3274.683039,52,75,0.76,23,0.033043478,36
3274.683039,51,76,0.83,25,0.0332,36
3274.587226,53,77,0.72,24,0.03,36
3273.534346,53,82,0.86,29,0.029655172,36
3273.303663,51,83,0.93,32,0.0290625,36
3273.070238,56,82,0.7,26,0.026923077,36
3272.976981,58,71,0.43,13,0.033076923,36
3272.643724,54,73,0.62,19,0.032631579,36
3272.444844,62,68,0.18,6,0.03,36
3272.444844,61,69,0.24,8,0.03,36
3272.444844,60,70,0.3,10,0.03,36
3272.444844,59,71,0.36,12,0.03,36
3272.280726,50,77,0.89,27,0.032962963,36
3272.198197,60,76,0.45,16,0.028125,36
3272.141404,60,79,0.52,19,0.027368421,36
3272.141404,58,81,0.63,23,0.027391304,36
3272.141404,55,85,0.82,30,0.027333333,36
3272.074213,56,71,0.49,15,0.032666667,36
3272.074213,53,74,0.69,21,0.032857143,36
3271.894387,62,75,0.38,13,0.029230769,36
3270.772779,64,75,0.3,11,0.027272727,36
3269.7272,57,73,0.48,16,0.03,36
3269.673757,51,76,0.82,25,0.0328,36
3269.470049,52,75,0.75,23,0.032608696,36
3269.286199,62,69,0.21,7,0.03,36
3269.286199,61,70,0.27,9,0.03,36
3269.286199,60,71,0.33,11,0.03,36
3269.286199,59,72,0.39,13,0.03,36
3268.901074,53,73,0.66,20,0.033,36
3268.568529,51,77,0.84,26,0.032307692,36
3268.17153,49,79,0.98,30,0.032666667,36
3268.167573,65,67,0.06,2,0.03,36
3268.167573,64,68,0.12,4,0.03,36
3268.167573,63,69,0.18,6,0.03,36
3268.167573,62,70,0.24,8,0.03,36
3268.167573,61,71,0.3,10,0.03,36
3268.098135,56,79,0.65,23,0.02826087,36
3267.931371,52,83,0.92,31,0.029677419,36
3267.809493,52,79,0.8,27,0.02962963,36
3267.556397,62,77,0.41,15,0.027333333,36
3267.316491,53,81,0.83,28,0.029642857,36
3267.28218,51,72,0.76,21,0.036190476,36
3266.812394,51,82,0.92,31,0.029677419,36
3266.136149,53,75,0.71,22,0.032272727,36
3265.567737,50,78,0.91,28,0.0325,36
3264.892045,56,77,0.6,21,0.028571429,36
3264.892045,55,78,0.66,23,0.028695652,36
3264.892045,55,79,0.68,24,0.028333333,36
3263.991687,53,69,0.58,16,0.03625,36
3263.571108,62,72,0.28,10,0.028,36
3263.385688,60,77,0.5,17,0.029411765,36
3263.378049,51,73,0.79,22,0.035909091,36
3263.235566,55,91,0.83,36,0.023055556,36
3263.013698,55,76,0.62,21,0.02952381,36
3262.606809,54,69,0.54,15,0.036,36
3262.480614,59,72,0.42,13,0.032307692,36
3262.274701,55,80,0.71,25,0.0284,36
3262.17504,53,90,0.97,37,0.026216216,36
3261.830996,57,77,0.56,20,0.028,36
3261.40375,53,71,0.64,18,0.035555556,36
3261.358904,51,84,0.94,33,0.028484848,36
3260.701856,59,73,0.41,14,0.029285714,36
3260.342126,53,82,0.82,29,0.028275862,36
3258.878052,51,78,0.86,27,0.031851852,36
3258.855821,50,73,0.83,23,0.036086957,36
3258.701282,57,76,0.57,19,0.03,36
3258.701282,56,77,0.63,21,0.03,36
3258.701282,55,78,0.69,23,0.03,36
3258.701282,54,79,0.75,25,0.03,36
3258.05063,57,68,0.37,11,0.033636364,36
3258.05063,56,69,0.44,13,0.033846154,36
3257.961027,52,82,0.85,30,0.028333333,36
3257.961027,51,83,0.91,32,0.0284375,36
3257.043058,51,82,0.9,31,0.029032258,36
3256.86658,64,71,0.2,7,0.028571429,36
3256.656672,54,81,0.77,27,0.028518519,36
3256.590175,58,87,0.67,29,0.023103448,36
3256.298274,53,92,0.92,39,0.023589744,36
3255.54405,65,72,0.19,7,0.027142857,36
3255.148191,54,80,0.76,26,0.029230769,36
3255.148191,53,81,0.82,28,0.029285714,36
3255.137789,54,80,0.75,26,0.028846154,36
3254.623276,57,75,0.53,18,0.029444444,36
3254.623276,56,76,0.59,20,0.0295,36
3254.623276,55,78,0.67,23,0.029130435,36
3254.623276,54,79,0.73,25,0.0292,36
3254.623276,53,80,0.79,27,0.029259259,36
3254.396007,56,82,0.76,26,0.029230769,36
3254.387865,51,84,0.99,33,0.03,36
3254.227744,53,80,0.81,27,0.03,36
3254.227744,52,81,0.87,29,0.03,36
3254.227744,51,82,0.93,31,0.03,36
3254.016376,53,94,0.94,41,0.022926829,36
3253.958773,57,69,0.4,12,0.033333333,36
3253.769735,56,72,0.51,16,0.031875,36
3253.747105,56,76,0.6,20,0.03,36
3253.61983,50,82,0.95,32,0.0296875,36
3253.273677,50,78,0.92,28,0.032857143,36
3252.5826,54,79,0.74,25,0.0296,36
3252.5826,53,80,0.8,27,0.02962963,36
3252.036689,58,76,0.5,18,0.027777778,36
3251.733929,53,79,0.76,26,0.029230769,36
3251.520124,56,75,0.62,19,0.032631579,36
3251.341294,50,83,0.97,33,0.029393939,36
3251.299028,60,73,0.37,13,0.028461538,36
3251.069528,60,73,0.38,13,0.029230769,36
3250.701739,56,79,0.64,23,0.027826087,36
3250.647831,52,83,0.9,31,0.029032258,36
3250.166406,55,72,0.56,17,0.032941176,36
3250.166406,52,76,0.78,24,0.0325,36
3249.294221,49,78,0.96,29,0.033103448,36
3248.759807,57,77,0.58,20,0.029,36
3248.759807,56,78,0.64,22,0.029090909,36
3248.759807,55,79,0.7,24,0.029166667,36
3248.644912,51,82,0.91,31,0.029354839,36
3248.020991,51,74,0.78,23,0.033913043,36
3245.611333,57,83,0.71,26,0.027307692,36
3245.495769,60,71,0.32,11,0.029090909,36
3244.917974,59,75,0.45,16,0.028125,36
3244.268017,53,82,0.84,29,0.028965517,36
3243.942526,35,54,0.73,19,0.038421053,36
3243.719436,55,90,0.83,35,0.023714286,36
3243.614342,56,90,0.78,34,0.022941176,36
3242.941844,61,76,0.44,15,0.029333333,36
3242.855685,50,74,0.86,24,0.035833333,36
3242.428268,52,83,0.94,31,0.030322581,36
3241.075235,52,76,0.79,24,0.032916667,36
3240.82438,54,80,0.77,26,0.029615385,36
3240.377119,55,77,0.66,22,0.03,36
3240.377119,54,78,0.72,24,0.03,36
3240.377119,53,79,0.78,26,0.03,36
3239.380986,58,74,0.46,16,0.02875,36
3238.747428,54,88,0.94,34,0.027647059,36
3238.675831,52,82,0.89,30,0.029666667,36
3238.675831,51,83,0.95,32,0.0296875,36
3236.585423,56,90,0.77,34,0.022647059,36
3234.614935,52,81,0.84,29,0.028965517,36
3234.614935,51,83,0.92,32,0.02875,36
3234.614935,50,84,0.98,34,0.028823529,36
3234.341836,50,84,0.99,34,0.029117647,36
3232.932917,54,73,0.63,19,0.033157895,36
3231.488013,51,77,0.85,26,0.032692308,36
3230.385933,54,81,0.75,27,0.027777778,36
3230.379159,52,80,0.84,28,0.03,36
3229.795691,53,93,0.94,40,0.0235,36
3229.795691,52,94,0.99,42,0.023571429,36
3229.318604,52,84,0.88,32,0.0275,36
3229.091097,52,82,0.87,30,0.029,36
3228.944247,49,76,0.92,27,0.034074074,36
3228.516836,52,80,0.82,28,0.029285714,36
3228.450491,63,74,0.32,11,0.029090909,36
3228.06953,58,74,0.47,16,0.029375,36
3227.701664,51,81,0.89,30,0.029666667,36
3227.202837,52,81,0.86,29,0.029655172,36
3226.611027,52,82,0.88,30,0.029333333,36
3226.611027,51,83,0.94,32,0.029375,36
3226.421481,51,74,0.81,23,0.035217391,36
3226.371178,54,80,0.73,26,0.028076923,36
3226.212716,53,82,0.85,29,0.029310345,36
3226.212716,52,83,0.91,31,0.029354839,36
3225.451767,50,79,0.93,29,0.032068966,36
3225.059849,50,79,0.94,29,0.032413793,36
3224.771629,61,70,0.29,9,0.032222222,36
3224.606549,55,88,0.9,33,0.027272727,36
3224.274929,58,69,0.36,11,0.032727273,36
3224.141638,60,66,0.2,6,0.033333333,36
3224.141638,56,70,0.47,14,0.033571429,36
3224.084015,60,79,0.51,19,0.026842105,36
3224.063624,53,82,0.83,29,0.02862069,36
3223.272298,51,85,0.96,34,0.028235294,36
3222.815749,61,70,0.26,9,0.028888889,36
3222.323397,55,70,0.51,15,0.034,36
3222.016232,58,70,0.38,12,0.031666667,36
3221.620997,61,77,0.44,16,0.0275,36
3220.594636,69,72,0.08,3,0.026666667,36
3219.606051,52,82,0.86,30,0.028666667,36
3219.189429,52,74,0.74,22,0.033636364,36
3218.195584,57,76,0.54,19,0.028421053,36
3218.063216,57,75,0.51,18,0.028333333,36
3218.063216,56,76,0.57,20,0.0285,36
3217.942102,58,77,0.57,19,0.03,36
3217.942102,57,78,0.63,21,0.03,36
3217.197818,55,80,0.69,25,0.0276,36
3215.605904,57,71,0.47,14,0.033571429,36
3215.104181,55,88,0.89,33,0.026969697,36
3215.104181,54,88,0.93,34,0.027352941,36
3215.104181,54,89,0.95,35,0.027142857,36
3214.325433,51,75,0.8,24,0.033333333,36
3213.979146,56,75,0.55,19,0.028947368,36
3213.971103,50,83,0.99,33,0.03,36
3213.865622,53,87,0.96,34,0.028235294,36
3212.268631,56,87,0.83,31,0.026774194,36
3212.268631,54,89,0.94,35,0.026857143,36
3211.321367,59,75,0.46,16,0.02875,36
3210.245805,58,85,0.7,27,0.025925926,36
3210.245805,57,86,0.75,29,0.025862069,36
3209.778029,55,80,0.72,25,0.0288,36
3208.582711,59,69,0.32,10,0.032,36
3208.582711,57,71,0.45,14,0.032142857,36
3208.219566,53,80,0.78,27,0.028888889,36
3207.930384,50,76,0.87,26,0.033461538,36
3205.740891,53,75,0.72,22,0.032727273,36
3205.332103,58,76,0.52,18,0.028888889,36
3205.243384,58,72,0.46,14,0.032857143,36
3205.243384,55,75,0.66,20,0.033,36
3205.184372,53,82,0.88,29,0.030344828,36
3205.184372,53,83,0.9,30,0.03,36
3202.320105,58,76,0.53,18,0.029444444,36
3202.320105,57,77,0.59,20,0.0295,36
3202.320105,56,78,0.65,22,0.029545455,36
3202.320105,55,79,0.71,24,0.029583333,36
3202.25227,61,67,0.19,6,0.031666667,36
3202.169737,54,77,0.68,23,0.029565217,36
3202.078185,53,81,0.81,28,0.028928571,36
3202.078185,52,83,0.89,31,0.028709677,36
3202.078185,51,84,0.95,33,0.028787879,36
3202.05758,58,65,0.25,7,0.035714286,36
3201.670171,51,84,0.96,33,0.029090909,36
3201.119915,55,77,0.63,22,0.028636364,36
3200.740942,62,67,0.17,5,0.034,36
3200.445424,54,81,0.78,27,0.028888889,36
3200.311885,40,48,0.31,8,0.03875,36
3200.257486,41,64,0.78,23,0.033913043,36
3199.500862,58,83,0.68,25,0.0272,36
3199.500862,57,84,0.74,27,0.027407407,36
3199.500862,55,87,0.87,32,0.0271875,36
3199.457007,54,81,0.79,27,0.029259259,36
3199.356923,54,92,0.88,38,0.023157895,36
3199.180158,53,88,0.98,35,0.028,36
3198.261004,54,87,0.92,33,0.027878788,36
3198.2399,58,85,0.72,27,0.026666667,36
3198.2399,55,89,0.9,34,0.026470588,36
3198.2399,54,90,0.96,36,0.026666667,36
3197.327089,60,70,0.33,10,0.033,36
3197.273814,62,77,0.4,15,0.026666667,36
3196.678658,58,84,0.7,26,0.026923077,36
3196.678658,56,86,0.81,30,0.027,36
3196.678658,55,88,0.88,33,0.026666667,36
3196.192513,53,80,0.77,27,0.028518519,36
3195.952375,57,84,0.75,27,0.027777778,36
3195.860969,55,73,0.58,18,0.032222222,36
3195.059796,53,84,0.92,31,0.029677419,36
3195.059796,52,85,0.98,33,0.02969697,36
3194.783785,66,75,0.24,9,0.026666667,36
3194.356981,68,72,0.11,4,0.0275,36
3194.356981,66,74,0.22,8,0.0275,36
3194.356981,64,76,0.33,12,0.0275,36
3194.356981,63,78,0.41,15,0.027333333,36
3194.356981,61,80,0.52,19,0.027368421,36
3194.090687,52,77,0.8,25,0.032,36
3193.871826,56,72,0.54,16,0.03375,36
3193.568667,61,72,0.31,11,0.028181818,36
3193.53444,51,78,0.87,27,0.032222222,36
3193.203922,54,78,0.69,24,0.02875,36
3192.677235,59,83,0.63,24,0.02625,36
3192.677235,59,84,0.65,25,0.026,36
3192.15187,56,79,0.69,23,0.03,36
3192.15187,55,80,0.75,25,0.03,36
3192.15187,54,81,0.81,27,0.03,36
3192.032452,60,65,0.17,5,0.034,36
3190.529362,54,82,0.84,28,0.03,36
3190.365136,58,84,0.71,26,0.027307692,36
3190.056369,60,68,0.27,8,0.03375,36
3189.877436,54,86,0.91,32,0.0284375,36
3189.877436,53,87,0.97,34,0.028529412,36
3189.624197,61,79,0.5,18,0.027777778,36
3189.009174,55,76,0.61,21,0.029047619,36
3188.886031,56,84,0.78,28,0.027857143,36
3188.775173,55,71,0.54,16,0.03375,36
3188.366164,62,70,0.23,8,0.02875,36
3188.295351,62,79,0.45,17,0.026470588,36
3187.992049,54,79,0.71,25,0.0284,36
3186.03069,63,69,0.17,6,0.028333333,36
3186.03069,60,72,0.34,12,0.028333333,36
3186.03069,55,78,0.65,23,0.02826087,36
3185.946729,57,73,0.53,16,0.033125,36
3185.404282,56,84,0.79,28,0.028214286,36
3185.404282,55,85,0.85,30,0.028333333,36
3185.255104,51,79,0.86,28,0.030714286,36
3184.973247,58,77,0.52,19,0.027368421,36
3184.879056,59,83,0.65,24,0.027083333,36
3184.879056,57,85,0.76,28,0.027142857,36
3184.879056,56,86,0.82,30,0.027333333,36
3184.043331,58,84,0.68,26,0.026153846,36
3183.666251,54,94,0.9,40,0.0225,36
3183.228533,57,71,0.48,14,0.034285714,36
3183.228533,56,72,0.55,16,0.034375,36
3183.220008,56,77,0.59,21,0.028095238,36
3182.914885,62,74,0.31,12,0.025833333,36
3181.117509,55,87,0.88,32,0.0275,36
3181.056952,58,83,0.69,25,0.0276,36
3180.993171,60,74,0.39,14,0.027857143,36
3180.993171,57,78,0.58,21,0.027619048,36
3180.449677,54,83,0.86,29,0.029655172,36
3180.404113,65,76,0.3,11,0.027272727,36
3179.642561,55,85,0.84,30,0.028,36
3179.493305,52,84,0.96,32,0.03,36
3178.866282,60,69,0.3,9,0.033333333,36
3178.714509,59,76,0.51,17,0.03,36
3177.800821,42,64,0.71,22,0.032272727,36
3177.067931,64,73,0.25,9,0.027777778,36
3177.0218,57,70,0.43,13,0.033076923,36
3176.994262,55,91,0.82,36,0.022777778,36
3176.628946,52,95,0.99,43,0.023023256,36
3176.566613,61,81,0.53,20,0.0265,36
3176.307857,54,92,0.89,38,0.023421053,36
3176.184974,57,86,0.8,29,0.027586207,36
3175.964531,54,90,0.98,36,0.027222222,36
3174.398648,56,72,0.52,16,0.0325,36
3174.398648,54,74,0.65,20,0.0325,36
3174.392852,56,83,0.77,27,0.028518519,36
3174.392852,55,84,0.83,29,0.02862069,36
3172.734301,49,77,0.94,28,0.033571429,36
3170.96633,61,81,0.54,20,0.027,36
3170.184471,63,71,0.23,8,0.02875,36
3169.56116,56,71,0.5,15,0.033333333,36
3169.417998,62,78,0.44,16,0.0275,36
3169.417998,60,81,0.57,21,0.027142857,36
3169.417998,59,82,0.63,23,0.027391304,36
3169.250959,59,73,0.4,14,0.028571429,36
3169.052427,57,72,0.5,15,0.033333333,36
3168.933904,53,83,0.82,30,0.027333333,36
3168.532769,59,76,0.5,17,0.029411765,36
3168.228853,57,86,0.78,29,0.026896552,36
3167.46675,50,75,0.86,25,0.0344,36
3167.46675,49,76,0.93,27,0.034444444,36
3167.084574,62,76,0.35,14,0.025,36
3166.621526,62,79,0.46,17,0.027058824,36
3166.621526,60,82,0.59,22,0.026818182,36
3166.613826,65,76,0.29,11,0.026363636,36
3166.613826,63,79,0.42,16,0.02625,36
3166.613826,62,80,0.47,18,0.026111111,36
3166.007106,56,73,0.57,17,0.033529412,36
3165.60817,55,86,0.87,31,0.028064516,36
3165.416246,62,85,0.5,23,0.02173913,36
3164.998267,58,77,0.56,19,0.029473684,36
3164.998267,57,78,0.62,21,0.02952381,36
3164.392602,58,70,0.41,12,0.034166667,36
3164.176865,61,74,0.39,13,0.03,36
3164.176865,60,75,0.45,15,0.03,36
3163.911346,52,78,0.8,26,0.030769231,36
3162.390897,55,79,0.67,24,0.027916667,36
3162.390897,52,83,0.86,31,0.027741935,36
3161.295597,56,89,0.78,33,0.023636364,36
3161.045801,57,72,0.51,15,0.034,36
3160.264816,61,72,0.32,11,0.029090909,36
3160.190667,54,86,0.9,32,0.028125,36
3160.170967,59,80,0.56,21,0.026666667,36
3159.673258,64,73,0.23,9,0.025555556,36
3159.261834,57,77,0.61,20,0.0305,36
3158.711469,58,76,0.55,18,0.030555556,36
3158.711469,55,80,0.76,25,0.0304,36
3158.711469,54,81,0.82,27,0.03037037,36
3158.669559,63,85,0.47,22,0.021363636,36
3157.016327,58,83,0.66,25,0.0264,36
3155.570756,67,74,0.19,7,0.027142857,36
3155.303082,51,78,0.92,27,0.034074074,36
3155.303082,50,79,0.99,29,0.034137931,36
3154.468912,66,72,0.17,6,0.028333333,36
3154.468912,63,75,0.34,12,0.028333333,36
3154.468912,62,77,0.42,15,0.028,36
3154.468912,59,80,0.59,21,0.028095238,36
3154.467532,54,92,0.99,38,0.026052632,36
3154.349642,58,74,0.45,16,0.028125,36
3154.217935,54,76,0.73,22,0.033181818,36
3152.623307,61,77,0.4,16,0.025,36
3152.348005,67,80,0.28,13,0.021538462,36
3152.348005,61,87,0.56,26,0.021538462,36
3151.625908,56,87,0.84,31,0.027096774,36
3151.097991,58,85,0.71,27,0.026296296,36
3151.061586,53,89,0.99,36,0.0275,36
3150.340264,56,91,0.78,35,0.022285714,36
3150.167477,59,90,0.66,31,0.021290323,36
3150.153149,50,80,0.93,30,0.031,36
3148.510469,58,75,0.48,17,0.028235294,36
3148.10725,56,73,0.58,17,0.034117647,36
3148.10725,55,74,0.65,19,0.034210526,36
3147.362477,56,78,0.62,22,0.028181818,36
3146.775809,63,73,0.29,10,0.029,36
3145.964889,62,81,0.46,19,0.024210526,36
3145.344274,59,71,0.4,12,0.033333333,36
3145.344274,56,74,0.6,18,0.033333333,36
3144.879486,57,83,0.72,26,0.027692308,36
3144.751237,59,83,0.64,24,0.026666667,36
3144.751237,57,86,0.77,29,0.026551724,36
3144.695586,60,82,0.58,22,0.026363636,36
3144.695586,58,84,0.69,26,0.026538462,36
3144.695586,57,85,0.74,28,0.026428571,36
3144.695586,55,88,0.87,33,0.026363636,36
3144.229287,41,64,0.77,23,0.033478261,36
3144.183632,61,75,0.4,14,0.028571429,36
3143.757404,55,73,0.61,18,0.033888889,36
3143.757404,54,74,0.68,20,0.034,36
3143.327459,45,60,0.5,15,0.033333333,36
3142.487159,54,90,0.97,36,0.026944444,36
3141.62018,56,85,0.81,29,0.027931034,36
3141.62018,56,86,0.83,30,0.027666667,36
3141.62018,55,87,0.89,32,0.0278125,36
3141.329919,57,83,0.73,26,0.028076923,36
3141.107206,60,75,0.44,15,0.029333333,36
3140.917946,50,80,0.92,30,0.030666667,36
3140.662012,58,78,0.58,20,0.029,36
3140.510147,49,79,0.99,30,0.033,36
3140.192003,39,67,0.93,28,0.033214286,36
3140.059796,59,69,0.34,10,0.034,36
3139.845431,55,89,0.88,34,0.025882353,36
3139.834624,44,63,0.61,19,0.032105263,36
3139.82076,65,74,0.25,9,0.027777778,36
3139.82076,60,79,0.53,19,0.027894737,36
3139.82076,59,81,0.61,22,0.027727273,36
3139.709441,62,73,0.32,11,0.029090909,36
3139.549751,63,74,0.28,11,0.025454545,36
3138.927911,53,90,0.99,37,0.026756757,36
3138.825166,51,74,0.79,23,0.034347826,36
3138.785397,57,79,0.64,22,0.029090909,36
3138.449395,61,71,0.28,10,0.028,36
3137.335513,64,72,0.23,8,0.02875,36
3137.277362,62,77,0.43,15,0.028666667,36
3137.277362,61,78,0.49,17,0.028823529,36
3136.83556,59,67,0.27,8,0.03375,36
3136.701547,58,82,0.68,24,0.028333333,36
3136.701547,57,83,0.74,26,0.028461538,36
3136.644982,62,75,0.33,13,0.025384615,36
3136.637582,60,67,0.23,7,0.032857143,36
3136.209319,49,76,0.96,27,0.035555556,36
3136.158656,62,86,0.51,24,0.02125,36
3135.960423,63,66,0.1,3,0.033333333,36
3135.469627,64,85,0.44,21,0.020952381,36
3135.469627,62,88,0.54,26,0.020769231,36
3135.035984,60,76,0.46,16,0.02875,36
3135.035984,59,77,0.52,18,0.028888889,36
3134.970356,53,74,0.7,21,0.033333333,36
3134.959337,55,85,0.87,30,0.029,36
3134.755052,54,90,0.95,36,0.026388889,36
3134.313791,63,74,0.31,11,0.028181818,36
3134.313791,60,77,0.48,17,0.028235294,36
3133.914119,60,89,0.62,29,0.02137931,36
3133.859476,62,78,0.43,16,0.026875,36
3133.822102,50,79,0.9,29,0.031034483,36
3132.931944,56,79,0.68,23,0.029565217,36
3132.931944,55,80,0.74,25,0.0296,36
3132.479761,59,81,0.62,22,0.028181818,36
3132.305338,40,49,0.34,9,0.037777778,36
3132.199238,62,72,0.29,10,0.029,36
3131.178913,61,74,0.38,13,0.029230769,36
3130.950994,48,77,0.99,29,0.034137931,36
3129.87169,56,88,0.85,32,0.0265625,36
3129.87169,55,90,0.92,35,0.026285714,36
3129.87169,54,91,0.98,37,0.026486486,36
3129.812079,54,91,0.97,37,0.026216216,36
3129.321397,70,77,0.15,7,0.021428571,36
3128.710576,59,78,0.56,19,0.029473684,36
3128.25261,63,72,0.26,9,0.028888889,36
3127.94179,50,75,0.85,25,0.034,36
3127.863794,61,73,0.35,12,0.029166667,36
3127.492671,36,53,0.65,17,0.038235294,36
3127.357884,41,65,0.8,24,0.033333333,36
3127.357884,40,66,0.87,26,0.033461538,36
3127.247011,58,83,0.7,25,0.028,36
3127.247011,54,88,0.95,34,0.027941176,36
3127.187652,58,86,0.72,28,0.025714286,36
3126.740905,55,86,0.86,31,0.027741935,36
3126.073835,64,75,0.31,11,0.028181818,36
3126.073835,61,78,0.48,17,0.028235294,36
3126.073835,58,81,0.65,23,0.02826087,36
3126.073835,58,82,0.67,24,0.027916667,36
3125.969797,52,78,0.87,26,0.033461538,36
3125.841417,40,65,0.84,25,0.0336,36
3125.473008,49,80,0.97,31,0.031290323,36
3124.829794,60,79,0.55,19,0.028947368,36
3124.547318,56,79,0.63,23,0.027391304,36
3124.423562,42,63,0.71,21,0.033809524,36
3124.285243,56,84,0.81,28,0.028928571,36
3124.256193,54,87,0.94,33,0.028484848,36
3124.040805,55,86,0.85,31,0.027419355,36
3124.040805,54,87,0.91,33,0.027575758,36
3124.040805,53,88,0.97,35,0.027714286,36
3124.040805,53,89,0.98,36,0.027222222,36
3123.67141,62,71,0.25,9,0.027777778,36
3123.67141,59,74,0.42,15,0.028,36
3123.67141,57,76,0.53,19,0.027894737,36
3123.301539,57,86,0.76,29,0.026206897,36
3123.301539,56,87,0.81,31,0.026129032,36
3123.301539,54,89,0.92,35,0.026285714,36
3123.301539,54,90,0.94,36,0.026111111,36
3121.343802,65,71,0.17,6,0.028333333,36
3121.343802,62,74,0.34,12,0.028333333,36
3120.080855,58,79,0.62,21,0.02952381,36
3120.080855,57,80,0.68,23,0.029565217,36
3120.021424,56,81,0.74,25,0.0296,36
3119.657167,61,78,0.47,17,0.027647059,36
3119.657167,58,82,0.66,24,0.0275,36
3119.657167,56,85,0.79,29,0.027241379,36
3119.608432,58,73,0.49,15,0.032666667,36
3119.529915,61,80,0.51,19,0.026842105,36
3119.529915,59,82,0.62,23,0.026956522,36
3119.529915,57,85,0.75,28,0.026785714,36
3119.190196,55,92,0.84,37,0.022702703,36
3119.168186,63,78,0.4,15,0.026666667,36
3119.048446,40,66,0.86,26,0.033076923,36
3118.147119,57,84,0.76,27,0.028148148,36
3117.873754,57,82,0.71,25,0.0284,36
3116.741881,61,89,0.58,28,0.020714286,36
3116.605703,42,47,0.19,5,0.038,36
3116.188395,50,77,0.91,27,0.033703704,36
3116.103995,60,68,0.26,8,0.0325,36
3116.103995,58,70,0.39,12,0.0325,36
3116.022196,56,85,0.8,29,0.027586207,36
3115.85042,60,84,0.57,24,0.02375,36
3115.728231,59,70,0.37,11,0.033636364,36
3115.677802,44,60,0.55,16,0.034375,36
3115.294628,63,76,0.36,13,0.027692308,36
3115.294628,60,80,0.55,20,0.0275,36
3115.24598,69,78,0.2,9,0.022222222,36
3115.167548,64,77,0.35,13,0.026923077,36
3114.939456,53,89,0.97,36,0.026944444,36
3114.229687,56,89,0.85,33,0.025757576,36
3114.032469,57,89,0.73,32,0.0228125,36
3113.773113,51,75,0.81,24,0.03375,36
3113.773113,49,78,0.97,29,0.033448276,36
3113.578378,58,84,0.72,26,0.027692308,36
3113.578378,57,85,0.78,28,0.027857143,36
3113.578378,55,88,0.91,33,0.027575758,36
3113.578378,54,89,0.97,35,0.027714286,36
3113.498501,62,76,0.4,14,0.028571429,36
3113.362148,56,87,0.85,31,0.027419355,36
3113.362148,54,89,0.96,35,0.027428571,36
3113.189678,56,86,0.8,30,0.026666667,36
3113.14702,59,84,0.66,25,0.0264,36
3112.925895,66,73,0.2,7,0.028571429,36
3112.925895,64,76,0.34,12,0.028333333,36
3112.925895,61,79,0.51,18,0.028333333,36
3112.925895,60,80,0.57,20,0.0285,36
3112.925895,56,85,0.82,29,0.028275862,36
3112.794979,64,75,0.27,11,0.024545455,36
3111.917481,58,71,0.44,13,0.033846154,36
3111.879671,45,61,0.52,16,0.0325,36
3111.40195,67,72,0.14,5,0.028,36
3111.040458,60,89,0.61,29,0.021034483,36
3111.020351,62,84,0.49,22,0.022272727,36
3111.020351,60,86,0.58,26,0.022307692,36
3110.104701,67,73,0.16,6,0.026666667,36
3110.104701,64,76,0.32,12,0.026666667,36
3110.104701,59,82,0.61,23,0.026521739,36
3110.039797,38,51,0.49,13,0.037692308,36
3109.857061,50,77,0.9,27,0.033333333,36
3109.720312,65,74,0.26,9,0.028888889,36
3109.649618,56,88,0.83,32,0.0259375,36
3109.107711,71,76,0.11,5,0.022,36
3108.890796,54,74,0.66,20,0.033,36
3108.877739,64,75,0.32,11,0.029090909,36
3108.552071,50,81,0.95,31,0.030645161,36
3108.215708,43,63,0.66,20,0.033,36
3107.090753,58,76,0.56,18,0.031111111,36
3106.102409,43,62,0.64,19,0.033684211,36
3105.668666,55,90,0.93,35,0.026571429,36
3105.599962,23,92,0.43,69,0.006231884,36
3105.118695,55,73,0.59,18,0.032777778,36
3104.595117,59,80,0.52,21,0.024761905,36
3104.517028,56,86,0.84,30,0.028,36
3104.338364,55,86,0.88,31,0.028387097,36
3104.289697,71,75,0.09,4,0.0225,36
3104.122191,60,87,0.59,27,0.021851852,36
3103.220082,56,78,0.61,22,0.027727273,36
3103.220082,54,81,0.74,27,0.027407407,36
3103.220082,53,82,0.8,29,0.027586207,36
3102.468816,60,74,0.41,14,0.029285714,36
3102.218696,61,76,0.42,15,0.028,36
3102.053045,55,88,0.94,33,0.028484848,36
3101.550077,62,80,0.48,18,0.026666667,36
3101.141348,59,81,0.63,22,0.028636364,36
3101.141348,58,82,0.69,24,0.02875,36
3101.141348,57,83,0.75,26,0.028846154,36
3101.141348,57,84,0.77,27,0.028518519,36
3101.141348,56,85,0.83,29,0.02862069,36
3100.988424,37,52,0.57,15,0.038,36
3100.571961,54,88,0.96,34,0.028235294,36
3100.423664,59,84,0.67,25,0.0268,36
3100.423664,57,87,0.8,30,0.026666667,36
3100.423664,55,89,0.91,34,0.026764706,36
3099.351005,44,61,0.57,17,0.033529412,36
3099.317919,67,73,0.17,6,0.028333333,36
3099.317919,63,78,0.42,15,0.028,36
3099.317919,62,79,0.48,17,0.028235294,36
3099.317919,60,81,0.59,21,0.028095238,36
3099.317919,59,82,0.65,23,0.02826087,36
3099.256872,70,78,0.17,8,0.02125,36
3099.256872,66,82,0.34,16,0.02125,36
3099.060475,63,76,0.3,13,0.023076923,36
3098.742714,63,75,0.33,12,0.0275,36
3098.38491,62,72,0.31,10,0.031,36
3098.272659,45,59,0.48,14,0.034285714,36
3098.22358,65,75,0.29,10,0.029,36
3097.649131,54,91,0.88,37,0.023783784,36
3097.649131,53,92,0.93,39,0.023846154,36
3097.420445,61,86,0.55,25,0.022,36
3097.26666,61,74,0.4,13,0.030769231,36
3097.119178,53,90,0.92,37,0.024864865,36
3096.578678,59,83,0.69,24,0.02875,36
3096.573178,42,65,0.75,23,0.032608696,36
3096.53056,55,74,0.64,19,0.033684211,36
3096.155648,53,95,0.95,42,0.022619048,36
3096.125912,63,77,0.4,14,0.028571429,36
3096.094694,62,87,0.53,25,0.0212,36
3095.813286,60,82,0.61,22,0.027727273,36
3095.326077,57,84,0.72,27,0.026666667,36
3095.326077,56,85,0.78,29,0.026896552,36
3095.308213,59,75,0.47,16,0.029375,36
3095.286908,61,79,0.52,18,0.028888889,36
3095.286908,60,80,0.58,20,0.029,36
3094.891284,38,51,0.5,13,0.038461538,36
3094.323009,39,50,0.42,11,0.038181818,36
3093.770269,54,93,0.89,39,0.022820513,36
3093.273037,54,88,0.92,34,0.027058824,36
3093.167515,53,76,0.78,23,0.033913043,36
3093.167515,52,77,0.85,25,0.034,36
3092.95112,69,79,0.21,10,0.021,36
3092.95112,67,82,0.31,15,0.020666667,36
3092.95112,63,86,0.48,23,0.020869565,36
3092.74256,54,75,0.71,21,0.033809524,36
3092.522205,64,83,0.41,19,0.021578947,36
3092.376735,54,87,0.9,33,0.027272727,36
3092.376735,53,88,0.96,35,0.027428571,36
3091.906244,60,83,0.6,23,0.026086957,36
3091.411313,55,82,0.81,27,0.03,36
3090.981481,60,80,0.54,20,0.027,36
3090.946558,69,77,0.18,8,0.0225,36
3090.766759,58,84,0.73,26,0.028076923,36
3090.766759,55,87,0.9,32,0.028125,36
3090.766759,55,88,0.92,33,0.027878788,36
3090.381788,60,88,0.6,28,0.021428571,36
3090.214361,59,66,0.24,7,0.034285714,36
3090.214361,51,75,0.82,24,0.034166667,36
3090.202181,53,89,0.91,36,0.025277778,36
3089.582961,61,80,0.5,19,0.026315789,36
3089.545804,57,72,0.46,15,0.030666667,36
3089.429384,50,81,0.93,31,0.03,36
3089.125578,55,82,0.8,27,0.02962963,36
3089.056531,63,77,0.39,14,0.027857143,36
3089.056531,60,80,0.56,20,0.028,36
3088.981082,64,84,0.43,20,0.0215,36
3088.944166,62,74,0.36,12,0.03,36
3088.944166,61,75,0.42,14,0.03,36
3088.944166,60,76,0.48,16,0.03,36
3088.29665,53,77,0.8,24,0.033333333,36
3087.910147,56,87,0.82,31,0.026451613,36
3087.910147,54,89,0.93,35,0.026571429,36
3087.583283,62,78,0.46,16,0.02875,36
3087.583283,61,80,0.54,19,0.028421053,36
3087.569646,57,77,0.55,20,0.0275,36
3087.271493,56,87,0.86,31,0.027741935,36
3087.243833,65,83,0.38,18,0.021111111,36
3087.045022,60,81,0.6,21,0.028571429,36
3087.045022,59,82,0.66,23,0.028695652,36
3087.02249,62,73,0.34,11,0.030909091,36
3087.016308,58,83,0.71,25,0.0284,36
3087.016308,57,85,0.79,28,0.028214286,36
3087.016308,56,86,0.85,30,0.028333333,36
3086.898662,63,71,0.25,8,0.03125,36
3086.5592,66,72,0.14,6,0.023333333,36
3086.077592,53,73,0.68,20,0.034,36
3086.077592,52,74,0.75,22,0.034090909,36
3085.666769,59,82,0.64,23,0.027826087,36
3084.784749,52,73,0.72,21,0.034285714,36
3084.601445,49,78,0.98,29,0.033793103,36
3084.446038,52,92,0.99,40,0.02475,36
3084.373833,67,79,0.27,12,0.0225,36
3083.732207,53,95,0.96,42,0.022857143,36
3083.674124,53,74,0.75,21,0.035714286,36
3081.919872,64,69,0.14,5,0.028,36
3081.63166,59,83,0.67,24,0.027916667,36
3081.132952,49,83,0.99,34,0.029117647,36
3080.890841,60,82,0.62,22,0.028181818,36
3080.833036,63,76,0.37,13,0.028461538,36
3080.543371,62,79,0.49,17,0.028823529,36
3080.136265,53,86,0.96,33,0.029090909,36
3079.098622,54,72,0.61,18,0.033888889,36
3078.967882,54,87,0.93,33,0.028181818,36
3078.967882,53,88,0.99,35,0.028285714,36
3078.937903,57,87,0.79,30,0.026333333,36
3078.937903,56,88,0.84,32,0.02625,36
3078.549298,54,94,0.91,40,0.02275,36
3078.419172,54,93,0.9,39,0.023076923,36
3078.402683,65,73,0.22,8,0.0275,36
3078.195043,54,90,0.87,36,0.024166667,36
3078.175309,50,74,0.84,24,0.035,36
3078.14671,58,86,0.67,28,0.023928571,36
3078.14671,57,87,0.72,30,0.024,36
3077.808611,54,71,0.58,17,0.034117647,36
3077.808611,53,72,0.65,19,0.034210526,36
3077.596946,68,78,0.22,10,0.022,36
3076.084014,53,94,0.95,41,0.023170732,36
3076.001805,50,76,0.88,26,0.033846154,36
3075.768105,74,75,0.02,1,0.02,36
3075.768105,73,76,0.06,3,0.02,36
3075.768105,72,77,0.1,5,0.02,36
3075.768105,71,78,0.14,7,0.02,36
3075.768105,70,79,0.18,9,0.02,36
3075.768105,69,80,0.22,11,0.02,36
3075.768105,68,81,0.26,13,0.02,36
3075.608261,62,79,0.47,17,0.027647059,36
3074.761391,60,81,0.58,21,0.027619048,36
3074.761391,57,85,0.77,28,0.0275,36
3074.408122,55,89,0.89,34,0.026176471,36
3074.379333,62,66,0.12,4,0.03,36
3074.131601,54,92,0.97,38,0.025526316,36
3073.244911,55,92,0.85,37,0.022972973,36
3073.032692,41,65,0.79,24,0.032916667,36
3072.765327,64,74,0.25,10,0.025,36
3072.097632,51,75,0.84,24,0.035,36
3071.854355,55,87,0.85,32,0.0265625,36
3071.736764,58,71,0.4,13,0.030769231,36
3071.547532,60,90,0.63,30,0.021,36
3071.547532,59,91,0.67,32,0.0209375,36
3071.541693,65,75,0.28,10,0.028,36
3070.744706,13,20,0.11,7,0.015714286,36
3070.65771,55,90,0.94,35,0.026857143,36
3070.225026,60,82,0.6,22,0.027272727,36
3070.21764,43,64,0.68,21,0.032380952,36
3069.550648,55,75,0.61,20,0.0305,36
3068.246297,55,68,0.47,13,0.036153846,36
3068.178613,39,67,0.94,28,0.033571429,36
3067.541673,60,81,0.56,21,0.026666667,36
3067.541673,58,83,0.67,25,0.0268,36
3067.519801,59,64,0.18,5,0.036,36
3067.035174,63,75,0.35,12,0.029166667,36
3066.58837,39,70,0.98,31,0.031612903,36
3066.402461,65,84,0.4,19,0.021052632,36
3064.316241,52,91,0.98,39,0.025128205,36
3064.299545,55,86,0.84,31,0.027096774,36
3064.299545,54,88,0.91,34,0.026764706,36
3063.1059,63,80,0.39,17,0.022941176,36
3062.598874,62,78,0.45,16,0.028125,36
3062.395939,56,88,0.88,32,0.0275,36
3062.234724,68,80,0.26,12,0.021666667,36
3062.225894,68,79,0.24,11,0.021818182,36
3062.225894,63,84,0.46,21,0.021904762,36
3062.225894,62,86,0.52,24,0.021666667,36
3061.527784,64,77,0.36,13,0.027692308,36
3061.315056,59,83,0.66,24,0.0275,36
3061.214492,63,75,0.3,12,0.025,36
3060.789978,60,75,0.46,15,0.030666667,36
3060.789978,56,80,0.73,24,0.030416667,36
3060.789978,55,81,0.79,26,0.030384615,36
3060.789978,54,82,0.85,28,0.030357143,36
3060.789978,54,83,0.87,29,0.03,36
3060.299842,64,74,0.29,10,0.029,36
3060.299842,59,79,0.58,20,0.029,36
3060.299842,58,80,0.64,22,0.029090909,36
3060.299842,58,81,0.66,23,0.028695652,36
3060.299842,57,82,0.72,25,0.0288,36
3060.299842,56,83,0.78,27,0.028888889,36
3059.73772,59,80,0.6,21,0.028571429,36
3059.73772,56,84,0.8,28,0.028571429,36
3059.513148,59,84,0.61,25,0.0244,36
3059.513148,58,85,0.66,27,0.024444444,36
3059.325614,48,76,0.98,28,0.035,36
3059.191802,55,90,0.9,35,0.025714286,36
3059.191802,54,91,0.95,37,0.025675676,36
3059.116442,44,61,0.58,17,0.034117647,36
3058.886856,65,82,0.37,17,0.021764706,36
3058.570299,62,76,0.41,14,0.029285714,36
3058.570299,59,80,0.61,21,0.029047619,36
3058.570299,58,81,0.67,23,0.029130435,36
3058.542948,61,83,0.5,22,0.022727273,36
3058.369871,67,68,0.03,1,0.03,36
3058.369871,66,69,0.09,3,0.03,36
3058.369871,65,70,0.15,5,0.03,36
3058.369871,64,71,0.21,7,0.03,36
3058.369871,63,72,0.27,9,0.03,36
3058.369871,62,73,0.33,11,0.03,36
3058.346504,59,76,0.52,17,0.030588235,36
3058.346504,59,77,0.54,18,0.03,36
3058.346504,58,77,0.58,19,0.030526316,36
3058.346504,58,78,0.6,20,0.03,36
3058.108995,61,80,0.53,19,0.027894737,36
3058.036937,57,82,0.73,25,0.0292,36
3057.977432,55,90,0.91,35,0.026,36
3057.977432,54,92,0.98,38,0.025789474,36
3057.751676,55,89,0.82,34,0.024117647,36
3057.656964,52,83,0.95,31,0.030645161,36
3057.577964,52,72,0.7,20,0.035,36
3056.855271,54,70,0.56,16,0.035,36
3056.855271,53,71,0.63,18,0.035,36
3056.599183,56,88,0.87,32,0.0271875,36
3056.144291,55,84,0.84,29,0.028965517,36
3056.030789,67,78,0.25,11,0.022727273,36
3055.95248,50,82,0.93,32,0.0290625,36
3055.874469,52,82,0.92,30,0.030666667,36
3055.579275,57,77,0.62,20,0.031,36
3055.521035,56,78,0.68,22,0.030909091,36
3055.228803,54,77,0.67,23,0.029130435,36
3055.228803,53,78,0.73,25,0.0292,36
3055.217246,60,83,0.56,23,0.024347826,36
3055.050667,53,90,0.91,37,0.024594595,36
3054.966417,59,81,0.58,22,0.026363636,36
3054.744346,40,68,0.89,28,0.031785714,36
3054.353197,49,77,0.95,28,0.033928571,36
3053.441533,49,81,0.98,32,0.030625,36
3053.139829,61,73,0.37,12,0.030833333,36
3053.081634,60,74,0.43,14,0.030714286,36
3053.081634,59,75,0.49,16,0.030625,36
3053.081634,57,78,0.64,21,0.03047619,36
3053.081634,56,79,0.7,23,0.030434783,36
3052.677996,50,76,0.93,26,0.035769231,36
3052.434536,54,85,0.9,31,0.029032258,36
3052.434536,53,87,0.98,34,0.028823529,36
3052.355066,66,83,0.35,17,0.020588235,36
3051.85297,55,85,0.86,30,0.028666667,36
3051.537828,50,76,0.89,26,0.034230769,36
3050.384365,55,87,0.83,32,0.0259375,36
3050.153073,41,66,0.83,25,0.0332,36
3050.13089,53,93,0.92,40,0.023,36
3050.101699,55,89,0.92,34,0.027058824,36
3049.982543,52,92,0.97,40,0.02425,36
3049.839772,52,75,0.82,23,0.035652174,36
3049.744856,45,60,0.51,15,0.034,36
3049.261616,57,87,0.78,30,0.026,36
3048.847308,62,78,0.42,16,0.02625,36
3048.847308,59,82,0.6,23,0.026086957,36
3048.215091,60,65,0.18,5,0.036,36
3048.150221,40,67,0.89,27,0.032962963,36
3048.148259,54,86,0.92,32,0.02875,36
3047.578363,61,88,0.57,27,0.021111111,36
3047.119321,55,74,0.59,19,0.031052632,36
3046.715144,63,65,0.06,2,0.03,36
3046.656344,56,86,0.79,30,0.026333333,36
3046.452125,51,77,0.86,26,0.033076923,36
3046.452125,50,78,0.93,28,0.033214286,36
3046.225708,56,80,0.72,24,0.03,36
3046.225708,55,81,0.78,26,0.03,36
3045.914951,56,87,0.87,31,0.028064516,36
3045.823053,46,60,0.46,14,0.032857143,36
3045.665024,61,79,0.49,18,0.027222222,36
3045.518995,61,90,0.59,29,0.020344828,36
3045.455666,52,93,0.98,41,0.023902439,36
3045.367093,60,78,0.52,18,0.028888889,36
3045.296664,50,78,0.94,28,0.033571429,36
3044.911717,58,88,0.68,30,0.022666667,36
3044.661996,57,86,0.81,29,0.027931034,36
3044.582183,66,75,0.26,9,0.028888889,36
3044.555662,59,79,0.51,20,0.0255,36
3044.496079,56,71,0.52,15,0.034666667,36
3044.496079,55,72,0.59,17,0.034705882,36
3043.838882,57,86,0.79,29,0.027241379,36
3043.758918,61,82,0.51,21,0.024285714,36
3043.650627,52,72,0.72,20,0.036,36
3043.589337,57,91,0.74,34,0.021764706,36
3043.422984,57,79,0.66,22,0.03,36
3042.974403,63,77,0.38,14,0.027142857,36
3042.915275,53,92,0.94,39,0.024102564,36
3042.208794,58,80,0.56,22,0.025454545,36
3042.020533,47,59,0.39,12,0.0325,36
3042.017443,50,55,0.17,5,0.034,36
3041.520851,41,66,0.82,25,0.0328,36
3041.388751,54,70,0.57,16,0.035625,36
3041.055733,53,90,0.98,37,0.026486486,36
3040.178687,62,68,0.2,6,0.033333333,36
3039.206646,56,70,0.5,14,0.035714286,36
3038.836527,57,90,0.74,33,0.022424242,36
3038.836527,56,91,0.79,35,0.022571429,36
3038.495934,54,90,0.99,36,0.0275,36
3038.407023,51,77,0.87,26,0.033461538,36
3038.269733,54,89,0.86,35,0.024571429,36
3037.820004,59,81,0.6,22,0.027272727,36
3037.444318,52,91,0.97,39,0.024871795,36
3037.423375,50,79,0.95,29,0.032758621,36
3036.584812,41,66,0.8,25,0.032,36
3036.05022,66,83,0.36,17,0.021176471,36
3035.485343,59,70,0.34,11,0.030909091,36
3035.237706,47,58,0.37,11,0.033636364,36
3035.136093,57,84,0.73,27,0.027037037,36
3034.862307,57,70,0.45,13,0.034615385,36
3034.422214,56,74,0.55,18,0.030555556,36
3033.315916,57,86,0.71,29,0.024482759,36
3032.994708,46,59,0.44,13,0.033846154,36
3032.842307,54,75,0.64,21,0.03047619,36
3032.742988,58,85,0.74,27,0.027407407,36
3032.742988,55,89,0.93,34,0.027352941,36
3031.783639,53,91,0.92,38,0.024210526,36
3031.190069,67,71,0.1,4,0.025,36
3031.190069,66,72,0.15,6,0.025,36
3031.190069,65,73,0.2,8,0.025,36
3031.044636,54,88,0.88,34,0.025882353,36
3031.044636,53,90,0.95,37,0.025675676,36
3030.535946,43,63,0.65,20,0.0325,36
3030.275027,59,89,0.65,30,0.021666667,36
3030.220706,68,71,0.07,3,0.023333333,36
3029.72801,49,76,0.94,27,0.034814815,36
3029.676879,66,71,0.14,5,0.028,36
3029.673604,63,78,0.43,15,0.028666667,36
3029.41163,49,77,0.96,28,0.034285714,36
3029.16551,66,80,0.31,14,0.022142857,36
3029.16551,64,82,0.4,18,0.022222222,36
3028.981716,54,95,0.92,41,0.022439024,36
3028.870675,54,89,0.87,35,0.024857143,36
3028.83299,58,85,0.73,27,0.027037037,36
3028.364517,53,76,0.7,23,0.030434783,36
3028.358255,40,68,0.91,28,0.0325,36
3028.312792,55,70,0.54,15,0.036,36
3027.843802,56,68,0.42,12,0.035,36
3027.843802,55,69,0.49,14,0.035,36
3027.77658,51,83,0.99,32,0.0309375,36
3027.607273,42,64,0.73,22,0.033181818,36
3027.259917,54,91,0.96,37,0.025945946,36
3026.945727,41,65,0.81,24,0.03375,36
3026.722133,59,83,0.68,24,0.028333333,36
3026.566641,51,73,0.77,22,0.035,36
3026.514682,61,81,0.55,20,0.0275,36
3026.254759,54,91,0.99,37,0.026756757,36
3026.210534,44,62,0.59,18,0.032777778,36
3025.542347,56,92,0.8,36,0.022222222,36
3025.186883,55,87,0.92,32,0.02875,36
3024.596192,50,80,0.94,30,0.031333333,36
3024.466642,64,79,0.35,15,0.023333333,36
3024.312197,49,82,0.99,33,0.03,36
3024.07974,62,89,0.55,27,0.02037037,36
3024.038248,60,79,0.54,19,0.028421053,36
3024.036364,57,92,0.75,35,0.021428571,36
3023.079436,61,78,0.42,17,0.024705882,36
3023.079436,60,79,0.47,19,0.024736842,36
3023.073438,64,86,0.44,22,0.02,36
3022.254994,64,86,0.45,22,0.020454545,36
3021.321303,52,90,0.97,38,0.025526316,36
3021.126207,51,54,0.1,3,0.033333333,36
3021.126207,48,57,0.3,9,0.033333333,36
3020.988506,54,73,0.64,19,0.033684211,36
3020.988506,53,74,0.71,21,0.033809524,36
3020.66035,66,74,0.23,8,0.02875,36
3020.31942,50,84,0.97,34,0.028529412,36
3019.69742,53,85,0.95,32,0.0296875,36
3019.407775,53,81,0.86,28,0.030714286,36
3019.082615,53,95,0.97,42,0.023095238,36
3019.063582,40,67,0.87,27,0.032222222,36
3018.277618,52,93,0.96,41,0.023414634,36
3018.137786,52,75,0.78,23,0.033913043,36
3018.093789,60,88,0.59,28,0.021071429,36
3017.747623,58,91,0.71,33,0.021515152,36
3017.745645,65,75,0.27,10,0.027,36
3017.681637,41,67,0.84,26,0.032307692,36
3017.67167,67,81,0.29,14,0.020714286,36
3017.67167,61,88,0.56,27,0.020740741,36
3017.323544,55,93,0.84,38,0.022105263,36
3017.125812,57,85,0.8,28,0.028571429,36
3016.994462,42,62,0.69,20,0.0345,36
3016.983718,52,93,0.97,41,0.023658537,36
3016.610038,59,70,0.33,11,0.03,36
3016.610038,58,71,0.39,13,0.03,36
3016.610038,57,72,0.45,15,0.03,36
3016.610038,56,73,0.51,17,0.03,36
3016.592925,57,69,0.43,12,0.035833333,36
3015.516011,64,85,0.45,21,0.021428571,36
3015.392566,41,63,0.76,22,0.034545455,36
3014.874995,56,86,0.86,30,0.028666667,36
3014.85424,39,69,0.96,30,0.032,36
3014.595441,67,74,0.2,7,0.028571429,36
3014.152111,55,72,0.57,17,0.033529412,36
3014.152111,52,76,0.8,24,0.033333333,36
3014.071597,47,66,0.47,19,0.024736842,36
3014.051102,55,93,0.85,38,0.022368421,36
3013.808246,41,67,0.85,26,0.032692308,36
3013.355785,67,71,0.11,4,0.0275,36
3012.83746,44,57,0.06,13,0.004615385,36
3012.226294,67,81,0.3,14,0.021428571,36
3012.226294,63,86,0.49,23,0.021304348,36
3012.106505,55,87,0.86,32,0.026875,36
3011.848981,55,72,0.6,17,0.035294118,36
3011.227761,44,62,0.61,18,0.033888889,36
3011.197728,61,83,0.52,22,0.023636364,36
3010.740591,66,81,0.33,15,0.022,36
3010.740591,64,83,0.42,19,0.022105263,36
3010.628307,54,71,0.6,17,0.035294118,36
3010.621302,58,83,0.65,25,0.026,36
3010.569855,56,90,0.79,34,0.023235294,36
3010.530858,68,80,0.25,12,0.020833333,36
3010.496527,63,73,0.26,10,0.026,36
3009.616189,65,83,0.39,18,0.021666667,36
3009.314146,41,48,0.27,7,0.038571429,36
3008.517594,42,63,0.72,21,0.034285714,36
3008.415035,51,76,0.84,25,0.0336,36
3008.391817,55,70,0.53,15,0.035333333,36
3008.24437,57,70,0.46,13,0.035384615,36
3008.24437,56,71,0.53,15,0.035333333,36
3007.913051,51,75,0.85,24,0.035416667,36
3007.855691,50,76,0.92,26,0.035384615,36
3007.285339,36,52,0.63,16,0.039375,36
3007.235959,50,75,0.87,25,0.0348,36
3007.036302,59,78,0.49,19,0.025789474,36
3007.034192,67,75,0.21,8,0.02625,36
3006.92621,54,73,0.67,19,0.035263158,36
3005.838015,55,94,0.87,39,0.022307692,36
3005.513883,55,94,0.86,39,0.022051282,36
3005.348751,68,70,0.05,2,0.025,36
3004.811552,55,86,0.81,31,0.026129032,36
3004.699377,51,80,0.86,29,0.029655172,36
3004.699377,50,81,0.92,31,0.029677419,36
3004.699377,49,82,0.98,33,0.02969697,36
3004.631972,50,77,0.94,27,0.034814815,36
3004.539657,52,78,0.78,26,0.03,36
3004.289544,61,77,0.46,16,0.02875,36
3003.844903,61,89,0.59,28,0.021071429,36
3003.830923,50,78,0.97,28,0.034642857,36
3003.482391,55,88,0.82,33,0.024848485,36
3003.386908,55,71,0.57,16,0.035625,36
3003.188325,57,89,0.74,32,0.023125,36
3002.586469,52,78,0.81,26,0.031153846,36
3002.151818,51,79,0.88,28,0.031428571,36
3001.906218,50,84,0.96,34,0.028235294,36
3001.491116,53,91,0.93,38,0.024473684,36
3001.491116,52,92,0.98,40,0.0245,36
3001.361328,54,88,0.98,34,0.028823529,36
3001.228813,55,92,0.86,37,0.023243243,36
3001.118391,38,52,0.53,14,0.037857143,36
3001.044068,45,61,0.54,16,0.03375,36
3000.974301,65,85,0.41,20,0.0205,36
3000.882576,43,63,0.67,20,0.0335,36
3000.882576,42,64,0.74,22,0.033636364,36
3000.861899,54,95,0.91,41,0.022195122,36
3000.50934,50,78,0.98,28,0.035,36
3000.318973,56,68,0.43,12,0.035833333,36
2999.899894,57,91,0.75,34,0.022058824,36
2999.845593,53,77,0.74,24,0.030833333,36
2999.734061,63,85,0.46,22,0.020909091,36
2999.716225,68,72,0.09,4,0.0225,36
2999.410841,60,92,0.65,32,0.0203125,36
2999.38352,51,81,0.87,30,0.029,36
2999.224243,51,76,0.89,25,0.0356,36
2999.224243,50,77,0.96,27,0.035555556,36
2999.163019,55,91,0.84,36,0.023333333,36
2998.950815,55,86,0.89,31,0.028709677,36
2998.950815,54,87,0.95,33,0.028787879,36
2998.477524,54,72,0.64,18,0.035555556,36
2998.477524,53,73,0.71,20,0.0355,36
2998.477524,52,74,0.78,22,0.035454545,36
2997.830078,55,74,0.6,19,0.031578947,36
2997.497524,58,84,0.74,26,0.028461538,36
2997.34698,49,77,0.99,28,0.035357143,36
2997.305054,63,76,0.32,13,0.024615385,36
2997.305054,62,77,0.37,15,0.024666667,36
2997.060288,57,68,0.39,11,0.035454545,36
2996.767978,56,86,0.76,30,0.025333333,36
2996.767978,55,87,0.81,32,0.0253125,36
2996.767978,54,88,0.86,34,0.025294118,36
2996.767978,54,89,0.88,35,0.025142857,36
2996.767978,53,90,0.93,37,0.025135135,36
2996.598319,53,72,0.68,19,0.035789474,36
2996.541167,57,67,0.36,10,0.036,36
2996.541167,52,73,0.75,21,0.035714286,36
2996.342109,57,89,0.81,32,0.0253125,36
2996.199235,57,84,0.78,27,0.028888889,36
2996.199235,56,85,0.84,29,0.028965517,36
2995.843981,71,77,0.13,6,0.021666667,36
2995.522361,57,88,0.81,31,0.026129032,36
2995.522361,55,91,0.94,36,0.026111111,36
2994.95843,65,86,0.42,21,0.02,36
2994.321444,52,75,0.81,23,0.035217391,36
2994.321444,51,76,0.88,25,0.0352,36
2994.321444,50,77,0.95,27,0.035185185,36
2993.805693,58,83,0.72,25,0.0288,36
2993.575607,54,90,0.89,36,0.024722222,36
2993.575607,53,91,0.94,38,0.024736842,36
2993.371242,53,74,0.73,21,0.034761905,36
2993.329185,53,72,0.67,19,0.035263158,36
2993.329185,52,74,0.77,22,0.035,36
2993.314149,52,75,0.8,23,0.034782609,36
2993.275516,50,83,0.94,33,0.028484848,36
2993.275038,44,62,0.6,18,0.033333333,36
2993.136782,53,92,0.91,39,0.023333333,36
2992.887728,53,72,0.66,19,0.034736842,36
2992.820628,35,53,0.72,18,0.04,36
2992.407462,59,88,0.64,29,0.022068966,36
2992.407462,56,92,0.79,36,0.021944444,36
2992.375621,51,81,0.88,30,0.029333333,36
2992.088654,54,71,0.61,17,0.035882353,36
2991.594517,52,75,0.77,23,0.033478261,36
2991.399566,57,73,0.49,16,0.030625,36
2991.399266,56,72,0.49,16,0.030625,36
2991.369712,63,79,0.43,16,0.026875,36
2991.147159,59,67,0.28,8,0.035,36
2990.978761,58,85,0.75,27,0.027777778,36
2990.77875,57,82,0.63,25,0.0252,36
2990.618209,52,93,0.99,41,0.024146341,36
2990.583536,49,75,0.91,26,0.035,36
2990.582332,65,73,0.23,8,0.02875,36
2990.343546,56,88,0.77,32,0.0240625,36
2990.218025,67,82,0.3,15,0.02,36
2990.116895,65,74,0.24,9,0.026666667,36
2989.764175,52,85,0.99,33,0.03,36
2989.729239,55,69,0.5,14,0.035714286,36
2989.398043,51,86,0.94,35,0.026857143,36
2989.225167,55,70,0.52,15,0.034666667,36
2989.225167,54,71,0.59,17,0.034705882,36
2989.113155,56,87,0.78,31,0.02516129,36
2989.113155,55,88,0.83,33,0.025151515,36
2989.113155,53,91,0.95,38,0.025,36
2988.212934,54,88,0.97,34,0.028529412,36
2988.212934,54,89,0.99,35,0.028285714,36
2987.445729,37,52,0.58,15,0.038666667,36
2987.393106,58,89,0.69,31,0.022258065,36
2987.353373,36,52,0.61,16,0.038125,36
2987.331638,53,71,0.65,18,0.036111111,36
2987.297121,61,68,0.22,7,0.031428571,36
2987.258091,45,56,0.05,11,0.004545455,36
2987.197143,59,66,0.25,7,0.035714286,36
2986.925706,42,65,0.76,23,0.033043478,36
2986.632997,55,85,0.75,30,0.025,36
2986.186695,64,78,0.37,14,0.026428571,36
2986.115854,61,87,0.58,26,0.022307692,36
2985.825566,55,87,0.91,32,0.0284375,36
2985.797764,54,89,0.98,35,0.028,36
2985.764115,58,89,0.68,31,0.021935484,36
2985.650452,57,92,0.78,35,0.022285714,36
2985.433398,52,80,0.81,28,0.028928571,36
2984.926758,58,90,0.7,32,0.021875,36
2984.899699,58,69,0.39,11,0.035454545,36
2984.708795,43,64,0.7,21,0.033333333,36
2984.368874,56,69,0.46,13,0.035384615,36
2984.284306,53,89,0.92,36,0.025555556,36
2984.284306,53,90,0.94,37,0.025405405,36
2984.284306,52,91,0.99,39,0.025384615,36
2984.12798,58,71,0.41,13,0.031538462,36
2983.682563,57,85,0.71,28,0.025357143,36
2983.48175,60,91,0.64,31,0.020645161,36
2982.768267,59,87,0.63,28,0.0225,36
2982.503193,57,75,0.55,18,0.030555556,36
2982.172527,56,87,0.76,31,0.024516129,36
2981.446023,50,83,0.96,33,0.029090909,36
2980.68532,60,82,0.55,22,0.025,36
2980.68532,59,83,0.6,24,0.025,36
2980.68532,58,84,0.65,26,0.025,36
2980.68532,58,85,0.67,27,0.024814815,36
2980.68532,57,86,0.72,29,0.024827586,36
2980.68532,56,87,0.77,31,0.02483871,36
2980.638087,51,76,0.87,25,0.0348,36
2980.425264,43,64,0.69,21,0.032857143,36
2979.893465,58,68,0.35,10,0.035,36
2979.836621,57,69,0.42,12,0.035,36
2979.836621,56,70,0.49,14,0.035,36
2979.358117,53,97,0.98,44,0.022272727,36
2978.907939,43,61,0.62,18,0.034444444,36
2978.479545,63,87,0.5,24,0.020833333,36
2978.410912,54,96,0.93,42,0.022142857,36
2978.396836,42,64,0.72,22,0.032727273,36
2978.177101,53,76,0.73,23,0.03173913,36
2978.177101,53,77,0.75,24,0.03125,36
2978.110457,56,91,0.88,35,0.025142857,36
2978.033149,58,92,0.72,34,0.021176471,36
2976.781551,52,76,0.83,24,0.034583333,36
2976.781551,51,77,0.9,26,0.034615385,36
2976.496598,62,80,0.45,18,0.025,36
2976.496598,61,81,0.5,20,0.025,36
2976.153716,56,88,0.78,32,0.024375,36
2975.65276,51,79,0.87,28,0.031071429,36
2975.300571,52,82,0.9,30,0.03,36
2975.111894,56,90,0.88,34,0.025882353,36
2974.31681,60,87,0.6,27,0.022222222,36
2974.144122,59,87,0.62,28,0.022142857,36
2974.139772,64,78,0.38,14,0.027142857,36
2973.591791,59,70,0.35,11,0.031818182,36
2973.195808,59,84,0.51,25,0.0204,36
2973.087968,36,52,0.64,16,0.04,36
2973.029413,52,73,0.74,21,0.035238095,36
2972.666522,58,67,0.32,9,0.035555556,36
2972.428775,53,80,0.82,27,0.03037037,36
2972.292663,56,88,0.86,32,0.026875,36
2972.289559,64,81,0.38,17,0.022352941,36
2972.026062,65,82,0.38,17,0.022352941,36
2971.981868,55,91,0.92,36,0.025555556,36
2971.981868,54,93,0.99,39,0.025384615,36
2971.895385,50,80,0.95,30,0.031666667,36
2971.821596,60,69,0.28,9,0.031111111,36
2971.821596,56,73,0.53,17,0.031176471,36
2971.656393,51,76,0.85,25,0.034,36
2971.408941,62,82,0.45,20,0.0225,36
2971.334126,39,68,0.95,29,0.032758621,36
2970.577075,51,77,0.91,26,0.035,36
2970.374065,60,79,0.45,19,0.023684211,36
2970.295534,54,90,0.88,36,0.024444444,36
2970.243407,50,83,0.95,33,0.028787879,36
2969.807936,55,80,0.77,25,0.0308,36
2969.807936,54,81,0.83,27,0.030740741,36
2969.807936,52,84,0.98,32,0.030625,36
2969.773406,56,80,0.65,24,0.027083333,36
2969.751278,53,83,0.91,30,0.030333333,36
2969.751278,52,84,0.97,32,0.0303125,36
2969.442229,68,81,0.27,13,0.020769231,36
2969.422653,55,71,0.56,16,0.035,36
2969.422653,54,72,0.63,18,0.035,36
2969.422653,53,73,0.7,20,0.035,36
2969.036434,47,57,0.33,10,0.033,36
2968.589279,50,81,0.96,31,0.030967742,36
2968.566988,52,79,0.82,27,0.03037037,36
2968.499812,54,75,0.66,21,0.031428571,36
2968.298777,52,81,0.83,29,0.02862069,36
2968.220867,55,88,0.93,33,0.028181818,36
2968.016374,50,77,0.92,27,0.034074074,36
2968.016374,49,78,0.99,29,0.034137931,36
2967.864724,56,94,0.82,38,0.021578947,36
2967.847645,59,89,0.67,30,0.022333333,36
2967.754508,66,84,0.36,18,0.02,36
2967.754508,65,85,0.4,20,0.02,36
2967.683327,54,87,0.86,33,0.026060606,36
2967.683327,53,89,0.93,36,0.025833333,36
2967.683327,52,90,0.98,38,0.025789474,36
2967.354946,53,74,0.74,21,0.035238095,36
2967.29925,56,89,0.87,33,0.026363636,36
2967.091048,60,84,0.55,24,0.022916667,36
2966.927184,59,77,0.47,18,0.026111111,36
2966.782273,45,61,0.53,16,0.033125,36
2966.762322,60,88,0.61,28,0.021785714,36
2966.762322,59,90,0.67,31,0.021612903,36
2966.762322,57,92,0.76,35,0.021714286,36
2966.413024,54,73,0.66,19,0.034736842,36
2966.126961,58,91,0.73,33,0.022121212,36
2965.932198,55,92,0.93,37,0.025135135,36
2965.844815,58,80,0.57,22,0.025909091,36
2965.803209,65,84,0.39,19,0.020526316,36
2965.803209,62,88,0.53,26,0.020384615,36
2965.698291,62,86,0.53,24,0.022083333,36
2965.586342,59,75,0.5,16,0.03125,36
2965.49877,55,95,0.89,40,0.02225,36
2964.947489,52,89,0.96,37,0.025945946,36
2964.939487,35,56,0.79,21,0.037619048,36
2964.866824,69,77,0.17,8,0.02125,36
2964.688598,51,74,0.76,23,0.033043478,36
2964.208324,62,64,0.07,2,0.035,36
2964.208324,61,65,0.14,4,0.035,36
2964.208324,60,66,0.21,6,0.035,36
2964.140473,61,86,0.54,25,0.0216,36
2964.140473,59,88,0.63,29,0.021724138,36
2963.692577,54,91,0.89,37,0.024054054,36
2963.467427,58,87,0.68,29,0.023448276,36
2962.35924,56,85,0.75,29,0.025862069,36
2962.35924,55,86,0.8,31,0.025806452,36
2962.35924,55,87,0.82,32,0.025625,36
2962.35924,54,88,0.87,34,0.025588235,36
2962.35924,54,89,0.89,35,0.025428571,36
2961.95933,55,89,0.94,34,0.027647059,36
2961.761774,59,82,0.59,23,0.025652174,36
2961.479964,64,70,0.19,6,0.031666667,36
2961.479964,61,73,0.38,12,0.031666667,36
2961.178563,59,89,0.66,30,0.022,36
2960.404374,57,79,0.67,22,0.030454545,36
2960.404374,53,84,0.93,31,0.03,36
2960.404374,53,84,0.94,31,0.030322581,36
2960.104407,53,87,0.99,34,0.029117647,36
2960.100865,37,51,0.53,14,0.037857143,36
2959.920119,52,78,0.82,26,0.031538462,36
2959.571122,65,74,0.22,9,0.024444444,36
2959.486523,64,79,0.39,15,0.026,36
2958.821785,61,86,0.56,25,0.0224,36
2958.821785,59,88,0.65,29,0.022413793,36
2958.490056,63,88,0.51,25,0.0204,36
2958.308085,54,78,0.74,24,0.030833333,36
2958.18275,65,74,0.21,9,0.023333333,36
2957.738768,54,86,0.93,32,0.0290625,36
2957.676287,64,82,0.41,18,0.022777778,36
2957.522861,59,86,0.69,27,0.025555556,36
