% profit,ema1,ema2,threshold,diff,thresh / diff,ID
3888.527369,37,52,0.53,15,0.035333333,27
3865.158832,38,51,0.46,13,0.035384615,27
3858.918865,40,48,0.29,8,0.03625,27
3840.294647,39,50,0.39,11,0.035454545,27
3763.504335,35,55,0.7,20,0.035,27
3697.771331,36,54,0.63,18,0.035,27
3693.746779,36,49,0.53,13,0.040769231,27
3671.223374,53,73,0.69,20,0.0345,27
3634.285818,42,46,0.15,4,0.0375,27
3634.285818,40,48,0.3,8,0.0375,27
3633.530274,52,74,0.76,22,0.034545455,27
3633.1239,59,66,0.24,7,0.034285714,27
3616.24784,54,72,0.62,18,0.034444444,27
3616.163797,54,71,0.59,17,0.034705882,27
3614.91592,58,67,0.31,9,0.034444444,27
3606.939777,57,68,0.38,11,0.034545455,27
3602.063675,56,69,0.45,13,0.034615385,27
3602.063675,55,70,0.52,15,0.034666667,27
3598.475964,39,46,0.28,7,0.04,27
3593.332637,56,70,0.48,14,0.034285714,27
3590.460758,58,69,0.37,11,0.033636364,27
3586.374633,41,47,0.23,6,0.038333333,27
3584.926899,55,71,0.55,16,0.034375,27
3578.392663,39,49,0.38,10,0.038,27
3578.392663,38,50,0.46,12,0.038333333,27
3567.320219,60,72,0.38,12,0.031666667,27
3563.893244,52,75,0.79,23,0.034347826,27
3563.893244,51,76,0.86,25,0.0344,27
3558.074874,63,69,0.19,6,0.031666667,27
3556.739964,49,63,0.39,14,0.027857143,27
3556.060253,44,51,0.26,7,0.037142857,27
3555.974232,43,44,0.04,1,0.04,27
3555.974232,42,45,0.12,3,0.04,27
3555.974232,41,46,0.2,5,0.04,27
3548.70367,34,52,0.72,18,0.04,27
3543.797173,60,73,0.41,13,0.031538462,27
3543.797173,57,76,0.6,19,0.031578947,27
3537.629778,58,68,0.34,10,0.034,27
3537.060364,58,75,0.54,17,0.031764706,27
3534.788785,58,74,0.51,16,0.031875,27
3534.788785,56,76,0.64,20,0.032,27
3530.574925,63,68,0.16,5,0.032,27
3530.097185,55,72,0.58,17,0.034117647,27
3527.572725,36,53,0.63,17,0.037058824,27
3526.539854,38,50,0.47,12,0.039166667,27
3522.60108,46,67,0.58,21,0.027619048,27
3521.548148,61,71,0.32,10,0.032,27
3521.548148,59,73,0.45,14,0.032142857,27
3521.548148,57,75,0.58,18,0.032222222,27
3521.548148,55,77,0.71,22,0.032272727,27
3521.313524,57,69,0.41,12,0.034166667,27
3516.166592,50,61,0.31,11,0.028181818,27
3514.679422,38,52,0.48,14,0.034285714,27
3514.097914,61,67,0.2,6,0.033333333,27
3514.097914,58,70,0.4,12,0.033333333,27
3513.377714,60,71,0.36,11,0.032727273,27
3510.402826,58,73,0.49,15,0.032666667,27
3506.833025,56,71,0.51,15,0.034,27
3506.692283,57,70,0.44,13,0.033846154,27
3506.115461,47,65,0.49,18,0.027222222,27
3505.373303,54,73,0.65,19,0.034210526,27
3505.373303,53,74,0.72,21,0.034285714,27
3505.051149,56,77,0.67,21,0.031904762,27
3505.051149,54,79,0.8,25,0.032,27
3504.518901,56,75,0.62,19,0.032631579,27
3502.621736,48,64,0.43,16,0.026875,27
3502.554176,51,61,0.27,10,0.027,27
3500.67466,32,56,0.92,24,0.038333333,27
3496.366256,55,68,0.47,13,0.036153846,27
3495.295336,51,80,0.96,29,0.033103448,27
3494.135984,53,79,0.85,26,0.032692308,27
3493.953591,55,78,0.74,23,0.032173913,27
3493.256426,53,80,0.87,27,0.032222222,27
3493.256333,54,78,0.79,24,0.032916667,27
3491.477007,34,55,0.77,21,0.036666667,27
3491.444058,58,74,0.52,16,0.0325,27
3491.316639,40,48,0.31,8,0.03875,27
3490.040573,63,67,0.13,4,0.0325,27
3489.538041,56,70,0.49,14,0.035,27
3489.538041,55,71,0.56,16,0.035,27
3489.538041,54,72,0.63,18,0.035,27
3489.538041,51,76,0.87,25,0.0348,27
3488.487228,56,76,0.65,20,0.0325,27
3488.487228,54,78,0.78,24,0.0325,27
3487.78803,59,72,0.43,13,0.033076923,27
3487.24143,42,72,0.82,30,0.027333333,27
3487.081147,36,50,0.55,14,0.039285714,27
3486.312301,56,67,0.4,11,0.036363636,27
3485.949481,36,51,0.57,15,0.038,27
3485.609314,55,76,0.69,21,0.032857143,27
3485.261474,61,70,0.29,9,0.032222222,27
3485.261474,59,72,0.42,13,0.032307692,27
3484.008907,35,53,0.67,18,0.037222222,27
3481.739864,37,50,0.49,13,0.037692308,27
3481.660318,38,53,0.51,15,0.034,27
3481.370826,55,77,0.72,22,0.032727273,27
3480.872163,61,69,0.26,8,0.0325,27
3480.872163,59,71,0.39,12,0.0325,27
3480.461124,38,51,0.48,13,0.036923077,27
3479.418522,57,74,0.55,17,0.032352941,27
3475.534214,52,80,0.92,28,0.032857143,27
3474.763254,60,69,0.31,9,0.034444444,27
3472.363079,42,43,0.04,1,0.04,27
3472.363079,41,44,0.12,3,0.04,27
3472.363079,40,45,0.2,5,0.04,27
3472.251938,54,77,0.75,23,0.032608696,27
3472.183802,49,64,0.4,15,0.026666667,27
3469.593088,56,86,0.78,30,0.026,27
3469.520418,59,64,0.18,5,0.036,27
3467.536649,55,73,0.62,18,0.034444444,27
3467.536649,54,74,0.69,20,0.0345,27
3467.536649,53,75,0.76,22,0.034545455,27
3466.803011,58,72,0.47,14,0.033571429,27
3466.464017,37,53,0.55,16,0.034375,27
3465.540259,39,49,0.39,10,0.039,27
3462.763156,34,54,0.79,20,0.0395,27
3461.258325,53,78,0.82,25,0.0328,27
3460.370121,50,78,0.96,28,0.034285714,27
3459.40764,57,71,0.47,14,0.033571429,27
3459.289704,58,72,0.46,14,0.032857143,27
3458.615315,34,53,0.76,19,0.04,27
3458.615315,33,55,0.87,22,0.039545455,27
3458.615315,32,56,0.95,24,0.039583333,27
3457.845583,56,72,0.54,16,0.03375,27
3457.478104,32,57,0.92,25,0.0368,27
3457.464635,33,56,0.85,23,0.036956522,27
3455.909039,61,66,0.17,5,0.034,27
3455.670819,55,73,0.61,18,0.033888889,27
3455.579095,60,70,0.34,10,0.034,27
3455.118039,44,69,0.69,25,0.0276,27
3454.866284,54,77,0.76,23,0.033043478,27
3453.43229,57,74,0.56,17,0.032941176,27
3451.731244,34,54,0.75,20,0.0375,27
3451.674591,57,74,0.57,17,0.033529412,27
3451.67162,56,75,0.64,19,0.033684211,27
3450.159781,54,89,0.9,35,0.025714286,27
3450.159781,53,91,0.97,38,0.025526316,27
3449.420718,35,57,0.74,22,0.033636364,27
3449.347755,54,89,0.91,35,0.026,27
3448.787061,52,79,0.89,27,0.032962963,27
3447.578388,60,67,0.24,7,0.034285714,27
3447.578388,59,68,0.31,9,0.034444444,27
3447.346844,43,70,0.72,27,0.026666667,27
3446.642959,56,75,0.63,19,0.033157895,27
3445.535514,54,74,0.68,20,0.034,27
3443.857067,47,66,0.51,19,0.026842105,27
3442.727193,60,70,0.33,10,0.033,27
3442.478294,62,64,0.07,2,0.035,27
3442.478294,61,65,0.14,4,0.035,27
3442.478294,58,69,0.38,11,0.034545455,27
3442.478294,57,70,0.45,13,0.034615385,27
3442.478294,56,71,0.52,15,0.034666667,27
3442.478294,55,72,0.59,17,0.034705882,27
3442.478294,54,73,0.66,19,0.034736842,27
3442.478294,53,74,0.73,21,0.034761905,27
3440.577895,60,66,0.21,6,0.035,27
3440.577895,59,67,0.28,8,0.035,27
3440.577895,58,68,0.35,10,0.035,27
3440.577895,57,69,0.42,12,0.035,27
3440.577895,52,75,0.8,23,0.034782609,27
3438.386107,59,71,0.41,12,0.034166667,27
3438.386107,58,72,0.48,14,0.034285714,27
3437.89539,56,74,0.59,18,0.032777778,27
3437.46615,53,75,0.75,22,0.034090909,27
3437.46615,52,76,0.82,24,0.034166667,27
3437.46615,51,77,0.89,26,0.034230769,27
3436.92911,37,52,0.56,15,0.037333333,27
3435.164553,55,88,0.85,33,0.025757576,27
3432.621506,51,81,0.99,30,0.033,27
3432.380594,56,72,0.55,16,0.034375,27
3432.380594,52,76,0.83,24,0.034583333,27
3432.380594,51,77,0.9,26,0.034615385,27
3431.936891,56,87,0.8,31,0.025806452,27
3431.516377,62,68,0.2,6,0.033333333,27
3431.516377,59,71,0.4,12,0.033333333,27
3431.370141,34,52,0.73,18,0.040555556,27
3431.089899,62,69,0.23,7,0.032857143,27
3429.715955,58,73,0.5,15,0.033333333,27
3429.213143,46,66,0.54,20,0.027,27
3426.163319,39,48,0.35,9,0.038888889,27
3425.937003,57,73,0.53,16,0.033125,27
3425.477084,56,74,0.6,18,0.033333333,27
3423.350078,40,47,0.27,7,0.038571429,27
3422.395586,57,85,0.73,28,0.026071429,27
3421.446379,53,90,0.96,37,0.025945946,27
3417.848053,51,80,0.98,29,0.033793103,27
3416.571958,55,75,0.66,20,0.033,27
3415.252203,59,84,0.64,25,0.0256,27
3410.747385,35,51,0.64,16,0.04,27
3408.194147,33,56,0.86,23,0.037391304,27
3407.177517,60,82,0.57,22,0.025909091,27
3406.232412,54,90,0.92,36,0.025555556,27
3405.5334,36,52,0.6,16,0.0375,27
3405.356548,40,49,0.32,9,0.035555556,27
3405.234622,37,51,0.55,14,0.039285714,27
3404.213734,52,79,0.9,27,0.033333333,27
3404.213734,51,80,0.97,29,0.033448276,27
3403.31041,42,44,0.08,2,0.04,27
3403.31041,41,45,0.16,4,0.04,27
3400.947612,61,69,0.27,8,0.03375,27
3400.947612,56,74,0.61,18,0.033888889,27
3400.255939,43,54,0.39,11,0.035454545,27
3399.736805,52,71,0.69,19,0.036315789,27
3399.325241,55,89,0.87,34,0.025588235,27
3398.42809,33,55,0.85,22,0.038636364,27
3397.47155,37,50,0.51,13,0.039230769,27
3397.47155,36,51,0.59,15,0.039333333,27
3396.952678,45,69,0.64,24,0.026666667,27
3396.539776,38,48,0.39,10,0.039,27
3396.001866,61,68,0.24,7,0.034285714,27
3395.476121,38,49,0.43,11,0.039090909,27
3394.902042,36,51,0.6,15,0.04,27
3394.697845,32,57,0.93,25,0.0372,27
3394.35631,55,76,0.7,21,0.033333333,27
3394.35631,54,77,0.77,23,0.033478261,27
3393.223876,54,88,0.89,34,0.026176471,27
3392.485346,33,55,0.83,22,0.037727273,27
3392.464373,46,67,0.56,21,0.026666667,27
3392.055406,35,54,0.7,19,0.036842105,27
3391.488017,55,87,0.84,32,0.02625,27
3391.397539,40,46,0.24,6,0.04,27
3389.872034,58,84,0.68,26,0.026153846,27
3389.268114,55,75,0.67,20,0.0335,27
3389.13196,53,78,0.83,25,0.0332,27
3389.126108,45,68,0.62,23,0.026956522,27
3388.90109,39,48,0.36,9,0.04,27
3388.90109,38,49,0.44,11,0.04,27
3388.90109,37,50,0.52,13,0.04,27
3388.847352,49,63,0.38,14,0.027142857,27
3388.709183,43,71,0.75,28,0.026785714,27
3386.807511,46,49,0.11,3,0.036666667,27
3384.83398,37,51,0.51,14,0.036428571,27
3384.496366,54,76,0.75,22,0.034090909,27
3384.496366,53,77,0.82,24,0.034166667,27
3384.496366,52,78,0.89,26,0.034230769,27
3384.469081,37,51,0.52,14,0.037142857,27
3381.173588,33,54,0.83,21,0.03952381,27
3381.02741,39,68,0.94,29,0.032413793,27
3380.357062,54,76,0.74,22,0.033636364,27
3379.983938,54,88,0.9,34,0.026470588,27
3379.893197,49,75,0.94,26,0.036153846,27
3379.040233,53,78,0.84,25,0.0336,27
3379.040233,52,79,0.91,27,0.033703704,27
3378.9754,45,67,0.6,22,0.027272727,27
3378.755958,38,50,0.45,12,0.0375,27
3378.039028,37,49,0.47,12,0.039166667,27
3376.829421,39,48,0.34,9,0.037777778,27
3375.697178,44,69,0.67,25,0.0268,27
3374.844379,37,52,0.54,15,0.036,27
3374.794918,35,52,0.65,17,0.038235294,27
3374.722922,54,76,0.73,22,0.033181818,27
3374.12478,46,68,0.58,22,0.026363636,27
3373.837933,34,54,0.76,20,0.038,27
3372.43604,53,77,0.81,24,0.03375,27
3371.533768,57,73,0.54,16,0.03375,27
3370.387629,36,52,0.62,16,0.03875,27
3370.387629,35,53,0.7,18,0.038888889,27
3370.020434,41,49,0.28,8,0.035,27
3369.909312,44,70,0.69,26,0.026538462,27
3369.279656,56,88,0.82,32,0.025625,27
3369.04018,32,55,0.92,23,0.04,27
3368.751797,55,75,0.68,20,0.034,27
3367.983822,34,53,0.74,19,0.038947368,27
3367.726078,58,85,0.69,27,0.025555556,27
3367.46197,34,54,0.77,20,0.0385,27
3366.817716,33,54,0.84,21,0.04,27
3366.61252,40,66,0.87,26,0.033461538,27
3366.378871,37,51,0.53,14,0.037857143,27
3362.696627,32,56,0.93,24,0.03875,27
3362.246359,45,66,0.59,21,0.028095238,27
3361.622624,36,52,0.61,16,0.038125,27
3361.310571,61,81,0.52,20,0.026,27
3361.310571,57,86,0.75,29,0.025862069,27
3360.689354,48,61,0.34,13,0.026153846,27
3360.374559,43,71,0.74,28,0.026428571,27
3357.426285,57,86,0.74,29,0.025517241,27
3357.277904,55,86,0.83,31,0.026774194,27
3356.845204,35,54,0.68,19,0.035789474,27
3356.835777,37,49,0.48,12,0.04,27
3356.118223,35,52,0.68,17,0.04,27
3353.991635,35,54,0.71,19,0.037368421,27
3353.479757,34,55,0.78,21,0.037142857,27
3353.029788,57,85,0.74,28,0.026428571,27
3353.029788,56,86,0.79,30,0.026333333,27
3353.029788,55,87,0.85,32,0.0265625,27
3353.029788,54,89,0.92,35,0.026285714,27
3353.029788,53,90,0.97,37,0.026216216,27
3351.248623,35,52,0.66,17,0.038823529,27
3350.997655,33,54,0.85,21,0.04047619,27
3349.905923,55,88,0.86,33,0.026060606,27
3349.905923,54,90,0.93,36,0.025833333,27
3348.976251,53,91,0.98,38,0.025789474,27
3348.577009,57,81,0.7,24,0.029166667,27
3348.323207,33,55,0.86,22,0.039090909,27
3347.851988,57,84,0.72,27,0.026666667,27
3347.841168,32,56,0.96,24,0.04,27
3346.420699,35,53,0.69,18,0.038333333,27
3344.959519,60,83,0.59,23,0.025652174,27
3344.694424,55,91,0.91,36,0.025277778,27
3344.188649,38,50,0.43,12,0.035833333,27
3344.03118,53,92,0.99,39,0.025384615,27
3342.497912,50,74,0.86,24,0.035833333,27
3342.157883,62,79,0.45,17,0.026470588,27
3337.951807,57,87,0.76,30,0.025333333,27
3336.958242,34,62,0.98,28,0.035,27
3336.750187,62,67,0.17,5,0.034,27
3336.091399,59,83,0.63,24,0.02625,27
3335.542382,37,50,0.5,13,0.038461538,27
3335.542382,36,51,0.58,15,0.038666667,27
3335.379719,44,46,0.07,2,0.035,27
3334.867533,56,90,0.85,34,0.025,27
3334.867533,55,91,0.9,36,0.025,27
3333.065632,42,71,0.8,29,0.027586207,27
3332.936738,38,49,0.42,11,0.038181818,27
3332.754484,45,62,0.48,17,0.028235294,27
3331.591384,58,85,0.7,27,0.025925926,27
3331.389567,32,54,0.89,22,0.040454545,27
3330.446341,36,50,0.56,14,0.04,27
3329.935273,36,59,0.81,23,0.035217391,27
3329.531889,58,80,0.64,22,0.029090909,27
3328.134204,33,54,0.82,21,0.039047619,27
3327.398074,34,54,0.78,20,0.039,27
3326.49324,44,68,0.65,24,0.027083333,27
3326.018366,53,90,0.95,37,0.025675676,27
3325.355608,54,87,0.89,33,0.026969697,27
3325.355608,53,89,0.96,36,0.026666667,27
3324.769846,56,87,0.81,31,0.026129032,27
3324.769846,53,91,0.99,38,0.026052632,27
3323.550013,54,93,0.97,39,0.024871795,27
3323.055098,32,54,0.9,22,0.040909091,27
3321.692495,60,75,0.46,15,0.030666667,27
3321.356426,59,70,0.36,11,0.032727273,27
3321.252532,37,51,0.54,14,0.038571429,27
3320.972047,42,69,0.76,27,0.028148148,27
3320.284658,55,89,0.88,34,0.025882353,27
3319.573435,32,56,0.94,24,0.039166667,27
3319.05554,54,88,0.91,34,0.026764706,27
3319.05554,53,90,0.98,37,0.026486486,27
3319.025861,62,76,0.4,14,0.028571429,27
3318.798475,53,89,0.95,36,0.026388889,27
3318.076993,61,84,0.48,23,0.020869565,27
3317.747132,39,49,0.36,10,0.036,27
3317.114298,48,65,0.46,17,0.027058824,27
3316.601387,42,45,0.11,3,0.036666667,27
3316.243326,37,54,0.58,17,0.034117647,27
3315.522236,62,72,0.31,10,0.031,27
3315.493541,39,48,0.33,9,0.036666667,27
3315.39428,49,75,0.93,26,0.035769231,27
3313.986917,65,76,0.29,11,0.026363636,27
3313.928685,56,85,0.78,29,0.026896552,27
3313.356501,54,58,0.11,4,0.0275,27
3313.125006,43,70,0.73,27,0.027037037,27
3312.104973,41,46,0.19,5,0.038,27
3311.506185,65,77,0.31,12,0.025833333,27
3310.692723,35,52,0.67,17,0.039411765,27
3309.515851,62,80,0.47,18,0.026111111,27
3309.515851,61,82,0.54,21,0.025714286,27
3309.307798,42,48,0.21,6,0.035,27
3308.804599,52,85,0.9,33,0.027272727,27
3307.755535,52,84,0.93,32,0.0290625,27
3305.755153,35,51,0.65,16,0.040625,27
3304.511004,38,60,0.81,22,0.036818182,27
3303.67071,53,88,0.95,35,0.027142857,27
3303.082391,53,92,0.98,39,0.025128205,27
3301.107144,43,47,0.14,4,0.035,27
3300.710311,60,78,0.52,18,0.028888889,27
3300.710311,59,79,0.58,20,0.029,27
3299.997347,44,53,0.32,9,0.035555556,27
3299.687477,56,88,0.81,32,0.0253125,27
3298.598509,52,84,0.92,32,0.02875,27
3298.508466,65,73,0.23,8,0.02875,27
3297.643712,52,60,0.22,8,0.0275,27
3296.848628,41,65,0.79,24,0.032916667,27
3296.848628,40,66,0.86,26,0.033076923,27
3296.789209,51,79,0.94,28,0.033571429,27
3296.140235,58,77,0.54,19,0.028421053,27
3296.140235,57,78,0.6,21,0.028571429,27
3295.692436,39,47,0.31,8,0.03875,27
3295.560634,58,71,0.43,13,0.033076923,27
3295.560634,55,74,0.63,19,0.033157895,27
3294.364602,33,55,0.84,22,0.038181818,27
3294.199941,41,55,0.52,14,0.037142857,27
3294.135102,62,77,0.42,15,0.028,27
3294.135102,62,78,0.44,16,0.0275,27
3294.135102,61,79,0.5,18,0.027777778,27
3294.135102,59,81,0.61,22,0.027727273,27
3294.135102,58,82,0.67,24,0.027916667,27
3293.440686,52,86,0.95,34,0.027941176,27
3292.784163,36,55,0.65,19,0.034210526,27
3292.784163,35,56,0.72,21,0.034285714,27
3290.915339,55,85,0.83,30,0.027666667,27
3290.906703,54,86,0.89,32,0.0278125,27
3290.794216,34,58,0.81,24,0.03375,27
3290.389336,32,55,0.93,23,0.040434783,27
3289.77671,44,63,0.54,19,0.028421053,27
3289.451865,40,47,0.28,7,0.04,27
3288.363437,52,86,0.99,34,0.029117647,27
3287.51183,54,91,0.94,37,0.025405405,27
3287.459688,33,53,0.81,20,0.0405,27
3287.379712,57,66,0.32,9,0.035555556,27
3287.148474,31,56,0.99,25,0.0396,27
3284.887859,40,53,0.48,13,0.036923077,27
3284.772373,41,48,0.25,7,0.035714286,27
3284.176301,59,84,0.65,25,0.026,27
3283.586559,32,57,0.94,25,0.0376,27
3283.29102,48,65,0.47,17,0.027647059,27
3282.717205,59,80,0.59,21,0.028095238,27
3281.72991,35,55,0.73,20,0.0365,27
3281.338127,54,81,0.81,27,0.03,27
3281.256844,67,72,0.14,5,0.028,27
3281.256844,64,75,0.31,11,0.028181818,27
3280.762441,39,54,0.56,15,0.037333333,27
3280.577641,41,49,0.27,8,0.03375,27
3280.307839,61,74,0.4,13,0.030769231,27
3279.938212,35,60,0.92,25,0.0368,27
3279.318675,36,52,0.58,16,0.03625,27
3278.967518,56,81,0.7,25,0.028,27
3278.565004,43,72,0.76,29,0.026206897,27
3278.533676,35,53,0.68,18,0.037777778,27
3277.449017,60,82,0.58,22,0.026363636,27
3277.20324,60,80,0.55,20,0.0275,27
3277.20324,57,84,0.74,27,0.027407407,27
3276.937388,34,61,0.97,27,0.035925926,27
3276.838637,44,52,0.29,8,0.03625,27
3275.715724,55,77,0.67,22,0.030454545,27
3275.688777,48,57,0.26,9,0.028888889,27
3275.335761,59,72,0.4,13,0.030769231,27
3274.646273,41,57,0.57,16,0.035625,27
3274.335851,59,86,0.68,27,0.025185185,27
3274.215307,53,90,0.99,37,0.026756757,27
3273.61099,56,79,0.67,23,0.029130435,27
3272.278575,37,57,0.71,20,0.0355,27
3271.813668,57,84,0.73,27,0.027037037,27
3271.627484,45,51,0.22,6,0.036666667,27
3271.539043,49,56,0.2,7,0.028571429,27
3271.282579,60,81,0.56,21,0.026666667,27
3270.938514,44,68,0.67,24,0.027916667,27
3270.197691,68,72,0.11,4,0.0275,27
3270.197691,66,74,0.22,8,0.0275,27
3270.197691,64,76,0.33,12,0.0275,27
3269.77394,35,53,0.71,18,0.039444444,27
3269.67533,39,59,0.73,20,0.0365,27
3269.529348,63,71,0.25,8,0.03125,27
3269.092896,57,82,0.7,25,0.028,27
3268.974697,59,78,0.53,19,0.027894737,27
3268.560449,63,77,0.38,14,0.027142857,27
3268.560449,61,79,0.49,18,0.027222222,27
3268.560449,59,82,0.62,23,0.026956522,27
3268.394291,68,69,0.03,1,0.03,27
3268.394291,67,70,0.09,3,0.03,27
3268.394291,66,71,0.15,5,0.03,27
3268.394291,65,72,0.21,7,0.03,27
3268.382457,54,84,0.84,30,0.028,27
3267.971295,55,87,0.86,32,0.026875,27
3267.814841,58,81,0.65,23,0.02826087,27
3267.769382,43,53,0.37,10,0.037,27
3267.45845,43,70,0.75,27,0.027777778,27
3267.201717,59,76,0.48,17,0.028235294,27
3266.932931,56,84,0.78,28,0.027857143,27
3266.757651,59,81,0.6,22,0.027272727,27
3266.565991,53,85,0.93,32,0.0290625,27
3266.360913,61,78,0.48,17,0.028235294,27
3266.35716,61,80,0.52,19,0.027368421,27
3266.35716,59,82,0.63,23,0.027391304,27
3266.35716,58,83,0.69,25,0.0276,27
3265.973319,34,54,0.8,20,0.04,27
3265.324028,53,86,0.91,33,0.027575758,27
3264.865658,42,54,0.44,12,0.036666667,27
3264.730689,59,85,0.66,26,0.025384615,27
3264.730689,57,88,0.78,31,0.02516129,27
3263.472962,57,75,0.59,18,0.032777778,27
3263.343401,64,73,0.27,9,0.03,27
3263.343401,63,74,0.33,11,0.03,27
3263.343401,62,75,0.39,13,0.03,27
3263.343401,61,76,0.45,15,0.03,27
3263.343401,60,77,0.51,17,0.03,27
3263.343401,59,78,0.57,19,0.03,27
3263.343401,58,79,0.63,21,0.03,27
3262.754542,52,78,0.87,26,0.033461538,27
3262.632662,62,70,0.23,8,0.02875,27
3262.632662,58,74,0.46,16,0.02875,27
3262.632662,57,75,0.52,18,0.028888889,27
3262.632662,57,76,0.54,19,0.028421053,27
3262.632662,56,76,0.58,20,0.029,27
3262.623325,53,77,0.8,24,0.033333333,27
3262.339428,53,84,0.87,31,0.028064516,27
3262.238999,58,87,0.73,29,0.025172414,27
3262.202454,36,53,0.62,17,0.036470588,27
3262.035558,54,89,0.93,35,0.026571429,27
3261.776579,60,72,0.39,12,0.0325,27
3260.938413,41,56,0.54,15,0.036,27
3260.64982,54,82,0.77,28,0.0275,27
3260.264584,60,74,0.44,14,0.031428571,27
3260.264584,57,77,0.63,20,0.0315,27
3260.202597,56,82,0.72,26,0.027692308,27
3260.202597,54,85,0.85,31,0.027419355,27
3260.052733,55,83,0.78,28,0.027857143,27
3259.725858,58,83,0.67,25,0.0268,27
3259.725858,56,86,0.8,30,0.026666667,27
3259.681691,39,47,0.32,8,0.04,27
3259.681691,38,48,0.4,10,0.04,27
3259.627945,56,83,0.73,27,0.027037037,27
3259.37069,34,53,0.75,19,0.039473684,27
3258.011595,39,58,0.7,19,0.036842105,27
3257.030878,36,58,0.82,22,0.037272727,27
3256.931923,58,80,0.6,22,0.027272727,27
3256.418566,54,85,0.9,31,0.029032258,27
3256.277774,63,79,0.42,16,0.02625,27
3256.159911,56,80,0.68,24,0.028333333,27
3255.979694,41,56,0.53,15,0.035333333,27
3255.897261,53,89,0.97,36,0.026944444,27
3255.788974,56,73,0.57,17,0.033529412,27
3255.53305,51,60,0.25,9,0.027777778,27
3254.993671,63,70,0.22,7,0.031428571,27
3254.228213,59,75,0.5,16,0.03125,27
3254.033493,34,51,0.71,17,0.041764706,27
3254.016164,54,83,0.82,29,0.028275862,27
3254.007124,41,56,0.55,15,0.036666667,27
3253.095325,60,81,0.57,21,0.027142857,27
3252.901304,40,50,0.34,10,0.034,27
3252.335049,45,52,0.25,7,0.035714286,27
3251.982741,61,68,0.23,7,0.032857143,27
3251.76872,53,87,0.96,34,0.028235294,27
3251.484093,67,77,0.21,10,0.021,27
3251.122085,38,61,0.83,23,0.036086957,27
3251.095715,57,89,0.8,32,0.025,27
3250.482106,64,71,0.19,7,0.027142857,27
3250.386116,32,55,0.91,23,0.039565217,27
3250.136769,57,83,0.72,26,0.027692308,27
3250.023266,42,55,0.47,13,0.036153846,27
3249.527931,47,64,0.48,17,0.028235294,27
3249.003219,35,50,0.62,15,0.041333333,27
3248.558331,55,84,0.79,29,0.027241379,27
3248.449875,57,86,0.76,29,0.026206897,27
3248.225399,58,73,0.46,15,0.030666667,27
3247.903742,58,78,0.57,20,0.0285,27
3247.622636,51,86,0.97,35,0.027714286,27
3247.36234,56,85,0.79,29,0.027241379,27
3247.36234,55,86,0.85,31,0.027419355,27
3247.36234,54,88,0.92,34,0.027058824,27
3247.205692,40,57,0.63,17,0.037058824,27
3247.195789,55,83,0.83,28,0.029642857,27
3247.020252,35,57,0.75,22,0.034090909,27
3247.004269,60,77,0.47,17,0.027647059,27
3246.238136,42,54,0.43,12,0.035833333,27
3246.016585,52,85,0.93,33,0.028181818,27
3245.871191,57,80,0.64,23,0.027826087,27
3245.871191,57,81,0.66,24,0.0275,27
3245.871191,55,83,0.77,28,0.0275,27
3245.871191,54,84,0.83,30,0.027666667,27
3245.871191,53,85,0.89,32,0.0278125,27
3245.721966,55,82,0.76,27,0.028148148,27
3245.129884,63,77,0.39,14,0.027857143,27
3245.129884,60,81,0.58,21,0.027619048,27
3245.110993,41,72,0.86,31,0.027741935,27
3244.710458,43,69,0.71,26,0.027307692,27
3244.226879,54,83,0.81,29,0.027931034,27
3244.218406,58,84,0.69,26,0.026538462,27
3244.218406,56,87,0.82,31,0.026451613,27
3244.132712,58,83,0.68,25,0.0272,27
3243.421345,42,73,0.82,31,0.026451613,27
3243.317693,42,55,0.48,13,0.036923077,27
3243.13474,57,76,0.61,19,0.032105263,27
3242.986759,58,80,0.65,22,0.029545455,27
3242.986759,57,81,0.71,24,0.029583333,27
3242.986759,56,82,0.77,26,0.029615385,27
3242.601335,44,53,0.33,9,0.036666667,27
3242.484617,55,92,0.92,37,0.024864865,27
3242.314646,53,84,0.88,31,0.028387097,27
3242.20361,51,86,0.99,35,0.028285714,27
3241.652948,33,55,0.88,22,0.04,27
3241.534983,36,53,0.64,17,0.037647059,27
3241.189249,53,88,0.94,35,0.026857143,27
3240.991812,66,75,0.24,9,0.026666667,27
3240.991812,64,77,0.35,13,0.026923077,27
3240.991812,63,78,0.4,15,0.026666667,27
3240.991812,62,79,0.46,17,0.027058824,27
3240.991812,61,80,0.51,19,0.026842105,27
3240.991812,59,83,0.64,24,0.026666667,27
3240.991812,57,85,0.75,28,0.026785714,27
3240.86745,41,47,0.22,6,0.036666667,27
3240.821011,39,51,0.42,12,0.035,27
3240.666508,59,69,0.34,10,0.034,27
3240.666508,55,74,0.64,19,0.033684211,27
3240.666508,54,75,0.71,21,0.033809524,27
3240.630475,56,89,0.84,33,0.025454545,27
3240.630475,55,90,0.89,35,0.025428571,27
3240.630475,54,92,0.96,38,0.025263158,27
3240.40748,55,88,0.88,33,0.026666667,27
3239.819476,31,55,0.98,24,0.040833333,27
3239.699968,46,61,0.42,15,0.028,27
3239.052289,40,58,0.65,18,0.036111111,27
3238.434918,40,50,0.35,10,0.035,27
3238.292757,46,60,0.4,14,0.028571429,27
3237.915253,53,88,0.98,35,0.028,27
3237.910988,44,49,0.19,5,0.038,27
3237.531664,52,85,0.99,33,0.03,27
3237.341108,56,88,0.83,32,0.0259375,27
3237.22777,52,77,0.84,25,0.0336,27
3237.22777,51,78,0.91,27,0.033703704,27
3236.850247,65,75,0.28,10,0.028,27
3235.919271,53,69,0.4,16,0.025,27
3235.827465,59,77,0.51,18,0.028333333,27
3235.827465,58,79,0.59,21,0.028095238,27
3235.818969,62,74,0.34,12,0.028333333,27
3235.686692,53,85,0.9,32,0.028125,27
3235.686692,52,86,0.96,34,0.028235294,27
3235.267465,58,87,0.59,29,0.020344828,27
3234.682908,53,86,0.97,33,0.029393939,27
3234.077884,61,72,0.31,11,0.028181818,27
3233.934695,40,57,0.6,17,0.035294118,27
3233.783065,57,82,0.71,25,0.0284,27
3233.783065,56,83,0.77,27,0.028518519,27
3233.783065,55,84,0.83,29,0.02862069,27
3233.640566,54,91,0.93,37,0.025135135,27
3233.392839,57,85,0.76,28,0.027142857,27
3233.063411,58,70,0.41,12,0.034166667,27
3232.799459,57,83,0.71,26,0.027307692,27
3232.799459,55,86,0.84,31,0.027096774,27
3232.354807,61,74,0.36,13,0.027692308,27
3232.229525,55,88,0.87,33,0.026363636,27
3232.229525,54,90,0.94,36,0.026111111,27
3232.133989,61,70,0.3,9,0.033333333,27
3232.118937,41,65,0.8,24,0.033333333,27
3231.64007,58,75,0.48,17,0.028235294,27
3231.009658,61,73,0.36,12,0.03,27
3230.680914,44,62,0.52,18,0.028888889,27
3230.396386,40,57,0.62,17,0.036470588,27
3230.24221,64,74,0.29,10,0.029,27
3229.995428,52,57,0.13,5,0.026,27
3228.828839,61,74,0.37,13,0.028461538,27
3228.828839,57,79,0.62,22,0.028181818,27
3228.597606,53,83,0.85,30,0.028333333,27
3228.535058,56,77,0.6,21,0.028571429,27
3228.415469,52,87,0.97,35,0.027714286,27
3227.795808,63,71,0.24,8,0.03,27
3227.795808,62,72,0.3,10,0.03,27
3227.654265,46,67,0.57,21,0.027142857,27
3227.281308,54,92,0.95,38,0.025,27
3227.073098,34,62,0.99,28,0.035357143,27
3226.609266,54,92,0.97,38,0.025526316,27
3226.089016,52,85,0.94,33,0.028484848,27
3225.926674,58,86,0.71,28,0.025357143,27
3225.813397,56,81,0.71,25,0.0284,27
3225.813397,55,82,0.77,27,0.028518519,27
3225.732796,43,54,0.4,11,0.036363636,27
3225.629579,62,73,0.3,11,0.027272727,27
3225.599763,47,58,0.32,11,0.029090909,27
3225.55445,53,82,0.88,29,0.030344828,27
3225.37857,53,87,0.97,34,0.028529412,27
3225.305156,37,49,0.46,12,0.038333333,27
3225.037774,54,82,0.8,28,0.028571429,27
3224.747316,35,60,0.89,25,0.0356,27
3224.725412,44,48,0.15,4,0.0375,27
3224.485375,34,58,0.82,24,0.034166667,27
3224.142002,56,84,0.77,28,0.0275,27
3223.942962,63,76,0.37,13,0.028461538,27
3223.536703,47,59,0.34,12,0.028333333,27
3223.486446,46,68,0.55,22,0.025,27
3223.130299,64,71,0.2,7,0.028571429,27
3223.130299,60,75,0.43,15,0.028666667,27
3223.093946,52,85,0.98,33,0.02969697,27
3222.342561,37,57,0.74,20,0.037,27
3222.281385,54,94,0.99,40,0.02475,27
3222.275147,55,77,0.64,22,0.029090909,27
3221.85056,60,68,0.27,8,0.03375,27
3221.133798,61,77,0.46,16,0.02875,27
3220.917442,55,81,0.72,26,0.027692308,27
3220.917442,54,82,0.78,28,0.027857143,27
3220.68964,37,54,0.59,17,0.034705882,27
3220.535027,58,82,0.66,24,0.0275,27
3220.433779,42,70,0.78,28,0.027857143,27
3220.004605,51,85,0.99,34,0.029117647,27
3219.887733,53,84,0.92,31,0.029677419,27
3219.74312,36,50,0.53,14,0.037857143,27
3219.559877,55,90,0.88,35,0.025142857,27
3218.993916,63,73,0.28,10,0.028,27
3218.791618,54,75,0.7,21,0.033333333,27
3218.791618,53,76,0.77,23,0.033478261,27
3218.691384,61,71,0.29,10,0.029,27
3218.001113,45,61,0.46,16,0.02875,27
3217.902185,56,67,0.39,11,0.035454545,27
3217.866983,47,61,0.46,14,0.032857143,27
3217.740943,56,80,0.69,24,0.02875,27
3217.740943,55,81,0.75,26,0.028846154,27
3217.362813,62,73,0.31,11,0.028181818,27
3217.362813,58,78,0.56,20,0.028,27
3217.229251,61,76,0.44,15,0.029333333,27
3217.229251,60,77,0.5,17,0.029411765,27
3217.229251,59,78,0.56,19,0.029473684,27
3217.138103,56,76,0.61,20,0.0305,27
3216.818921,53,86,0.98,33,0.02969697,27
3216.763994,58,84,0.7,26,0.026923077,27
3216.763994,56,86,0.81,30,0.027,27
3216.600107,52,72,0.72,20,0.036,27
3216.428888,40,58,0.66,18,0.036666667,27
3216.100129,61,78,0.49,17,0.028823529,27
3215.78648,40,52,0.46,12,0.038333333,27
3215.769318,41,73,0.88,32,0.0275,27
3215.406756,57,80,0.65,23,0.02826087,27
3215.263212,57,87,0.77,30,0.025666667,27
3214.83242,56,84,0.79,28,0.028214286,27
3214.83242,55,85,0.85,30,0.028333333,27
3214.686505,53,76,0.79,23,0.034347826,27
3213.45337,56,73,0.53,17,0.031176471,27
3213.256913,46,66,0.56,20,0.028,27
3213.235355,52,78,0.88,26,0.033846154,27
3212.758445,63,75,0.35,12,0.029166667,27
3212.656372,37,47,0.42,10,0.042,27
3212.581961,58,77,0.56,19,0.029473684,27
3212.581961,57,78,0.62,21,0.02952381,27
3212.305695,61,81,0.53,20,0.0265,27
3212.305695,60,82,0.59,22,0.026818182,27
3212.305695,58,85,0.71,27,0.026296296,27
3212.305695,57,86,0.77,29,0.026551724,27
3211.72638,54,90,0.95,36,0.026388889,27
3211.628663,57,79,0.63,22,0.028636364,27
3211.470119,59,80,0.62,21,0.02952381,27
3211.470119,58,81,0.68,23,0.029565217,27
3211.467043,56,80,0.65,24,0.027083333,27
3211.402313,51,60,0.23,9,0.025555556,27
3211.297341,37,57,0.73,20,0.0365,27
3211.253404,37,63,0.89,26,0.034230769,27
3211.182012,42,72,0.96,30,0.032,27
3211.161719,54,83,0.83,29,0.02862069,27
3211.161719,53,84,0.89,31,0.028709677,27
3209.975375,53,83,0.84,30,0.028,27
3209.861847,54,86,0.91,32,0.0284375,27
3209.526877,54,86,0.85,32,0.0265625,27
3209.423501,66,76,0.26,10,0.026,27
3208.89977,56,76,0.66,20,0.033,27
3208.653113,53,86,0.9,33,0.027272727,27
3208.653113,52,87,0.96,35,0.027428571,27
3208.631049,54,87,0.9,33,0.027272727,27
3208.631049,53,88,0.96,35,0.027428571,27
3208.530703,44,67,0.65,23,0.02826087,27
3208.498172,56,85,0.8,29,0.027586207,27
3208.148167,52,88,0.96,36,0.026666667,27
3208.129211,56,82,0.76,26,0.029230769,27
3208.058187,60,76,0.45,16,0.028125,27
3207.762024,57,71,0.48,14,0.034285714,27
3207.762024,53,76,0.78,23,0.033913043,27
3207.762024,52,77,0.85,25,0.034,27
3207.762024,51,78,0.92,27,0.034074074,27
3207.19303,58,79,0.58,21,0.027619048,27
3207.140776,41,48,0.26,7,0.037142857,27
3207.031601,66,68,0.06,2,0.03,27
3207.031601,65,69,0.12,4,0.03,27
3207.031601,64,70,0.18,6,0.03,27
3207.006224,55,81,0.74,26,0.028461538,27
3206.909859,64,68,0.13,4,0.0325,27
3206.890493,60,75,0.42,15,0.028,27
3206.5814,54,84,0.87,30,0.029,27
3206.291426,39,45,0.25,6,0.041666667,27
3205.727676,40,55,0.56,15,0.037333333,27
3205.371953,37,53,0.6,16,0.0375,27
3204.763551,59,83,0.65,24,0.027083333,27
3204.673837,60,72,0.35,12,0.029166667,27
3204.339775,54,91,0.95,37,0.025675676,27
3203.761229,64,67,0.1,3,0.033333333,27
3203.340345,55,78,0.66,23,0.028695652,27
3203.340345,54,79,0.72,25,0.0288,27
3203.006697,50,79,0.99,29,0.034137931,27
3202.512318,48,66,0.45,18,0.025,27
3202.383115,61,70,0.27,9,0.03,27
3202.383115,60,71,0.33,11,0.03,27
3202.255057,60,79,0.54,19,0.028421053,27
3202.255057,59,80,0.6,21,0.028571429,27
3202.255057,58,81,0.66,23,0.028695652,27
3202.251701,49,61,0.31,12,0.025833333,27
3202.20496,54,87,0.93,33,0.028181818,27
3201.877325,62,70,0.26,8,0.0325,27
3201.634609,54,82,0.81,28,0.028928571,27
3201.634609,53,83,0.87,30,0.029,27
3200.829626,38,52,0.49,14,0.035,27
3200.064573,55,80,0.74,25,0.0296,27
3199.16513,39,49,0.37,10,0.037,27
3199.006122,42,64,0.73,22,0.033181818,27
3198.662733,41,71,0.84,30,0.028,27
3197.772952,42,55,0.46,13,0.035384615,27
3197.744537,46,59,0.39,13,0.03,27
3196.955701,55,86,0.86,31,0.027741935,27
3196.955701,53,89,0.99,36,0.0275,27
3196.918378,44,65,0.58,21,0.027619048,27
3196.739479,59,81,0.62,22,0.028181818,27
3196.61155,55,80,0.75,25,0.03,27
3195.883308,58,73,0.45,15,0.03,27
3195.770389,46,84,0.87,38,0.022894737,27
3195.646083,38,55,0.64,17,0.037647059,27
3194.979073,63,75,0.26,12,0.021666667,27
3193.958196,57,83,0.73,26,0.028076923,27
3193.917337,50,75,0.88,25,0.0352,27
3192.762741,53,83,0.86,30,0.028666667,27
3192.456193,52,82,0.86,30,0.028666667,27
3192.023407,56,79,0.69,23,0.03,27
3192.01649,66,71,0.11,5,0.022,27
3191.943724,57,81,0.69,24,0.02875,27
3191.943724,56,82,0.75,26,0.028846154,27
3191.943724,55,83,0.81,28,0.028928571,27
3191.943724,54,85,0.89,31,0.028709677,27
3191.943724,53,86,0.95,33,0.028787879,27
3191.55766,68,77,0.18,9,0.02,27
3191.082544,58,74,0.47,16,0.029375,27
3191.056964,56,84,0.82,28,0.029285714,27
3190.740261,56,89,0.83,33,0.025151515,27
3190.687914,48,56,0.25,8,0.03125,27
3190.685273,57,79,0.59,22,0.026818182,27
3190.351761,39,68,0.95,29,0.032758621,27
3189.972665,36,54,0.62,18,0.034444444,27
3189.864527,53,86,0.93,33,0.028181818,27
3189.787317,52,87,0.99,35,0.028285714,27
3189.675509,62,77,0.43,15,0.028666667,27
3189.675509,57,83,0.74,26,0.028461538,27
3189.675509,56,84,0.8,28,0.028571429,27
3189.671841,56,85,0.81,29,0.027931034,27
3189.671841,56,86,0.83,30,0.027666667,27
3189.671841,55,87,0.89,32,0.0278125,27
3189.671841,54,88,0.94,34,0.027647059,27
3189.671841,54,88,0.95,34,0.027941176,27
3189.567605,47,62,0.48,15,0.032,27
3189.524618,52,77,0.86,25,0.0344,27
3189.524618,51,78,0.93,27,0.034444444,27
3189.505641,44,70,0.71,26,0.027307692,27
3189.459155,50,76,0.91,26,0.035,27
3189.459155,49,77,0.98,28,0.035,27
3189.158872,48,60,0.39,12,0.0325,27
3189.038071,54,86,0.9,32,0.028125,27
3189.030895,59,70,0.37,11,0.033636364,27
3189.030895,58,71,0.44,13,0.033846154,27
3188.960833,59,81,0.63,22,0.028636364,27
3188.856315,56,90,0.86,34,0.025294118,27
3188.556425,53,86,0.96,33,0.029090909,27
3188.2859,56,87,0.83,31,0.026774194,27
3188.245455,59,76,0.49,17,0.028823529,27
3188.120912,45,67,0.64,22,0.029090909,27
3187.954507,35,60,0.88,25,0.0352,27
3187.368224,62,75,0.36,13,0.027692308,27
3186.668323,37,53,0.56,16,0.035,27
3185.894263,54,86,0.88,32,0.0275,27
3185.693329,60,78,0.49,18,0.027222222,27
3185.548983,55,85,0.89,30,0.029666667,27
3185.548983,54,86,0.95,32,0.0296875,27
3185.38787,55,89,0.9,34,0.026470588,27
3184.483644,54,93,0.98,39,0.025128205,27
3184.376579,33,57,0.88,24,0.036666667,27
3184.16104,44,64,0.56,20,0.028,27
3184.031803,53,89,0.98,36,0.027222222,27
3184.004906,35,59,0.87,24,0.03625,27
3183.70836,55,67,0.3,12,0.025,27
3183.70836,54,68,0.35,14,0.025,27
3183.68942,36,52,0.63,16,0.039375,27
3183.53552,63,72,0.26,9,0.028888889,27
3182.958761,53,87,0.91,34,0.026764706,27
3182.933432,59,74,0.48,15,0.032,27
3182.836653,51,79,0.95,28,0.033928571,27
3182.745828,63,66,0.1,3,0.033333333,27
3182.745828,60,69,0.3,9,0.033333333,27
3182.745828,57,72,0.5,15,0.033333333,27
3182.322304,63,83,0.41,20,0.0205,27
3182.289294,41,51,0.38,10,0.038,27
3182.24193,67,78,0.22,11,0.02,27
3182.24193,66,79,0.26,13,0.02,27
3181.936883,53,81,0.83,28,0.029642857,27
3181.936883,52,82,0.89,30,0.029666667,27
3181.794904,39,50,0.41,11,0.037272727,27
3181.439594,62,71,0.29,9,0.032222222,27
3181.205164,37,49,0.45,12,0.0375,27
3180.838366,55,81,0.71,26,0.027307692,27
3180.65889,53,88,0.99,35,0.028285714,27
3180.460073,54,85,0.84,31,0.027096774,27
3180.428433,55,89,0.89,34,0.026176471,27
3180.048169,63,80,0.35,17,0.020588235,27
3180.037869,57,72,0.51,15,0.034,27
3179.941374,54,85,0.83,31,0.026774194,27
3179.941374,52,87,0.94,35,0.026857143,27
3179.099979,39,70,0.99,31,0.031935484,27
3178.753948,57,83,0.76,26,0.029230769,27
3178.707889,43,49,0.23,6,0.038333333,27
3178.609015,57,82,0.72,25,0.0288,27
3178.609015,56,83,0.78,27,0.028888889,27
3178.407957,64,79,0.31,15,0.020666667,27
3178.244112,61,85,0.48,24,0.02,27
3178.032748,66,79,0.27,13,0.020769231,27
3177.263385,60,83,0.6,23,0.026086957,27
3177.189944,59,82,0.64,23,0.027826087,27
3177.189944,58,83,0.7,25,0.028,27
3176.82056,41,72,0.9,31,0.029032258,27
3176.391657,41,54,0.49,13,0.037692308,27
3176.38222,65,71,0.17,6,0.028333333,27
3175.519004,35,54,0.74,19,0.038947368,27
3175.443881,54,87,0.92,33,0.027878788,27
3175.275448,68,76,0.16,8,0.02,27
3175.275448,67,77,0.2,10,0.02,27
3175.179383,55,86,0.87,31,0.028064516,27
3175.166839,35,60,0.91,25,0.0364,27
3174.904405,53,80,0.81,27,0.03,27
3174.634725,52,88,0.97,36,0.026944444,27
3173.672602,54,87,0.91,33,0.027575758,27
3173.587404,45,60,0.45,15,0.03,27
3173.448228,38,61,0.8,23,0.034782609,27
3173.148601,56,86,0.82,30,0.027333333,27
3173.038944,45,68,0.64,23,0.027826087,27
3172.632455,59,73,0.46,14,0.032857143,27
3172.397429,60,84,0.61,24,0.025416667,27
3171.926949,54,79,0.75,25,0.03,27
3171.418558,34,61,0.98,27,0.036296296,27
3170.912371,47,60,0.37,13,0.028461538,27
3170.53237,55,85,0.84,30,0.028,27
3169.976163,35,54,0.73,19,0.038421053,27
3169.94083,42,49,0.23,7,0.032857143,27
3169.922091,36,58,0.78,22,0.035454545,27
3169.61492,55,84,0.84,29,0.028965517,27
3169.52515,52,83,0.9,31,0.029032258,27
3169.455462,58,86,0.72,28,0.025714286,27
3169.405452,62,71,0.27,9,0.03,27
3169.01495,61,83,0.45,22,0.020454545,27
3168.57524,56,83,0.72,27,0.026666667,27
3168.553359,58,77,0.55,19,0.028947368,27
3168.553359,57,78,0.61,21,0.029047619,27
3168.239429,55,85,0.88,30,0.029333333,27
3167.713576,34,63,0.93,29,0.032068966,27
3167.577974,37,52,0.55,15,0.036666667,27
3167.465249,54,84,0.81,30,0.027,27
3167.465249,52,86,0.92,34,0.027058824,27
3167.307476,43,51,0.3,8,0.0375,27
3166.884495,63,78,0.41,15,0.027333333,27
3166.81422,52,82,0.9,30,0.03,27
3166.693002,43,63,0.66,20,0.033,27
3166.647024,57,77,0.56,20,0.028,27
3166.47856,51,83,0.95,32,0.0296875,27
3166.004623,40,58,0.63,18,0.035,27
3165.969971,56,83,0.8,27,0.02962963,27
3165.059826,54,88,0.93,34,0.027352941,27
3164.977017,48,52,0.13,4,0.0325,27
3164.373527,61,75,0.39,14,0.027857143,27
3164.053052,61,84,0.46,23,0.02,27
3164.025679,36,58,0.8,22,0.036363636,27
3164.018884,35,59,0.89,24,0.037083333,27
3163.804033,34,56,0.81,22,0.036818182,27
3163.602583,60,73,0.37,13,0.028461538,27
3163.602583,59,74,0.43,15,0.028666667,27
3163.602583,55,79,0.68,24,0.028333333,27
3163.602583,54,80,0.74,26,0.028461538,27
3163.45522,59,72,0.39,13,0.03,27
3162.752474,62,78,0.45,16,0.028125,27
3162.752474,58,82,0.68,24,0.028333333,27
3162.752474,57,84,0.76,27,0.028148148,27
3162.752474,56,85,0.82,29,0.028275862,27
3162.674555,71,73,0.04,2,0.02,27
3162.674555,70,74,0.08,4,0.02,27
3162.674555,69,75,0.12,6,0.02,27
3162.609783,39,59,0.7,20,0.035,27
3162.307748,37,48,0.45,11,0.040909091,27
3161.999229,35,60,0.9,25,0.036,27
3161.992437,34,61,0.99,27,0.036666667,27
3161.918565,51,79,0.96,28,0.034285714,27
3161.902115,57,76,0.57,19,0.03,27
3161.902115,56,77,0.63,21,0.03,27
3161.820742,64,72,0.22,8,0.0275,27
3161.729455,57,84,0.75,27,0.027777778,27
3161.490246,51,83,0.96,32,0.03,27
3161.464252,39,59,0.74,20,0.037,27
3161.323581,34,57,0.8,23,0.034782609,27
3161.320606,66,73,0.2,7,0.028571429,27
3161.320606,61,79,0.51,18,0.028333333,27
3161.320606,60,80,0.57,20,0.0285,27
3161.177907,53,82,0.82,29,0.028275862,27
3161.016724,60,85,0.5,25,0.02,27
3160.984909,57,82,0.67,25,0.0268,27
3160.761512,64,69,0.14,5,0.028,27
3160.734843,54,83,0.86,29,0.029655172,27
3160.729398,60,80,0.56,20,0.028,27
3160.707642,44,62,0.59,18,0.032777778,27
3159.895735,54,70,0.57,16,0.035625,27
3159.822632,53,58,0.14,5,0.028,27
3159.820554,39,51,0.44,12,0.036666667,27
3159.813806,53,71,0.64,18,0.035555556,27
3159.311622,46,53,0.23,7,0.032857143,27
3159.28649,33,54,0.86,21,0.040952381,27
3159.24562,55,85,0.86,30,0.028666667,27
3159.24562,54,86,0.92,32,0.02875,27
3158.682956,55,90,0.9,35,0.025714286,27
3158.46512,55,69,0.5,14,0.035714286,27
3158.25422,55,84,0.78,29,0.026896552,27
3158.081825,66,78,0.24,12,0.02,27
3157.875656,61,75,0.4,14,0.028571429,27
3157.453116,53,83,0.89,30,0.029666667,27
3157.359899,53,88,0.97,35,0.027714286,27
3157.339669,63,68,0.15,5,0.03,27
3157.339669,62,69,0.21,7,0.03,27
3157.110986,55,81,0.77,26,0.029615385,27
3156.882962,59,79,0.54,20,0.027,27
3156.556933,57,75,0.55,18,0.030555556,27
3156.530486,59,79,0.59,20,0.0295,27
3156.353718,39,48,0.37,9,0.041111111,27
3156.269798,57,88,0.79,31,0.025483871,27
3155.962587,55,84,0.86,29,0.029655172,27
3155.776942,59,77,0.5,18,0.027777778,27
3155.499618,62,73,0.32,11,0.029090909,27
3154.868984,54,89,0.96,35,0.027428571,27
3154.748993,62,83,0.42,21,0.02,27
3154.452865,57,75,0.53,18,0.029444444,27
3154.444576,56,76,0.59,20,0.0295,27
3154.346534,55,80,0.72,25,0.0288,27
3154.106106,52,86,0.94,34,0.027647059,27
3154.063696,54,78,0.73,24,0.030416667,27
3153.937385,36,53,0.65,17,0.038235294,27
3153.8499,33,56,0.87,23,0.037826087,27
3153.801878,55,86,0.88,31,0.028387097,27
3153.801878,54,87,0.94,33,0.028484848,27
3153.595068,60,84,0.49,24,0.020416667,27
3153.595068,59,85,0.53,26,0.020384615,27
3153.477734,35,59,0.91,24,0.037916667,27
3153.128059,58,87,0.74,29,0.025517241,27
3152.986913,69,72,0.08,3,0.026666667,27
3152.940919,53,80,0.78,27,0.028888889,27
3152.919325,34,61,0.95,27,0.035185185,27
3152.787308,63,71,0.23,8,0.02875,27
3152.787308,59,75,0.46,16,0.02875,27
3152.787308,58,76,0.52,18,0.028888889,27
3152.787308,56,79,0.66,23,0.028695652,27
3152.735671,54,81,0.75,27,0.027777778,27
3152.571171,33,54,0.79,21,0.037619048,27
3152.373937,54,88,0.96,34,0.028235294,27
3152.154237,54,82,0.83,28,0.029642857,27
3152.05585,45,69,0.66,24,0.0275,27
3152.011792,52,86,0.93,34,0.027352941,27
3151.79917,45,66,0.66,21,0.031428571,27
3151.429239,53,86,0.94,33,0.028484848,27
3151.155686,54,87,0.97,33,0.029393939,27
3150.995451,44,61,0.58,17,0.034117647,27
3150.963395,38,55,0.65,17,0.038235294,27
3150.963395,37,56,0.73,19,0.038421053,27
3150.544046,61,73,0.35,12,0.029166667,27
3149.882775,41,54,0.48,13,0.036923077,27
3149.74114,32,58,0.95,26,0.036538462,27
3149.547857,57,78,0.63,21,0.03,27
3149.288488,55,88,0.89,33,0.026969697,27
3149.228741,61,77,0.47,16,0.029375,27
3149.228741,60,78,0.53,18,0.029444444,27
3149.228741,56,83,0.79,27,0.029259259,27
3148.441389,54,85,0.91,31,0.029354839,27
3147.883865,52,85,0.95,33,0.028787879,27
3147.760284,55,84,0.82,29,0.028275862,27
3147.706559,61,72,0.32,11,0.029090909,27
3147.706559,60,73,0.38,13,0.029230769,27
3147.584516,65,79,0.28,14,0.02,27
3147.584516,64,80,0.32,16,0.02,27
3147.584516,63,81,0.36,18,0.02,27
3147.584516,62,82,0.4,20,0.02,27
3147.569311,36,53,0.6,17,0.035294118,27
3147.548147,53,81,0.8,28,0.028571429,27
3147.539787,65,67,0.06,2,0.03,27
3147.539787,64,68,0.12,4,0.03,27
3147.539787,63,69,0.18,6,0.03,27
3147.539787,62,70,0.24,8,0.03,27
3147.518622,52,87,0.95,35,0.027142857,27
3147.403287,56,78,0.63,22,0.028636364,27
3147.403287,55,79,0.69,24,0.02875,27
3147.289846,52,83,0.88,31,0.028387097,27
3147.222294,50,56,0.17,6,0.028333333,27
3146.931543,58,74,0.48,16,0.03,27
3146.839867,60,74,0.41,14,0.029285714,27
3146.839867,59,75,0.47,16,0.029375,27
3146.839867,58,76,0.53,18,0.029444444,27
3146.14844,65,70,0.14,5,0.028,27
3145.600152,51,74,0.82,23,0.035652174,27
3145.600152,50,75,0.89,25,0.0356,27
3145.541923,57,81,0.65,24,0.027083333,27
3145.541923,55,83,0.76,28,0.027142857,27
3145.541923,54,84,0.82,30,0.027333333,27
3144.562047,62,84,0.45,22,0.020454545,27
3144.398189,52,85,0.97,33,0.029393939,27
3144.35654,55,84,0.85,29,0.029310345,27
3144.320819,64,81,0.34,17,0.02,27
3144.320819,63,82,0.38,19,0.02,27
3144.088181,43,53,0.36,10,0.036,27
3144.066596,55,86,0.9,31,0.029032258,27
3143.914314,53,71,0.65,18,0.036111111,27
3143.177251,57,74,0.52,17,0.030588235,27
3142.899594,53,81,0.82,28,0.029285714,27
3142.861213,53,85,0.91,32,0.0284375,27
3142.805635,53,72,0.67,19,0.035263158,27
3142.805635,52,73,0.74,21,0.035238095,27
3142.805635,51,74,0.81,23,0.035217391,27
3142.519139,54,89,0.97,35,0.027714286,27
3142.513728,38,48,0.38,10,0.038,27
3142.291934,46,66,0.55,20,0.0275,27
3141.689809,59,80,0.61,21,0.029047619,27
3141.56817,37,52,0.57,15,0.038,27
3141.540336,62,81,0.39,19,0.020526316,27
3141.450761,61,78,0.5,17,0.029411765,27
3141.450761,60,79,0.56,19,0.029473684,27
3141.296761,51,87,0.99,36,0.0275,27
3141.243413,54,84,0.88,30,0.029333333,27
3141.205579,57,67,0.36,10,0.036,27
3141.162252,63,82,0.39,19,0.020526316,27
3140.921099,52,87,0.93,35,0.026571429,27
3140.883797,45,63,0.59,18,0.032777778,27
3140.808843,55,68,0.46,13,0.035384615,27
3140.801478,51,85,0.98,34,0.028823529,27
3140.793224,53,82,0.84,29,0.028965517,27
3140.772492,56,83,0.76,27,0.028148148,27
3140.68797,50,62,0.33,12,0.0275,27
3140.401437,40,56,0.58,16,0.03625,27
3140.206843,58,75,0.49,17,0.028823529,27
3140.173591,56,81,0.74,25,0.0296,27
3140.173591,55,82,0.8,27,0.02962963,27
3140.150341,38,51,0.47,13,0.036153846,27
3140.113113,65,80,0.31,15,0.020666667,27
3140.001447,62,72,0.29,10,0.029,27
3139.981973,37,62,0.87,25,0.0348,27
3139.910465,56,79,0.64,23,0.027826087,27
3139.910465,55,80,0.7,25,0.028,27
3139.910465,54,81,0.76,27,0.028148148,27
3139.605588,57,82,0.74,25,0.0296,27
3139.404801,58,84,0.71,26,0.027307692,27
3139.255977,57,79,0.64,22,0.029090909,27
3139.246071,61,71,0.3,10,0.03,27
3139.246071,60,72,0.36,12,0.03,27
3139.10992,54,80,0.75,26,0.028846154,27
3139.087935,51,83,0.92,32,0.02875,27
3138.996769,51,84,0.94,33,0.028484848,27
3138.985167,51,87,0.98,36,0.027222222,27
3138.660031,43,48,0.19,5,0.038,27
3138.576541,67,74,0.19,7,0.027142857,27
3138.449094,57,77,0.58,20,0.029,27
3138.401047,55,82,0.72,27,0.026666667,27
3138.146687,53,82,0.83,29,0.02862069,27
3138.146687,52,83,0.89,31,0.028709677,27
3138.146687,51,84,0.95,33,0.028787879,27
3138.146687,51,85,0.97,34,0.028529412,27
3138.139239,53,87,0.99,34,0.029117647,27
3138.126596,48,59,0.31,11,0.028181818,27
3138.033569,52,84,0.9,32,0.028125,27
3138.033569,51,85,0.96,34,0.028235294,27
3137.827487,58,79,0.62,21,0.02952381,27
3137.508888,43,71,0.77,28,0.0275,27
3137.417967,50,76,0.92,26,0.035384615,27
3137.417967,49,77,0.99,28,0.035357143,27
3137.218201,58,77,0.57,19,0.03,27
3136.725392,60,79,0.55,19,0.028947368,27
3136.20158,54,89,0.94,35,0.026857143,27
3135.891602,54,85,0.92,31,0.029677419,27
3135.599784,52,81,0.87,29,0.03,27
3135.462105,61,76,0.41,15,0.027333333,27
3135.462105,59,78,0.52,19,0.027368421,27
3135.429184,43,69,0.77,26,0.029615385,27
3135.084052,62,74,0.33,12,0.0275,27
3135.084052,60,76,0.44,16,0.0275,27
3135.084052,58,78,0.55,20,0.0275,27
3135.084052,56,81,0.68,25,0.0272,27
3135.035936,52,80,0.86,28,0.030714286,27
3135.035936,51,81,0.92,30,0.030666667,27
3134.873645,55,78,0.69,23,0.03,27
3134.715055,56,68,0.43,12,0.035833333,27
3134.41027,42,72,0.95,30,0.031666667,27
3134.409058,42,50,0.3,8,0.0375,27
3134.362002,53,79,0.78,26,0.03,27
3134.28952,64,70,0.17,6,0.028333333,27
3134.28952,62,71,0.26,9,0.028888889,27
3134.28952,60,74,0.4,14,0.028571429,27
3134.270969,56,77,0.62,21,0.02952381,27
3134.067345,58,81,0.67,23,0.029130435,27
3134.067345,57,82,0.73,25,0.0292,27
3134.067345,54,86,0.93,32,0.0290625,27
3133.967026,59,73,0.42,14,0.03,27
3133.831096,56,77,0.61,21,0.029047619,27
3133.831096,53,81,0.81,28,0.028928571,27
3133.831096,52,82,0.87,30,0.029,27
3133.801696,53,85,0.88,32,0.0275,27
3133.452465,54,85,0.88,31,0.028387097,27
3133.309175,54,80,0.76,26,0.029230769,27
3133.196646,57,79,0.61,22,0.027727273,27
3133.196646,57,80,0.63,23,0.027391304,27
3133.196646,55,82,0.74,27,0.027407407,27
3133.196646,54,83,0.8,29,0.027586207,27
3133.14364,51,84,0.96,33,0.029090909,27
3133.079203,55,87,0.87,32,0.0271875,27
3132.909547,70,75,0.1,5,0.02,27
3132.909547,69,76,0.14,7,0.02,27
3132.683857,65,66,0.03,1,0.03,27
3132.683857,64,67,0.09,3,0.03,27
3132.324114,53,85,0.95,32,0.0296875,27
3131.969374,54,83,0.79,29,0.027241379,27
3131.960291,54,83,0.87,29,0.03,27
3131.960291,53,84,0.93,31,0.03,27
3131.833346,56,82,0.71,26,0.027307692,27
3131.720449,53,86,0.89,33,0.026969697,27
3131.645387,47,58,0.33,11,0.03,27
3131.636234,56,78,0.62,22,0.028181818,27
3131.472059,34,60,0.95,26,0.036538462,27
3131.359205,52,88,0.95,36,0.026388889,27
3131.217264,54,81,0.78,27,0.028888889,27
3131.209034,57,77,0.59,20,0.0295,27
3131.209034,56,78,0.65,22,0.029545455,27
3131.209034,55,79,0.71,24,0.029583333,27
3131.209034,55,80,0.73,25,0.0292,27
3131.209034,54,80,0.77,26,0.029615385,27
3131.209034,54,81,0.79,27,0.029259259,27
3131.209034,53,82,0.85,29,0.029310345,27
3131.209034,52,83,0.91,31,0.029354839,27
3131.142518,39,60,0.73,21,0.034761905,27
3131.128477,42,53,0.41,11,0.037272727,27
3130.946546,45,63,0.5,18,0.027777778,27
3130.930479,51,84,0.98,33,0.02969697,27
3130.898271,54,87,0.96,33,0.029090909,27
3130.751784,44,69,0.68,25,0.0272,27
3130.712719,47,67,0.5,20,0.025,27
3130.697621,50,60,0.26,10,0.026,27
3130.574248,43,52,0.33,9,0.036666667,27
3130.483976,58,74,0.49,16,0.030625,27
3130.338451,65,68,0.09,3,0.03,27
3130.338451,64,69,0.15,5,0.03,27
3130.338451,63,70,0.21,7,0.03,27
3129.852109,51,79,0.87,28,0.031071429,27
3129.823843,36,58,0.81,22,0.036818182,27
3129.530709,57,76,0.55,19,0.028947368,27
3129.46678,41,51,0.37,10,0.037,27
3129.389697,52,84,0.95,32,0.0296875,27
3129.346226,52,82,0.88,30,0.029333333,27
3129.162684,53,87,0.94,34,0.027647059,27
3129.000031,57,75,0.54,18,0.03,27
3129.000031,56,76,0.6,20,0.03,27
3129.000031,55,77,0.66,22,0.03,27
3129.000031,55,78,0.68,23,0.029565217,27
3129.000031,54,79,0.74,25,0.0296,27
3129.000031,53,80,0.8,27,0.02962963,27
3128.945267,57,80,0.68,23,0.029565217,27
3128.945267,55,83,0.82,28,0.029285714,27
3128.665657,56,84,0.81,28,0.028928571,27
3128.103378,57,85,0.77,28,0.0275,27
3128.103378,55,87,0.88,32,0.0275,27
3128.021604,44,70,0.7,26,0.026923077,27
3127.993143,34,54,0.74,20,0.037,27
3127.956711,51,88,0.99,37,0.026756757,27
3127.94175,57,86,0.78,29,0.026896552,27
3127.894987,62,71,0.25,9,0.027777778,27
3127.776824,66,70,0.11,4,0.0275,27
3127.776824,65,72,0.19,7,0.027142857,27
3127.448351,55,74,0.65,19,0.034210526,27
3127.448351,54,75,0.72,21,0.034285714,27
3127.080344,35,59,0.86,24,0.035833333,27
3127.015164,60,71,0.37,11,0.033636364,27
3126.817689,56,86,0.84,30,0.028,27
3126.595515,55,92,0.93,37,0.025135135,27
3126.479596,56,81,0.75,25,0.03,27
3126.479596,55,82,0.81,27,0.03,27
3126.271703,41,74,0.9,33,0.027272727,27
3126.17772,52,81,0.88,29,0.030344828,27
3126.17772,51,82,0.94,31,0.030322581,27
3125.459852,33,59,0.89,26,0.034230769,27
3125.440413,60,76,0.46,16,0.02875,27
3125.440413,59,77,0.52,18,0.028888889,27
3125.440413,58,78,0.58,20,0.029,27
3125.180569,53,85,0.94,32,0.029375,27
3124.941737,55,81,0.73,26,0.028076923,27
3124.941737,54,82,0.79,28,0.028214286,27
3124.930978,54,78,0.71,24,0.029583333,27
3124.930978,53,80,0.79,27,0.029259259,27
3124.930978,52,81,0.85,29,0.029310345,27
3124.930978,51,82,0.91,31,0.029354839,27
3124.735448,53,70,0.42,17,0.024705882,27
3124.460427,34,51,0.7,17,0.041176471,27
3124.456831,51,61,0.28,10,0.028,27
3124.380962,55,80,0.69,25,0.0276,27
3124.18069,53,81,0.85,28,0.030357143,27
3123.995876,60,76,0.43,16,0.026875,27
3122.832895,45,67,0.61,22,0.027727273,27
3122.611975,65,76,0.3,11,0.027272727,27
3122.581031,47,64,0.5,17,0.029411765,27
3122.549861,36,56,0.68,20,0.034,27
3122.530337,63,72,0.25,9,0.027777778,27
3121.879487,37,56,0.69,19,0.036315789,27
3121.555533,53,87,0.9,34,0.026470588,27
3121.392215,35,59,0.88,24,0.036666667,27
3121.385043,58,76,0.51,18,0.028333333,27
3121.385043,57,77,0.57,20,0.0285,27
3121.255986,50,84,0.99,34,0.029117647,27
3121.120638,57,88,0.8,31,0.025806452,27
3121.120638,55,91,0.92,36,0.025555556,27
3120.727828,43,67,0.76,24,0.031666667,27
3120.698958,56,83,0.71,27,0.026296296,27
3120.698958,54,85,0.82,31,0.026451613,27
3120.698958,53,87,0.89,34,0.026176471,27
3120.538585,62,76,0.41,14,0.029285714,27
3120.530607,55,70,0.53,15,0.035333333,27
3120.530607,54,71,0.6,17,0.035294118,27
3120.428114,36,57,0.77,21,0.036666667,27
3120.125219,36,50,0.54,14,0.038571429,27
3119.906151,36,53,0.61,17,0.035882353,27
3119.709392,54,84,0.89,30,0.029666667,27
3119.584641,55,78,0.67,23,0.029130435,27
3119.584641,54,79,0.73,25,0.0292,27
3119.540214,56,81,0.69,25,0.0276,27
3119.427746,53,85,0.87,32,0.0271875,27
3119.378984,56,80,0.66,24,0.0275,27
3119.36986,53,84,0.84,31,0.027096774,27
3119.272775,61,76,0.4,15,0.026666667,27
3118.824591,43,49,0.22,6,0.036666667,27
3118.575814,35,55,0.74,20,0.037,27
3118.572161,67,75,0.21,8,0.02625,27
3118.259835,51,75,0.84,24,0.035,27
3117.965671,55,87,0.9,32,0.028125,27
3117.961601,40,70,0.95,30,0.031666667,27
3117.873978,53,82,0.81,29,0.027931034,27
3116.920611,53,80,0.82,27,0.03037037,27
3116.91706,53,83,0.83,30,0.027666667,27
3116.91706,52,84,0.89,32,0.0278125,27
3116.91706,51,85,0.95,34,0.027941176,27
3116.671891,52,73,0.75,21,0.035714286,27
3116.209064,39,58,0.68,19,0.035789474,27
3116.077714,56,84,0.83,28,0.029642857,27
3115.818207,37,55,0.61,18,0.033888889,27
3115.498391,53,79,0.79,26,0.030384615,27
3115.393698,55,77,0.65,22,0.029545455,27
3115.369071,65,74,0.26,9,0.028888889,27
3115.369071,63,77,0.4,14,0.028571429,27
3115.298726,57,80,0.69,23,0.03,27
3115.251465,63,74,0.3,11,0.027272727,27
3114.834417,48,64,0.44,16,0.0275,27
3114.774639,42,70,0.83,28,0.029642857,27
3114.678519,55,88,0.91,33,0.027575758,27
3114.551958,38,55,0.61,17,0.035882353,27
3114.392644,52,84,0.96,32,0.03,27
3114.296634,61,77,0.43,16,0.026875,27
3114.217126,62,77,0.44,15,0.029333333,27
3114.148664,59,75,0.44,16,0.0275,27
3113.5614,43,66,0.74,23,0.032173913,27
3113.302318,48,63,0.44,15,0.029333333,27
3112.817615,62,79,0.47,17,0.027647059,27
3112.526826,55,91,0.98,36,0.027222222,27
3111.957578,41,53,0.45,12,0.0375,27
3111.838579,36,52,0.59,16,0.036875,27
3111.419252,64,69,0.16,5,0.032,27
3111.122757,54,82,0.82,28,0.029285714,27
3110.932564,43,67,0.66,24,0.0275,27
3110.83502,57,83,0.75,26,0.028846154,27
3110.83502,56,85,0.83,29,0.02862069,27
3110.83502,55,86,0.89,31,0.028709677,27
3110.83502,54,87,0.95,33,0.028787879,27
3110.626708,52,53,0.03,1,0.03,27
3110.626708,51,54,0.09,3,0.03,27
3110.626708,50,55,0.15,5,0.03,27
3110.626708,49,56,0.21,7,0.03,27
3110.436578,34,56,0.84,22,0.038181818,27
3110.063173,59,73,0.41,14,0.029285714,27
3109.62898,47,82,0.81,35,0.023142857,27
3109.53812,57,82,0.66,25,0.0264,27
3109.53812,54,86,0.84,32,0.02625,27
3109.494512,56,80,0.7,24,0.029166667,27
3109.426356,60,80,0.58,20,0.029,27
3109.426356,59,81,0.64,22,0.029090909,27
3109.426356,58,82,0.7,24,0.029166667,27
3109.294226,53,83,0.9,30,0.03,27
3108.932173,55,82,0.75,27,0.027777778,27
3108.491377,33,60,0.91,27,0.033703704,27
3108.448178,56,82,0.69,26,0.026538462,27
3108.448178,53,86,0.87,33,0.026363636,27
3108.344637,58,78,0.54,20,0.027,27
3107.967311,65,77,0.32,12,0.026666667,27
3107.967311,64,78,0.37,14,0.026428571,27
3107.967311,62,80,0.48,18,0.026666667,27
3107.967311,59,84,0.66,25,0.0264,27
3107.815463,53,86,0.88,33,0.026666667,27
3107.73532,40,67,0.88,27,0.032592593,27
3107.599413,55,85,0.87,30,0.029,27
3107.450327,37,57,0.72,20,0.036,27
3107.374251,41,72,0.89,31,0.028709677,27
3107.360083,49,62,0.37,13,0.028461538,27
3107.277213,33,58,0.87,25,0.0348,27
3107.213241,42,48,0.22,6,0.036666667,27
3107.045653,48,63,0.41,15,0.027333333,27
3106.899421,53,84,0.86,31,0.027741935,27
3106.875713,49,62,0.38,13,0.029230769,27
3106.240337,53,82,0.87,29,0.03,27
3106.134245,45,50,0.18,5,0.036,27
3105.563171,58,79,0.56,21,0.026666667,27
3105.563171,55,83,0.74,28,0.026428571,27
3105.415526,51,73,0.79,22,0.035909091,27
3105.299462,61,72,0.33,11,0.03,27
3105.299462,60,73,0.39,13,0.03,27
3105.299462,59,74,0.45,15,0.03,27
3105.299462,58,75,0.51,17,0.03,27
3104.691056,61,74,0.38,13,0.029230769,27
3104.691056,60,75,0.44,15,0.029333333,27
3104.395494,39,54,0.55,15,0.036666667,27
3104.322405,63,79,0.43,16,0.026875,27
3104.212736,34,53,0.71,19,0.037368421,27
3103.910605,56,80,0.67,24,0.027916667,27
3103.798683,53,84,0.85,31,0.027419355,27
3103.798683,52,85,0.91,33,0.027575758,27
3103.65566,63,70,0.2,7,0.028571429,27
3103.360835,40,74,0.97,34,0.028529412,27
3103.111662,54,91,0.96,37,0.025945946,27
3103.081611,35,55,0.71,20,0.0355,27
3102.879298,52,88,0.94,36,0.026111111,27
3102.538067,46,59,0.44,13,0.033846154,27
3101.777436,59,76,0.5,17,0.029411765,27
3101.207356,56,82,0.7,26,0.026923077,27
3100.65575,56,77,0.64,21,0.03047619,27
3100.021211,57,87,0.78,30,0.026,27
3100.021211,56,88,0.84,32,0.02625,27
3099.904958,40,53,0.47,13,0.036153846,27
3099.826145,34,61,0.96,27,0.035555556,27
3099.779959,60,78,0.48,18,0.026666667,27
3099.779959,58,81,0.61,23,0.026521739,27
3099.710411,56,73,0.58,17,0.034117647,27
3099.681616,38,52,0.52,14,0.037142857,27
3099.395699,37,63,0.9,26,0.034615385,27
3099.342442,45,85,0.93,40,0.02325,27
3099.185712,64,73,0.24,9,0.026666667,27
3099.174338,44,68,0.7,24,0.029166667,27
3099.174338,43,69,0.76,26,0.029230769,27
3098.804316,38,53,0.52,15,0.034666667,27
3098.634849,56,79,0.65,23,0.02826087,27
3098.566796,34,60,0.97,26,0.037307692,27
3098.525705,35,56,0.76,21,0.036190476,27
3098.291947,61,73,0.34,12,0.028333333,27
3098.267441,35,52,0.63,17,0.037058824,27
3097.972491,32,59,0.98,27,0.036296296,27
3097.590155,36,57,0.8,21,0.038095238,27
3097.425828,51,84,0.97,33,0.029393939,27
3097.403446,58,82,0.69,24,0.02875,27
3097.403446,57,84,0.77,27,0.028518519,27
3097.297251,56,79,0.68,23,0.029565217,27
3097.236721,63,80,0.44,17,0.025882353,27
3097.236721,62,81,0.49,19,0.025789474,27
3097.236721,61,83,0.56,22,0.025454545,27
3097.232886,55,84,0.77,29,0.026551724,27
3096.770916,51,82,0.93,31,0.03,27
3096.598547,47,65,0.5,18,0.027777778,27
3096.505786,39,72,0.93,33,0.028181818,27
3096.492877,54,89,0.95,35,0.027142857,27
3096.413939,44,65,0.68,21,0.032380952,27
3096.374606,55,90,0.91,35,0.026,27
3096.303448,36,55,0.69,19,0.036315789,27
3096.153414,52,74,0.77,22,0.035,27
3096.082061,44,50,0.23,6,0.038333333,27
3096.074966,59,74,0.44,15,0.029333333,27
3096.074966,58,75,0.5,17,0.029411765,27
3095.950219,52,85,0.96,33,0.029090909,27
3095.817095,63,73,0.27,10,0.027,27
3095.817095,59,78,0.51,19,0.026842105,27
3094.892547,51,55,0.11,4,0.0275,27
3094.792749,54,86,0.94,32,0.029375,27
3094.735258,54,70,0.58,16,0.03625,27
3094.626552,35,59,0.9,24,0.0375,27
3094.285109,60,74,0.42,14,0.03,27
3094.186332,50,72,0.56,22,0.025454545,27
3094.107559,41,55,0.5,14,0.035714286,27
3093.886095,33,57,0.93,24,0.03875,27
3093.864497,52,80,0.85,28,0.030357143,27
3093.618551,48,64,0.45,16,0.028125,27
3092.598465,36,58,0.79,22,0.035909091,27
3092.593848,61,81,0.54,20,0.027,27
3092.432858,57,76,0.56,19,0.029473684,27
3092.420354,51,83,0.97,32,0.0303125,27
3092.393495,52,83,0.94,31,0.030322581,27
3092.361634,64,76,0.34,12,0.028333333,27
3092.162434,40,52,0.45,12,0.0375,27
3092.162434,39,53,0.53,14,0.037857143,27
3091.940709,58,76,0.5,18,0.027777778,27
3091.917773,35,56,0.77,21,0.036666667,27
3091.694297,62,72,0.28,10,0.028,27
3091.438881,37,50,0.48,13,0.036923077,27
3091.35286,53,87,0.98,34,0.028823529,27
3091.34772,36,64,0.97,28,0.034642857,27
3091.329557,44,62,0.54,18,0.03,27
3091.137443,61,72,0.35,11,0.031818182,27
3090.246343,54,78,0.72,24,0.03,27
3089.832206,59,75,0.45,16,0.028125,27
3089.832206,58,77,0.53,19,0.027894737,27
3088.957268,35,54,0.69,19,0.036315789,27
3088.500062,44,71,0.71,27,0.026296296,27
3088.428655,55,84,0.76,29,0.026206897,27
3088.346494,36,63,0.95,27,0.035185185,27
3088.24926,41,70,0.82,29,0.028275862,27
3088.168276,41,72,0.91,31,0.029354839,27
3088.095884,56,69,0.46,13,0.035384615,27
3088.09569,55,80,0.71,25,0.0284,27
3088.09569,54,81,0.77,27,0.028518519,27
3088.09569,52,84,0.91,32,0.0284375,27
3087.855906,40,72,0.95,32,0.0296875,27
3087.713943,54,79,0.76,25,0.0304,27
3087.625581,59,74,0.42,15,0.028,27
3087.332748,45,64,0.61,19,0.032105263,27
3087.135623,43,69,0.73,26,0.028076923,27
3087.057521,38,46,0.34,8,0.0425,27
3086.964676,56,78,0.64,22,0.029090909,27
3086.883488,47,63,0.46,16,0.02875,27
3086.73577,61,77,0.35,16,0.021875,27
3086.702168,59,85,0.67,26,0.025769231,27
3086.633631,33,58,0.91,25,0.0364,27
3086.482152,41,66,0.81,25,0.0324,27
3086.439713,43,52,0.34,9,0.037777778,27
3086.318639,38,68,0.99,30,0.033,27
3086.313354,42,71,0.84,29,0.028965517,27
3085.687853,42,71,0.79,29,0.027241379,27
3085.58777,39,54,0.57,15,0.038,27
3085.56165,59,79,0.53,20,0.0265,27
3085.516356,39,57,0.66,18,0.036666667,27
3085.252945,65,69,0.11,4,0.0275,27
3085.252945,63,71,0.22,8,0.0275,27
3085.252945,60,75,0.41,15,0.027333333,27
3085.172104,53,79,0.8,26,0.030769231,27
3085.133459,42,64,0.67,22,0.030454545,27
3085.071366,57,80,0.62,23,0.026956522,27
3085.071366,56,81,0.67,25,0.0268,27
3085.071366,55,82,0.73,27,0.027037037,27
3085.071366,55,83,0.75,28,0.026785714,27
3085.071366,54,84,0.8,30,0.026666667,27
3085.071366,53,85,0.86,32,0.026875,27
3085.041914,45,60,0.51,15,0.034,27
3084.915813,43,70,0.88,27,0.032592593,27
3084.704145,58,85,0.72,27,0.026666667,27
3084.690003,36,53,0.66,17,0.038823529,27
3084.658986,59,87,0.57,28,0.020357143,27
3084.554639,50,61,0.3,11,0.027272727,27
3084.280401,54,92,0.98,38,0.025789474,27
3083.59173,41,71,0.88,30,0.029333333,27
3083.492887,54,81,0.82,27,0.03037037,27
3083.381708,41,57,0.56,16,0.035,27
3083.332949,55,79,0.7,24,0.029166667,27
3083.284772,49,57,0.23,8,0.02875,27
3083.171257,36,54,0.69,18,0.038333333,27
3083.098984,42,71,0.83,29,0.02862069,27
3082.461781,63,76,0.38,13,0.029230769,27
3082.411646,57,84,0.79,27,0.029259259,27
3082.411646,56,85,0.85,29,0.029310345,27
3082.411646,55,86,0.91,31,0.029354839,27
3082.411646,54,88,0.99,34,0.029117647,27
3082.268422,40,52,0.44,12,0.036666667,27
3082.251174,41,70,0.91,29,0.03137931,27
3082.251174,40,71,0.98,31,0.031612903,27
3082.141989,41,50,0.3,9,0.033333333,27
3082.102451,32,57,0.96,25,0.0384,27
3082.053441,57,83,0.77,26,0.029615385,27
3081.904924,53,83,0.88,30,0.029333333,27
3081.904924,52,84,0.94,32,0.029375,27
3081.87001,35,50,0.63,15,0.042,27
3081.816397,82,88,0.1,6,0.016666667,27
3081.743359,41,68,0.78,27,0.028888889,27
3081.236001,44,66,0.7,22,0.031818182,27
3081.024279,52,89,0.97,37,0.026216216,27
3080.943955,51,83,0.93,32,0.0290625,27
3080.73971,57,78,0.59,21,0.028095238,27
3080.685944,34,60,0.98,26,0.037692308,27
3080.597049,43,68,0.71,25,0.0284,27
3080.504305,42,72,0.81,30,0.027,27
3079.779334,57,89,0.76,32,0.02375,27
3079.754836,52,85,0.92,33,0.027878788,27
3079.754836,51,86,0.98,35,0.028,27
3079.543531,37,56,0.72,19,0.037894737,27
3079.458586,53,87,0.95,34,0.027941176,27
3079.431374,50,77,0.94,27,0.034814815,27
3079.200042,39,74,0.94,35,0.026857143,27
3079.195467,37,50,0.47,13,0.036153846,27
3078.876714,52,83,0.93,31,0.03,27
3078.876714,51,84,0.99,33,0.03,27
3078.827832,64,77,0.36,13,0.027692308,27
3078.827832,62,80,0.49,18,0.027222222,27
3078.827832,60,82,0.6,22,0.027272727,27
3078.762593,42,50,0.29,8,0.03625,27
3078.753526,64,77,0.34,13,0.026153846,27
3078.753526,60,81,0.55,21,0.026190476,27
3078.369191,38,55,0.63,17,0.037058824,27
3078.330828,38,47,0.37,9,0.041111111,27
3078.261397,40,67,0.89,27,0.032962963,27
3077.940107,59,76,0.46,17,0.027058824,27
3077.870477,46,59,0.38,13,0.029230769,27
3077.770936,36,49,0.54,13,0.041538462,27
3077.570084,35,52,0.69,17,0.040588235,27
3077.280061,49,76,0.96,27,0.035555556,27
3077.237805,47,65,0.51,18,0.028333333,27
3077.237805,46,66,0.57,20,0.0285,27
3077.17001,34,59,0.84,25,0.0336,27
3076.866212,54,88,0.97,34,0.028529412,27
3076.734284,45,67,0.59,22,0.026818182,27
3076.654524,46,64,0.57,18,0.031666667,27
3076.619535,58,83,0.71,25,0.0284,27
3076.583621,41,66,0.75,25,0.03,27
3076.512987,43,48,0.2,5,0.04,27
3076.312661,58,82,0.71,24,0.029583333,27
3076.212661,46,54,0.26,8,0.0325,27
3076.191975,46,65,0.53,19,0.027894737,27
3076.025406,58,80,0.59,22,0.026818182,27
3075.472451,58,83,0.72,25,0.0288,27
3075.472451,57,84,0.78,27,0.028888889,27
3075.472451,56,85,0.84,29,0.028965517,27
3075.472451,55,87,0.92,32,0.02875,27
3075.29494,47,80,0.79,33,0.023939394,27
3074.865266,52,83,0.92,31,0.029677419,27
3074.790715,46,62,0.52,16,0.0325,27
3074.552724,63,83,0.4,20,0.02,27
3074.552724,62,84,0.44,22,0.02,27
3074.470376,51,75,0.85,24,0.035416667,27
3074.114905,55,78,0.7,23,0.030434783,27
3074.004885,61,82,0.58,21,0.027619048,27
3073.961074,52,78,0.61,26,0.023461538,27
3073.957714,61,80,0.53,19,0.027894737,27
3073.788154,58,75,0.52,17,0.030588235,27
3073.705655,58,76,0.54,18,0.03,27
3073.362069,39,51,0.45,12,0.0375,27
3073.221573,35,55,0.78,20,0.039,27
3073.184853,38,52,0.53,14,0.037857143,27
3073.020837,55,87,0.83,32,0.0259375,27
3072.61458,40,73,0.97,33,0.029393939,27
3072.604546,47,76,0.72,29,0.024827586,27
3072.014667,53,95,0.97,42,0.023095238,27
3071.688217,58,77,0.52,19,0.027368421,27
3071.353633,66,72,0.13,6,0.021666667,27
3071.057994,35,54,0.75,19,0.039473684,27
3071.026665,38,48,0.41,10,0.041,27
3070.976209,48,58,0.29,10,0.029,27
3070.553318,58,66,0.29,8,0.03625,27
3070.176415,33,61,0.93,28,0.033214286,27
3070.036827,51,82,0.92,31,0.029677419,27
3070.036827,50,83,0.98,33,0.02969697,27
3069.60909,54,83,0.78,29,0.026896552,27
3069.536758,40,69,0.93,29,0.032068966,27
3069.167028,49,76,0.97,27,0.035925926,27
3068.729273,44,69,0.7,25,0.028,27
3068.52837,52,83,0.96,31,0.030967742,27
3068.335162,33,53,0.82,20,0.041,27
3068.165308,34,54,0.71,20,0.0355,27
3067.440531,59,75,0.48,16,0.03,27
3067.180281,52,59,0.19,7,0.027142857,27
3066.998481,66,67,0.03,1,0.03,27
3066.961932,53,73,0.7,20,0.035,27
3066.821758,32,57,0.95,25,0.038,27
3066.528264,55,88,0.9,33,0.027272727,27
3066.376439,41,74,0.89,33,0.026969697,27
3066.226178,40,51,0.42,11,0.038181818,27
3065.907889,39,71,0.96,32,0.03,27
3065.833438,60,79,0.5,19,0.026315789,27
3065.779213,64,79,0.39,15,0.026,27
3065.305488,34,53,0.77,19,0.040526316,27
3065.297746,55,90,0.96,35,0.027428571,27
3065.197706,57,81,0.64,24,0.026666667,27
3065.064365,47,81,0.8,34,0.023529412,27
3064.974435,48,63,0.42,15,0.028,27
3064.686015,58,87,0.75,29,0.025862069,27
3064.615267,50,63,0.34,13,0.026153846,27
3063.996248,32,56,0.9,24,0.0375,27
3063.944554,59,77,0.49,18,0.027222222,27
3063.944554,58,79,0.57,21,0.027142857,27
3063.588826,46,63,0.55,17,0.032352941,27
3063.474678,48,57,0.27,9,0.03,27
3063.425265,36,51,0.55,15,0.036666667,27
3062.943336,36,64,0.98,28,0.035,27
3062.742634,62,82,0.41,20,0.0205,27
3062.410258,59,73,0.43,14,0.030714286,27
3062.410258,57,76,0.58,19,0.030526316,27
3062.249055,57,77,0.6,20,0.03,27
3062.249055,56,78,0.66,22,0.03,27
3061.480755,37,59,0.82,22,0.037272727,27
3061.311848,52,55,0.08,3,0.026666667,27
3061.142442,51,82,0.95,31,0.030645161,27
3061.099564,61,75,0.38,14,0.027142857,27
3061.079676,56,89,0.86,33,0.026060606,27
3060.843481,41,49,0.3,8,0.0375,27
3060.738833,51,86,0.96,35,0.027428571,27
3060.621987,42,73,0.84,31,0.027096774,27
3060.508433,54,80,0.78,26,0.03,27
3060.508433,53,81,0.84,28,0.03,27
3060.397158,64,75,0.32,11,0.029090909,27
3060.297661,44,65,0.67,21,0.031904762,27
3060.142131,56,90,0.87,34,0.025588235,27
3060.142131,54,93,0.99,39,0.025384615,27
3060.141621,42,71,0.81,29,0.027931034,27
3060.023664,47,78,0.77,31,0.02483871,27
3059.903549,50,76,0.62,26,0.023846154,27
3059.846672,49,77,0.67,28,0.023928571,27
3059.767857,61,73,0.33,12,0.0275,27
3059.324043,38,55,0.62,17,0.036470588,27
3059.251796,42,70,0.77,28,0.0275,27
3059.179976,40,71,0.93,31,0.03,27
3059.091312,53,97,0.98,44,0.022272727,27
3058.834182,52,82,0.91,30,0.030333333,27
3058.588264,67,73,0.17,6,0.028333333,27
3058.588264,60,81,0.59,21,0.028095238,27
3058.588264,59,82,0.65,23,0.02826087,27
3058.550051,51,73,0.54,22,0.024545455,27
3058.45006,43,55,0.42,12,0.035,27
3058.328626,55,79,0.73,24,0.030416667,27
3058.291853,40,73,0.96,33,0.029090909,27
3058.130055,40,68,0.9,28,0.032142857,27
3057.242482,40,70,0.88,30,0.029333333,27
3057.229464,65,80,0.3,15,0.02,27
3056.707815,60,84,0.63,24,0.02625,27
3056.524335,35,56,0.78,21,0.037142857,27
3056.450026,52,86,0.97,34,0.028529412,27
3056.336449,66,75,0.25,9,0.027777778,27
3056.254762,50,80,0.93,30,0.031,27
3056.204735,33,56,0.84,23,0.036521739,27
3055.698356,33,57,0.95,24,0.039583333,27
3055.631499,39,70,0.94,31,0.030322581,27
3055.554207,55,75,0.62,20,0.031,27
3055.551661,40,73,0.98,33,0.02969697,27
3055.529368,35,58,0.77,23,0.033478261,27
3055.348309,60,84,0.62,24,0.025833333,27
3055.348309,56,89,0.85,33,0.025757576,27
3055.338434,61,85,0.49,24,0.020416667,27
3054.798213,40,60,0.69,20,0.0345,27
3054.367428,56,79,0.63,23,0.027391304,27
3054.03686,65,76,0.31,11,0.028181818,27
3054.03686,62,79,0.48,17,0.028235294,27
3053.850845,43,70,0.74,27,0.027407407,27
3053.213962,34,60,0.96,26,0.036923077,27
3053.174665,33,58,0.94,25,0.0376,27
3053.144742,38,56,0.64,18,0.035555556,27
3053.13585,42,67,0.8,25,0.032,27
3053.083092,43,65,0.72,22,0.032727273,27
3052.998316,38,50,0.44,12,0.036666667,27
3052.954674,57,84,0.71,27,0.026296296,27
3052.81576,45,65,0.64,20,0.032,27
3052.32725,57,86,0.61,29,0.021034483,27
3052.311075,45,46,0.04,1,0.04,27
3052.311075,44,47,0.12,3,0.04,27
3052.242917,59,84,0.52,25,0.0208,27
3052.175386,55,92,0.94,37,0.025405405,27
3052.144493,58,86,0.77,28,0.0275,27
3052.042183,32,58,0.96,26,0.036923077,27
3051.976249,50,74,0.87,24,0.03625,27
3051.895977,42,53,0.4,11,0.036363636,27
3051.852872,38,49,0.41,11,0.037272727,27
3051.517165,50,55,0.17,5,0.034,27
3051.475924,52,71,0.47,19,0.024736842,27
3051.378642,56,87,0.66,31,0.021290323,27
3051.353211,60,83,0.64,23,0.027826087,27
3051.353211,57,87,0.83,30,0.027666667,27
3051.293211,73,97,0.4,24,0.016666667,27
3051.245323,46,65,0.52,19,0.027368421,27
3050.970528,54,88,0.98,34,0.028823529,27
3050.943063,35,56,0.73,21,0.034761905,27
3050.930675,53,95,0.98,42,0.023333333,27
3050.923899,54,94,0.93,40,0.02325,27
3050.863911,63,77,0.37,14,0.026428571,27
3050.650177,60,74,0.39,14,0.027857143,27
3050.419001,51,59,0.24,8,0.03,27
3050.41308,44,68,0.68,24,0.028333333,27
3050.061839,39,69,0.97,30,0.032333333,27
3049.921225,58,90,0.79,32,0.0246875,27
3049.65204,42,66,0.78,24,0.0325,27
3049.611125,42,56,0.49,14,0.035,27
3049.578648,42,72,0.79,30,0.026333333,27
3049.569275,59,83,0.66,24,0.0275,27
3049.55859,42,67,0.72,25,0.0288,27
3049.52799,59,85,0.69,26,0.026538462,27
3049.375566,36,60,0.84,24,0.035,27
3049.365688,61,81,0.56,20,0.028,27
3048.793146,61,79,0.52,18,0.028888889,27
3048.58484,57,79,0.6,22,0.027272727,27
3048.227391,54,71,0.61,17,0.035882353,27
3048.227391,53,72,0.68,19,0.035789474,27
3048.207501,56,86,0.86,30,0.028666667,27
3048.098196,34,55,0.76,21,0.036190476,27
3048.097388,58,88,0.71,30,0.023666667,27
3048.097388,55,92,0.87,37,0.023513514,27
3048.090618,56,91,0.82,35,0.023428571,27
3048.062697,68,74,0.16,6,0.026666667,27
3047.867483,46,61,0.5,15,0.033333333,27
3047.835815,50,57,0.23,7,0.032857143,27
3047.691835,64,78,0.38,14,0.027142857,27
3047.682099,56,91,0.83,35,0.023714286,27
3047.49904,40,71,0.87,31,0.028064516,27
3047.455184,55,91,0.97,36,0.026944444,27
3047.319267,57,88,0.81,31,0.026129032,27
3047.319267,55,91,0.93,36,0.025833333,27
3047.006152,54,80,0.79,26,0.030384615,27
3046.989948,38,59,0.76,21,0.036190476,27
3046.860177,42,57,0.53,15,0.035333333,27
3046.842208,54,85,0.86,31,0.027741935,27
3046.70577,61,81,0.55,20,0.0275,27
3046.70577,58,84,0.72,26,0.027692308,27
3046.70577,56,87,0.85,31,0.027419355,27
3046.490006,56,87,0.84,31,0.027096774,27
3046.473971,55,79,0.72,24,0.03,27
3046.204901,52,58,0.18,6,0.03,27
3046.046792,39,52,0.45,13,0.034615385,27
3045.999535,40,75,0.92,35,0.026285714,27
3045.877171,54,56,0.06,2,0.03,27
3045.877171,53,57,0.12,4,0.03,27
3045.828002,40,73,0.95,33,0.028787879,27
3045.643681,39,53,0.52,14,0.037142857,27
3045.615041,42,72,0.83,30,0.027666667,27
3045.595681,45,67,0.62,22,0.028181818,27
3045.550587,54,81,0.8,27,0.02962963,27
3045.550587,53,82,0.86,29,0.029655172,27
3045.324829,63,79,0.44,16,0.0275,27
3045.324829,62,80,0.5,18,0.027777778,27
3045.324829,60,82,0.61,22,0.027727273,27
3045.324829,57,85,0.78,28,0.027857143,27
3045.324829,57,86,0.8,29,0.027586207,27
3045.324829,56,87,0.86,31,0.027741935,27
3045.053767,45,84,0.92,39,0.023589744,27
3044.941369,40,69,0.88,29,0.030344828,27
3044.715274,65,79,0.29,14,0.020714286,27
3044.32051,41,55,0.51,14,0.036428571,27
3044.260041,40,54,0.53,14,0.037857143,27
3044.202717,60,77,0.46,17,0.027058824,27
3044.134976,37,56,0.7,19,0.036842105,27
3044.12843,35,58,0.86,23,0.037391304,27
3044.110677,40,68,0.91,28,0.0325,27
3043.920647,41,59,0.62,18,0.034444444,27
3043.497324,56,89,0.9,33,0.027272727,27
3043.347819,61,80,0.5,19,0.026315789,27
3043.306722,43,51,0.29,8,0.03625,27
3043.251473,36,53,0.67,17,0.039411765,27
3043.202764,42,72,0.84,30,0.028,27
3043.202764,41,73,0.9,32,0.028125,27
3043.157582,50,61,0.35,11,0.031818182,27
3042.996454,59,83,0.62,24,0.025833333,27
3042.86649,42,70,0.82,28,0.029285714,27
3042.838062,39,56,0.64,17,0.037647059,27
3042.524528,39,68,0.96,29,0.033103448,27
3042.424427,53,93,0.95,40,0.02375,27
3042.201806,59,82,0.6,23,0.026086957,27
3042.179568,38,57,0.71,19,0.037368421,27
3042.069391,37,58,0.76,21,0.036190476,27
3041.999539,54,59,0.12,5,0.024,27
3041.980247,55,94,0.96,39,0.024615385,27
3041.881311,43,64,0.68,21,0.032380952,27
3041.868309,40,50,0.37,10,0.037,27
3041.653126,51,68,0.44,17,0.025882353,27
3041.650069,36,58,0.83,22,0.037727273,27
3041.495772,34,56,0.82,22,0.037272727,27
3041.464871,51,57,0.16,6,0.026666667,27
3041.37548,62,75,0.35,13,0.026923077,27
3041.258062,44,66,0.6,22,0.027272727,27
3041.206205,48,59,0.36,11,0.032727273,27
3041.206205,43,64,0.69,21,0.032857143,27
3041.193818,37,54,0.62,17,0.036470588,27
3041.085946,33,60,0.97,27,0.035925926,27
3041.08271,37,48,0.44,11,0.04,27
3040.933243,47,65,0.46,18,0.025555556,27
3040.849752,52,59,0.2,7,0.028571429,27
3040.787542,66,72,0.16,6,0.026666667,27
3040.704971,55,73,0.43,18,0.023888889,27
3040.679109,41,71,0.89,30,0.029666667,27
3040.609304,60,86,0.53,26,0.020384615,27
3040.594726,42,63,0.69,21,0.032857143,27
3040.475754,41,75,0.91,34,0.026764706,27
3040.444224,38,60,0.78,22,0.035454545,27
3040.349069,45,61,0.48,16,0.03,27
3040.126405,63,80,0.45,17,0.026470588,27
3039.925006,55,85,0.79,30,0.026333333,27
3039.925006,53,88,0.91,35,0.026,27
3039.396928,52,81,0.94,29,0.032413793,27
3039.268924,40,69,0.87,29,0.03,27
3039.219642,34,57,0.81,23,0.035217391,27
3039.123331,39,71,0.95,32,0.0296875,27
3039.109111,37,48,0.46,11,0.041818182,27
3039.086099,76,94,0.3,18,0.016666667,27
3039.005473,56,85,0.76,29,0.026206897,27
3038.892897,44,68,0.66,24,0.0275,27
3038.714237,54,90,0.96,36,0.026666667,27
3038.637012,61,79,0.48,18,0.026666667,27
3038.634386,58,83,0.66,25,0.0264,27
3037.695436,60,86,0.52,26,0.02,27
3037.362322,40,66,0.88,26,0.033846154,27
3037.356783,52,56,0.13,4,0.0325,27
3037.356783,50,58,0.26,8,0.0325,27
3037.150045,42,47,0.19,5,0.038,27
3037.034328,63,80,0.36,17,0.021176471,27
3036.884329,50,56,0.2,6,0.033333333,27
3036.884329,47,60,0.43,13,0.033076923,27
3036.884329,44,63,0.63,19,0.033157895,27
3036.697871,57,83,0.7,26,0.026923077,27
3036.530633,37,53,0.61,16,0.038125,27
3036.509471,44,63,0.56,19,0.029473684,27
3036.481738,39,70,0.95,31,0.030645161,27
3036.181351,60,84,0.5,24,0.020833333,27
3035.984415,32,58,0.97,26,0.037307692,27
3035.967272,48,76,0.7,28,0.025,27
3035.520724,54,90,0.97,36,0.026944444,27
3035.351892,43,63,0.67,20,0.0335,27
3035.323846,53,60,0.17,7,0.024285714,27
3035.220076,38,58,0.74,20,0.037,27
3035.207172,59,87,0.58,28,0.020714286,27
3035.199292,56,72,0.38,16,0.02375,27
3035.160745,60,82,0.47,22,0.021363636,27
3035.136905,57,71,0.33,14,0.023571429,27
3035.075604,36,57,0.78,21,0.037142857,27
3035.048883,53,96,0.99,43,0.023023256,27
3034.901572,55,87,0.93,32,0.0290625,27
3034.684379,63,78,0.31,15,0.020666667,27
3034.677199,39,47,0.33,8,0.04125,27
3034.323896,46,68,0.56,22,0.025454545,27
3034.009079,52,72,0.71,20,0.0355,27
3033.963649,52,82,0.95,30,0.031666667,27
3033.762391,43,69,0.75,26,0.028846154,27
3033.724345,49,56,0.24,7,0.034285714,27
3033.39922,39,54,0.54,15,0.036,27
3033.295575,53,59,0.16,6,0.026666667,27
3033.292575,40,66,0.85,26,0.032692308,27
3033.284529,54,83,0.84,29,0.028965517,27
3033.284529,53,84,0.9,31,0.029032258,27
3033.136866,46,65,0.56,19,0.029473684,27
3033.123882,43,56,0.46,13,0.035384615,27
3032.86409,41,52,0.42,11,0.038181818,27
3032.776193,58,82,0.64,24,0.026666667,27
3032.453729,44,67,0.68,23,0.029565217,27
3032.400161,45,50,0.19,5,0.038,27
3032.382425,59,81,0.59,22,0.026818182,27
3032.358384,62,81,0.5,19,0.026315789,27
3032.358384,61,82,0.55,21,0.026190476,27
3032.358384,60,83,0.61,23,0.026521739,27
3032.358384,59,85,0.68,26,0.026153846,27
3032.358384,58,86,0.73,28,0.026071429,27
3032.11098,36,48,0.51,12,0.0425,27
3032.020713,42,68,0.78,26,0.03,27
3031.847242,42,67,0.71,25,0.0284,27
3031.630537,45,64,0.53,19,0.027894737,27
3031.468283,68,73,0.14,5,0.028,27
3031.468283,63,78,0.42,15,0.028,27
3031.468283,59,83,0.67,24,0.027916667,27
3031.412349,44,67,0.63,23,0.027391304,27
3031.303246,40,56,0.6,16,0.0375,27
3031.036843,33,59,0.97,26,0.037307692,27
3030.987253,50,75,0.9,25,0.036,27
3030.821203,60,81,0.6,21,0.028571429,27
3030.821203,59,82,0.66,23,0.028695652,27
3030.821203,59,83,0.68,24,0.028333333,27
3030.821203,58,84,0.74,26,0.028461538,27
3030.821203,57,85,0.8,28,0.028571429,27
3030.821203,55,88,0.93,33,0.028181818,27
3030.821203,54,89,0.99,35,0.028285714,27
3030.767664,40,70,0.97,30,0.032333333,27
3030.277155,36,57,0.79,21,0.037619048,27
3030.118935,39,52,0.44,13,0.033846154,27
3029.452028,58,86,0.76,28,0.027142857,27
3029.452028,57,87,0.82,30,0.027333333,27
3029.452028,55,90,0.95,35,0.027142857,27
3029.378096,39,75,0.95,36,0.026388889,27
3029.341571,52,66,0.37,14,0.026428571,27
3029.109014,45,54,0.3,9,0.033333333,27
3029.098969,60,85,0.63,25,0.0252,27
3029.039852,36,54,0.7,18,0.038888889,27
3029.038005,43,63,0.6,20,0.03,27
3028.834527,34,56,0.83,22,0.037727273,27
3028.788884,57,87,0.79,30,0.026333333,27
3028.633226,46,63,0.47,17,0.027647059,27
3028.522519,47,66,0.52,19,0.027368421,27
3028.516222,55,81,0.76,26,0.029230769,27
3028.496885,40,72,0.87,32,0.0271875,27
3028.415795,40,50,0.38,10,0.038,27
3028.378985,54,78,0.7,24,0.029166667,27
3028.176124,39,60,0.76,21,0.036190476,27
3028.09775,67,73,0.16,6,0.026666667,27
3028.09775,64,76,0.32,12,0.026666667,27
3028.092331,66,78,0.25,12,0.020833333,27
3028.035766,45,66,0.57,21,0.027142857,27
3028.027217,42,49,0.27,7,0.038571429,27
3027.791949,61,84,0.47,23,0.020434783,27
3027.76062,40,44,0.17,4,0.0425,27
3027.661023,64,80,0.33,16,0.020625,27
3027.661023,62,83,0.43,21,0.02047619,27
3027.646743,51,60,0.26,9,0.028888889,27
3027.530526,58,84,0.73,26,0.028076923,27
3027.251392,45,62,0.56,17,0.032941176,27
3027.251392,42,65,0.76,23,0.033043478,27
3027.055574,40,72,0.94,32,0.029375,27
3026.798543,52,81,0.86,29,0.029655172,27
3026.641196,46,60,0.42,14,0.03,27
3026.589987,40,55,0.53,15,0.035333333,27
3026.533093,56,84,0.73,28,0.026071429,27
3026.4212,53,94,0.96,41,0.023414634,27
3026.408706,55,93,0.88,38,0.023157895,27
3026.285238,34,58,0.87,24,0.03625,27
3025.86446,34,56,0.85,22,0.038636364,27
3025.851714,35,55,0.69,20,0.0345,27
3025.819918,42,47,0.18,5,0.036,27
3025.753399,45,66,0.62,21,0.02952381,27
3025.659492,42,73,0.81,31,0.026129032,27
3025.626087,40,74,0.98,34,0.028823529,27
3025.355351,42,71,0.82,29,0.028275862,27
3025.355351,41,72,0.88,31,0.028387097,27
3025.309053,54,94,0.94,40,0.0235,27
3025.162963,58,67,0.32,9,0.035555556,27
3025.111478,54,95,0.95,41,0.023170732,27
3025.015084,45,56,0.35,11,0.031818182,27
3024.921052,60,70,0.31,10,0.031,27
3024.723892,51,86,0.95,35,0.027142857,27
3024.310418,35,53,0.72,18,0.04,27
3023.980321,66,77,0.23,11,0.020909091,27
3023.899806,39,75,0.98,36,0.027222222,27
3023.569679,39,52,0.5,13,0.038461538,27
3023.351771,58,88,0.75,30,0.025,27
3023.182314,56,86,0.87,30,0.029,27
3023.049526,59,86,0.55,27,0.02037037,27
3023.035308,37,56,0.71,19,0.037368421,27
3022.877834,55,88,0.92,33,0.027878788,27
3022.877834,54,89,0.98,35,0.028,27
3022.71961,58,72,0.43,14,0.030714286,27
3022.552257,52,89,0.96,37,0.025945946,27
3022.412696,40,74,0.96,34,0.028235294,27
3022.361099,39,75,0.96,36,0.026666667,27
3022.335088,51,59,0.22,8,0.0275,27
3022.204409,47,59,0.36,12,0.03,27
3022.133561,33,58,0.92,25,0.0368,27
3021.876718,50,74,0.59,24,0.024583333,27
3021.856969,35,58,0.87,23,0.037826087,27
3021.757152,49,61,0.33,12,0.0275,27
3021.508939,59,76,0.47,17,0.027647059,27
3021.508939,57,78,0.58,21,0.027619048,27
3021.427192,62,81,0.4,19,0.021052632,27
3021.334551,60,62,0.05,2,0.025,27
3021.334551,59,63,0.1,4,0.025,27
3021.334551,58,64,0.15,6,0.025,27
3021.334551,57,65,0.2,8,0.025,27
3021.334551,56,66,0.25,10,0.025,27
3020.990999,38,54,0.6,16,0.0375,27
3020.906214,58,86,0.59,28,0.021071429,27
3020.592321,62,82,0.42,20,0.021,27
3020.592321,61,83,0.46,22,0.020909091,27
3020.588913,56,78,0.67,22,0.030454545,27
3020.578615,65,74,0.24,9,0.026666667,27
3020.446097,41,64,0.78,23,0.033913043,27
3020.237307,46,82,0.86,36,0.023888889,27
3020.0433,62,78,0.47,16,0.029375,27
3020.028267,40,73,0.88,33,0.026666667,27
3019.760127,38,57,0.68,19,0.035789474,27
3019.560278,41,66,0.82,25,0.0328,27
3019.529349,59,71,0.37,12,0.030833333,27
3019.475619,39,50,0.4,11,0.036363636,27
3019.417618,41,70,0.86,29,0.029655172,27
3019.287097,58,84,0.67,26,0.025769231,27
3019.085623,43,68,0.69,25,0.0276,27
3018.758014,63,76,0.35,13,0.026923077,27
3018.598374,54,95,0.94,41,0.022926829,27
3018.527137,40,68,0.87,28,0.031071429,27
3018.352483,43,65,0.71,22,0.032272727,27
3018.352483,42,65,0.75,23,0.032608696,27
3018.352483,41,67,0.84,26,0.032307692,27
3018.265853,40,47,0.29,7,0.041428571,27
3018.158182,60,80,0.53,20,0.0265,27
3018.155574,56,85,0.77,29,0.026551724,27
3017.960367,39,46,0.29,7,0.041428571,27
3017.949054,55,70,0.54,15,0.036,27
3017.885722,51,83,0.94,32,0.029375,27
3017.724343,64,77,0.37,13,0.028461538,27
3017.724343,60,82,0.62,22,0.028181818,27
3017.577846,49,57,0.27,8,0.03375,27
3017.499479,58,86,0.58,28,0.020714286,27
3017.368984,60,83,0.48,23,0.020869565,27
3017.3552,61,82,0.56,21,0.026666667,27
3017.204434,47,64,0.44,17,0.025882353,27
3016.956207,57,90,0.68,33,0.020606061,27
3016.945282,53,96,0.98,43,0.022790698,27
3016.356578,43,70,0.76,27,0.028148148,27
3016.323079,35,58,0.88,23,0.03826087,27
3015.771552,59,70,0.38,11,0.034545455,27
3015.739753,60,85,0.6,25,0.024,27
3015.739753,59,86,0.65,27,0.024074074,27
3015.616196,67,76,0.19,9,0.021111111,27
3015.598509,63,79,0.34,16,0.02125,27
3015.199217,44,68,0.69,24,0.02875,27
3015.155059,41,71,0.87,30,0.029,27
3015.155059,40,72,0.93,32,0.0290625,27
3015.148471,59,89,0.74,30,0.024666667,27
3015.021594,59,84,0.7,25,0.028,27
3015.021594,56,88,0.9,32,0.028125,27
3015.020902,39,73,0.93,34,0.027352941,27
3014.799705,55,90,0.94,35,0.026857143,27
3014.457682,49,60,0.29,11,0.026363636,27
3014.329575,58,88,0.61,30,0.020333333,27
3014.324153,59,82,0.61,23,0.026521739,27
3014.241711,34,55,0.8,21,0.038095238,27
3014.226516,50,61,0.32,11,0.029090909,27
3013.909028,44,51,0.25,7,0.035714286,27
3013.642047,45,55,0.33,10,0.033,27
3013.59392,60,68,0.19,8,0.02375,27
3013.347592,50,57,0.19,7,0.027142857,27
3013.201929,47,64,0.49,17,0.028823529,27
3013.201929,46,65,0.55,19,0.028947368,27
3013.17692,50,78,0.97,28,0.034642857,27
3012.89992,50,60,0.3,10,0.03,27
3012.73425,63,78,0.39,15,0.026,27
3012.721377,42,69,0.8,27,0.02962963,27
3012.561584,34,52,0.74,18,0.041111111,27
3012.443838,42,70,0.81,28,0.028928571,27
3012.392978,53,86,0.92,33,0.027878788,27
3012.357897,54,93,0.92,39,0.023589744,27
3012.010189,60,85,0.52,25,0.0208,27
3011.900737,49,74,0.63,25,0.0252,27
3011.874265,49,76,0.66,27,0.024444444,27
3011.874265,48,77,0.71,29,0.024482759,27
3011.82202,35,51,0.62,16,0.03875,27
3011.631456,47,58,0.34,11,0.030909091,27
3011.458909,57,68,0.39,11,0.035454545,27
3011.301141,43,70,0.77,27,0.028518519,27
3011.278589,35,54,0.72,19,0.037894737,27
3011.231632,61,85,0.6,24,0.025,27
3011.231632,60,86,0.65,26,0.025,27
3011.231632,60,87,0.67,27,0.024814815,27
3011.231632,59,87,0.7,28,0.025,27
3011.231632,59,88,0.72,29,0.024827586,27
3011.231632,58,89,0.77,31,0.02483871,27
3011.231632,57,90,0.82,33,0.024848485,27
3010.982178,51,81,0.89,30,0.029666667,27
3010.64436,46,59,0.4,13,0.030769231,27
3010.606674,36,54,0.64,18,0.035555556,27
3010.438705,46,61,0.49,15,0.032666667,27
3010.438705,44,64,0.65,20,0.0325,27
3010.395502,51,59,0.23,8,0.02875,27
3010.373857,44,61,0.52,17,0.030588235,27
3010.30606,59,86,0.56,27,0.020740741,27
3010.30606,58,87,0.6,29,0.020689655,27
3009.972445,37,60,0.84,23,0.036521739,27
3009.692985,55,87,0.91,32,0.0284375,27
3009.659786,37,55,0.69,18,0.038333333,27
3009.223698,66,73,0.19,7,0.027142857,27
3009.096552,47,79,0.78,32,0.024375,27
3008.887243,50,76,0.93,26,0.035769231,27
3008.764767,34,56,0.8,22,0.036363636,27
3008.374183,34,57,0.86,23,0.037391304,27
3008.372748,42,57,0.52,15,0.034666667,27
3008.311252,53,87,0.93,34,0.027352941,27
3008.203765,44,66,0.61,22,0.027727273,27
3008.068729,53,84,0.97,31,0.031290323,27
3007.898486,56,89,0.89,33,0.026969697,27
3007.88189,41,68,0.81,27,0.03,27
3007.855263,33,58,0.89,25,0.0356,27
3007.788496,37,51,0.5,14,0.035714286,27
3007.686313,57,73,0.49,16,0.030625,27
3007.50229,78,96,0.28,18,0.015555556,27
3007.474459,34,56,0.77,22,0.035,27
3007.364407,33,58,0.97,25,0.0388,27
3007.357332,75,96,0.35,21,0.016666667,27
3007.111135,53,95,0.99,42,0.023571429,27
3006.628048,34,59,0.96,25,0.0384,27
3006.62347,56,65,0.23,9,0.025555556,27
3006.565837,64,81,0.35,17,0.020588235,27
3006.283117,60,85,0.51,25,0.0204,27
3006.229687,45,67,0.63,22,0.028636364,27
3006.186684,44,64,0.58,20,0.029,27
3006.186684,43,65,0.64,22,0.029090909,27
3006.05016,63,81,0.38,18,0.021111111,27
3006.01752,68,71,0.08,3,0.026666667,27
3005.971053,51,74,0.83,23,0.036086957,27
3005.830644,63,75,0.32,12,0.026666667,27
3005.778088,81,95,0.09,14,0.006428571,27
3005.519209,66,76,0.27,10,0.027,27
3005.486141,59,88,0.59,29,0.020344828,27
3005.339965,38,58,0.73,20,0.0365,27
3005.141836,52,88,0.98,36,0.027222222,27
3004.876587,55,86,0.82,31,0.026451613,27
3004.769155,52,88,0.99,36,0.0275,27
3004.647246,36,55,0.66,19,0.034736842,27
3004.613069,59,85,0.54,26,0.020769231,27
3004.517043,66,74,0.23,8,0.02875,27
3004.509972,56,87,0.87,31,0.028064516,27
3004.487664,44,60,0.54,16,0.03375,27
3004.477226,63,81,0.46,18,0.025555556,27
3004.477226,62,82,0.51,20,0.0255,27
3004.433705,34,60,0.99,26,0.038076923,27
3003.986181,67,75,0.17,8,0.02125,27
3003.975259,56,91,0.87,35,0.024857143,27
3003.95826,38,58,0.75,20,0.0375,27
3003.784046,55,93,0.89,38,0.023421053,27
3003.781042,43,69,0.72,26,0.027692308,27
3003.686898,45,83,0.89,38,0.023421053,27
3003.662854,54,70,0.39,16,0.024375,27
3003.602603,41,58,0.59,17,0.034705882,27
3003.490179,45,61,0.53,16,0.033125,27
3003.070366,53,89,0.94,36,0.026111111,27
3002.803395,41,58,0.6,17,0.035294118,27
3002.803395,40,59,0.67,19,0.035263158,27
3002.794107,43,70,0.89,27,0.032962963,27
3002.764722,45,63,0.58,18,0.032222222,27
3002.346975,43,68,0.68,25,0.0272,27
3002.161114,44,69,0.72,25,0.0288,27
3002.091459,39,47,0.3,8,0.0375,27
3001.989533,34,57,0.88,23,0.03826087,27
3001.898345,32,55,0.95,23,0.041304348,27
3001.43377,66,74,0.18,8,0.0225,27
3001.248151,34,57,0.79,23,0.034347826,27
3001.060652,64,78,0.3,14,0.021428571,27
3000.966703,79,91,0.2,12,0.016666667,27
3000.957817,55,88,0.94,33,0.028484848,27
3000.811232,40,70,0.98,30,0.032666667,27
3000.650777,49,61,0.36,12,0.03,27
3000.650777,48,62,0.42,14,0.03,27
3000.325341,39,51,0.41,12,0.034166667,27
