% profit,ema1,ema2,threshold,diff,thresh / diff,ID
3671.959011,34,55,0.75,21,0.035714286,2
3630.210322,37,51,0.5,14,0.035714286,2
3620.805057,35,53,0.65,18,0.036111111,2
3613.000521,39,48,0.33,9,0.036666667,2
3598.049875,37,52,0.52,15,0.034666667,2
3591.437135,58,73,0.48,15,0.032,2
3560.196175,58,71,0.44,13,0.033846154,2
3551.285405,56,75,0.61,19,0.032105263,2
3546.442245,41,48,0.24,7,0.034285714,2
3542.875555,59,70,0.36,11,0.032727273,2
3526.761882,55,74,0.65,19,0.034210526,2
3518.299165,62,68,0.2,6,0.033333333,2
3517.549109,56,73,0.58,17,0.034117647,2
3513.430509,53,78,0.84,25,0.0336,2
3512.852079,57,74,0.55,17,0.032352941,2
3512.420817,42,75,0.97,33,0.029393939,2
3512.103387,53,77,0.82,24,0.034166667,2
3510.137888,54,76,0.75,22,0.034090909,2
3509.806626,57,73,0.52,16,0.0325,2
3509.806626,54,76,0.72,22,0.032727273,2
3508.972407,57,72,0.51,15,0.034,2
3504.766385,52,79,0.91,27,0.033703704,2
3498.835003,51,80,0.97,29,0.033448276,2
3497.611061,55,75,0.68,20,0.034,2
3496.416916,42,45,0.11,3,0.036666667,2
3492.116048,32,58,0.88,26,0.033846154,2
3487.927827,61,68,0.23,7,0.032857143,2
3487.811362,36,52,0.58,16,0.03625,2
3487.622432,35,58,0.76,23,0.033043478,2
3485.811543,53,78,0.83,25,0.0332,2
3483.40944,55,75,0.65,20,0.0325,2
3482.96309,61,68,0.24,7,0.034285714,2
3482.602335,56,75,0.62,19,0.032631579,2
3479.296925,61,69,0.27,8,0.03375,2
3478.942956,59,71,0.4,12,0.033333333,2
3476.331997,36,57,0.69,21,0.032857143,2
3476.179658,63,67,0.13,4,0.0325,2
3476.179658,61,69,0.26,8,0.0325,2
3473.608465,33,62,0.94,29,0.032413793,2
3469.585877,56,73,0.57,17,0.033529412,2
3469.297101,61,67,0.2,6,0.033333333,2
3468.944964,54,77,0.76,23,0.033043478,2
3468.944964,51,80,0.96,29,0.033103448,2
3466.311122,52,79,0.9,27,0.033333333,2
3465.517173,53,77,0.8,24,0.033333333,2
3465.155616,60,69,0.31,9,0.034444444,2
3458.860885,40,47,0.26,7,0.037142857,2
3455.882407,33,56,0.8,23,0.034782609,2
3453.379979,52,78,0.88,26,0.033846154,2
3451.154272,53,76,0.76,23,0.033043478,2
3451.033881,55,75,0.67,20,0.0335,2
3451.033881,54,75,0.71,21,0.033809524,2
3450.914467,40,49,0.31,9,0.034444444,2
3450.914467,39,50,0.38,11,0.034545455,2
3450.108951,58,70,0.41,12,0.034166667,2
3450.108951,57,71,0.48,14,0.034285714,2
3448.81082,60,70,0.33,10,0.033,2
3448.81082,53,78,0.82,25,0.0328,2
3448.746053,52,79,0.89,27,0.032962963,2
3447.180964,59,69,0.34,10,0.034,2
3446.843457,59,71,0.41,12,0.034166667,2
3446.127116,52,78,0.87,26,0.033461538,2
3446.127116,51,79,0.94,28,0.033571429,2
3445.324985,31,59,0.95,28,0.033928571,2
3444.656452,53,76,0.78,23,0.033913043,2
3443.983651,63,66,0.1,3,0.033333333,2
3443.983651,60,69,0.3,9,0.033333333,2
3443.904346,38,51,0.45,13,0.034615385,2
3443.716175,59,71,0.39,12,0.0325,2
3442.669487,41,46,0.18,5,0.036,2
3442.09113,60,71,0.35,11,0.031818182,2
3441.873294,58,72,0.47,14,0.033571429,2
3441.732963,59,70,0.37,11,0.033636364,2
3441.289183,60,68,0.27,8,0.03375,2
3439.451127,56,74,0.6,18,0.033333333,2
3438.54056,54,76,0.73,22,0.033181818,2
3438.39408,40,74,0.91,34,0.026764706,2
3438.273495,55,76,0.68,21,0.032380952,2
3437.003927,60,70,0.34,10,0.034,2
3436.83905,55,74,0.64,19,0.033684211,2
3435.428922,55,80,0.78,25,0.0312,2
3433.26916,53,77,0.81,24,0.03375,2
3431.876012,57,73,0.54,16,0.03375,2
3430.672258,57,73,0.53,16,0.033125,2
3430.672258,55,76,0.69,21,0.032857143,2
3429.635161,51,79,0.95,28,0.033928571,2
3425.163526,34,59,0.83,25,0.0332,2
3424.632024,57,72,0.5,15,0.033333333,2
3424.38223,56,74,0.61,18,0.033888889,2
3424.009151,56,72,0.55,16,0.034375,2
3424.009151,55,73,0.62,18,0.034444444,2
3423.207587,60,74,0.44,14,0.031428571,2
3421.898836,35,53,0.66,18,0.036666667,2
3420.512399,53,76,0.79,23,0.034347826,2
3418.870101,33,61,0.92,28,0.032857143,2
3418.596738,54,75,0.72,21,0.034285714,2
3411.886896,62,67,0.17,5,0.034,2
3410.989289,52,79,0.88,27,0.032592593,2
3410.989289,51,80,0.95,29,0.032758621,2
3410.299443,57,72,0.49,15,0.032666667,2
3407.63731,54,76,0.74,22,0.033636364,2
3406.376679,48,66,0.55,18,0.030555556,2
3404.585869,63,71,0.25,8,0.03125,2
3404.472438,60,71,0.36,11,0.032727273,2
3404.057884,56,73,0.56,17,0.032941176,2
3403.950568,42,74,0.96,32,0.03,2
3401.638923,58,72,0.46,14,0.032857143,2
3400.523718,58,77,0.59,19,0.031052632,2
3399.464453,44,71,0.82,27,0.03037037,2
3397.257238,51,80,0.98,29,0.033793103,2
3395.229684,57,74,0.56,17,0.032941176,2
3395.077393,58,71,0.43,13,0.033076923,2
3392.742435,45,70,0.75,25,0.03,2
3390.269259,36,53,0.6,17,0.035294118,2
3390.269259,35,54,0.67,19,0.035263158,2
3389.835818,43,73,0.89,30,0.029666667,2
3389.709415,56,74,0.59,18,0.032777778,2
3389.709415,54,77,0.75,23,0.032608696,2
3389.709415,53,77,0.79,24,0.032916667,2
3389.528513,40,52,0.4,12,0.033333333,2
3384.742449,59,69,0.33,10,0.033,2
3384.111995,46,69,0.69,23,0.03,2
3382.753313,56,75,0.63,19,0.033157895,2
3378.881261,62,65,0.1,3,0.033333333,2
3377.884554,57,78,0.65,21,0.030952381,2
3377.437213,52,80,0.92,28,0.032857143,2
3377.170111,50,76,0.9,26,0.034615385,2
3375.284028,52,74,0.76,22,0.034545455,2
3375.284028,51,75,0.83,24,0.034583333,2
3374.626805,38,50,0.43,12,0.035833333,2
3372.72734,40,75,0.93,35,0.026571429,2
3370.534633,53,79,0.85,26,0.032692308,2
3368.572464,37,55,0.6,18,0.033333333,2
3365.685001,57,68,0.38,11,0.034545455,2
3364.718784,55,75,0.66,20,0.033,2
3363.813344,55,76,0.7,21,0.033333333,2
3361.098724,32,58,0.89,26,0.034230769,2
3359.837908,60,75,0.46,15,0.030666667,2
3359.660491,61,71,0.32,10,0.032,2
3359.460853,56,69,0.45,13,0.034615385,2
3359.460853,55,70,0.52,15,0.034666667,2
3359.460853,54,71,0.59,17,0.034705882,2
3359.460853,53,72,0.66,19,0.034736842,2
3359.152932,45,70,0.76,25,0.0304,2
3355.868525,51,81,0.99,30,0.033,2
3355.826295,42,71,0.95,29,0.032758621,2
3354.342119,47,67,0.62,20,0.031,2
3354.086332,33,57,0.82,24,0.034166667,2
3353.186896,39,52,0.44,13,0.033846154,2
3353.109005,56,72,0.53,16,0.033125,2
3349.309794,44,70,0.81,26,0.031153846,2
3349.307191,33,55,0.81,22,0.036818182,2
3348.866162,43,72,0.89,29,0.030689655,2
3348.842063,55,74,0.63,19,0.033157895,2
3346.38675,41,73,0.86,32,0.026875,2
3346.029152,34,60,0.85,26,0.032692308,2
3345.845269,40,51,0.37,11,0.033636364,2
3345.372603,59,76,0.52,17,0.030588235,2
3344.467403,59,75,0.5,16,0.03125,2
3344.342036,62,72,0.31,10,0.031,2
3341.348274,57,77,0.63,20,0.0315,2
3341.348274,55,79,0.76,24,0.031666667,2
3340.816275,52,77,0.85,25,0.034,2
3340.54318,58,76,0.57,18,0.031666667,2
3340.023371,50,62,0.33,12,0.0275,2
3337.630267,63,70,0.22,7,0.031428571,2
3337.630267,60,73,0.41,13,0.031538462,2
3337.255494,59,67,0.27,8,0.03375,2
3336.525226,53,79,0.84,26,0.032307692,2
3336.030779,34,54,0.72,20,0.036,2
3335.32714,42,47,0.18,5,0.036,2
3333.372692,34,60,0.86,26,0.033076923,2
3332.925222,61,73,0.37,12,0.030833333,2
3332.45892,54,78,0.77,24,0.032083333,2
3331.688519,52,80,0.91,28,0.0325,2
3330.80203,58,70,0.4,12,0.033333333,2
3330.414981,34,55,0.73,21,0.034761905,2
3330.071581,42,74,0.97,32,0.0303125,2
3326.654219,52,77,0.83,25,0.0332,2
3326.617714,58,75,0.54,17,0.031764706,2
3326.617714,56,77,0.67,21,0.031904762,2
3326.294978,43,70,0.73,27,0.027037037,2
3325.560303,56,66,0.24,10,0.024,2
3324.46828,52,63,0.33,11,0.03,2
3320.651369,49,65,0.49,16,0.030625,2
3316.454047,45,69,0.75,24,0.03125,2
3316.060783,51,81,0.98,30,0.032666667,2
3313.226426,51,63,0.36,12,0.03,2
3311.184239,46,68,0.69,22,0.031363636,2
3309.127444,55,67,0.29,12,0.024166667,2
3308.634089,54,59,0.16,5,0.032,2
3308.304461,44,71,0.83,27,0.030740741,2
3308.256747,41,74,0.88,33,0.026666667,2
3307.440349,43,52,0.33,9,0.036666667,2
3307.395282,34,54,0.73,20,0.0365,2
3307.235905,42,75,0.98,33,0.02969697,2
3306.461748,63,68,0.16,5,0.032,2
3306.438451,55,71,0.55,16,0.034375,2
3306.189694,64,69,0.16,5,0.032,2
3306.189694,61,72,0.35,11,0.031818182,2
3306.189694,59,74,0.48,15,0.032,2
3305.849211,57,76,0.61,19,0.032105263,2
3305.849211,55,78,0.74,23,0.032173913,2
3305.713839,55,73,0.6,18,0.033333333,2
3304.65332,61,74,0.4,13,0.030769231,2
3303.347338,54,77,0.78,23,0.033913043,2
3302.021715,42,71,0.96,29,0.033103448,2
3301.877496,47,68,0.63,21,0.03,2
3300.656062,55,76,0.71,21,0.033809524,2
3300.411423,36,51,0.56,15,0.037333333,2
3300.041003,35,59,0.79,24,0.032916667,2
3299.601761,36,52,0.57,16,0.035625,2
3299.39775,54,74,0.69,20,0.0345,2
3299.08873,59,73,0.45,14,0.032142857,2
3298.831114,62,70,0.26,8,0.0325,2
3298.831114,60,72,0.39,12,0.0325,2
3298.769083,55,77,0.72,22,0.032727273,2
3298.377199,55,88,0.85,33,0.025757576,2
3298.377199,54,89,0.9,35,0.025714286,2
3296.022079,54,77,0.77,23,0.033478261,2
3295.462051,67,69,0.06,2,0.03,2
3295.462051,66,70,0.12,4,0.03,2
3295.462051,65,71,0.18,6,0.03,2
3295.462051,64,72,0.24,8,0.03,2
3294.901001,43,73,0.9,30,0.03,2
3293.873459,64,68,0.13,4,0.0325,2
3293.58579,38,49,0.4,11,0.036363636,2
3292.49125,43,73,0.91,30,0.030333333,2
3292.457802,37,56,0.63,19,0.033157895,2
3292.356653,54,79,0.81,25,0.0324,2
3292.084564,58,74,0.52,16,0.0325,2
3292.084564,56,76,0.65,20,0.0325,2
3291.404672,34,54,0.74,20,0.037,2
3288.969107,62,73,0.34,11,0.030909091,2
3286.838589,61,73,0.38,12,0.031666667,2
3285.978876,33,56,0.83,23,0.036086957,2
3285.300487,59,68,0.3,9,0.033333333,2
3285.154244,55,92,0.89,37,0.024054054,2
3285.154244,54,93,0.94,39,0.024102564,2
3285.154244,53,94,0.99,41,0.024146341,2
3284.94139,46,68,0.68,22,0.030909091,2
3284.662302,50,62,0.39,12,0.0325,2
3284.140234,35,58,0.77,23,0.033478261,2
3284.025797,58,68,0.34,10,0.034,2
3283.848344,53,73,0.69,20,0.0345,2
3282.326355,51,61,0.32,10,0.032,2
3282.303057,53,78,0.85,25,0.034,2
3281.528422,57,69,0.41,12,0.034166667,2
3281.528422,56,70,0.48,14,0.034285714,2
3281.100918,56,78,0.7,22,0.031818182,2
3281.100918,54,80,0.83,26,0.031923077,2
3281.053699,61,70,0.29,9,0.032222222,2
3280.77814,45,70,0.77,25,0.0308,2
3280.053904,41,72,0.84,31,0.027096774,2
3279.690984,61,71,0.33,10,0.033,2
3279.597905,58,82,0.7,24,0.029166667,2
3279.262902,53,62,0.27,9,0.03,2
3277.52278,35,54,0.68,19,0.035789474,2
3276.267165,57,89,0.78,32,0.024375,2
3276.267165,56,90,0.83,34,0.024411765,2
3276.267165,55,91,0.88,36,0.024444444,2
3275.780762,58,73,0.49,15,0.032666667,2
3275.757925,52,62,0.3,10,0.03,2
3275.455415,54,72,0.62,18,0.034444444,2
3275.243764,48,67,0.57,19,0.03,2
3274.747055,62,69,0.23,7,0.032857143,2
3273.858851,48,65,0.54,17,0.031764706,2
3272.933023,56,58,0.06,2,0.03,2
3272.933023,55,59,0.12,4,0.03,2
3272.933023,54,60,0.18,6,0.03,2
3272.933023,53,61,0.24,8,0.03,2
3272.186101,51,64,0.39,13,0.03,2
3272.052496,51,79,0.93,28,0.033214286,2
3271.358528,46,67,0.67,21,0.031904762,2
3270.07161,42,72,0.81,30,0.027,2
3268.783837,48,68,0.59,20,0.0295,2
3268.396274,48,66,0.56,18,0.031111111,2
3268.393776,54,75,0.7,21,0.033333333,2
3268.393776,53,76,0.77,23,0.033478261,2
3267.874708,46,69,0.71,23,0.030869565,2
3267.594654,33,61,0.93,28,0.033214286,2
3266.871321,36,52,0.59,16,0.036875,2
3266.783017,57,75,0.57,18,0.031666667,2
3266.573764,62,69,0.21,7,0.03,2
3266.573764,61,70,0.27,9,0.03,2
3266.245214,43,71,0.72,28,0.025714286,2
3265.644607,52,62,0.31,10,0.031,2
3265.443947,38,49,0.41,11,0.037272727,2
3265.431747,53,92,0.96,39,0.024615385,2
3265.336696,52,77,0.84,25,0.0336,2
3265.332301,39,53,0.47,14,0.033571429,2
3264.979239,47,66,0.6,19,0.031578947,2
3264.938598,42,71,0.79,29,0.027241379,2
3263.220369,52,78,0.86,26,0.033076923,2
3263.093981,65,66,0.03,1,0.03,2
3263.093981,64,67,0.09,3,0.03,2
3263.093981,63,68,0.15,5,0.03,2
3262.773797,36,57,0.7,21,0.033333333,2
3261.337306,44,72,0.83,28,0.029642857,2
3260.561356,59,72,0.42,13,0.032307692,2
3260.298243,39,76,0.98,37,0.026486486,2
3258.733914,51,78,0.92,27,0.034074074,2
3258.733914,50,79,0.99,29,0.034137931,2
3258.482226,49,64,0.47,15,0.031333333,2
3258.335487,57,58,0.03,1,0.03,2
3258.335487,56,59,0.09,3,0.03,2
3258.335487,55,60,0.15,5,0.03,2
3258.335487,54,61,0.21,7,0.03,2
3257.633667,44,72,0.84,28,0.03,2
3255.69003,33,56,0.81,23,0.035217391,2
3255.570654,45,71,0.77,26,0.029615385,2
3255.541573,39,56,0.62,17,0.036470588,2
3254.283983,44,72,0.85,28,0.030357143,2
3252.860754,60,85,0.61,25,0.0244,2
3252.778334,51,64,0.4,13,0.030769231,2
3252.550184,35,53,0.64,18,0.035555556,2
3252.292038,55,72,0.57,17,0.033529412,2
3252.269852,52,80,0.93,28,0.033214286,2
3252.008755,55,72,0.59,17,0.034705882,2
3252.008755,54,73,0.66,19,0.034736842,2
3251.984338,63,68,0.17,5,0.034,2
3251.971047,65,74,0.26,9,0.028888889,2
3251.923431,57,71,0.47,14,0.033571429,2
3251.879057,56,86,0.79,30,0.026333333,2
3251.470467,43,71,0.75,28,0.026785714,2
3250.899249,56,77,0.68,21,0.032380952,2
3250.304533,44,68,0.66,24,0.0275,2
3250.147091,54,91,0.91,37,0.024594595,2
3248.852326,56,75,0.64,19,0.033684211,2
3248.821143,62,71,0.29,9,0.032222222,2
3248.039855,59,73,0.44,14,0.031428571,2
3247.553717,62,70,0.25,8,0.03125,2
3247.335335,38,58,0.72,20,0.036,2
3246.923525,64,67,0.1,3,0.033333333,2
3246.923525,61,70,0.3,9,0.033333333,2
3246.417505,59,72,0.43,13,0.033076923,2
3245.655373,42,73,0.79,31,0.025483871,2
3245.204454,40,55,0.55,15,0.036666667,2
3244.088838,54,80,0.82,26,0.031538462,2
3244.058457,59,86,0.66,27,0.024444444,2
3243.849281,55,77,0.73,22,0.033181818,2
3243.849281,54,78,0.8,24,0.033333333,2
3243.101212,36,56,0.67,20,0.0335,2
3242.456639,60,73,0.42,13,0.032307692,2
3242.456639,58,75,0.55,17,0.032352941,2
3242.204167,59,74,0.47,15,0.031333333,2
3241.73904,58,76,0.56,18,0.031111111,2
3241.664826,47,69,0.65,22,0.029545455,2
3241.579744,54,68,0.34,14,0.024285714,2
3241.402197,61,66,0.17,5,0.034,2
3241.030439,54,60,0.19,6,0.031666667,2
3240.942916,52,81,0.93,29,0.032068966,2
3240.574824,43,73,0.72,30,0.024,2
3240.138662,56,76,0.66,20,0.033,2
3239.781035,55,91,0.87,36,0.024166667,2
3239.695366,41,48,0.25,7,0.035714286,2
3238.516384,58,74,0.53,16,0.033125,2
3238.379198,53,81,0.89,28,0.031785714,2
3238.169655,56,91,0.84,35,0.024,2
3237.798748,34,59,0.84,25,0.0336,2
3237.449921,57,76,0.62,19,0.032631579,2
3236.575283,53,79,0.87,26,0.033461538,2
3236.568361,36,60,0.87,24,0.03625,2
3235.776337,58,74,0.47,16,0.029375,2
3235.776337,57,75,0.53,18,0.029444444,2
3235.143795,32,57,0.87,25,0.0348,2
3235.087608,35,55,0.68,20,0.034,2
3234.773569,36,53,0.59,17,0.034705882,2
3234.772438,57,76,0.6,19,0.031578947,2
3234.606787,44,55,0.31,11,0.028181818,2
3234.179614,55,86,0.9,31,0.029032258,2
3233.907912,41,74,0.84,33,0.025454545,2
3233.772245,53,80,0.88,27,0.032592593,2
3233.685251,59,75,0.51,16,0.031875,2
3233.19562,50,64,0.43,14,0.030714286,2
3233.147549,54,88,0.98,34,0.028823529,2
3232.776287,64,75,0.31,11,0.028181818,2
3232.765498,63,75,0.35,12,0.029166667,2
3232.505133,55,78,0.75,23,0.032608696,2
3232.505133,52,81,0.95,29,0.032758621,2
3232.336878,37,60,0.82,23,0.035652174,2
3231.181872,38,57,0.7,19,0.036842105,2
3231.013076,58,87,0.71,29,0.024482759,2
3231.013076,57,88,0.76,31,0.024516129,2
3231.013076,56,89,0.81,33,0.024545455,2
3230.339879,41,73,0.83,32,0.0259375,2
3229.405925,58,88,0.73,30,0.024333333,2
3228.772523,37,52,0.53,15,0.035333333,2
3227.736096,57,70,0.45,13,0.034615385,2
3227.731811,43,51,0.29,8,0.03625,2
3227.331634,50,65,0.45,15,0.03,2
3227.331634,49,66,0.51,17,0.03,2
3227.260251,57,83,0.76,26,0.029230769,2
3227.260251,54,87,0.96,33,0.029090909,2
3227.012955,48,64,0.44,16,0.0275,2
3226.680123,58,69,0.38,11,0.034545455,2
3225.97561,41,54,0.47,13,0.036153846,2
3225.966382,58,84,0.68,26,0.026153846,2
3225.661343,47,68,0.65,21,0.030952381,2
3225.594775,52,82,0.96,30,0.032,2
3224.948886,56,77,0.66,21,0.031428571,2
3224.440542,60,72,0.4,12,0.033333333,2
3224.427655,59,73,0.46,14,0.032857143,2
3224.421702,54,79,0.8,25,0.032,2
3224.064321,51,78,0.91,27,0.033703704,2
3223.930097,62,71,0.28,9,0.031111111,2
3223.888685,57,74,0.57,17,0.033529412,2
3223.695693,42,53,0.4,11,0.036363636,2
3223.288524,63,69,0.19,6,0.031666667,2
3223.288524,58,74,0.51,16,0.031875,2
3222.733059,55,90,0.86,35,0.024571429,2
3222.733059,54,92,0.93,38,0.024473684,2
3222.733059,53,93,0.98,40,0.0245,2
3222.110714,62,64,0.07,2,0.035,2
3221.974263,53,79,0.86,26,0.033076923,2
3221.973878,58,83,0.71,25,0.0284,2
3221.779304,41,76,0.87,35,0.024857143,2
3221.75004,46,69,0.7,23,0.030434783,2
3221.740439,31,58,0.95,27,0.035185185,2
3221.009996,57,75,0.6,18,0.033333333,2
3220.880509,51,76,0.86,25,0.0344,2
3220.84174,42,73,0.96,31,0.030967742,2
3220.003487,44,51,0.25,7,0.035714286,2
3219.834011,57,75,0.59,18,0.032777778,2
3219.834011,54,78,0.79,24,0.032916667,2
3218.646195,40,74,0.88,34,0.025882353,2
3218.504743,36,61,0.89,25,0.0356,2
3218.149455,42,52,0.37,10,0.037,2
3217.966836,59,68,0.31,9,0.034444444,2
3217.913919,38,57,0.69,19,0.036315789,2
3217.426345,37,59,0.8,22,0.036363636,2
3217.402132,41,53,0.44,12,0.036666667,2
3217.008796,40,56,0.57,16,0.035625,2
3216.588174,38,55,0.56,17,0.032941176,2
3215.401523,50,65,0.46,15,0.030666667,2
3215.380271,58,73,0.5,15,0.033333333,2
3214.670279,48,64,0.52,16,0.0325,2
3214.585421,44,50,0.22,6,0.036666667,2
3214.415547,46,70,0.72,24,0.03,2
3214.343796,52,81,0.94,29,0.032413793,2
3214.260503,51,63,0.37,12,0.030833333,2
3214.146578,31,59,0.96,28,0.034285714,2
3213.40515,36,60,0.88,24,0.036666667,2
3213.28828,53,91,0.96,38,0.025263158,2
3212.356107,57,70,0.44,13,0.033846154,2
3211.58913,63,73,0.3,10,0.03,2
3211.58913,62,74,0.36,12,0.03,2
3211.403738,56,78,0.69,22,0.031363636,2
3211.129261,55,93,0.91,38,0.023947368,2
3211.129261,54,94,0.96,40,0.024,2
3210.673177,63,69,0.2,6,0.033333333,2
3210.316492,56,76,0.59,20,0.0295,2
3210.152359,56,85,0.84,29,0.028965517,2
3209.911624,56,71,0.51,15,0.034,2
3209.792635,34,61,0.87,27,0.032222222,2
3209.770486,36,62,0.91,26,0.035,2
3209.404247,47,67,0.63,20,0.0315,2
3208.257126,61,80,0.51,19,0.026842105,2
3208.033151,58,73,0.51,15,0.034,2
3207.861081,35,56,0.71,21,0.033809524,2
3205.521851,60,71,0.37,11,0.033636364,2
3205.141984,60,72,0.38,12,0.031666667,2
3204.500377,55,78,0.73,23,0.03173913,2
3204.272603,53,80,0.87,27,0.032222222,2
3203.673554,52,75,0.78,23,0.033913043,2
3201.218449,55,73,0.61,18,0.033888889,2
3201.218449,54,74,0.68,20,0.034,2
3200.818309,64,70,0.19,6,0.031666667,2
3200.125069,53,93,0.97,40,0.02425,2
3199.849355,60,67,0.24,7,0.034285714,2
3199.630018,59,72,0.44,13,0.033846154,2
3199.453665,56,83,0.77,27,0.028518519,2
3199.161695,56,76,0.64,20,0.032,2
3198.731654,35,57,0.73,22,0.033181818,2
3198.709577,40,76,0.94,36,0.026111111,2
3198.317531,38,58,0.73,20,0.0365,2
3197.81645,63,77,0.39,14,0.027857143,2
3197.723627,33,56,0.84,23,0.036521739,2
3197.713748,57,75,0.58,18,0.032222222,2
3197.713748,55,77,0.71,22,0.032272727,2
3197.36925,45,71,0.79,26,0.030384615,2
3197.019813,50,64,0.44,14,0.031428571,2
3196.752381,35,65,0.92,30,0.030666667,2
3196.596134,50,77,0.93,27,0.034444444,2
3196.327383,61,77,0.47,16,0.029375,2
3196.327383,60,78,0.53,18,0.029444444,2
3196.17132,52,76,0.82,24,0.034166667,2
3196.17132,51,77,0.89,26,0.034230769,2
3196.17132,50,78,0.96,28,0.034285714,2
3194.878479,43,72,0.9,29,0.031034483,2
3194.878479,42,73,0.97,31,0.031290323,2
3193.747072,33,56,0.82,23,0.035652174,2
3192.714235,47,68,0.64,21,0.03047619,2
3191.939256,37,50,0.49,13,0.037692308,2
3191.83962,37,52,0.54,15,0.036,2
3191.785316,49,64,0.48,15,0.032,2
3190.918475,54,78,0.78,24,0.0325,2
3190.517605,64,74,0.29,10,0.029,2
3190.311283,34,53,0.72,19,0.037894737,2
3190.296497,62,76,0.41,14,0.029285714,2
3190.296497,57,82,0.73,25,0.0292,2
3190.296497,56,83,0.79,27,0.029259259,2
3190.054052,45,71,0.78,26,0.03,2
3190.049039,38,48,0.37,10,0.037,2
3189.809651,55,84,0.85,29,0.029310345,2
3189.410152,35,53,0.67,18,0.037222222,2
3189.380563,36,61,0.9,25,0.036,2
3188.878796,41,45,0.15,4,0.0375,2
3188.344135,35,52,0.67,17,0.039411765,2
3188.153086,49,65,0.5,16,0.03125,2
3188.134068,58,69,0.37,11,0.033636364,2
3188.134068,54,73,0.64,19,0.033684211,2
3188.134068,54,74,0.67,20,0.0335,2
3188.134068,53,74,0.71,21,0.033809524,2
3188.001385,35,60,0.81,25,0.0324,2
3187.457894,43,49,0.2,6,0.033333333,2
3187.378304,50,78,0.95,28,0.033928571,2
3186.455346,57,86,0.82,29,0.028275862,2
3186.392443,54,92,0.92,38,0.024210526,2
3185.70746,51,76,0.85,25,0.034,2
3185.674784,59,73,0.41,14,0.029285714,2
3185.208261,61,79,0.52,18,0.028888889,2
3184.520738,33,62,0.95,29,0.032758621,2
3184.053711,42,77,0.85,35,0.024285714,2
3183.287597,53,90,0.96,37,0.025945946,2
3183.197356,35,70,0.95,35,0.027142857,2
3183.119171,67,73,0.17,6,0.028333333,2
3182.647419,43,54,0.92,11,0.083636364,2
3182.21153,72,88,0.28,16,0.0175,2
3182.044043,39,56,0.61,17,0.035882353,2
3181.813818,42,72,0.8,30,0.026666667,2
3181.642385,35,52,0.66,17,0.038823529,2
3181.331472,51,62,0.35,11,0.031818182,2
3181.271004,51,63,0.38,12,0.031666667,2
3180.768932,40,76,0.92,36,0.025555556,2
3180.222805,38,53,0.51,15,0.034,2
3180.211291,35,62,0.98,27,0.036296296,2
3180.029898,50,63,0.41,13,0.031538462,2
3179.83721,37,54,0.57,17,0.033529412,2
3178.549629,68,72,0.11,4,0.0275,2
3178.324884,65,99,0.64,34,0.018823529,2
3177.916933,73,88,0.26,15,0.017333333,2
3177.916933,71,90,0.33,19,0.017368421,2
3177.916933,69,92,0.4,23,0.017391304,2
3176.926757,36,55,0.64,19,0.033684211,2
3176.665645,41,73,0.85,32,0.0265625,2
3176.076165,42,74,0.99,32,0.0309375,2
3174.829711,53,60,0.22,7,0.031428571,2
3174.580641,48,67,0.58,19,0.030526316,2
3173.327029,34,56,0.75,22,0.034090909,2
3173.051134,53,75,0.74,22,0.033636364,2
3172.6335,39,57,0.64,18,0.035555556,2
3172.261845,40,49,0.32,9,0.035555556,2
3171.954511,53,87,0.96,34,0.028235294,2
3171.926406,63,78,0.43,15,0.028666667,2
3171.671507,37,58,0.77,21,0.036666667,2
3171.590933,42,74,0.81,32,0.0253125,2
3171.563717,34,54,0.75,20,0.0375,2
3171.419136,59,84,0.64,25,0.0256,2
3171.379842,37,59,0.79,22,0.035909091,2
3170.718102,43,73,0.92,30,0.030666667,2
3170.635658,52,76,0.81,24,0.03375,2
3170.635658,51,77,0.88,26,0.033846154,2
3170.356008,43,74,0.91,31,0.029354839,2
3170.350029,32,62,0.99,30,0.033,2
3170.308599,34,55,0.76,21,0.036190476,2
3170.198964,41,75,0.86,34,0.025294118,2
3170.125249,60,78,0.52,18,0.028888889,2
3169.779594,35,52,0.64,17,0.037647059,2
3169.344077,58,87,0.73,29,0.025172414,2
3169.344077,57,88,0.78,31,0.02516129,2
3169.344077,56,89,0.83,33,0.025151515,2
3169.344077,56,90,0.85,34,0.025,2
3169.344077,55,91,0.9,36,0.025,2
3169.250171,59,74,0.43,15,0.028666667,2
3169.250171,58,75,0.49,17,0.028823529,2
3169.250171,57,76,0.55,19,0.028947368,2
3168.848659,52,61,0.28,9,0.031111111,2
3168.568061,67,74,0.2,7,0.028571429,2
3168.568061,62,80,0.51,18,0.028333333,2
3168.222521,37,60,0.81,23,0.035217391,2
3167.950492,60,71,0.33,11,0.03,2
3167.632096,59,80,0.61,21,0.029047619,2
3166.235581,36,51,0.57,15,0.038,2
3166.133592,44,71,0.85,27,0.031481481,2
3165.534097,56,71,0.52,15,0.034666667,2
3165.327255,36,68,0.87,32,0.0271875,2
3164.118858,52,60,0.26,8,0.0325,2
3164.065145,40,55,0.54,15,0.036,2
3163.705872,51,89,0.99,38,0.026052632,2
3163.1447,64,75,0.32,11,0.029090909,2
3163.1447,60,80,0.58,20,0.029,2
3162.017285,66,73,0.2,7,0.028571429,2
3162.017285,62,77,0.43,15,0.028666667,2
3162.017285,60,80,0.57,20,0.0285,2
3161.730168,55,85,0.83,30,0.027666667,2
3161.05328,59,85,0.66,26,0.025384615,2
3160.862822,54,95,0.97,41,0.023658537,2
3160.861633,31,60,0.97,29,0.033448276,2
3160.094847,53,61,0.25,8,0.03125,2
3160.079887,52,75,0.79,23,0.034347826,2
3159.760713,56,72,0.54,16,0.03375,2
3159.191954,62,77,0.44,15,0.029333333,2
3158.678809,57,82,0.71,25,0.0284,2
3158.404505,54,86,0.9,32,0.028125,2
3158.360061,42,73,0.77,31,0.02483871,2
3158.170738,56,77,0.61,21,0.029047619,2
3157.716625,62,81,0.49,19,0.025789474,2
3157.716625,60,84,0.61,24,0.025416667,2
3157.641179,46,70,0.71,24,0.029583333,2
3157.391105,54,73,0.65,19,0.034210526,2
3156.927621,36,66,0.83,30,0.027666667,2
3156.590162,58,86,0.71,28,0.025357143,2
3156.511947,63,76,0.37,13,0.028461538,2
3156.511947,61,79,0.51,18,0.028333333,2
3156.352374,38,65,0.74,27,0.027407407,2
3155.477747,43,50,0.26,7,0.037142857,2
3154.678954,32,57,0.88,25,0.0352,2
3154.507314,40,50,0.34,10,0.034,2
3154.507314,39,51,0.41,12,0.034166667,2
3154.100582,47,69,0.67,22,0.030454545,2
3153.939905,41,74,0.87,33,0.026363636,2
3153.901018,38,54,0.54,16,0.03375,2
3153.726346,42,73,0.99,31,0.031935484,2
3153.404986,60,79,0.55,19,0.028947368,2
3153.377893,65,75,0.29,10,0.029,2
3153.287173,40,75,0.9,35,0.025714286,2
3152.877362,55,87,0.91,32,0.0284375,2
3152.75079,63,78,0.4,15,0.026666667,2
3152.611404,60,79,0.54,19,0.028421053,2
3152.205397,54,90,0.92,36,0.025555556,2
3152.205397,53,91,0.97,38,0.025526316,2
3151.54104,53,74,0.72,21,0.034285714,2
3150.864875,54,89,0.88,35,0.025142857,2
3150.756339,36,51,0.58,15,0.038666667,2
3150.218085,48,67,0.59,19,0.031052632,2
3150.065651,61,78,0.49,17,0.028823529,2
3149.847261,58,81,0.67,23,0.029130435,2
3149.703459,42,74,0.98,32,0.030625,2
3149.665613,64,76,0.35,12,0.029166667,2
3149.63809,53,88,0.96,35,0.027428571,2
3149.514907,35,54,0.66,19,0.034736842,2
3149.311826,55,72,0.58,17,0.034117647,2
3149.083091,66,74,0.23,8,0.02875,2
3148.57007,45,69,0.76,24,0.031666667,2
3148.340304,39,57,0.65,18,0.036111111,2
3148.087801,54,89,0.91,35,0.026,2
3147.953698,54,58,0.13,4,0.0325,2
3145.972403,37,51,0.51,14,0.036428571,2
3145.448243,64,76,0.34,12,0.028333333,2
3145.137424,61,81,0.57,20,0.0285,2
3145.137424,56,87,0.88,31,0.028387097,2
3145.008069,66,76,0.26,10,0.026,2
3145.008069,62,80,0.47,18,0.026111111,2
3145.008069,61,81,0.52,20,0.026,2
3145.008069,61,82,0.54,21,0.025714286,2
3145.008069,60,83,0.59,23,0.025652174,2
3145.008069,57,87,0.77,30,0.025666667,2
3144.9401,60,83,0.6,23,0.026086957,2
3144.9401,59,85,0.67,26,0.025769231,2
3144.9401,58,86,0.72,28,0.025714286,2
3143.270909,42,73,0.98,31,0.031612903,2
3142.484523,47,65,0.44,18,0.024444444,2
3141.133962,36,61,0.91,25,0.0364,2
3141.127702,57,85,0.71,28,0.025357143,2
3141.121385,36,53,0.61,17,0.035882353,2
3141.097765,40,75,0.91,35,0.026,2
3139.701499,53,86,0.95,33,0.028787879,2
3139.272496,62,78,0.46,16,0.02875,2
3139.143665,42,71,0.78,29,0.026896552,2
3138.678847,46,66,0.55,20,0.0275,2
3138.406971,43,72,0.91,29,0.03137931,2
3138.223469,53,89,0.96,36,0.026666667,2
3138.149564,56,76,0.6,20,0.03,2
3137.221701,54,86,0.89,32,0.0278125,2
3137.221701,53,87,0.95,34,0.027941176,2
3136.755953,60,81,0.58,21,0.027619048,2
3136.133045,58,84,0.74,26,0.028461538,2
3135.789896,57,88,0.77,31,0.02483871,2
3135.789896,55,91,0.89,36,0.024722222,2
3135.789896,54,92,0.94,38,0.024736842,2
3135.789896,54,93,0.95,39,0.024358974,2
3135.452201,33,59,0.88,26,0.033846154,2
3135.34904,54,88,0.9,34,0.026470588,2
3135.191177,64,79,0.38,15,0.025333333,2
3135.154847,62,79,0.43,17,0.025294118,2
3135.000919,53,88,0.95,35,0.027142857,2
3134.732399,35,62,0.99,27,0.036666667,2
3134.524787,54,56,0.05,2,0.025,2
3134.524787,53,57,0.1,4,0.025,2
3134.524787,52,58,0.15,6,0.025,2
3134.377811,60,72,0.35,12,0.029166667,2
3134.116557,42,72,0.78,30,0.026,2
3134.01252,60,73,0.37,13,0.028461538,2
3133.953988,65,78,0.33,13,0.025384615,2
3133.921028,53,86,0.94,33,0.028484848,2
3133.287663,32,57,0.92,25,0.0368,2
3133.15228,55,87,0.85,32,0.0265625,2
3133.15228,53,90,0.97,37,0.026216216,2
3132.698275,58,82,0.68,24,0.028333333,2
3132.698275,57,83,0.74,26,0.028461538,2
3132.698275,56,85,0.82,29,0.028275862,2
3132.59562,54,93,0.96,39,0.024615385,2
3132.38843,57,85,0.8,28,0.028571429,2
3132.281386,63,79,0.42,16,0.02625,2
3132.281386,59,84,0.65,25,0.026,2
3131.948405,54,90,0.91,36,0.025277778,2
3131.790128,52,88,0.93,36,0.025833333,2
3131.412628,43,48,0.17,5,0.034,2
3131.385815,36,54,0.61,18,0.033888889,2
3131.377965,62,78,0.45,16,0.028125,2
3131.353885,49,66,0.52,17,0.030588235,2
3129.922955,69,72,0.08,3,0.026666667,2
3129.922955,66,75,0.24,9,0.026666667,2
3129.922955,64,77,0.35,13,0.026923077,2
3129.291193,37,60,0.84,23,0.036521739,2
3129.057717,53,88,0.97,35,0.027714286,2
3128.563166,44,70,0.7,26,0.026923077,2
3128.482961,57,86,0.74,29,0.025517241,2
3128.070351,44,71,0.84,27,0.031111111,2
3127.767143,37,54,0.58,17,0.034117647,2
3127.339814,44,46,0.07,2,0.035,2
3127.339814,43,47,0.14,4,0.035,2
3126.978227,38,52,0.48,14,0.034285714,2
3126.570081,61,81,0.53,20,0.0265,2
3125.973651,63,76,0.38,13,0.029230769,2
3125.651645,43,69,0.72,26,0.027692308,2
3125.426321,49,67,0.53,18,0.029444444,2
3125.400941,34,53,0.73,19,0.038421053,2
3125.341651,61,83,0.55,22,0.025,2
3125.341651,58,87,0.72,29,0.024827586,2
3124.813151,57,84,0.73,27,0.027037037,2
3124.813151,55,86,0.84,31,0.027096774,2
3124.813151,54,88,0.91,34,0.026764706,2
3124.813151,53,89,0.97,36,0.026944444,2
3124.742386,37,60,0.83,23,0.036086957,2
3124.008047,57,83,0.73,26,0.028076923,2
3124.008047,54,87,0.92,33,0.027878788,2
3124.008047,53,88,0.98,35,0.028,2
3123.201642,65,77,0.34,12,0.028333333,2
3123.166878,59,85,0.65,26,0.025,2
3123.166878,58,86,0.7,28,0.025,2
3123.166878,56,89,0.82,33,0.024848485,2
3123.151686,59,86,0.67,27,0.024814815,2
3123.151686,56,90,0.84,34,0.024705882,2
3122.672996,55,85,0.84,30,0.028,2
3122.525222,56,87,0.8,31,0.025806452,2
3122.232802,64,77,0.37,13,0.028461538,2
3122.206397,32,55,0.91,23,0.039565217,2
3122.040712,32,57,0.89,25,0.0356,2
3122.040712,31,58,0.97,27,0.035925926,2
3121.740928,51,84,0.92,33,0.027878788,2
3121.659695,42,48,0.21,6,0.035,2
3121.596102,58,82,0.67,24,0.027916667,2
3121.324919,59,81,0.61,22,0.027727273,2
3121.324919,57,83,0.72,26,0.027692308,2
3121.324919,56,84,0.78,28,0.027857143,2
3121.324919,54,87,0.91,33,0.027575758,2
3120.359086,60,80,0.55,20,0.0275,2
3120.359086,55,86,0.85,31,0.027419355,2
3119.861598,41,74,0.85,33,0.025757576,2
3119.161878,53,69,0.39,16,0.024375,2
3118.975506,40,77,0.96,37,0.025945946,2
3118.764141,63,78,0.41,15,0.027333333,2
3118.665933,50,79,0.98,29,0.033793103,2
3118.290327,40,61,0.58,21,0.027619048,2
3117.823831,46,70,0.73,24,0.030416667,2
3117.673654,54,86,0.91,32,0.0284375,2
3117.673654,53,87,0.97,34,0.028529412,2
3117.622022,55,89,0.86,34,0.025294118,2
3116.949468,39,50,0.39,11,0.035454545,2
3115.997196,34,55,0.74,21,0.035238095,2
3115.723421,61,78,0.48,17,0.028235294,2
3115.714,61,80,0.48,19,0.025263158,2
3114.948802,45,70,0.78,25,0.0312,2
3114.78555,43,72,0.92,29,0.031724138,2
3114.428246,48,68,0.6,20,0.03,2
3114.411023,62,82,0.5,20,0.025,2
3114.33114,49,63,0.34,14,0.024285714,2
3114.17194,56,88,0.81,32,0.0253125,2
3114.136186,55,88,0.82,33,0.024848485,2
3113.860187,59,81,0.63,22,0.028636364,2
3113.824639,33,55,0.83,22,0.037727273,2
3113.552313,58,80,0.64,22,0.029090909,2
3113.373709,33,54,0.81,21,0.038571429,2
3112.885416,53,75,0.75,22,0.034090909,2
3112.759392,60,84,0.6,24,0.025,2
3112.695074,48,64,0.39,16,0.024375,2
3112.45266,43,72,0.72,29,0.024827586,2
3112.246872,40,48,0.29,8,0.03625,2
3112.205267,47,69,0.66,22,0.03,2
3111.467789,60,82,0.63,22,0.028636364,2
3110.53147,36,67,0.85,31,0.027419355,2
3110.253883,59,79,0.58,20,0.029,2
3110.088371,58,83,0.72,25,0.0288,2
3109.927871,58,81,0.65,23,0.02826087,2
3109.922173,40,60,0.56,20,0.028,2
3109.917798,55,88,0.83,33,0.025151515,2
3109.787256,37,67,0.81,30,0.027,2
3109.732834,41,75,0.89,34,0.026176471,2
3109.484312,55,88,0.94,33,0.028484848,2
3109.217145,56,86,0.86,30,0.028666667,2
3108.771019,53,86,0.97,33,0.029393939,2
3108.741058,37,50,0.48,13,0.036923077,2
3108.303531,66,75,0.25,9,0.027777778,2
3108.261966,60,81,0.61,21,0.029047619,2
3108.117488,44,70,0.67,26,0.025769231,2
3108.092946,42,76,0.99,34,0.029117647,2
3107.809734,57,87,0.76,30,0.025333333,2
3107.707244,59,83,0.63,24,0.02625,2
3107.030587,43,72,0.93,29,0.032068966,2
3106.638859,53,91,0.93,38,0.024473684,2
3106.390527,56,86,0.76,30,0.025333333,2
3106.062256,58,85,0.7,27,0.025925926,2
3106.062256,57,86,0.75,29,0.025862069,2
3106.062256,56,88,0.82,32,0.025625,2
3106.062256,55,89,0.87,34,0.025588235,2
3105.526632,56,87,0.77,31,0.02483871,2
3105.526632,53,91,0.94,38,0.024736842,2
3105.368121,43,71,0.89,28,0.031785714,2
3105.290361,36,58,0.72,22,0.032727273,2
3105.1816,66,76,0.28,10,0.028,2
3105.1816,61,81,0.56,20,0.028,2
3104.914791,65,76,0.31,11,0.028181818,2
3104.914791,62,79,0.48,17,0.028235294,2
3104.619686,39,47,0.3,8,0.0375,2
3103.589113,52,63,0.34,11,0.030909091,2
3102.941389,63,77,0.4,14,0.028571429,2
3102.848351,59,81,0.64,22,0.029090909,2
3102.392203,62,79,0.49,17,0.028823529,2
3102.392203,61,80,0.55,19,0.028947368,2
3102.392203,59,83,0.69,24,0.02875,2
3102.392203,58,84,0.75,26,0.028846154,2
3102.339608,42,74,0.79,32,0.0246875,2
3102.204699,33,55,0.86,22,0.039090909,2
3102.103509,44,71,0.67,27,0.024814815,2
3102.091947,35,68,0.91,33,0.027575758,2
3102.077657,50,72,0.55,22,0.025,2
3101.901636,40,77,0.94,37,0.025405405,2
3101.871405,63,80,0.43,17,0.025294118,2
3101.857202,57,84,0.75,27,0.027777778,2
3101.843569,45,72,0.77,27,0.028518519,2
3101.74911,56,85,0.79,29,0.027241379,2
3101.74911,54,87,0.9,33,0.027272727,2
3101.74911,53,89,0.98,36,0.027222222,2
3101.345148,34,58,0.81,24,0.03375,2
3100.516018,58,85,0.76,27,0.028148148,2
3100.405525,63,79,0.44,16,0.0275,2
3100.14792,55,87,0.92,32,0.02875,2
3100.14693,33,60,0.9,27,0.033333333,2
3099.726061,56,84,0.79,28,0.028214286,2
3099.695436,53,75,0.76,22,0.034545455,2
3099.506771,53,80,0.78,27,0.028888889,2
3099.339054,32,57,0.91,25,0.0364,2
3099.113842,35,60,0.79,25,0.0316,2
3099.10146,33,55,0.82,22,0.037272727,2
3099.083392,52,81,0.84,29,0.028965517,2
3098.662031,55,89,0.85,34,0.025,2
3098.367013,54,84,0.88,30,0.029333333,2
3098.367013,53,85,0.94,32,0.029375,2
3097.274007,45,67,0.54,22,0.024545455,2
3097.036275,59,81,0.62,22,0.028181818,2
3097.036275,58,83,0.7,25,0.028,2
3097.036275,57,84,0.76,27,0.028148148,2
3096.891865,33,55,0.84,22,0.038181818,2
3096.706898,34,57,0.79,23,0.034347826,2
3096.527518,35,61,0.96,26,0.036923077,2
3095.192591,58,84,0.65,26,0.025,2
3095.114476,59,84,0.7,25,0.028,2
3095.114476,55,89,0.95,34,0.027941176,2
3095.079458,38,64,0.72,26,0.027692308,2
3094.777606,53,88,0.99,35,0.028285714,2
3094.405649,63,78,0.38,15,0.025333333,2
3094.203058,39,62,0.64,23,0.027826087,2
3094.189542,60,80,0.56,20,0.028,2
3094.178975,44,70,0.82,26,0.031538462,2
3094.014181,52,89,0.94,37,0.025405405,2
3093.813832,53,92,0.98,39,0.025128205,2
3093.548054,57,83,0.75,26,0.028846154,2
3093.548054,56,84,0.81,28,0.028928571,2
3093.548054,54,87,0.95,33,0.028787879,2
3093.488316,60,82,0.58,22,0.026363636,2
3093.405546,57,85,0.74,28,0.026428571,2
3093.405546,54,89,0.92,35,0.026285714,2
3093.012069,50,83,0.96,33,0.029090909,2
3092.91263,65,78,0.35,13,0.026923077,2
3092.839614,66,78,0.31,12,0.025833333,2
3092.839614,66,79,0.33,13,0.025384615,2
3092.383435,55,77,0.65,22,0.029545455,2
3092.383435,54,78,0.71,24,0.029583333,2
3092.220566,57,84,0.78,27,0.028888889,2
3091.817838,51,82,0.9,31,0.029032258,2
3091.693826,54,85,0.91,31,0.029354839,2
3091.203714,41,52,0.41,11,0.037272727,2
3090.878425,55,92,0.9,37,0.024324324,2
3090.717143,40,53,0.48,13,0.036923077,2
3090.531175,46,67,0.57,21,0.027142857,2
3090.531175,44,69,0.68,25,0.0272,2
3090.389278,55,90,0.88,35,0.025142857,2
3090.389278,54,91,0.93,37,0.025135135,2
3090.270157,58,82,0.69,24,0.02875,2
3090.270157,57,84,0.77,27,0.028518519,2
3090.270157,56,85,0.83,29,0.02862069,2
3090.270157,55,86,0.89,31,0.028709677,2
3090.131059,47,66,0.61,19,0.032105263,2
3089.668937,58,85,0.69,27,0.025555556,2
3089.629812,55,87,0.88,32,0.0275,2
3089.381337,35,61,0.83,26,0.031923077,2
3089.36132,55,86,0.86,31,0.027741935,2
3089.36132,53,89,0.99,36,0.0275,2
3089.253522,46,66,0.49,20,0.0245,2
3088.97732,56,91,0.85,35,0.024285714,2
3088.976394,42,58,0.45,16,0.028125,2
3088.481893,55,85,0.85,30,0.028333333,2
3087.653818,50,84,0.97,34,0.028529412,2
3087.080881,35,57,0.74,22,0.033636364,2
3086.69808,53,81,0.79,28,0.028214286,2
3086.69808,52,82,0.85,30,0.028333333,2
3086.69808,51,83,0.91,32,0.0284375,2
3086.594741,31,58,0.96,27,0.035555556,2
3086.446616,45,69,0.77,24,0.032083333,2
3086.048323,43,71,0.9,28,0.032142857,2
3086.012962,34,61,0.86,27,0.031851852,2
3085.436787,47,58,0.38,11,0.034545455,2
3085.286876,33,55,0.8,22,0.036363636,2
3085.168934,59,82,0.62,23,0.026956522,2
3085.168934,56,86,0.8,30,0.026666667,2
3085.168934,55,87,0.86,32,0.026875,2
3084.523109,55,85,0.87,30,0.029,2
3084.523109,54,86,0.93,32,0.0290625,2
3084.483198,57,87,0.75,30,0.025,2
3084.483198,56,88,0.8,32,0.025,2
3084.483198,55,90,0.87,35,0.024857143,2
3084.483198,54,91,0.92,37,0.024864865,2
3084.483198,53,92,0.97,39,0.024871795,2
3084.373727,54,88,0.94,34,0.027647059,2
3083.923407,43,73,0.93,30,0.031,2
3083.428876,44,69,0.8,25,0.032,2
3083.130376,44,72,0.86,28,0.030714286,2
3082.996725,60,81,0.6,21,0.028571429,2
3082.871334,54,85,0.9,31,0.029032258,2
3082.768965,65,98,0.63,33,0.019090909,2
3082.452856,61,72,0.31,11,0.028181818,2
3082.397925,59,80,0.6,21,0.028571429,2
3081.991434,61,79,0.5,18,0.027777778,2
3081.991434,58,83,0.69,25,0.0276,2
3081.862518,53,90,0.98,37,0.026486486,2
3081.723585,56,85,0.8,29,0.027586207,2
3081.72176,44,71,0.86,27,0.031851852,2
3081.655271,63,79,0.45,16,0.028125,2
3081.655271,60,82,0.62,22,0.028181818,2
3081.655271,56,87,0.87,31,0.028064516,2
3081.52488,60,82,0.55,22,0.025,2
3081.52488,59,83,0.6,24,0.025,2
3081.45019,33,54,0.83,21,0.03952381,2
3081.214413,39,63,0.66,24,0.0275,2
3080.874228,34,56,0.77,22,0.035,2
3080.780442,33,62,0.93,29,0.032068966,2
3080.769625,66,74,0.22,8,0.0275,2
3080.769625,64,76,0.33,12,0.0275,2
3080.769625,62,78,0.44,16,0.0275,2
3080.769625,60,81,0.57,21,0.027142857,2
3080.769625,59,82,0.63,23,0.027391304,2
3080.769625,58,83,0.68,25,0.0272,2
3080.769625,57,84,0.74,27,0.027407407,2
3080.769625,55,87,0.87,32,0.0271875,2
3080.769625,54,88,0.93,34,0.027352941,2
3080.689622,58,81,0.66,23,0.028695652,2
3080.678338,40,74,0.92,34,0.027058824,2
3080.443789,65,77,0.33,12,0.0275,2
3080.023085,59,72,0.39,13,0.03,2
3080.023085,58,73,0.45,15,0.03,2
3079.946145,49,65,0.51,16,0.031875,2
3079.347389,52,80,0.84,28,0.03,2
3079.173066,43,74,0.89,31,0.028709677,2
3078.415628,57,89,0.79,32,0.0246875,2
3078.377547,49,76,0.96,27,0.035555556,2
3078.121806,34,70,0.99,36,0.0275,2
3077.97954,49,66,0.53,17,0.031176471,2
3077.754798,56,63,0.18,7,0.025714286,2
3077.524876,53,86,0.86,33,0.026060606,2
3077.340539,42,64,0.75,22,0.034090909,2
3076.166198,34,54,0.76,20,0.038,2
3075.949985,49,64,0.36,15,0.024,2
3075.772641,31,57,0.99,26,0.038076923,2
3075.672966,39,49,0.36,10,0.036,2
3075.656984,48,67,0.6,19,0.031578947,2
3075.357155,59,83,0.68,24,0.028333333,2
3075.162015,52,92,0.99,40,0.02475,2
3075.092829,61,80,0.54,19,0.028421053,2
3074.921509,39,76,0.99,37,0.026756757,2
3074.874761,34,53,0.77,19,0.040526316,2
3074.674422,57,74,0.51,17,0.03,2
3074.425349,40,62,0.61,22,0.027727273,2
3074.206959,33,54,0.82,21,0.039047619,2
3074.13293,65,76,0.32,11,0.029090909,2
3073.798681,52,61,0.29,9,0.032222222,2
3073.783076,55,92,0.91,37,0.024594595,2
3073.655989,35,59,0.78,24,0.0325,2
3073.572056,40,51,0.36,11,0.032727273,2
3073.22231,55,86,0.88,31,0.028387097,2
3072.82741,69,73,0.11,4,0.0275,2
3072.82741,67,75,0.22,8,0.0275,2
3072.602495,56,75,0.57,19,0.03,2
3072.192771,43,73,0.73,30,0.024333333,2
3071.77623,44,62,0.61,18,0.033888889,2
3071.5363,36,57,0.71,21,0.033809524,2
3071.241491,48,65,0.41,17,0.024117647,2
3071.022005,48,68,0.61,20,0.0305,2
3070.676018,56,85,0.81,29,0.027931034,2
3070.634177,51,60,0.22,9,0.024444444,2
3070.379026,60,83,0.63,23,0.027391304,2
3070.379026,58,86,0.76,28,0.027142857,2
3070.379026,57,87,0.82,30,0.027333333,2
3069.823155,64,78,0.39,14,0.027857143,2
3069.823155,62,80,0.5,18,0.027777778,2
3069.823155,59,84,0.69,25,0.0276,2
3069.823155,58,85,0.75,27,0.027777778,2
3069.757172,57,85,0.81,28,0.028928571,2
3069.755199,67,96,0.55,29,0.018965517,2
3069.755199,66,97,0.59,31,0.019032258,2
3069.745194,47,66,0.46,19,0.024210526,2
3069.667291,50,61,0.27,11,0.024545455,2
3069.624715,35,56,0.72,21,0.034285714,2
3069.578731,45,61,0.54,16,0.03375,2
3069.57661,34,60,0.84,26,0.032307692,2
3069.564037,70,73,0.08,3,0.026666667,2
3069.564037,65,79,0.37,14,0.026428571,2
3069.559289,68,73,0.14,5,0.028,2
3069.559289,63,78,0.42,15,0.028,2
3069.559289,60,82,0.61,22,0.027727273,2
3069.559289,59,83,0.67,24,0.027916667,2
3069.455902,35,52,0.65,17,0.038235294,2
3069.035963,57,82,0.72,25,0.0288,2
3068.925161,59,82,0.66,23,0.028695652,2
3068.769128,39,75,0.97,36,0.026944444,2
3068.266038,64,77,0.33,13,0.025384615,2
3067.855212,72,90,0.31,18,0.017222222,2
3067.780327,54,88,0.89,34,0.026176471,2
3067.712108,51,81,0.9,30,0.03,2
3067.201901,41,71,0.83,30,0.027666667,2
3066.955683,44,73,0.87,29,0.03,2
3066.698527,41,47,0.21,6,0.035,2
3066.698527,40,48,0.28,8,0.035,2
3066.450168,58,84,0.73,26,0.028076923,2
3066.336974,36,54,0.62,18,0.034444444,2
3066.214369,52,79,0.82,27,0.03037037,2
3066.195838,43,70,0.87,27,0.032222222,2
3066.126773,42,49,0.23,7,0.032857143,2
3065.515697,44,52,0.67,8,0.08375,2
3065.515697,43,53,0.84,10,0.084,2
3065.381081,54,94,0.97,40,0.02425,2
3065.072333,67,76,0.23,9,0.025555556,2
3065.067526,50,73,0.85,23,0.036956522,2
3064.524349,34,72,0.98,38,0.025789474,2
3064.498785,32,56,0.92,24,0.038333333,2
3064.359844,38,63,0.7,25,0.028,2
3064.188821,43,71,0.91,28,0.0325,2
3064.05495,57,91,0.81,34,0.023823529,2
3063.7043,51,59,0.2,8,0.025,2
3063.386396,61,71,0.29,10,0.029,2
3063.277177,50,83,0.98,33,0.02969697,2
3063.235503,45,48,0.11,3,0.036666667,2
3063.219172,54,90,0.89,36,0.024722222,2
3063.103963,39,52,0.43,13,0.033076923,2
3062.963192,56,78,0.61,22,0.027727273,2
3062.76992,56,83,0.78,27,0.028888889,2
3062.760975,49,67,0.54,18,0.03,2
3062.437451,60,86,0.63,26,0.024230769,2
3062.437451,59,87,0.68,28,0.024285714,2
3062.388431,54,88,0.92,34,0.027058824,2
3062.388431,53,90,0.99,37,0.026756757,2
3061.939194,45,67,0.7,22,0.031818182,2
3061.707705,34,73,0.99,39,0.025384615,2
3061.599897,45,72,0.81,27,0.03,2
3061.580671,34,61,0.88,27,0.032592593,2
3061.321795,72,74,0.04,2,0.02,2
3061.321795,71,75,0.08,4,0.02,2
3060.920213,53,93,0.99,40,0.02475,2
3060.904936,49,62,0.32,13,0.024615385,2
3060.495007,33,60,0.91,27,0.033703704,2
3060.466967,33,64,0.98,31,0.031612903,2
3060.088001,55,86,0.87,31,0.028064516,2
3059.867087,56,88,0.89,32,0.0278125,2
3059.866285,32,56,0.91,24,0.037916667,2
3059.809643,55,76,0.63,21,0.03,2
3059.639775,50,85,0.99,35,0.028285714,2
3059.635937,43,75,0.94,32,0.029375,2
3059.533934,54,87,0.93,33,0.028181818,2
3058.928068,56,67,0.26,11,0.023636364,2
3058.403075,37,56,0.62,19,0.032631579,2
3057.983711,46,60,0.47,14,0.033571429,2
3057.623114,33,55,0.85,22,0.038636364,2
3057.519276,45,72,0.8,27,0.02962963,2
3057.418265,54,85,0.89,31,0.028709677,2
3057.379584,36,58,0.71,22,0.032272727,2
3057.357776,45,69,0.64,24,0.026666667,2
3057.30556,53,90,0.93,37,0.025135135,2
3057.138614,51,73,0.79,22,0.035909091,2
3057.119277,50,82,0.97,32,0.0303125,2
3057.114764,60,80,0.53,20,0.0265,2
3057.044156,61,82,0.57,21,0.027142857,2
3057.008475,32,55,0.89,23,0.038695652,2
3056.967286,44,70,0.84,26,0.032307692,2
3056.800624,56,86,0.81,30,0.027,2
3056.724999,33,63,0.96,30,0.032,2
3056.664662,38,55,0.54,17,0.031764706,2
3056.350715,35,58,0.75,23,0.032608696,2
3055.930607,34,53,0.75,19,0.039473684,2
3055.861224,57,84,0.71,27,0.026296296,2
3055.707332,36,57,0.68,21,0.032380952,2
3055.254049,35,69,0.93,34,0.027352941,2
3055.202069,44,70,0.83,26,0.031923077,2
3054.976352,35,53,0.68,18,0.037777778,2
3054.594985,38,49,0.42,11,0.038181818,2
3054.594985,37,50,0.5,13,0.038461538,2
3053.63638,47,52,0.14,5,0.028,2
3053.605624,41,60,0.53,19,0.027894737,2
3053.570519,38,51,0.46,13,0.035384615,2
3053.540769,54,92,0.95,38,0.025,2
3053.540769,54,92,0.96,38,0.025263158,2
3053.036142,34,59,0.85,25,0.034,2
3052.905643,46,67,0.51,21,0.024285714,2
3052.494707,52,60,0.22,8,0.0275,2
3052.196546,54,78,0.72,24,0.03,2
3052.196546,53,79,0.78,26,0.03,2
3052.074974,55,78,0.67,23,0.029130435,2
3051.615484,36,55,0.65,19,0.034210526,2
3051.40752,51,81,0.91,30,0.030333333,2
3051.317231,57,86,0.72,29,0.024827586,2
3051.047442,37,66,0.8,29,0.027586207,2
3051.027365,29,88,0.21,59,0.003559322,2
3050.951913,54,85,0.81,31,0.026129032,2
3050.644954,37,65,0.78,28,0.027857143,2
3050.360869,47,70,0.68,23,0.029565217,2
3050.31223,57,83,0.67,26,0.025769231,2
3050.22812,54,77,0.7,23,0.030434783,2
3050.22812,53,78,0.76,25,0.0304,2
3050.192322,49,73,0.6,24,0.025,2
3050.169156,64,69,0.14,5,0.028,2
3050.132122,33,61,0.94,28,0.033571429,2
3049.814292,68,74,0.16,6,0.026666667,2
3049.358886,55,87,0.82,32,0.025625,2
3049.196493,46,71,0.73,25,0.0292,2
3048.901595,44,72,0.87,28,0.031071429,2
3048.784037,55,88,0.93,33,0.028181818,2
3048.598506,42,72,0.97,30,0.032333333,2
3048.521923,56,86,0.85,30,0.028333333,2
3048.521923,54,89,0.99,35,0.028285714,2
3047.744615,41,73,0.99,32,0.0309375,2
3047.693959,38,54,0.55,16,0.034375,2
3047.693959,37,55,0.62,18,0.034444444,2
3047.691788,55,87,0.83,32,0.0259375,2
3047.46884,33,61,0.91,28,0.0325,2
3046.606413,43,74,0.9,31,0.029032258,2
3046.55636,60,83,0.64,23,0.027826087,2
3046.55636,57,86,0.81,29,0.027931034,2
3046.55636,56,88,0.88,32,0.0275,2
3046.55636,55,89,0.94,34,0.027647059,2
3046.555233,49,76,0.97,27,0.035925926,2
3046.333149,50,74,0.87,24,0.03625,2
3045.774946,55,85,0.86,30,0.028666667,2
3045.774946,54,86,0.92,32,0.02875,2
3045.54364,55,91,0.91,36,0.025277778,2
3045.334535,40,61,0.65,21,0.030952381,2
3044.800734,53,71,0.64,18,0.035555556,2
3044.707685,66,75,0.26,9,0.028888889,2
3043.810114,35,52,0.63,17,0.037058824,2
3043.785357,35,58,0.78,23,0.033913043,2
3043.519971,50,63,0.42,13,0.032307692,2
3043.480533,73,86,0.23,13,0.017692308,2
3043.465103,43,63,0.68,20,0.034,2
3043.463775,54,88,0.97,34,0.028529412,2
3043.28846,55,77,0.66,22,0.03,2
3043.215848,68,94,0.47,26,0.018076923,2
3043.208132,57,85,0.79,28,0.028214286,2
3042.780686,55,84,0.84,29,0.028965517,2
3042.638444,31,57,0.98,26,0.037692308,2
3042.325172,57,88,0.79,31,0.025483871,2
3042.325172,56,89,0.84,33,0.025454545,2
3042.325172,55,90,0.89,35,0.025428571,2
3042.218812,43,74,0.92,31,0.029677419,2
3041.867855,70,89,0.34,19,0.017894737,2
3041.763145,53,86,0.88,33,0.026666667,2
3041.652975,68,75,0.18,7,0.025714286,2
3041.652975,62,82,0.51,20,0.0255,2
3041.652975,61,83,0.56,22,0.025454545,2
3041.587837,56,84,0.8,28,0.028571429,2
3041.525777,62,78,0.42,16,0.02625,2
3041.11007,58,83,0.65,25,0.026,2
3040.983069,56,86,0.87,30,0.029,2
3040.902172,42,51,0.33,9,0.036666667,2
3040.582613,38,55,0.55,17,0.032352941,2
3040.556849,42,59,0.47,17,0.027647059,2
3040.412873,53,70,0.6,17,0.035294118,2
3040.383658,45,73,0.83,28,0.029642857,2
3039.847963,48,66,0.57,18,0.031666667,2
3039.780243,32,56,0.9,24,0.0375,2
3039.720806,47,67,0.64,20,0.032,2
3039.720806,45,70,0.79,25,0.0316,2
3039.554897,53,87,0.98,34,0.028823529,2
3039.53185,43,72,0.74,29,0.025517241,2
3039.035846,55,84,0.83,29,0.02862069,2
3039.01664,61,80,0.52,19,0.027368421,2
3038.331377,57,76,0.54,19,0.028421053,2
3038.259461,42,75,0.99,33,0.03,2
3037.989342,42,72,0.95,30,0.031666667,2
3037.962304,54,88,0.88,34,0.025882353,2
3037.949378,61,79,0.46,18,0.025555556,2
3037.949378,60,81,0.53,21,0.025238095,2
3037.916093,54,80,0.73,26,0.028076923,2
3037.855858,36,63,0.85,27,0.031481481,2
3037.175101,41,59,0.56,18,0.031111111,2
3037.041253,48,65,0.46,17,0.027058824,2
3037.026121,39,74,0.95,35,0.027142857,2
3037.005072,59,81,0.59,22,0.026818182,2
3036.850492,60,84,0.65,24,0.027083333,2
3036.404721,68,94,0.5,26,0.019230769,2
3036.3005,66,77,0.3,11,0.027272727,2
3036.141306,53,86,0.96,33,0.029090909,2
3036.139673,40,74,0.89,34,0.026176471,2
3035.925959,55,84,0.75,29,0.025862069,2
3035.714381,50,83,0.99,33,0.03,2
3035.466531,63,71,0.22,8,0.0275,2
3035.434406,51,57,0.19,6,0.031666667,2
3035.389713,54,88,0.86,34,0.025294118,2
3035.236398,55,88,0.95,33,0.028787879,2
3034.448353,46,68,0.7,22,0.031818182,2
3034.324423,46,71,0.75,25,0.03,2
3034.247909,55,83,0.82,28,0.029285714,2
3034.238054,43,71,0.73,28,0.026071429,2
3034.223893,34,60,0.87,26,0.033461538,2
3034.103405,52,80,0.83,28,0.029642857,2
3034.103405,51,81,0.89,30,0.029666667,2
3033.85053,51,82,0.92,31,0.029677419,2
3033.748653,56,85,0.77,29,0.026551724,2
3033.734739,45,55,0.28,10,0.028,2
3033.695143,34,61,0.85,27,0.031481481,2
3033.667237,37,64,0.95,27,0.035185185,2
3033.665571,45,68,0.62,23,0.026956522,2
3033.655532,31,56,0.99,25,0.0396,2
3033.633271,59,82,0.64,23,0.027826087,2
3033.503148,38,51,0.47,13,0.036153846,2
3033.295319,40,76,0.93,36,0.025833333,2
3033.052838,58,75,0.48,17,0.028235294,2
3032.793507,34,59,0.82,25,0.0328,2
3032.729424,67,93,0.46,26,0.017692308,2
3032.674005,42,73,0.82,31,0.026451613,2
3032.671955,39,61,0.78,22,0.035454545,2
3032.584362,73,88,0.29,15,0.019333333,2
3032.144208,39,54,0.56,15,0.037333333,2
3031.891158,41,49,0.28,8,0.035,2
3031.69743,45,51,0.5,6,0.083333333,2
3031.177412,43,57,0.39,14,0.027857143,2
3031.108284,32,55,0.9,23,0.039130435,2
3030.881952,39,48,0.34,9,0.037777778,2
3030.862826,69,93,0.46,24,0.019166667,2
3030.470701,40,52,0.39,12,0.0325,2
3030.279502,36,51,0.55,15,0.036666667,2
3030.022534,37,83,0.97,46,0.021086957,2
3030.001204,57,87,0.78,30,0.026,2
3030.001204,56,89,0.85,33,0.025757576,2
3030.001204,55,90,0.9,35,0.025714286,2
3029.587446,31,56,0.98,25,0.0392,2
3029.474954,56,92,0.86,36,0.023888889,2
3029.35971,57,77,0.56,20,0.028,2
3029.331643,63,80,0.44,17,0.025882353,2
3029.175161,66,96,0.58,30,0.019333333,2
3029.166084,56,85,0.74,29,0.025517241,2
3029.162295,49,67,0.55,18,0.030555556,2
3029.090312,68,69,0.03,1,0.03,2
3028.98605,46,66,0.66,20,0.033,2
3028.676536,38,62,0.85,24,0.035416667,2
3028.304934,57,85,0.7,28,0.025,2
3028.288018,46,71,0.74,25,0.0296,2
3028.197349,36,56,0.68,20,0.034,2
3028.048749,56,87,0.78,31,0.02516129,2
3028.005832,41,51,0.33,10,0.033,2
3027.973243,43,71,0.88,28,0.031428571,2
3027.942074,54,74,0.7,20,0.035,2
3027.850501,47,63,0.45,16,0.028125,2
3027.757601,43,73,0.94,30,0.031333333,2
3026.835629,37,49,0.45,12,0.0375,2
3026.562051,45,68,0.74,23,0.032173913,2
3026.487506,72,89,0.33,17,0.019411765,2
3026.247539,35,57,0.75,22,0.034090909,2
3025.827275,64,79,0.41,15,0.027333333,2
3025.827275,63,80,0.47,17,0.027647059,2
3025.827275,62,81,0.52,19,0.027368421,2
3025.827275,61,82,0.58,21,0.027619048,2
3025.524691,32,61,0.98,29,0.033793103,2
3025.131379,39,53,0.46,14,0.032857143,2
3024.906485,43,76,0.96,33,0.029090909,2
3024.799667,44,74,0.88,30,0.029333333,2
3024.705979,37,49,0.47,12,0.039166667,2
3024.668259,59,82,0.58,23,0.025217391,2
3023.802246,69,74,0.13,5,0.026,2
3023.802246,67,75,0.21,8,0.02625,2
3023.802246,65,78,0.34,13,0.026153846,2
3023.802246,64,78,0.37,14,0.026428571,2
3023.802246,64,79,0.39,15,0.026,2
3023.802246,61,82,0.55,21,0.026190476,2
3023.802246,60,84,0.62,24,0.025833333,2
3023.763783,43,72,0.77,29,0.026551724,2
3023.33547,38,48,0.39,10,0.039,2
3023.302655,43,75,0.93,32,0.0290625,2
3023.093457,66,77,0.29,11,0.026363636,2
3022.903253,65,72,0.21,7,0.03,2
3022.903253,64,73,0.27,9,0.03,2
3022.82262,36,50,0.57,14,0.040714286,2
3022.716822,35,59,0.77,24,0.032083333,2
3022.648294,61,82,0.59,21,0.028095238,2
3022.313755,53,79,0.77,26,0.029615385,2
3022.089984,58,83,0.64,25,0.0256,2
3021.876301,62,79,0.46,17,0.027058824,2
3021.876301,56,86,0.82,30,0.027333333,2
3021.816524,53,87,0.99,34,0.029117647,2
3021.803966,50,75,0.88,25,0.0352,2
3021.575905,51,62,0.25,11,0.022727273,2
3021.220527,40,73,0.9,33,0.027272727,2
3021.12177,32,57,0.9,25,0.036,2
3020.670302,57,85,0.75,28,0.026785714,2
3020.571814,42,50,0.26,8,0.0325,2
3020.446223,35,99,0.17,64,0.00265625,2
3020.372914,40,51,0.38,11,0.034545455,2
3020.372914,39,52,0.45,13,0.034615385,2
3020.266425,45,73,0.82,28,0.029285714,2
3020.265948,54,75,0.73,21,0.034761905,2
3019.978948,45,72,0.79,27,0.029259259,2
3019.956277,41,56,0.54,15,0.036,2
3019.952885,37,53,0.55,16,0.034375,2
3019.948645,48,65,0.39,17,0.022941176,2
3019.911732,44,74,0.87,30,0.029,2
3019.70771,34,69,0.97,35,0.027714286,2
3019.543995,56,72,0.56,16,0.035,2
3019.427452,34,53,0.74,19,0.038947368,2
3019.376951,40,50,0.35,10,0.035,2
3019.280805,71,90,0.37,19,0.019473684,2
3019.00124,45,63,0.46,18,0.025555556,2
3018.736937,66,77,0.28,11,0.025454545,2
3018.68736,54,92,0.97,38,0.025526316,2
3018.670306,70,91,0.41,21,0.01952381,2
3018.670306,69,92,0.45,23,0.019565217,2
3018.670306,68,93,0.49,25,0.0196,2
3018.670306,67,94,0.53,27,0.01962963,2
3018.535339,36,58,0.7,22,0.031818182,2
3018.364292,63,80,0.46,17,0.027058824,2
3018.364292,63,81,0.48,18,0.026666667,2
3018.364292,61,83,0.59,22,0.026818182,2
3018.352749,37,55,0.61,18,0.033888889,2
3017.790874,58,85,0.71,27,0.026296296,2
3017.631711,48,63,0.37,15,0.024666667,2
3017.378171,64,79,0.42,15,0.028,2
3017.378171,60,84,0.67,24,0.027916667,2
3017.003839,36,65,0.98,29,0.033793103,2
3016.936561,47,64,0.42,17,0.024705882,2
3016.871622,33,63,0.97,30,0.032333333,2
3016.65756,44,69,0.61,25,0.0244,2
3016.466725,57,80,0.7,23,0.030434783,2
3016.304318,44,73,0.83,29,0.02862069,2
3016.160974,56,87,0.89,31,0.028709677,2
3016.076587,45,69,0.78,24,0.0325,2
3016.076587,44,71,0.87,27,0.032222222,2
3016.076587,43,72,0.94,29,0.032413793,2
3016.075539,47,68,0.66,21,0.031428571,2
3015.982615,63,79,0.43,16,0.026875,2
3015.982615,61,82,0.56,21,0.026666667,2
3015.793898,46,51,0.41,5,0.082,2
3015.793898,44,53,0.74,9,0.082222222,2
3015.605254,53,90,0.94,37,0.025405405,2
3015.562221,52,78,0.89,26,0.034230769,2
3015.493483,42,55,0.47,13,0.036153846,2
3015.332186,55,89,0.96,34,0.028235294,2
3014.992053,50,62,0.28,12,0.023333333,2
3014.778892,63,80,0.45,17,0.026470588,2
3014.628547,43,54,0.91,11,0.082727273,2
3014.468728,54,88,0.96,34,0.028235294,2
3014.451109,47,66,0.51,19,0.026842105,2
3014.416656,39,54,0.48,15,0.032,2
3014.159347,68,75,0.19,7,0.027142857,2
3014.111176,55,87,0.81,32,0.0253125,2
3014.102928,35,99,0.18,64,0.0028125,2
3014.020282,61,78,0.44,17,0.025882353,2
3013.967736,33,54,0.85,21,0.04047619,2
3013.713518,62,83,0.58,21,0.027619048,2
3013.621373,60,80,0.51,20,0.0255,2
3013.591886,53,92,0.99,39,0.025384615,2
3013.435943,55,91,0.92,36,0.025555556,2
3013.435943,54,92,0.98,38,0.025789474,2
3013.272858,61,81,0.5,20,0.025,2
3013.176771,59,84,0.66,25,0.0264,2
3013.176771,57,87,0.79,30,0.026333333,2
3013.176771,56,88,0.84,32,0.02625,2
3013.176771,55,90,0.91,35,0.026,2
3012.702498,45,68,0.56,23,0.024347826,2
3012.208785,61,74,0.36,13,0.027692308,2
3012.208785,58,78,0.55,20,0.0275,2
3012.147886,41,50,0.31,9,0.034444444,2
3011.976197,44,51,0.59,7,0.084285714,2
3011.976197,43,52,0.76,9,0.084444444,2
3011.535615,67,95,0.54,28,0.019285714,2
3010.65734,54,70,0.57,16,0.035625,2
3010.537303,62,71,0.26,9,0.028888889,2
3010.491002,62,78,0.41,16,0.025625,2
3010.206175,54,69,0.53,15,0.035333333,2
3010.051083,52,88,0.92,36,0.025555556,2
3010.029771,54,93,0.97,39,0.024871795,2
3010.029771,54,94,0.98,40,0.0245,2
3009.795509,70,74,0.11,4,0.0275,2
3009.795509,68,76,0.22,8,0.0275,2
3009.788419,45,54,0.28,9,0.031111111,2
3009.721973,70,92,0.38,22,0.017272727,2
3009.710428,43,70,0.83,27,0.030740741,2
3009.690353,56,86,0.77,30,0.025666667,2
3009.574495,59,85,0.69,26,0.026538462,2
3009.49927,52,77,0.87,25,0.0348,2
3009.364483,58,88,0.75,30,0.025,2
3009.364483,57,89,0.8,32,0.025,2
3009.315644,60,82,0.6,22,0.027272727,2
3009.315644,58,85,0.73,27,0.027037037,2
3009.189907,78,82,0.07,4,0.0175,2
3009.189907,76,84,0.14,8,0.0175,2
3009.189907,75,84,0.16,9,0.017777778,2
3009.189907,74,86,0.21,12,0.0175,2
3009.182844,39,53,0.45,14,0.032142857,2
3009.008866,65,77,0.32,12,0.026666667,2
3008.971511,50,63,0.3,13,0.023076923,2
3008.56448,33,60,0.92,27,0.034074074,2
3008.380282,53,91,0.98,38,0.025789474,2
3007.896682,59,78,0.58,19,0.030526316,2
3007.896682,55,83,0.85,28,0.030357143,2
3007.748301,35,59,0.76,24,0.031666667,2
3007.736465,71,89,0.36,18,0.02,2
3007.017648,56,81,0.68,25,0.0272,2
3006.925388,41,71,0.96,30,0.032,2
3006.273218,59,82,0.59,23,0.025652174,2
3006.236526,42,73,0.8,31,0.025806452,2
3006.236025,42,72,0.96,30,0.032,2
3006.204601,56,78,0.62,22,0.028181818,2
3006.107165,37,57,0.63,20,0.0315,2
3005.987019,62,82,0.56,20,0.028,2
3005.987019,58,87,0.81,29,0.027931034,2
3005.908678,66,97,0.55,31,0.017741935,2
3005.80886,59,69,0.35,10,0.035,2
3005.80886,58,70,0.42,12,0.035,2
3005.80886,57,71,0.49,14,0.035,2
3005.752438,42,58,0.5,16,0.03125,2
3005.74207,46,68,0.71,22,0.032272727,2
3005.410915,44,65,0.54,21,0.025714286,2
3005.223395,54,74,0.71,20,0.0355,2
3005.06802,42,72,0.98,30,0.032666667,2
3005.05127,47,68,0.67,21,0.031904762,2
3004.888607,68,91,0.41,23,0.017826087,2
3004.631399,44,75,0.89,31,0.028709677,2
3004.559374,56,67,0.39,11,0.035454545,2
3004.548692,56,68,0.28,12,0.023333333,2
3004.254496,62,80,0.48,18,0.026666667,2
3004.193157,54,91,0.98,37,0.026486486,2
3004.115765,51,84,0.93,33,0.028181818,2
3004.115765,51,85,0.94,34,0.027647059,2
3004.088263,65,76,0.3,11,0.027272727,2
3004.050634,43,56,0.37,13,0.028461538,2
3003.826972,67,74,0.19,7,0.027142857,2
3003.823256,54,80,0.74,26,0.028461538,2
3003.823256,53,81,0.8,28,0.028571429,2
3003.792359,54,84,0.81,30,0.027,2
3003.670849,58,81,0.6,23,0.026086957,2
3003.630613,37,67,0.82,30,0.027333333,2
3003.603653,48,63,0.38,15,0.025333333,2
3003.328572,57,84,0.69,27,0.025555556,2
3003.295728,74,84,0.18,10,0.018,2
3002.966911,64,70,0.17,6,0.028333333,2
3002.883414,57,87,0.83,30,0.027666667,2
3002.582889,56,89,0.89,33,0.026969697,2
3002.241014,52,91,0.98,39,0.025128205,2
3002.173957,44,73,0.86,29,0.029655172,2
3002.073234,52,65,0.33,13,0.025384615,2
3002.028786,39,59,0.7,20,0.035,2
3001.836048,43,70,0.88,27,0.032592593,2
3001.827335,36,65,0.99,29,0.034137931,2
3001.729532,54,83,0.9,29,0.031034483,2
3001.687483,60,75,0.42,15,0.028,2
3001.479381,61,84,0.58,23,0.025217391,2
3001.479381,60,85,0.63,25,0.0252,2
3001.479381,60,86,0.65,26,0.025,2
3001.479381,59,87,0.7,28,0.025,2
3001.221205,59,86,0.68,27,0.025185185,2
3001.215422,42,73,0.78,31,0.02516129,2
3001.092825,51,64,0.41,13,0.031538462,2
3000.927458,33,53,0.82,20,0.041,2
3000.729139,61,73,0.33,12,0.0275,2
3000.362725,54,91,0.94,37,0.025405405,2
3000.353104,57,65,0.19,8,0.02375,2
3000.31883,59,75,0.44,16,0.0275,2
3000.263679,55,90,0.98,35,0.028,2
2999.827774,35,51,0.65,16,0.040625,2
2999.819629,57,94,0.77,37,0.020810811,2
2998.996061,46,53,0.22,7,0.031428571,2
2998.869314,45,73,0.81,28,0.028928571,2
2998.842147,37,63,0.93,26,0.035769231,2
2998.652897,34,54,0.77,20,0.0385,2
2998.60518,53,86,0.89,33,0.026969697,2
2998.18394,50,82,0.96,32,0.03,2
2997.902918,54,90,0.97,36,0.026944444,2
2997.796564,41,66,0.85,25,0.034,2
2997.78545,64,80,0.4,16,0.025,2
2997.78545,63,81,0.45,18,0.025,2
2997.737657,45,69,0.62,24,0.025833333,2
2997.41564,46,69,0.72,23,0.031304348,2
2997.3027,51,79,0.98,28,0.035,2
2997.252036,63,70,0.2,7,0.028571429,2
2997.204399,73,87,0.28,14,0.02,2
2997.204399,72,88,0.32,16,0.02,2
2997.192451,58,82,0.62,24,0.025833333,2
2997.110796,57,86,0.78,29,0.026896552,2
2996.865858,39,58,0.6,19,0.031578947,2
2996.793806,51,65,0.36,14,0.025714286,2
2996.695113,51,65,0.38,14,0.027142857,2
2996.384517,35,71,0.92,36,0.025555556,2
2996.215142,43,54,0.39,11,0.035454545,2
2995.999424,66,73,0.18,7,0.025714286,2
2995.999198,63,82,0.48,19,0.025263158,2
2995.999198,62,83,0.53,21,0.025238095,2
2995.999198,61,85,0.6,24,0.025,2
2995.825681,52,83,0.86,31,0.027741935,2
2995.808361,53,76,0.8,23,0.034782609,2
2995.527363,57,81,0.7,24,0.029166667,2
2995.336731,44,48,0.15,4,0.0375,2
2995.151963,46,69,0.73,23,0.03173913,2
2994.869011,61,73,0.34,12,0.028333333,2
2994.60706,57,88,0.87,31,0.028064516,2
2994.585219,50,59,0.28,9,0.031111111,2
2994.301328,41,75,0.87,34,0.025588235,2
2994.273834,68,74,0.17,6,0.028333333,2
2994.232503,67,70,0.09,3,0.03,2
2994.192471,51,60,0.21,9,0.023333333,2
2994.123064,58,85,0.72,27,0.026666667,2
2994.123064,56,88,0.85,32,0.0265625,2
2994.123064,55,90,0.92,35,0.026285714,2
2994.090505,45,71,0.81,26,0.031153846,2
2994.087172,58,84,0.69,26,0.026538462,2
2994.087172,56,87,0.81,31,0.026129032,2
2994.087172,55,88,0.86,33,0.026060606,2
2993.725563,55,88,0.9,33,0.027272727,2
2993.722451,45,52,0.57,7,0.081428571,2
2993.722451,43,54,0.9,11,0.081818182,2
2993.710544,65,75,0.28,10,0.028,2
2993.591239,50,60,0.31,10,0.031,2
2993.409341,60,81,0.54,21,0.025714286,2
2993.219386,61,77,0.41,16,0.025625,2
2993.097056,55,73,0.63,18,0.035,2
2992.898897,67,96,0.51,29,0.017586207,2
2992.831423,64,81,0.43,17,0.025294118,2
2992.573966,63,81,0.46,18,0.025555556,2
2992.500451,54,90,0.93,36,0.025833333,2
2992.435677,56,88,0.83,32,0.0259375,2
2992.435677,54,91,0.95,37,0.025675676,2
2992.43514,62,74,0.37,12,0.030833333,2
2992.193384,60,73,0.38,13,0.029230769,2
2992.130116,55,79,0.67,24,0.027916667,2
2992.093595,51,89,0.98,38,0.025789474,2
2991.740346,35,60,0.78,25,0.0312,2
2991.597291,52,88,0.91,36,0.025277778,2
2990.816853,54,75,0.74,21,0.035238095,2
2990.816853,53,76,0.81,23,0.035217391,2
2990.63158,30,85,0.22,55,0.004,2
2990.484204,56,87,0.84,31,0.027096774,2
2990.224057,55,89,0.91,34,0.026764706,2
2990.146886,65,98,0.59,33,0.017878788,2
2989.996654,43,57,0.43,14,0.030714286,2
2989.976607,54,93,0.98,39,0.025128205,2
2989.961389,52,89,0.95,37,0.025675676,2
2989.944319,43,76,0.95,33,0.028787879,2
2989.741504,49,62,0.33,13,0.025384615,2
2989.403177,56,65,0.22,9,0.024444444,2
2989.242215,54,89,0.95,35,0.027142857,2
2989.018901,53,60,0.16,7,0.022857143,2
2988.993394,38,53,0.52,15,0.034666667,2
2988.90469,56,88,0.9,32,0.028125,2
2988.871786,58,77,0.53,19,0.027894737,2
2988.871786,57,78,0.59,21,0.028095238,2
2988.782699,58,81,0.69,23,0.03,2
2988.782699,57,82,0.75,25,0.03,2
2988.7718,55,81,0.72,26,0.027692308,2
2988.649175,67,72,0.13,5,0.026,2
2988.463046,54,82,0.78,28,0.027857143,2
2988.460751,32,58,0.93,26,0.035769231,2
2988.42449,32,56,0.93,24,0.03875,2
2988.287767,53,87,0.88,34,0.025882353,2
2988.205803,65,76,0.28,11,0.025454545,2
2988.114368,66,71,0.15,5,0.03,2
2988.114368,58,80,0.66,22,0.03,2
2988.114368,57,81,0.72,24,0.03,2
2987.666467,34,53,0.71,19,0.037368421,2
2987.246537,45,71,0.76,26,0.029230769,2
2987.165511,37,56,0.61,19,0.032105263,2
2987.101621,53,91,0.95,38,0.025,2
2987.035662,59,81,0.58,22,0.026363636,2
2987.025693,53,61,0.26,8,0.0325,2
2986.969323,61,84,0.63,23,0.027391304,2
2986.838765,57,79,0.71,22,0.032272727,2
2986.833152,40,60,0.68,20,0.034,2
2986.833152,38,63,0.84,25,0.0336,2
2986.63219,54,96,0.99,42,0.023571429,2
2986.572568,55,87,0.9,32,0.028125,2
2986.559648,46,67,0.68,21,0.032380952,2
2986.106727,54,89,0.93,35,0.026571429,2
2985.78665,65,73,0.21,8,0.02625,2
2985.758449,39,61,0.77,22,0.035,2
2985.556709,54,69,0.36,15,0.024,2
2985.490731,34,99,0.2,65,0.003076923,2
2985.378318,62,77,0.39,15,0.026,2
2985.288482,58,84,0.71,26,0.027307692,2
2985.178745,41,72,0.97,31,0.031290323,2
2985.131026,53,77,0.83,24,0.034583333,2
2985.030537,50,57,0.18,7,0.025714286,2
2985.028774,59,83,0.65,24,0.027083333,2
2984.923224,43,64,0.7,21,0.033333333,2
2984.821232,40,77,0.97,37,0.026216216,2
2984.700528,63,77,0.36,14,0.025714286,2
2984.674359,37,50,0.47,13,0.036153846,2
2984.027855,52,85,0.91,33,0.027575758,2
2984.015229,56,86,0.84,30,0.028,2
2983.907898,43,69,0.71,26,0.027307692,2
2983.788144,54,87,0.94,33,0.028484848,2
2983.719575,51,86,0.97,35,0.027714286,2
2983.290527,58,76,0.5,18,0.027777778,2
2983.290527,55,80,0.69,25,0.0276,2
2982.903144,55,88,0.87,33,0.026363636,2
2982.903144,53,91,0.99,38,0.026052632,2
2982.81554,65,75,0.26,10,0.026,2
2982.731163,56,78,0.63,22,0.028636364,2
2982.561251,43,71,0.92,28,0.032857143,2
2982.389603,58,76,0.51,18,0.028333333,2
2982.150966,56,77,0.6,21,0.028571429,2
2982.150966,55,78,0.66,23,0.028695652,2
2982.052697,60,82,0.59,22,0.026818182,2
2982.007155,31,84,0.2,53,0.003773585,2
2981.954174,49,58,0.23,9,0.025555556,2
2981.949881,52,78,0.9,26,0.034615385,2
2981.939915,35,55,0.69,20,0.0345,2
2981.936258,45,75,0.72,30,0.024,2
2981.844241,57,85,0.76,28,0.027142857,2
2981.674406,43,75,0.91,32,0.0284375,2
2981.656747,57,85,0.77,28,0.0275,2
2981.257619,55,89,0.89,34,0.026176471,2
2981.257619,54,91,0.96,37,0.025945946,2
2981.136419,53,72,0.44,19,0.023157895,2
2980.986353,37,58,0.68,21,0.032380952,2
2980.931542,37,54,0.59,17,0.034705882,2
2980.701566,65,79,0.36,14,0.025714286,2
2980.701566,65,80,0.38,15,0.025333333,2
2980.701566,64,80,0.41,16,0.025625,2
2980.524068,56,84,0.74,28,0.026428571,2
2980.393529,51,80,0.99,29,0.034137931,2
2980.371892,57,86,0.76,29,0.026206897,2
2980.371892,55,89,0.88,34,0.025882353,2
2979.746167,62,83,0.54,21,0.025714286,2
2979.410629,42,70,0.88,28,0.031428571,2
2979.294568,43,69,0.81,26,0.031153846,2
2979.211541,62,74,0.32,12,0.026666667,2
2979.211541,59,77,0.48,18,0.026666667,2
2979.211541,57,80,0.61,23,0.026521739,2
2978.583936,46,49,0.11,3,0.036666667,2
2978.469664,52,89,0.93,37,0.025135135,2
2978.024765,38,60,0.63,22,0.028636364,2
2977.919818,50,64,0.46,14,0.032857143,2
2977.704033,35,57,0.76,22,0.034545455,2
2977.662531,49,59,0.32,10,0.032,2
2977.62055,33,59,0.89,26,0.034230769,2
2977.491038,30,85,0.21,55,0.003818182,2
2977.235533,39,75,0.96,36,0.026666667,2
2977.212493,58,79,0.64,21,0.03047619,2
2977.052489,47,64,0.43,17,0.025294118,2
2976.949628,36,97,0.16,61,0.002622951,2
2976.851558,50,76,0.6,26,0.023076923,2
2976.832544,39,74,0.94,35,0.026857143,2
2976.676079,54,84,0.79,30,0.026333333,2
2976.665569,55,95,0.94,40,0.0235,2
2976.608426,31,60,0.98,29,0.033793103,2
2976.484665,46,70,0.74,24,0.030833333,2
2976.469618,53,90,0.95,37,0.025675676,2
2976.427109,45,52,0.55,7,0.078571429,2
2976.4072,46,64,0.57,18,0.031666667,2
2976.350322,53,83,0.84,30,0.028,2
2976.182642,52,70,0.44,18,0.024444444,2
2976.144559,63,81,0.5,18,0.027777778,2
2976.063267,46,51,0.16,5,0.032,2
2975.953513,52,92,0.98,40,0.0245,2
2975.808515,66,78,0.33,12,0.0275,2
2975.770715,37,62,0.86,25,0.0344,2
2975.502587,43,53,0.36,10,0.036,2
2975.469821,37,64,0.91,27,0.033703704,2
2975.418265,46,69,0.53,23,0.023043478,2
2975.234068,51,58,0.22,7,0.031428571,2
2975.155867,76,81,0.09,5,0.018,2
2975.021732,51,82,0.91,31,0.029354839,2
2974.816225,59,80,0.56,21,0.026666667,2
2974.787278,74,97,0.39,23,0.016956522,2
2974.614825,50,83,0.97,33,0.029393939,2
2974.572515,58,88,0.83,30,0.027666667,2
2974.546414,57,79,0.61,22,0.027727273,2
2974.540864,63,74,0.33,11,0.03,2
2974.540864,62,75,0.39,13,0.03,2
2974.540864,61,76,0.45,15,0.03,2
2974.508304,35,98,0.18,63,0.002857143,2
2974.453261,54,84,0.92,30,0.030666667,2
2974.409345,56,83,0.72,27,0.026666667,2
2973.919611,54,89,0.89,35,0.025428571,2
2973.676596,54,81,0.9,27,0.033333333,2
2973.35112,62,80,0.45,18,0.025,2
2973.133128,36,98,0.15,62,0.002419355,2
2972.969817,42,72,0.99,30,0.033,2
2972.89804,67,77,0.26,10,0.026,2
2972.848896,55,68,0.31,13,0.023846154,2
2972.629538,62,80,0.52,18,0.028888889,2
2972.503855,51,79,0.97,28,0.034642857,2
2972.316091,58,86,0.78,28,0.027857143,2
2972.316091,57,87,0.84,30,0.028,2
2972.316091,57,88,0.86,31,0.027741935,2
2972.283839,55,79,0.69,24,0.02875,2
2972.283839,54,80,0.75,26,0.028846154,2
2972.259199,56,87,0.85,31,0.027419355,2
2972.134099,57,78,0.6,21,0.028571429,2
2972.121137,58,79,0.56,21,0.026666667,2
2972.121137,55,82,0.72,27,0.026666667,2
2972.09262,60,83,0.65,23,0.02826087,2
2972.09262,59,84,0.71,25,0.0284,2
2971.908016,43,78,0.83,35,0.023714286,2
2971.865731,40,60,0.69,20,0.0345,2
2971.828343,57,79,0.59,22,0.026818182,2
2971.587188,56,83,0.81,27,0.03,2
2971.429278,51,59,0.26,8,0.0325,2
2971.429278,49,61,0.39,12,0.0325,2
2971.379056,42,50,0.27,8,0.03375,2
2971.250045,52,87,0.94,35,0.026857143,2
2970.829363,55,81,0.85,26,0.032692308,2
2970.771804,52,90,0.97,38,0.025526316,2
2970.598245,55,59,0.13,4,0.0325,2
2970.497082,51,61,0.23,10,0.023,2
2970.429882,47,65,0.59,18,0.032777778,2
2970.416047,59,82,0.6,23,0.026086957,2
2970.3032,36,64,0.86,28,0.030714286,2
