% profit,ema1,ema2,threshold,diff,thresh / diff,ID
3988.322667,41,50,0.36,9,0.04,19
3988.322667,40,51,0.44,11,0.04,19
3914.06819,41,51,0.38,10,0.038,19
3911.359595,39,53,0.53,14,0.037857143,19
3900.318967,43,49,0.23,6,0.038333333,19
3892.625224,38,54,0.61,16,0.038125,19
3886.579021,40,52,0.46,12,0.038333333,19
3885.953686,44,48,0.15,4,0.0375,19
3860.635262,39,53,0.54,14,0.038571429,19
3854.700886,37,49,0.48,12,0.04,19
3848.578355,42,50,0.3,8,0.0375,19
3833.637347,41,50,0.35,9,0.038888889,19
3821.297668,38,48,0.4,10,0.04,19
3803.642869,43,50,0.26,7,0.037142857,19
3803.091565,35,51,0.65,16,0.040625,19
3788.052613,42,49,0.27,7,0.038571429,19
3780.437276,33,55,0.83,22,0.037727273,19
3778.184278,41,46,0.19,5,0.038,19
3763.807204,36,57,0.79,21,0.037619048,19
3761.658253,43,51,0.29,8,0.03625,19
3759.03204,37,50,0.52,13,0.04,19
3754.101927,42,52,0.37,10,0.037,19
3753.051842,42,51,0.34,9,0.037777778,19
3752.199042,34,53,0.75,19,0.039473684,19
3752.199042,33,54,0.83,21,0.03952381,19
3744.021819,36,51,0.57,15,0.038,19
3735.047056,44,49,0.18,5,0.036,19
3734.81398,38,54,0.62,16,0.03875,19
3734.802688,33,54,0.84,21,0.04,19
3725.913971,40,47,0.27,7,0.038571429,19
3725.055199,35,58,0.88,23,0.03826087,19
3715.045619,40,51,0.43,11,0.039090909,19
3709.262414,38,49,0.43,11,0.039090909,19
3708.261855,43,49,0.22,6,0.036666667,19
3708.067328,34,53,0.76,19,0.04,19
3704.464107,40,53,0.48,13,0.036923077,19
3699.775593,40,52,0.47,12,0.039166667,19
3696.004837,44,50,0.22,6,0.036666667,19
3694.878551,39,56,0.63,17,0.037058824,19
3694.141606,38,49,0.44,11,0.04,19
3694.121711,36,50,0.57,14,0.040714286,19
3685.19094,37,49,0.49,12,0.040833333,19
3684.234604,39,49,0.37,10,0.037,19
3683.529253,56,69,0.44,13,0.033846154,19
3681.402743,35,52,0.66,17,0.038823529,19
3681.402743,34,53,0.74,19,0.038947368,19
3679.582611,41,53,0.45,12,0.0375,19
3678.156933,39,48,0.35,9,0.038888889,19
3677.89042,39,55,0.57,16,0.035625,19
3676.159957,39,54,0.55,15,0.036666667,19
3675.670021,37,55,0.7,18,0.038888889,19
3675.142963,41,52,0.42,11,0.038181818,19
3673.88614,38,50,0.45,12,0.0375,19
3671.583972,41,52,0.4,11,0.036363636,19
3666.841815,40,52,0.45,12,0.0375,19
3663.232268,35,59,0.88,24,0.036666667,19
3657.941724,52,73,0.72,21,0.034285714,19
3656.975877,42,50,0.31,8,0.03875,19
3655.551082,37,58,0.79,21,0.037619048,19
3653.488433,53,72,0.65,19,0.034210526,19
3653.171115,38,57,0.71,19,0.037368421,19
3653.057669,40,54,0.52,14,0.037142857,19
3651.850818,44,49,0.19,5,0.038,19
3651.171395,37,51,0.52,14,0.037142857,19
3650.544656,37,56,0.7,19,0.036842105,19
3645.018371,36,51,0.59,15,0.039333333,19
3639.103899,35,53,0.68,18,0.037777778,19
3637.470578,38,49,0.42,11,0.038181818,19
3631.306079,40,46,0.24,6,0.04,19
3629.643143,41,51,0.39,10,0.039,19
3627.288554,40,54,0.53,14,0.037857143,19
3627.02107,39,55,0.6,16,0.0375,19
3621.683603,39,55,0.61,16,0.038125,19
3621.458736,41,53,0.44,12,0.036666667,19
3618.657959,61,71,0.31,10,0.031,19
3615.071008,36,51,0.6,15,0.04,19
3614.312546,40,53,0.5,13,0.038461538,19
3613.430678,41,51,0.37,10,0.037,19
3611.976439,58,74,0.5,16,0.03125,19
3610.721476,42,44,0.08,2,0.04,19
3610.721476,41,45,0.16,4,0.04,19
3608.274434,37,50,0.5,13,0.038461538,19
3606.03857,60,70,0.32,10,0.032,19
3605.731585,59,72,0.41,13,0.031538462,19
3604.630101,40,48,0.3,8,0.0375,19
3601.729774,62,69,0.22,7,0.031428571,19
3599.924742,32,55,0.92,23,0.04,19
3599.092897,60,76,0.48,16,0.03,19
3598.91718,67,68,0.03,1,0.03,19
3598.91718,66,69,0.09,3,0.03,19
3598.91718,65,70,0.15,5,0.03,19
3598.91718,64,71,0.21,7,0.03,19
3598.91718,63,72,0.27,9,0.03,19
3597.704866,42,46,0.15,4,0.0375,19
3595.70909,37,57,0.72,20,0.036,19
3594.307099,34,54,0.75,20,0.0375,19
3592.759919,39,48,0.34,9,0.037777778,19
3592.045294,39,54,0.58,15,0.038666667,19
3591.54479,37,50,0.51,13,0.039230769,19
3591.211056,35,52,0.67,17,0.039411765,19
3590.7286,39,54,0.54,15,0.036,19
3590.57754,38,57,0.72,19,0.037894737,19
3589.929271,37,56,0.71,19,0.037368421,19
3586.783441,67,69,0.06,2,0.03,19
3586.783441,66,70,0.12,4,0.03,19
3586.783441,65,71,0.18,6,0.03,19
3586.783441,64,72,0.24,8,0.03,19
3586.783441,63,73,0.3,10,0.03,19
3586.783441,62,74,0.36,12,0.03,19
3586.783441,61,75,0.42,14,0.03,19
3584.867917,36,60,0.9,24,0.0375,19
3583.785729,36,58,0.8,22,0.036363636,19
3582.880733,35,52,0.68,17,0.04,19
3580.719588,36,56,0.78,20,0.039,19
3580.451315,58,76,0.55,18,0.030555556,19
3578.124655,62,73,0.33,11,0.03,19
3578.124655,61,74,0.39,13,0.03,19
3574.546674,40,50,0.41,10,0.041,19
3572.500566,39,47,0.32,8,0.04,19
3571.763342,32,56,0.95,24,0.039583333,19
3570.878373,36,52,0.6,16,0.0375,19
3567.293389,35,51,0.66,16,0.04125,19
3564.695476,40,53,0.47,13,0.036153846,19
3558.516667,33,54,0.82,21,0.039047619,19
3557.79077,56,75,0.61,19,0.032105263,19
3556.422322,37,57,0.77,20,0.0385,19
3552.497957,38,55,0.63,17,0.037058824,19
3552.277263,37,50,0.49,13,0.037692308,19
3551.583469,32,56,0.92,24,0.038333333,19
3547.721962,43,50,0.27,7,0.038571429,19
3546.004305,52,60,0.2,8,0.025,19
3545.327321,43,57,0.44,14,0.031428571,19
3544.047477,59,77,0.54,18,0.03,19
3542.17296,38,55,0.62,17,0.036470588,19
3539.934659,58,78,0.6,20,0.03,19
3539.292063,63,68,0.16,5,0.032,19
3537.730666,38,53,0.61,15,0.040666667,19
3536.518971,59,73,0.44,14,0.031428571,19
3536.518971,57,75,0.57,18,0.031666667,19
3535.215931,56,76,0.63,20,0.0315,19
3535.215931,55,77,0.7,22,0.031818182,19
3535.215931,54,78,0.76,24,0.031666667,19
3533.988489,35,57,0.87,22,0.039545455,19
3533.678827,37,58,0.8,21,0.038095238,19
3532.722261,32,56,0.91,24,0.037916667,19
3532.589768,41,53,0.43,12,0.035833333,19
3532.11944,36,51,0.58,15,0.038666667,19
3530.650932,38,55,0.66,17,0.038823529,19
3527.47064,55,57,0.05,2,0.025,19
3527.47064,54,58,0.1,4,0.025,19
3527.47064,53,59,0.15,6,0.025,19
3526.318789,60,71,0.35,11,0.031818182,19
3526.318789,58,73,0.48,15,0.032,19
3526.318789,57,74,0.54,17,0.031764706,19
3526.318789,55,76,0.67,21,0.031904762,19
3525.764063,58,72,0.45,14,0.032142857,19
3525.511243,62,68,0.19,6,0.031666667,19
3524.60958,38,56,0.64,18,0.035555556,19
3521.3646,32,55,0.91,23,0.039565217,19
3511.199112,39,51,0.5,12,0.041666667,19
3510.743412,40,57,0.6,17,0.035294118,19
3508.901572,51,61,0.25,10,0.025,19
3507.663898,43,72,0.72,29,0.024827586,19
3505.873859,54,77,0.74,23,0.032173913,19
3505.397768,41,49,0.33,8,0.04125,19
3504.67334,57,78,0.64,21,0.03047619,19
3504.057595,37,51,0.53,14,0.037857143,19
3501.390497,39,58,0.67,19,0.035263158,19
3500.093515,34,54,0.78,20,0.039,19
3499.399217,34,61,0.96,27,0.035555556,19
3496.112947,62,70,0.25,8,0.03125,19
3496.023408,32,56,0.94,24,0.039166667,19
3494.911374,41,62,0.64,21,0.03047619,19
3493.892352,42,49,0.28,7,0.04,19
3493.700343,38,48,0.41,10,0.041,19
3492.615485,33,55,0.84,22,0.038181818,19
3492.069143,36,58,0.79,22,0.035909091,19
3490.754812,41,53,0.46,12,0.038333333,19
3490.681299,34,60,0.99,26,0.038076923,19
3487.431214,39,48,0.36,9,0.04,19
3484.167714,53,79,0.83,26,0.031923077,19
3483.520533,35,61,0.99,26,0.038076923,19
3483.110803,36,52,0.61,16,0.038125,19
3482.848758,39,52,0.52,13,0.04,19
3481.527827,40,47,0.28,7,0.04,19
3480.968268,38,56,0.69,18,0.038333333,19
3480.113838,36,59,0.88,23,0.03826087,19
3479.704973,35,53,0.69,18,0.038333333,19
3478.50604,32,56,0.93,24,0.03875,19
3475.017796,37,54,0.7,17,0.041176471,19
3474.91384,44,51,0.25,7,0.035714286,19
3474.881466,39,54,0.56,15,0.037333333,19
3473.925783,37,58,0.81,21,0.038571429,19
3470.565845,34,53,0.77,19,0.040526316,19
3468.931379,41,55,0.5,14,0.035714286,19
3464.709752,38,50,0.44,12,0.036666667,19
3463.629878,39,52,0.53,13,0.040769231,19
3463.229193,57,72,0.49,15,0.032666667,19
3460.087538,45,56,0.34,11,0.030909091,19
3458.873343,40,51,0.45,11,0.040909091,19
3458.085847,36,60,0.91,24,0.037916667,19
3457.824623,40,54,0.54,14,0.038571429,19
3457.275882,38,56,0.65,18,0.036111111,19
3457.188354,41,52,0.41,11,0.037272727,19
3457.113199,62,67,0.16,5,0.032,19
3456.797196,44,58,0.43,14,0.030714286,19
3456.315731,34,60,0.98,26,0.037692308,19
3455.763309,40,54,0.5,14,0.035714286,19
3455.63446,37,57,0.75,20,0.0375,19
3452.203809,56,74,0.58,18,0.032222222,19
3451.419368,45,46,0.04,1,0.04,19
3451.419368,44,47,0.12,3,0.04,19
3450.077148,35,59,0.9,24,0.0375,19
3446.470553,60,69,0.29,9,0.032222222,19
3444.304852,45,48,0.11,3,0.036666667,19
3442.926269,38,53,0.6,15,0.04,19
3442.155843,35,60,0.9,25,0.036,19
3438.63087,45,50,0.18,5,0.036,19
3438.270237,42,52,0.36,10,0.036,19
3437.064523,33,56,0.86,23,0.037391304,19
3437.064523,32,58,0.96,26,0.036923077,19
3435.645658,46,53,0.22,7,0.031428571,19
3434.834389,45,70,0.62,25,0.0248,19
3432.717142,53,77,0.78,24,0.0325,19
3432.685989,41,47,0.22,6,0.036666667,19
3432.564689,41,48,0.25,7,0.035714286,19
3431.227328,37,57,0.73,20,0.0365,19
3429.965773,40,56,0.57,16,0.035625,19
3428.796131,40,54,0.51,14,0.036428571,19
3426.868343,43,48,0.2,5,0.04,19
3424.053014,32,55,0.93,23,0.040434783,19
3423.626049,39,47,0.31,8,0.03875,19
3423.348981,34,52,0.76,18,0.042222222,19
3422.214375,60,65,0.17,5,0.034,19
3422.214375,55,70,0.51,15,0.034,19
3422.214375,54,71,0.58,17,0.034117647,19
3422.190176,40,55,0.55,15,0.036666667,19
3421.317465,37,56,0.73,19,0.038421053,19
3420.351898,44,70,0.65,26,0.025,19
3418.932813,36,59,0.81,23,0.035217391,19
3418.658882,35,54,0.71,19,0.037368421,19
3417.753543,38,57,0.7,19,0.036842105,19
3416.867854,39,55,0.59,16,0.036875,19
3416.814031,40,53,0.49,13,0.037692308,19
3416.623039,40,47,0.26,7,0.037142857,19
3416.099959,45,68,0.58,23,0.025217391,19
3415.983517,43,52,0.32,9,0.035555556,19
3415.400705,43,71,0.7,28,0.025,19
3415.030147,43,59,0.49,16,0.030625,19
3414.681838,46,54,0.25,8,0.03125,19
3413.307218,42,51,0.33,9,0.036666667,19
3413.25708,36,57,0.8,21,0.038095238,19
3411.931837,38,59,0.75,21,0.035714286,19
3411.11435,39,59,0.7,20,0.035,19
3410.915747,69,77,0.16,8,0.02,19
3410.915747,68,78,0.2,10,0.02,19
3409.69042,51,75,0.82,24,0.034166667,19
3406.575291,44,69,0.63,25,0.0252,19
3406.349284,41,49,0.31,8,0.03875,19
3405.557241,52,80,0.9,28,0.032142857,19
3405.194089,42,54,0.43,12,0.035833333,19
3404.589773,67,79,0.24,12,0.02,19
3404.589773,66,80,0.28,14,0.02,19
3404.589773,65,81,0.32,16,0.02,19
3403.652139,60,67,0.23,7,0.032857143,19
3403.444165,51,82,0.99,31,0.031935484,19
3402.946019,44,71,0.67,27,0.024814815,19
3402.188217,37,52,0.55,15,0.036666667,19
3402.188217,36,53,0.63,17,0.037058824,19
3401.84409,50,76,0.89,26,0.034230769,19
3401.74307,42,51,0.32,9,0.035555556,19
3401.089251,33,57,0.88,24,0.036666667,19
3400.501498,55,75,0.65,20,0.0325,19
3400.40005,42,53,0.4,11,0.036363636,19
3398.849159,59,70,0.36,11,0.032727273,19
3398.282048,43,52,0.33,9,0.036666667,19
3397.375144,65,78,0.27,13,0.020769231,19
3395.936121,53,93,0.99,40,0.02475,19
3395.751029,36,58,0.82,22,0.037272727,19
3395.494124,40,58,0.63,18,0.035,19
3394.84343,35,54,0.7,19,0.036842105,19
3391.406457,52,81,0.92,29,0.031724138,19
3390.929302,33,56,0.88,23,0.03826087,19
3390.42591,38,56,0.66,18,0.036666667,19
3388.206418,38,55,0.64,17,0.037647059,19
3387.828432,61,70,0.29,9,0.032222222,19
3387.828432,57,74,0.55,17,0.032352941,19
3387.828432,55,76,0.68,21,0.032380952,19
3387.828432,54,78,0.77,24,0.032083333,19
3387.828432,51,81,0.97,30,0.032333333,19
3387.813809,34,55,0.78,21,0.037142857,19
3387.476161,59,72,0.42,13,0.032307692,19
3386.993301,34,55,0.8,21,0.038095238,19
3385.755408,42,70,0.78,28,0.027857143,19
3385.61429,38,60,0.77,22,0.035,19
3385.085775,43,60,0.51,17,0.03,19
3384.47414,46,55,0.28,9,0.031111111,19
3383.828039,33,54,0.85,21,0.04047619,19
3383.712443,62,81,0.4,19,0.021052632,19
3383.136557,39,57,0.65,18,0.036111111,19
3382.945388,72,74,0.04,2,0.02,19
3382.945388,71,75,0.08,4,0.02,19
3382.945388,70,76,0.12,6,0.02,19
3382.261121,35,58,0.89,23,0.038695652,19
3381.943918,41,54,0.48,13,0.036923077,19
3381.811421,34,55,0.79,21,0.037619048,19
3381.535358,34,62,0.99,28,0.035357143,19
3381.516439,40,66,0.76,26,0.029230769,19
3381.322601,38,57,0.67,19,0.035263158,19
3380.428772,54,76,0.71,22,0.032272727,19
3379.66771,40,55,0.53,15,0.035333333,19
3379.292019,63,67,0.13,4,0.0325,19
3379.292019,61,69,0.26,8,0.0325,19
3379.292019,59,71,0.39,12,0.0325,19
3379.027139,39,55,0.58,16,0.03625,19
3378.759784,57,73,0.52,16,0.0325,19
3378.759784,53,78,0.81,25,0.0324,19
3378.579859,39,56,0.6,17,0.035294118,19
3378.456829,35,60,0.88,25,0.0352,19
3378.134465,31,57,0.99,26,0.038076923,19
3377.760579,36,58,0.83,22,0.037727273,19
3377.760579,35,59,0.91,24,0.037916667,19
3377.117708,61,68,0.23,7,0.032857143,19
3374.02787,42,53,0.36,11,0.032727273,19
3373.961423,39,46,0.3,7,0.042857143,19
3372.345721,32,56,0.96,24,0.04,19
3371.7059,38,56,0.67,18,0.037222222,19
3370.498892,35,53,0.7,18,0.038888889,19
3370.294629,41,56,0.53,15,0.035333333,19
3369.603899,40,73,0.91,33,0.027575758,19
3369.390283,53,79,0.84,26,0.032307692,19
3368.156147,37,58,0.75,21,0.035714286,19
3367.596179,50,62,0.3,12,0.025,19
3367.563265,60,66,0.2,6,0.033333333,19
3367.268761,43,62,0.56,19,0.029473684,19
3367.256782,43,48,0.19,5,0.038,19
3365.468732,32,55,0.94,23,0.040869565,19
3365.414539,42,63,0.62,21,0.02952381,19
3365.346092,33,56,0.87,23,0.037826087,19
3365.345894,32,57,0.95,25,0.038,19
3364.699771,38,50,0.46,12,0.038333333,19
3364.507571,37,62,0.87,25,0.0348,19
3364.426295,44,59,0.45,15,0.03,19
3362.096485,39,54,0.57,15,0.038,19
3362.067749,64,82,0.36,18,0.02,19
3361.775733,46,49,0.11,3,0.036666667,19
3361.610159,56,74,0.59,18,0.032777778,19
3361.488239,44,51,0.23,7,0.032857143,19
3360.765427,49,63,0.35,14,0.025,19
3360.431209,38,58,0.73,20,0.0365,19
3359.862555,38,62,0.82,24,0.034166667,19
3359.742488,36,52,0.63,16,0.039375,19
3358.515856,40,46,0.23,6,0.038333333,19
3358.047935,37,59,0.79,22,0.035909091,19
3357.102096,39,49,0.38,10,0.038,19
3356.970593,40,60,0.69,20,0.0345,19
3356.547994,36,64,0.98,28,0.035,19
3356.324516,38,55,0.65,17,0.038235294,19
3355.088868,66,76,0.21,10,0.021,19
3355.054822,43,44,0.04,1,0.04,19
3355.054822,42,45,0.12,3,0.04,19
3354.642891,44,50,0.2,6,0.033333333,19
3354.080774,45,69,0.6,24,0.025,19
3353.718222,41,64,0.68,23,0.029565217,19
3352.804445,43,69,0.72,26,0.027692308,19
3351.69341,57,70,0.43,13,0.033076923,19
3351.407018,37,56,0.72,19,0.037894737,19
3351.310984,36,52,0.62,16,0.03875,19
3351.189929,43,56,0.45,13,0.034615385,19
3350.326029,32,57,0.96,25,0.0384,19
3348.382992,38,58,0.65,20,0.0325,19
3348.112555,39,60,0.72,21,0.034285714,19
3347.686322,42,48,0.23,6,0.038333333,19
3347.07089,54,77,0.75,23,0.032608696,19
3346.897788,35,61,0.92,26,0.035384615,19
3346.792156,34,53,0.73,19,0.038421053,19
3346.021157,42,62,0.6,20,0.03,19
3345.651917,59,66,0.24,7,0.034285714,19
3345.436621,58,71,0.42,13,0.032307692,19
3344.313908,61,83,0.46,22,0.020909091,19
3344.0626,36,56,0.74,20,0.037,19
3342.782107,58,71,0.43,13,0.033076923,19
3342.729763,37,63,0.89,26,0.034230769,19
3342.713212,37,58,0.74,21,0.035238095,19
3342.713212,36,59,0.82,23,0.035652174,19
3342.713212,35,61,0.91,26,0.035,19
3342.044299,41,54,0.47,13,0.036153846,19
3341.897805,35,53,0.67,18,0.037222222,19
3341.373008,37,51,0.54,14,0.038571429,19
3339.908527,39,56,0.62,17,0.036470588,19
3339.263376,38,63,0.86,25,0.0344,19
3337.902757,46,66,0.56,20,0.028,19
3336.646029,35,53,0.71,18,0.039444444,19
3335.941773,56,70,0.47,14,0.033571429,19
3335.70552,65,79,0.29,14,0.020714286,19
3335.234114,40,51,0.42,11,0.038181818,19
3334.29371,37,64,0.93,27,0.034444444,19
3334.021639,33,55,0.87,22,0.039545455,19
3333.781507,37,58,0.78,21,0.037142857,19
3333.746421,66,78,0.25,12,0.020833333,19
3331.992072,36,55,0.73,19,0.038421053,19
3331.883036,42,48,0.25,6,0.041666667,19
3331.879026,52,53,0.03,1,0.03,19
3331.879026,51,54,0.09,3,0.03,19
3331.513936,62,87,0.49,25,0.0196,19
3331.143871,38,53,0.57,15,0.038,19
3331.107416,39,61,0.76,22,0.034545455,19
3330.800318,41,46,0.2,5,0.04,19
3330.527471,40,56,0.58,16,0.03625,19
3330.164232,33,55,0.86,22,0.039090909,19
3329.316586,35,60,0.92,25,0.0368,19
3329.194551,56,75,0.62,19,0.032631579,19
3329.160451,35,56,0.74,21,0.035238095,19
3329.047875,41,72,0.84,31,0.027096774,19
3327.969851,34,61,0.97,27,0.035925926,19
3327.052212,37,57,0.74,20,0.037,19
3326.987773,37,59,0.81,22,0.036818182,19
3326.692118,50,59,0.3,9,0.033333333,19
3326.613733,43,51,0.3,8,0.0375,19
3325.509271,35,56,0.82,21,0.039047619,19
3325.219946,42,73,0.77,31,0.02483871,19
3325.177849,42,60,0.55,18,0.030555556,19
3324.475029,39,57,0.58,18,0.032222222,19
3323.828632,32,57,0.93,25,0.0372,19
3322.383858,52,74,0.75,22,0.034090909,19
3322.21359,37,55,0.65,18,0.036111111,19
3322.11134,38,58,0.74,20,0.037,19
3322.066519,36,50,0.56,14,0.04,19
3322.003021,39,74,0.97,35,0.027714286,19
3321.310741,37,55,0.66,18,0.036666667,19
3320.95254,41,63,0.66,22,0.03,19
3320.720335,34,54,0.79,20,0.0395,19
3320.526035,40,50,0.39,10,0.039,19
3320.484656,34,60,0.97,26,0.037307692,19
3319.931147,58,72,0.46,14,0.032857143,19
3319.873562,39,51,0.47,12,0.039166667,19
3319.873562,38,52,0.55,14,0.039285714,19
3319.720308,63,83,0.41,20,0.0205,19
3319.446655,35,58,0.9,23,0.039130435,19
3319.407992,55,75,0.66,20,0.033,19
3319.124137,36,59,0.83,23,0.036086957,19
3318.328214,54,72,0.61,18,0.033888889,19
3318.328214,53,73,0.68,20,0.034,19
3318.061316,33,54,0.86,21,0.040952381,19
3317.842663,37,55,0.69,18,0.038333333,19
3317.03575,37,59,0.8,22,0.036363636,19
3317.009631,32,57,0.94,25,0.0376,19
3316.695548,37,54,0.69,17,0.040588235,19
3316.543929,52,79,0.88,27,0.032592593,19
3316.350955,38,61,0.81,23,0.035217391,19
3316.347642,36,60,0.88,24,0.036666667,19
3316.336026,44,68,0.67,24,0.027916667,19
3315.605427,33,55,0.85,22,0.038636364,19
3315.07918,35,60,0.89,25,0.0356,19
3314.62682,35,59,0.87,24,0.03625,19
3314.425628,62,72,0.27,10,0.027,19
3313.684524,41,50,0.34,9,0.037777778,19
3313.55865,62,84,0.45,22,0.020454545,19
3313.066792,39,52,0.48,13,0.036923077,19
3312.913517,37,57,0.71,20,0.0355,19
3312.89733,60,89,0.58,29,0.02,19
3312.810697,42,71,0.95,29,0.032758621,19
3312.781388,39,61,0.75,22,0.034090909,19
3312.680538,36,57,0.81,21,0.038571429,19
3312.144474,36,56,0.77,20,0.0385,19
3312.144474,35,57,0.85,22,0.038636364,19
3312.088132,63,66,0.1,3,0.033333333,19
3312.088132,60,69,0.3,9,0.033333333,19
3312.088132,57,72,0.5,15,0.033333333,19
3312.088132,54,76,0.73,22,0.033181818,19
3311.775313,55,78,0.72,23,0.031304348,19
3311.322787,39,57,0.66,18,0.036666667,19
3311.044927,52,80,0.91,28,0.0325,19
3310.919352,55,71,0.54,16,0.03375,19
3310.912747,35,52,0.69,17,0.040588235,19
3310.542811,53,78,0.82,25,0.0328,19
3310.488624,42,57,0.52,15,0.034666667,19
3310.372887,38,63,0.85,25,0.034,19
3310.311584,55,84,0.76,29,0.026206897,19
3309.905491,63,86,0.45,23,0.019565217,19
3309.507243,68,73,0.11,5,0.022,19
3308.709372,37,54,0.65,17,0.038235294,19
3308.325837,45,67,0.56,22,0.025454545,19
3308.234005,35,51,0.68,16,0.0425,19
3308.181984,54,76,0.72,22,0.032727273,19
3308.181984,52,78,0.85,26,0.032692308,19
3308.181984,51,79,0.92,28,0.032857143,19
3307.920017,53,90,0.96,37,0.025945946,19
3307.857813,60,62,0.07,2,0.035,19
3307.857813,59,63,0.14,4,0.035,19
3307.857813,58,64,0.21,6,0.035,19
3307.840144,44,57,0.4,13,0.030769231,19
3307.346038,60,70,0.33,10,0.033,19
3307.057723,35,51,0.67,16,0.041875,19
3306.86778,36,59,0.86,23,0.037391304,19
3306.725089,36,51,0.61,15,0.040666667,19
3306.573222,56,73,0.56,17,0.032941176,19
3306.153282,55,88,0.84,33,0.025454545,19
3306.153282,54,90,0.91,36,0.025277778,19
3306.153282,53,91,0.96,38,0.025263158,19
3306.10314,34,54,0.77,20,0.0385,19
3305.964933,44,68,0.61,24,0.025416667,19
3305.704535,55,89,0.86,34,0.025294118,19
3305.270318,37,63,0.91,26,0.035,19
3303.611231,43,53,0.36,10,0.036,19
3303.509369,38,57,0.68,19,0.035789474,19
3302.683453,35,60,0.91,25,0.0364,19
3302.323676,38,54,0.58,16,0.03625,19
3301.807645,33,56,0.9,23,0.039130435,19
3300.935882,55,76,0.69,21,0.032857143,19
3300.661725,34,54,0.76,20,0.038,19
3300.582921,39,60,0.73,21,0.034761905,19
3300.544893,41,74,0.82,33,0.024848485,19
3300.400598,42,55,0.46,13,0.035384615,19
3300.389139,35,60,0.93,25,0.0372,19
3299.648055,36,50,0.58,14,0.041428571,19
3299.51339,37,60,0.74,23,0.032173913,19
3298.934171,57,65,0.28,8,0.035,19
3298.774478,35,62,0.97,27,0.035925926,19
3298.606454,38,48,0.39,10,0.039,19
3298.410464,37,63,0.9,26,0.034615385,19
3298.366499,36,58,0.81,22,0.036818182,19
3297.715499,63,79,0.34,16,0.02125,19
3297.687068,35,57,0.82,22,0.037272727,19
3297.533198,37,62,0.88,25,0.0352,19
3297.363823,44,52,0.29,8,0.03625,19
3297.363823,41,55,0.51,14,0.036428571,19
3296.905762,38,62,0.83,24,0.034583333,19
3296.811045,38,61,0.79,23,0.034347826,19
3296.239801,36,60,0.84,24,0.035,19
3295.753827,62,85,0.46,23,0.02,19
3295.733395,42,70,0.94,28,0.033571429,19
3295.167749,42,61,0.57,19,0.03,19
3294.908549,40,55,0.56,15,0.037333333,19
3294.839642,60,82,0.48,22,0.021818182,19
3294.758892,42,53,0.41,11,0.037272727,19
3294.735355,36,61,0.87,25,0.0348,19
3293.636946,52,79,0.9,27,0.033333333,19
3293.440228,35,52,0.65,17,0.038235294,19
3292.824592,40,55,0.49,15,0.032666667,19
3292.618336,55,75,0.67,20,0.0335,19
3291.589761,37,60,0.84,23,0.036521739,19
3291.538714,38,56,0.68,18,0.037777778,19
3291.392998,33,54,0.81,21,0.038571429,19
3291.141383,53,86,0.87,33,0.026363636,19
3290.871081,37,60,0.83,23,0.036086957,19
3290.798782,35,61,0.95,26,0.036538462,19
3290.578692,45,49,0.15,4,0.0375,19
3290.272495,43,73,0.74,30,0.024666667,19
3290.264574,37,54,0.64,17,0.037647059,19
3289.801645,36,59,0.84,23,0.036521739,19
3289.758876,62,67,0.17,5,0.034,19
3289.697695,38,57,0.69,19,0.036315789,19
3289.615368,53,78,0.83,25,0.0332,19
3289.284243,44,53,0.3,9,0.033333333,19
3289.116406,59,71,0.4,12,0.033333333,19
3289.116406,56,74,0.6,18,0.033333333,19
3288.980817,53,91,0.97,38,0.025526316,19
3288.964127,47,50,0.1,3,0.033333333,19
3288.816951,35,59,0.92,24,0.038333333,19
3288.382979,51,81,0.98,30,0.032666667,19
3286.960731,65,82,0.34,17,0.02,19
3286.801181,67,80,0.26,13,0.02,19
3286.801181,66,81,0.3,15,0.02,19
3286.781723,42,49,0.26,7,0.037142857,19
3286.762301,62,65,0.1,3,0.033333333,19
3286.762301,59,68,0.3,9,0.033333333,19
3286.762301,56,71,0.5,15,0.033333333,19
3286.46216,64,83,0.38,19,0.02,19
3285.989181,35,55,0.73,20,0.0365,19
3285.601979,36,64,0.97,28,0.034642857,19
3285.207145,43,58,0.46,15,0.030666667,19
3285.173228,56,73,0.57,17,0.033529412,19
3284.919188,58,77,0.51,19,0.026842105,19
3284.919188,56,79,0.62,23,0.026956522,19
3284.913184,40,51,0.4,11,0.036363636,19
3284.89595,42,52,0.35,10,0.035,19
3284.659819,37,57,0.76,20,0.038,19
3284.659819,36,58,0.84,22,0.038181818,19
3283.956856,45,55,0.31,10,0.031,19
3283.734599,57,72,0.51,15,0.034,19
3283.734599,54,76,0.74,22,0.033636364,19
3283.734599,53,77,0.81,24,0.03375,19
3283.734599,52,78,0.88,26,0.033846154,19
3283.107238,36,60,0.87,24,0.03625,19
3283.008705,63,78,0.33,15,0.022,19
3282.118831,56,87,0.79,31,0.025483871,19
3282.118831,54,89,0.9,35,0.025714286,19
3282.021277,64,84,0.4,20,0.02,19
3282.021277,63,85,0.44,22,0.02,19
3281.460234,38,55,0.57,17,0.033529412,19
3281.319079,37,64,0.92,27,0.034074074,19
3281.25403,41,49,0.28,8,0.035,19
3281.241375,67,74,0.15,7,0.021428571,19
3281.077598,32,55,0.95,23,0.041304348,19
3280.209081,39,75,0.98,36,0.027222222,19
3280.168182,40,49,0.31,9,0.034444444,19
3279.990871,36,56,0.79,20,0.0395,19
3279.777445,44,72,0.68,28,0.024285714,19
3279.614425,34,56,0.81,22,0.036818182,19
3279.512886,73,74,0.02,1,0.02,19
3279.512886,72,75,0.06,3,0.02,19
3279.512886,71,76,0.1,5,0.02,19
3279.512886,70,77,0.14,7,0.02,19
3279.274843,44,63,0.55,19,0.028947368,19
3279.188492,38,53,0.56,15,0.037333333,19
3279.133039,43,70,0.88,27,0.032592593,19
3279.069753,62,80,0.39,18,0.021666667,19
3279.028961,36,53,0.58,17,0.034117647,19
3279.024344,43,70,0.9,27,0.033333333,19
3278.64921,53,85,0.84,32,0.02625,19
3278.64921,52,87,0.91,35,0.026,19
3278.556734,38,61,0.8,23,0.034782609,19
3277.74992,57,73,0.53,16,0.033125,19
3277.623534,47,65,0.5,18,0.027777778,19
3277.463721,57,80,0.61,23,0.026521739,19
3277.463721,56,81,0.66,25,0.0264,19
3277.463721,54,84,0.79,30,0.026333333,19
3276.070174,41,54,0.49,13,0.037692308,19
3275.908528,51,78,0.84,27,0.031111111,19
3275.86946,59,77,0.48,18,0.026666667,19
3275.452954,58,71,0.44,13,0.033846154,19
3275.443078,42,54,0.44,12,0.036666667,19
3275.209182,45,61,0.47,16,0.029375,19
3275.179854,32,59,0.98,27,0.036296296,19
3275.146315,62,83,0.43,21,0.02047619,19
3275.139388,47,63,0.53,16,0.033125,19
3275.047105,35,60,0.95,25,0.038,19
3274.933297,42,48,0.21,6,0.035,19
3274.373569,65,76,0.24,11,0.021818182,19
3274.080472,41,50,0.33,9,0.036666667,19
3273.460273,48,63,0.38,15,0.025333333,19
3273.319586,34,56,0.83,22,0.037727273,19
3273.064462,37,58,0.76,21,0.036190476,19
3272.93423,55,74,0.63,19,0.033157895,19
3272.93423,53,77,0.79,24,0.032916667,19
3272.93423,50,80,0.99,30,0.033,19
3272.859835,65,69,0.11,4,0.0275,19
3272.859835,63,71,0.22,8,0.0275,19
3272.859835,61,73,0.33,12,0.0275,19
3272.806384,50,61,0.28,11,0.025454545,19
3272.61934,43,64,0.61,21,0.029047619,19
3272.583414,44,69,0.69,25,0.0276,19
3272.336839,44,56,0.41,12,0.034166667,19
3272.229933,34,55,0.82,21,0.039047619,19
3271.981614,34,59,0.97,25,0.0388,19
3271.755619,55,83,0.75,28,0.026785714,19
3271.661727,40,75,0.88,35,0.025142857,19
3271.511547,40,56,0.59,16,0.036875,19
3271.374023,40,52,0.44,12,0.036666667,19
3270.946856,37,50,0.53,13,0.040769231,19
3270.932011,34,60,0.96,26,0.036923077,19
3270.677214,33,55,0.88,22,0.04,19
3270.18592,55,82,0.72,27,0.026666667,19
3270.18592,55,83,0.74,28,0.026428571,19
3270.18592,53,85,0.85,32,0.0265625,19
3270.024864,36,58,0.86,22,0.039090909,19
3269.913133,61,82,0.45,21,0.021428571,19
3269.676706,42,50,0.27,8,0.03375,19
3269.503881,34,59,0.92,25,0.0368,19
3268.75048,36,59,0.85,23,0.036956522,19
3268.700926,63,84,0.42,21,0.02,19
3268.543247,34,52,0.75,18,0.041666667,19
3268.469194,37,60,0.73,23,0.03173913,19
3268.453082,59,70,0.37,11,0.033636364,19
3268.220559,34,59,0.98,25,0.0392,19
3267.840544,44,47,0.11,3,0.036666667,19
3267.530452,36,57,0.82,21,0.039047619,19
3267.447099,40,51,0.41,11,0.037272727,19
3267.189628,35,62,0.94,27,0.034814815,19
3266.949164,37,58,0.77,21,0.036666667,19
3266.815441,37,59,0.77,22,0.035,19
3266.726062,64,78,0.3,14,0.021428571,19
3266.372634,35,62,0.87,27,0.032222222,19
3265.507286,66,77,0.23,11,0.020909091,19
3265.343906,39,56,0.61,17,0.035882353,19
3265.111416,45,67,0.61,22,0.027727273,19
3264.692311,42,52,0.34,10,0.034,19
3264.272498,52,79,0.89,27,0.032962963,19
3263.86261,37,52,0.51,15,0.034,19
3263.503292,55,82,0.73,27,0.027037037,19
3263.503292,54,83,0.79,29,0.027241379,19
3263.503292,53,84,0.84,31,0.027096774,19
3263.503292,53,85,0.86,32,0.026875,19
3263.415509,67,75,0.17,8,0.02125,19
3263.246041,40,48,0.29,8,0.03625,19
3263.09526,38,51,0.45,13,0.034615385,19
3262.737102,56,81,0.67,25,0.0268,19
3262.737102,56,82,0.69,26,0.026538462,19
3262.737102,54,84,0.8,30,0.026666667,19
3262.642954,34,54,0.81,20,0.0405,19
3262.563213,46,60,0.41,14,0.029285714,19
3262.448841,52,87,0.93,35,0.026571429,19
3262.298079,55,81,0.71,26,0.027307692,19
3262.136832,54,71,0.59,17,0.034705882,19
3262.034454,51,80,0.97,29,0.033448276,19
3261.729548,54,84,0.81,30,0.027,19
3261.729548,52,86,0.92,34,0.027058824,19
3261.729548,51,88,0.99,37,0.026756757,19
3261.452527,39,52,0.5,13,0.038461538,19
3261.278875,60,74,0.38,14,0.027142857,19
3261.278875,58,76,0.49,18,0.027222222,19
3261.15154,55,95,0.84,40,0.021,19
3261.077745,44,62,0.53,18,0.029444444,19
3260.681066,68,80,0.24,12,0.02,19
3260.681066,67,81,0.28,14,0.02,19
3260.615486,51,88,0.98,37,0.026486486,19
3260.605318,33,57,0.87,24,0.03625,19
3260.459963,64,80,0.33,16,0.020625,19
3259.643109,56,80,0.64,24,0.026666667,19
3259.523009,59,84,0.54,25,0.0216,19
3259.469658,41,58,0.59,17,0.034705882,19
3259.469658,40,59,0.66,19,0.034736842,19
3259.215983,42,69,0.93,27,0.034444444,19
3258.592832,51,80,0.95,29,0.032758621,19
3258.374384,37,59,0.83,22,0.037727273,19
3257.955826,43,51,0.27,8,0.03375,19
3257.937216,65,77,0.26,12,0.021666667,19
3257.629254,37,48,0.47,11,0.042727273,19
3257.247278,59,75,0.49,16,0.030625,19
3257.098955,34,57,0.91,23,0.039565217,19
3256.951998,38,53,0.58,15,0.038666667,19
3256.927369,37,56,0.75,19,0.039473684,19
3256.760329,35,58,0.84,23,0.036521739,19
3256.603547,36,59,0.87,23,0.037826087,19
3256.258551,38,55,0.67,17,0.039411765,19
3256.054715,52,86,0.91,34,0.026764706,19
3256.021539,36,63,0.96,27,0.035555556,19
3255.309175,54,77,0.76,23,0.033043478,19
3254.872087,51,87,0.98,36,0.027222222,19
3254.603933,57,79,0.59,22,0.026818182,19
3254.536251,54,85,0.82,31,0.026451613,19
3254.129589,33,57,0.91,24,0.037916667,19
3254.067295,60,73,0.4,13,0.030769231,19
3253.74213,59,82,0.51,23,0.022173913,19
3253.328609,33,56,0.92,23,0.04,19
3252.963524,37,54,0.66,17,0.038823529,19
3252.764027,44,51,0.26,7,0.037142857,19
3252.657038,39,49,0.36,10,0.036,19
3251.736072,59,67,0.27,8,0.03375,19
3251.736072,55,72,0.57,17,0.033529412,19
3251.664385,36,53,0.64,17,0.037647059,19
3251.592461,41,72,0.86,31,0.027741935,19
3251.379351,40,55,0.57,15,0.038,19
3251.299934,38,54,0.64,16,0.04,19
3251.070203,41,57,0.56,16,0.035,19
3250.65634,60,83,0.49,23,0.021304348,19
3250.506001,37,59,0.78,22,0.035454545,19
3250.36944,32,58,0.97,26,0.037307692,19
3250.36944,32,58,0.98,26,0.037692308,19
3250.156626,54,83,0.78,29,0.026896552,19
3249.528823,52,87,0.92,35,0.026285714,19
3249.441003,49,60,0.37,11,0.033636364,19
3249.243274,39,52,0.49,13,0.037692308,19
3248.603025,39,58,0.68,19,0.035789474,19
3248.355954,36,60,0.86,24,0.035833333,19
3248.079164,53,85,0.87,32,0.0271875,19
3248.079164,52,87,0.94,35,0.026857143,19
3248.002657,36,60,0.85,24,0.035416667,19
3247.879413,36,65,0.99,29,0.034137931,19
3247.485343,43,50,0.25,7,0.035714286,19
3247.37539,56,80,0.65,24,0.027083333,19
3247.351101,35,58,0.82,23,0.035652174,19
3247.250721,63,80,0.36,17,0.021176471,19
3246.628968,53,92,0.98,39,0.025128205,19
3246.358272,55,74,0.64,19,0.033684211,19
3246.166625,44,45,0.04,1,0.04,19
3246.166625,43,46,0.12,3,0.04,19
3245.743918,36,58,0.73,22,0.033181818,19
3245.485963,33,56,0.89,23,0.038695652,19
3245.454072,42,61,0.58,19,0.030526316,19
3244.933016,38,51,0.48,13,0.036923077,19
3244.809253,41,53,0.42,12,0.035,19
3244.561075,54,73,0.64,19,0.033684211,19
3243.992072,37,52,0.52,15,0.034666667,19
3243.98349,60,74,0.39,14,0.027857143,19
3243.7169,53,97,0.97,44,0.022045455,19
3243.696594,38,62,0.84,24,0.035,19
3243.310101,62,85,0.51,23,0.022173913,19
3243.26086,37,49,0.47,12,0.039166667,19
3243.200644,54,75,0.7,21,0.033333333,19
3243.200644,52,78,0.86,26,0.033076923,19
3243.053839,38,60,0.78,22,0.035454545,19
3242.103501,35,54,0.66,19,0.034736842,19
3241.709759,35,61,0.96,26,0.036923077,19
3241.428531,59,75,0.45,16,0.028125,19
3241.37563,60,77,0.45,17,0.026470588,19
3241.197388,37,61,0.85,24,0.035416667,19
3241.136221,37,55,0.68,18,0.037777778,19
3240.741828,36,60,0.89,24,0.037083333,19
3240.730041,55,94,0.86,39,0.022051282,19
3240.158726,53,86,0.88,33,0.026666667,19
3239.88086,59,90,0.66,31,0.021290323,19
3239.072391,53,77,0.8,24,0.033333333,19
3239.072391,51,80,0.96,29,0.033103448,19
3239.049081,64,85,0.41,21,0.01952381,19
3238.899097,36,64,0.99,28,0.035357143,19
3238.604118,35,57,0.86,22,0.039090909,19
3238.591015,69,78,0.18,9,0.02,19
3238.591015,68,79,0.22,11,0.02,19
3238.170181,33,55,0.82,22,0.037272727,19
3238.121528,54,85,0.81,31,0.026129032,19
3237.788545,55,80,0.68,25,0.0272,19
3237.496678,37,63,0.93,26,0.035769231,19
3237.482869,35,53,0.72,18,0.04,19
3237.160258,39,53,0.55,14,0.039285714,19
3237.142437,57,81,0.63,24,0.02625,19
3236.871377,39,75,0.99,36,0.0275,19
3236.503969,41,58,0.6,17,0.035294118,19
3236.020486,56,92,0.8,36,0.022222222,19
3235.402151,34,58,0.94,24,0.039166667,19
3235.161849,62,66,0.13,4,0.0325,19
3235.161849,60,68,0.26,8,0.0325,19
3235.116564,37,59,0.82,22,0.037272727,19
3234.935275,58,79,0.57,21,0.027142857,19
3234.935275,56,81,0.68,25,0.0272,19
3234.386894,62,86,0.48,24,0.02,19
3234.386894,61,87,0.52,26,0.02,19
3234.336013,36,55,0.77,19,0.040526316,19
3234.315127,32,59,0.99,27,0.036666667,19
3234.293374,57,77,0.55,20,0.0275,19
3234.258904,56,94,0.79,38,0.020789474,19
3234.204554,67,76,0.23,9,0.025555556,19
3234.175592,63,73,0.27,10,0.027,19
3234.175592,59,78,0.51,19,0.026842105,19
3234.175592,58,79,0.56,21,0.026666667,19
3233.993917,39,60,0.74,21,0.035238095,19
3233.985482,39,56,0.64,17,0.037647059,19
3233.750221,43,52,0.3,9,0.033333333,19
3233.632782,61,72,0.34,11,0.030909091,19
3233.34192,55,66,0.28,11,0.025454545,19
3233.034572,50,79,0.91,29,0.03137931,19
3232.963945,38,59,0.76,21,0.036190476,19
3232.737261,57,78,0.57,21,0.027142857,19
3232.737261,56,79,0.63,23,0.027391304,19
3232.737261,54,81,0.74,27,0.027407407,19
3232.737261,52,84,0.87,32,0.0271875,19
3232.635315,39,49,0.35,10,0.035,19
3232.601764,64,71,0.19,7,0.027142857,19
3232.601764,62,73,0.3,11,0.027272727,19
3232.601764,60,76,0.43,16,0.026875,19
3232.601764,58,78,0.54,20,0.027,19
3232.277933,48,62,0.46,14,0.032857143,19
3232.251449,52,88,0.94,36,0.026111111,19
3232.062222,34,59,0.91,25,0.0364,19
3231.743783,64,83,0.42,19,0.022105263,19
3231.473804,43,52,0.34,9,0.037777778,19
3231.407624,60,75,0.41,15,0.027333333,19
3231.056053,38,51,0.47,13,0.036153846,19
3231.049067,35,54,0.72,19,0.037894737,19
3231.031059,61,87,0.57,26,0.021923077,19
3230.914126,51,89,0.99,38,0.026052632,19
3230.743863,45,67,0.73,22,0.033181818,19
3230.743863,43,70,0.89,27,0.032962963,19
3230.743863,42,71,0.96,29,0.033103448,19
3230.319251,37,56,0.69,19,0.036315789,19
3230.206701,38,54,0.59,16,0.036875,19
3229.937149,53,86,0.86,33,0.026060606,19
3229.673577,40,59,0.68,19,0.035789474,19
3229.597224,34,55,0.77,21,0.036666667,19
3229.390046,34,61,0.98,27,0.036296296,19
3229.358438,42,52,0.38,10,0.038,19
3229.026743,61,75,0.38,14,0.027142857,19
3229.026743,59,77,0.49,18,0.027222222,19
3229.026743,57,80,0.62,23,0.026956522,19
3228.272241,38,58,0.64,20,0.032,19
3228.140753,36,56,0.76,20,0.038,19
3227.858681,42,71,0.8,29,0.027586207,19
3227.410522,55,70,0.52,15,0.034666667,19
3227.303744,65,71,0.16,6,0.026666667,19
3227.303744,62,74,0.32,12,0.026666667,19
3226.792458,32,57,0.98,25,0.0392,19
3226.77965,57,92,0.77,35,0.022,19
3226.77965,55,95,0.87,40,0.02175,19
3226.77965,54,96,0.92,42,0.021904762,19
3226.571129,34,58,0.93,24,0.03875,19
3226.412796,38,52,0.48,14,0.034285714,19
3226.288226,39,56,0.58,17,0.034117647,19
3226.111502,61,74,0.35,13,0.026923077,19
3226.111502,59,76,0.46,17,0.027058824,19
3225.712524,39,56,0.65,17,0.038235294,19
3225.318274,55,63,0.21,8,0.02625,19
3225.196023,37,52,0.56,15,0.037333333,19
3225.051327,37,54,0.63,17,0.037058824,19
3224.670454,55,80,0.67,25,0.0268,19
3224.247123,32,57,0.97,25,0.0388,19
3224.169281,32,59,0.97,27,0.035925926,19
3224.002925,66,82,0.32,16,0.02,19
3223.93333,57,79,0.6,22,0.027272727,19
3223.665625,33,53,0.85,20,0.0425,19
3223.220473,65,75,0.23,10,0.023,19
3222.957484,66,77,0.28,11,0.025454545,19
3222.761759,51,88,0.97,37,0.026216216,19
3222.408605,35,56,0.83,21,0.03952381,19
3221.656312,33,57,0.89,24,0.037083333,19
3221.357306,54,81,0.72,27,0.026666667,19
3221.293152,41,54,0.43,13,0.033076923,19
3221.230563,39,62,0.78,23,0.033913043,19
3221.096739,44,50,0.23,6,0.038333333,19
3221.06515,57,77,0.54,20,0.027,19
3220.547068,42,56,0.49,14,0.035,19
3220.386078,46,62,0.42,16,0.02625,19
3220.330977,35,61,0.97,26,0.037307692,19
3220.3123,39,50,0.38,11,0.034545455,19
3220.165894,42,59,0.53,17,0.031176471,19
3219.578743,36,55,0.74,19,0.038947368,19
3219.226073,33,55,0.89,22,0.040454545,19
3219.17458,35,54,0.65,19,0.034210526,19
3218.964733,39,53,0.52,14,0.037142857,19
3218.944356,58,77,0.52,19,0.027368421,19
3218.893226,43,55,0.42,12,0.035,19
3218.817246,35,57,0.84,22,0.038181818,19
3218.80952,36,61,0.92,25,0.0368,19
3218.720956,58,90,0.7,32,0.021875,19
3218.483388,40,56,0.52,16,0.0325,19
3218.365047,42,65,0.67,23,0.029130435,19
3218.365047,41,66,0.73,25,0.0292,19
3218.3383,53,97,0.96,44,0.021818182,19
3218.319412,47,64,0.43,17,0.025294118,19
3218.281164,57,84,0.61,27,0.022592593,19
3218.157415,37,59,0.71,22,0.032272727,19
3218.133422,61,85,0.49,24,0.020416667,19
3217.916965,58,69,0.37,11,0.033636364,19
3217.740466,47,66,0.48,19,0.025263158,19
3217.722166,65,83,0.36,18,0.02,19
3217.63477,60,80,0.45,20,0.0225,19
3217.286961,34,54,0.8,20,0.04,19
3217.244445,37,56,0.74,19,0.038947368,19
3217.054132,47,62,0.39,15,0.026,19
3216.687875,52,88,0.93,36,0.025833333,19
3216.474727,38,61,0.83,23,0.036086957,19
3216.084184,37,51,0.5,14,0.035714286,19
3215.84044,42,72,0.96,30,0.032,19
3215.823932,45,54,0.31,9,0.034444444,19
3215.664605,58,83,0.56,25,0.0224,19
3215.654613,42,85,0.08,43,0.001860465,19
3215.521423,41,53,0.41,12,0.034166667,19
3215.438098,43,54,0.39,11,0.035454545,19
3214.695749,32,57,0.99,25,0.0396,19
3214.611104,53,56,0.1,3,0.033333333,19
3214.250765,35,99,0.17,64,0.00265625,19
3214.087231,43,57,0.48,14,0.034285714,19
3213.7854,59,85,0.66,26,0.025384615,19
3213.757646,41,64,0.69,23,0.03,19
3213.219754,36,61,0.79,25,0.0316,19
3213.130922,37,55,0.67,18,0.037222222,19
3212.91342,61,80,0.42,19,0.022105263,19
3212.817253,58,75,0.47,17,0.027647059,19
3212.376365,40,50,0.34,10,0.034,19
3212.369053,44,68,0.8,24,0.033333333,19
3212.309769,50,83,0.94,33,0.028484848,19
3212.000062,58,91,0.7,33,0.021212121,19
3211.904525,32,54,0.92,22,0.041818182,19
3211.694991,37,53,0.64,16,0.04,19
3211.653536,41,73,0.88,32,0.0275,19
3211.591026,34,61,0.99,27,0.036666667,19
3211.449174,39,51,0.41,12,0.034166667,19
3210.947141,40,55,0.5,15,0.033333333,19
3210.947141,39,56,0.57,17,0.033529412,19
3210.691838,58,83,0.57,25,0.0228,19
3210.476288,56,93,0.79,37,0.021351351,19
3209.954602,35,61,0.93,26,0.035769231,19
3209.924993,35,62,0.98,27,0.036296296,19
3209.836025,50,77,0.92,27,0.034074074,19
3209.775903,53,84,0.85,31,0.027419355,19
3209.718565,33,55,0.9,22,0.040909091,19
3209.62887,36,57,0.75,21,0.035714286,19
3209.541035,53,87,0.88,34,0.025882353,19
3209.344056,53,81,0.78,28,0.027857143,19
3208.934906,56,92,0.88,36,0.024444444,19
3208.601436,35,61,0.98,26,0.037692308,19
3208.512329,32,56,0.98,24,0.040833333,19
3208.511235,38,50,0.43,12,0.035833333,19
3208.509033,63,77,0.32,14,0.022857143,19
3208.028085,45,81,0.06,36,0.001666667,19
3207.903753,34,62,0.98,28,0.035,19
3207.801978,45,66,0.72,21,0.034285714,19
3207.502844,35,50,0.59,15,0.039333333,19
3207.37912,54,83,0.77,29,0.026551724,19
3207.354611,35,57,0.81,22,0.036818182,19
3206.715691,39,61,0.77,22,0.035,19
3206.668512,36,52,0.58,16,0.03625,19
3206.316138,38,56,0.7,18,0.038888889,19
3206.006872,40,59,0.67,19,0.035263158,19
3205.973452,60,73,0.36,13,0.027692308,19
3205.957563,34,54,0.73,20,0.0365,19
3205.880597,35,56,0.81,21,0.038571429,19
3205.853917,34,55,0.81,21,0.038571429,19
3205.833974,37,58,0.71,21,0.033809524,19
3205.713158,41,59,0.62,18,0.034444444,19
3205.694487,36,53,0.62,17,0.036470588,19
3205.424365,51,79,0.93,28,0.033214286,19
3205.409994,37,62,0.89,25,0.0356,19
3205.19415,56,70,0.48,14,0.034285714,19
3205.188103,41,52,0.43,11,0.039090909,19
3205.188103,40,53,0.51,13,0.039230769,19
3204.862472,60,88,0.61,28,0.021785714,19
3204.586853,46,61,0.44,15,0.029333333,19
3204.582237,62,86,0.52,24,0.021666667,19
3204.582237,58,91,0.71,33,0.021515152,19
3204.486348,43,45,0.07,2,0.035,19
3204.486348,42,46,0.14,4,0.035,19
3204.486348,41,47,0.21,6,0.035,19
3204.486348,40,48,0.28,8,0.035,19
3204.164036,61,74,0.36,13,0.027692308,19
3204.164036,56,80,0.66,24,0.0275,19
3204.070799,61,83,0.56,22,0.025454545,19
3204.070799,60,85,0.63,25,0.0252,19
3203.804933,38,54,0.6,16,0.0375,19
3203.582158,41,52,0.39,11,0.035454545,19
3203.528059,54,80,0.72,26,0.027692308,19
3203.443255,34,52,0.74,18,0.041111111,19
3203.426007,33,58,0.92,25,0.0368,19
3203.148601,55,58,0.07,3,0.023333333,19
3203.148601,52,61,0.21,9,0.023333333,19
3203.095913,51,58,0.18,7,0.025714286,19
3202.980085,54,82,0.77,28,0.0275,19
3202.773347,34,56,0.82,22,0.037272727,19
3202.604374,59,76,0.47,17,0.027647059,19
3202.432946,40,54,0.49,14,0.035,19
3202.430102,56,85,0.66,29,0.022758621,19
3202.392579,47,73,0.67,26,0.025769231,19
3202.150073,55,87,0.72,32,0.0225,19
3201.732718,38,47,0.38,9,0.042222222,19
3201.63314,41,48,0.24,7,0.034285714,19
3201.601281,49,62,0.33,13,0.025384615,19
3201.486076,61,83,0.47,22,0.021363636,19
3201.420982,62,72,0.28,10,0.028,19
3201.420982,57,78,0.58,21,0.027619048,19
3201.367993,58,84,0.57,26,0.021923077,19
3201.169057,56,69,0.45,13,0.034615385,19
3200.970316,59,75,0.44,16,0.0275,19
3200.953746,33,58,0.89,25,0.0356,19
3200.627782,53,84,0.83,31,0.026774194,19
3200.392051,34,58,0.89,24,0.037083333,19
3200.331656,52,57,0.13,5,0.026,19
3200.123269,60,83,0.5,23,0.02173913,19
3200.002884,59,82,0.52,23,0.022608696,19
3199.998787,38,77,0.98,39,0.025128205,19
3199.947526,60,84,0.61,24,0.025416667,19
3199.947526,57,88,0.78,31,0.02516129,19
3198.878667,37,59,0.73,22,0.033181818,19
3198.779172,35,59,0.89,24,0.037083333,19
3198.671726,44,67,0.79,23,0.034347826,19
3198.429276,41,54,0.42,13,0.032307692,19
3198.396565,33,59,0.98,26,0.037692308,19
3198.3606,33,53,0.83,20,0.0415,19
3198.268431,40,74,0.91,34,0.026764706,19
3198.261946,68,72,0.09,4,0.0225,19
3198.261946,66,74,0.18,8,0.0225,19
3198.261946,64,76,0.27,12,0.0225,19
3198.261946,60,81,0.47,21,0.022380952,19
3197.990145,37,62,0.92,25,0.0368,19
3197.650884,40,74,0.93,34,0.027352941,19
3197.057373,35,61,0.94,26,0.036153846,19
3196.904224,32,58,0.95,26,0.036538462,19
3196.748524,48,65,0.4,17,0.023529412,19
3196.667701,33,56,0.85,23,0.036956522,19
3196.539337,55,71,0.55,16,0.034375,19
3196.20241,46,74,0.72,28,0.025714286,19
3196.01104,60,72,0.38,12,0.031666667,19
3195.909063,58,91,0.67,33,0.02030303,19
3195.790236,33,59,0.99,26,0.038076923,19
3195.734315,41,86,0.09,45,0.002,19
3195.728976,44,68,0.81,24,0.03375,19
3195.696555,43,71,0.72,28,0.025714286,19
3195.490773,41,57,0.57,16,0.035625,19
3195.395189,35,57,0.8,22,0.036363636,19
3195.25958,37,54,0.67,17,0.039411765,19
3195.151528,36,53,0.59,17,0.034705882,19
3195.080527,53,90,0.95,37,0.025675676,19
3195.06354,56,71,0.51,15,0.034,19
3195.002745,41,61,0.62,20,0.031,19
3194.871703,36,62,0.94,26,0.036153846,19
3194.329793,51,89,0.98,38,0.025789474,19
3194.20784,53,82,0.8,29,0.027586207,19
3194.062833,45,57,0.37,12,0.030833333,19
3193.622375,51,85,0.94,34,0.027647059,19
3193.577703,43,68,0.86,25,0.0344,19
3193.351091,35,54,0.73,19,0.038421053,19
3193.343796,37,62,0.9,25,0.036,19
3193.11335,39,68,0.95,29,0.032758621,19
3193.010057,43,69,0.73,26,0.028076923,19
3192.900899,59,73,0.41,14,0.029285714,19
3192.803093,67,82,0.31,15,0.020666667,19
3192.630691,52,83,0.83,31,0.026774194,19
3192.374178,37,53,0.57,16,0.035625,19
3192.059815,38,58,0.75,20,0.0375,19
3191.755291,39,58,0.69,19,0.036315789,19
3191.746596,40,66,0.77,26,0.029615385,19
3191.688532,66,81,0.33,15,0.022,19
3191.489969,59,84,0.55,25,0.022,19
3191.216807,42,51,0.35,9,0.038888889,19
3191.158775,57,70,0.44,13,0.033846154,19
3191.102421,39,57,0.67,18,0.037222222,19
3190.747398,58,77,0.53,19,0.027894737,19
3190.747398,58,78,0.55,20,0.0275,19
3190.632018,41,48,0.26,7,0.037142857,19
3190.268494,43,69,0.87,26,0.033461538,19
3189.790726,43,69,0.88,26,0.033846154,19
3189.788333,57,71,0.46,14,0.032857143,19
3189.788333,55,74,0.62,19,0.032631579,19
3189.736969,47,51,0.13,4,0.0325,19
3189.736969,45,53,0.26,8,0.0325,19
3189.599485,34,58,0.92,24,0.038333333,19
3189.411108,37,64,0.94,27,0.034814815,19
3189.1677,52,83,0.86,31,0.027741935,19
3189.097496,37,56,0.68,19,0.035789474,19
3188.983164,57,85,0.62,28,0.022142857,19
3188.917898,54,80,0.71,26,0.027307692,19
3188.917898,54,81,0.73,27,0.027037037,19
3188.461309,33,57,0.9,24,0.0375,19
3188.292446,51,68,0.44,17,0.025882353,19
3188.088971,45,52,0.25,7,0.035714286,19
3187.299793,32,58,0.99,26,0.038076923,19
3187.181537,62,81,0.5,19,0.026315789,19
3187.181537,59,85,0.68,26,0.026153846,19
3187.062532,42,71,0.97,29,0.033448276,19
3187.026683,42,58,0.51,16,0.031875,19
3186.983812,54,81,0.75,27,0.027777778,19
3186.870851,62,81,0.41,19,0.021578947,19
3186.592799,53,80,0.86,27,0.031851852,19
3186.550289,38,78,0.99,40,0.02475,19
3186.510351,51,79,0.94,28,0.033571429,19
3186.315727,39,52,0.44,13,0.033846154,19
3186.168196,52,85,0.9,33,0.027272727,19
3186.168196,51,87,0.97,36,0.026944444,19
3185.841527,39,68,0.96,29,0.033103448,19
3185.827735,57,89,0.8,32,0.025,19
3185.827735,56,90,0.85,34,0.025,19
3185.785683,65,84,0.37,19,0.019473684,19
3185.151153,45,53,0.28,8,0.035,19
3185.056661,61,81,0.44,20,0.022,19
3184.94215,33,58,0.91,25,0.0364,19
3184.782457,42,71,0.79,29,0.027241379,19
3184.538163,34,60,0.95,26,0.036538462,19
3184.340266,38,60,0.79,22,0.035909091,19
3184.253858,36,56,0.73,20,0.0365,19
3183.984907,46,51,0.18,5,0.036,19
3183.968668,39,55,0.56,16,0.035,19
3183.716825,59,83,0.53,24,0.022083333,19
3183.706957,58,86,0.6,28,0.021428571,19
3183.606365,38,62,0.85,24,0.035416667,19
3183.541842,58,74,0.46,16,0.02875,19
3183.541842,57,76,0.54,19,0.028421053,19
3183.188432,42,71,0.99,29,0.034137931,19
3182.667949,62,86,0.49,24,0.020416667,19
3182.541918,53,83,0.81,30,0.027,19
3181.920989,57,85,0.63,28,0.0225,19
3181.849749,56,77,0.61,21,0.029047619,19
3181.664221,55,81,0.72,26,0.027692308,19
3181.381322,38,57,0.64,19,0.033684211,19
3181.011878,52,85,0.89,33,0.026969697,19
3180.962209,55,82,0.74,27,0.027407407,19
3180.76818,39,76,0.93,37,0.025135135,19
3180.648302,52,74,0.76,22,0.034545455,19
3180.61662,42,58,0.55,16,0.034375,19
3180.292675,54,75,0.69,21,0.032857143,19
3180.215908,39,59,0.71,20,0.0355,19
3180.088883,51,84,0.92,33,0.027878788,19
3179.910116,56,79,0.64,23,0.027826087,19
3179.686572,41,56,0.54,15,0.036,19
3179.529609,46,52,0.21,6,0.035,19
3179.463144,55,81,0.7,26,0.026923077,19
3179.374928,61,72,0.32,11,0.029090909,19
3179.210916,38,61,0.82,23,0.035652174,19
3179.174613,59,86,0.68,27,0.025185185,19
3179.139123,47,63,0.41,16,0.025625,19
3179.090303,56,87,0.69,31,0.022258065,19
3179.034333,48,63,0.43,15,0.028666667,19
3178.860838,35,62,0.95,27,0.035185185,19
3178.75324,41,73,0.87,32,0.0271875,19
3178.588395,34,64,0.95,30,0.031666667,19
3178.575293,45,54,0.29,9,0.032222222,19
3178.524885,57,77,0.58,20,0.029,19
3178.524885,56,78,0.64,22,0.029090909,19
3178.524885,55,79,0.7,24,0.029166667,19
3178.482733,60,83,0.61,23,0.026521739,19
3178.482733,58,86,0.74,28,0.026428571,19
3178.281852,40,65,0.75,25,0.03,19
3177.911023,53,82,0.81,29,0.027931034,19
3177.884158,58,84,0.58,26,0.022307692,19
3177.87544,44,66,0.57,22,0.025909091,19
3177.773854,36,57,0.77,21,0.036666667,19
3177.707969,46,67,0.53,21,0.025238095,19
3177.144765,33,56,0.91,23,0.039565217,19
3176.856823,65,79,0.38,14,0.027142857,19
3176.753232,59,90,0.63,31,0.020322581,19
3176.707153,63,78,0.34,15,0.022666667,19
3176.55607,51,85,0.9,34,0.026470588,19
3176.488802,60,80,0.46,20,0.023,19
3176.426311,48,50,0.07,2,0.035,19
3176.426311,47,51,0.14,4,0.035,19
3176.356297,47,67,0.5,20,0.025,19
3175.935024,36,49,0.56,13,0.043076923,19
3175.779596,61,81,0.56,20,0.028,19
3175.725989,41,73,0.86,32,0.026875,19
3175.643995,35,58,0.85,23,0.036956522,19
3175.631024,54,79,0.79,25,0.0316,19
3175.469442,62,71,0.25,9,0.027777778,19
3175.469442,57,76,0.53,19,0.027894737,19
3175.38959,36,61,0.8,25,0.032,19
3175.353385,39,50,0.41,11,0.037272727,19
3175.209835,52,78,0.87,26,0.033461538,19
3174.833178,35,58,0.83,23,0.036086957,19
3174.739469,40,50,0.38,10,0.038,19
3174.735577,39,60,0.75,21,0.035714286,19
3174.71815,57,92,0.75,35,0.021428571,19
3174.696077,36,58,0.85,22,0.038636364,19
3174.68674,55,80,0.69,25,0.0276,19
3174.618284,37,61,0.86,24,0.035833333,19
3173.922123,56,86,0.67,30,0.022333333,19
3173.657884,58,87,0.73,29,0.025172414,19
3173.640874,42,70,0.95,28,0.033928571,19
3173.541282,52,86,0.9,34,0.026470588,19
3173.541282,51,87,0.96,36,0.026666667,19
3173.478815,44,53,0.32,9,0.035555556,19
3173.477598,57,77,0.56,20,0.028,19
3173.472497,61,80,0.43,19,0.022631579,19
3173.220836,52,82,0.95,30,0.031666667,19
3173.188722,58,85,0.59,27,0.021851852,19
3173.119349,43,74,0.93,31,0.03,19
3173.116453,56,76,0.64,20,0.032,19
3173.076126,38,50,0.47,12,0.039166667,19
3172.733531,66,75,0.2,9,0.022222222,19
3172.709444,61,72,0.31,11,0.028181818,19
3172.515445,62,78,0.36,16,0.0225,19
3172.468793,54,96,0.91,42,0.021666667,19
3172.392997,36,52,0.59,16,0.036875,19
3172.210967,42,58,0.5,16,0.03125,19
3172.190307,68,73,0.14,5,0.028,19
3172.190307,62,80,0.5,18,0.027777778,19
3172.182538,39,60,0.76,21,0.036190476,19
3172.011199,56,94,0.8,38,0.021052632,19
3171.980679,43,56,0.42,13,0.032307692,19
3171.968909,45,67,0.62,22,0.028181818,19
3171.769978,42,71,0.98,29,0.033793103,19
3171.654298,41,71,0.84,30,0.028,19
3171.641441,46,68,0.55,22,0.025,19
3171.620735,40,58,0.64,18,0.035555556,19
3171.257647,59,73,0.4,14,0.028571429,19
3171.257647,58,75,0.48,17,0.028235294,19
3171.257647,55,78,0.65,23,0.02826087,19
3171.257647,54,79,0.71,25,0.0284,19
3171.177493,36,60,0.79,24,0.032916667,19
3171.17401,49,65,0.37,16,0.023125,19
3170.535894,54,72,0.62,18,0.034444444,19
3170.535894,53,73,0.69,20,0.0345,19
3170.524423,42,43,0.04,1,0.04,19
3170.524423,41,44,0.12,3,0.04,19
3170.480214,36,57,0.71,21,0.033809524,19
3170.411251,60,72,0.34,12,0.028333333,19
3170.411251,56,77,0.59,21,0.028095238,19
3170.304,36,63,0.98,27,0.036296296,19
3170.208942,62,70,0.23,8,0.02875,19
3169.881836,54,75,0.71,21,0.033809524,19
3169.881836,53,76,0.78,23,0.033913043,19
3169.881836,52,77,0.85,25,0.034,19
3169.849484,44,55,0.38,11,0.034545455,19
3169.704414,58,88,0.75,30,0.025,19
3169.619318,65,78,0.28,13,0.021538462,19
3169.371587,56,78,0.6,22,0.027272727,19
3169.071737,55,72,0.58,17,0.034117647,19
3168.94823,34,65,0.98,31,0.031612903,19
3168.787595,54,93,0.97,39,0.024871795,19
3168.76227,35,99,0.19,64,0.00296875,19
3168.647615,42,55,0.47,13,0.036153846,19
3168.577001,38,53,0.55,15,0.036666667,19
3168.201651,62,82,0.42,20,0.021,19
3168.110804,64,81,0.35,17,0.020588235,19
3167.983022,37,65,0.95,28,0.033928571,19
3167.700606,44,54,0.35,10,0.035,19
3167.521982,52,83,0.9,31,0.029032258,19
3167.007137,58,74,0.47,16,0.029375,19
3167.007137,57,75,0.53,18,0.029444444,19
3167.007137,56,76,0.59,20,0.0295,19
3167.001354,58,80,0.58,22,0.026363636,19
3166.811558,37,51,0.55,14,0.039285714,19
3166.726947,63,79,0.35,16,0.021875,19
3166.670672,49,61,0.31,12,0.025833333,19
3166.632939,49,62,0.37,13,0.028461538,19
3166.507375,55,77,0.65,22,0.029545455,19
3166.381051,66,73,0.16,7,0.022857143,19
3166.371732,36,63,0.97,27,0.035925926,19
3165.935629,54,92,0.95,38,0.025,19
3165.800315,39,50,0.4,11,0.036363636,19
3165.461933,64,69,0.14,5,0.028,19
3165.461933,63,69,0.17,6,0.028333333,19
3165.461933,59,74,0.42,15,0.028,19
3165.307405,33,60,0.96,27,0.035555556,19
3165.269604,38,47,0.39,9,0.043333333,19
3165.191435,67,77,0.27,10,0.027,19
3165.165364,65,77,0.32,12,0.026666667,19
3165.139043,41,57,0.58,16,0.03625,19
3165.053429,54,80,0.76,26,0.029230769,19
3164.628532,33,57,0.92,24,0.038333333,19
3164.541205,60,81,0.48,21,0.022857143,19
3164.176766,53,83,0.8,30,0.026666667,19
3164.176766,52,84,0.86,32,0.026875,19
3164.176766,51,85,0.91,34,0.026764706,19
3164.057871,57,87,0.65,30,0.021666667,19
3163.984268,46,52,0.19,6,0.031666667,19
3163.867712,49,78,0.99,29,0.034137931,19
3163.831359,53,83,0.82,30,0.027333333,19
3163.57297,34,58,0.9,24,0.0375,19
3163.547583,36,57,0.76,21,0.036190476,19
3163.512228,59,74,0.44,15,0.029333333,19
3163.512228,58,75,0.5,17,0.029411765,19
3163.512228,57,76,0.56,19,0.029473684,19
3163.512228,56,77,0.62,21,0.02952381,19
3163.423649,34,59,0.96,25,0.0384,19
3163.37782,34,61,0.95,27,0.035185185,19
3163.253245,35,60,0.82,25,0.0328,19
3163.234403,44,55,0.35,11,0.031818182,19
3163.158961,36,62,0.95,26,0.036538462,19
3163.139811,37,57,0.78,20,0.039,19
3163.107093,39,52,0.51,13,0.039230769,19
3163.083938,61,84,0.58,23,0.025217391,19
3162.905039,36,54,0.65,18,0.036111111,19
3162.872253,63,76,0.3,13,0.023076923,19
3162.705005,37,54,0.62,17,0.036470588,19
3162.5682,35,50,0.65,15,0.043333333,19
3162.326704,53,81,0.77,28,0.0275,19
3162.326704,52,82,0.83,30,0.027666667,19
3162.127392,34,59,0.9,25,0.036,19
3162.127392,33,60,0.98,27,0.036296296,19
3161.853392,63,79,0.43,16,0.026875,19
3161.729235,53,80,0.77,27,0.028518519,19
3161.5325,59,81,0.5,22,0.022727273,19
3161.522425,60,73,0.38,13,0.029230769,19
3161.448588,36,49,0.51,13,0.039230769,19
3161.231054,55,79,0.67,24,0.027916667,19
3161.231054,54,80,0.73,26,0.028076923,19
3161.108061,57,71,0.44,14,0.031428571,19
3161.085401,40,67,0.88,27,0.032592593,19
3160.993598,66,77,0.29,11,0.026363636,19
3160.965864,48,62,0.36,14,0.025714286,19
3160.758678,53,82,0.78,29,0.026896552,19
3160.758678,52,83,0.84,31,0.027096774,19
3160.758678,51,84,0.89,33,0.026969697,19
3160.758678,50,86,0.96,36,0.026666667,19
3160.73657,59,83,0.62,24,0.025833333,19
3160.605386,35,60,0.94,25,0.0376,19
3160.511513,54,73,0.65,19,0.034210526,19
3160.511513,53,74,0.72,21,0.034285714,19
3160.511513,52,75,0.79,23,0.034347826,19
3160.376688,51,86,0.95,35,0.027142857,19
3160.266633,48,59,0.29,11,0.026363636,19
3160.185563,60,73,0.37,13,0.028461538,19
3160.185563,56,78,0.62,22,0.028181818,19
3159.972033,37,48,0.45,11,0.040909091,19
3159.788011,59,69,0.33,10,0.033,19
3159.734578,38,52,0.58,14,0.041428571,19
3159.04397,34,56,0.8,22,0.036363636,19
3158.67122,39,53,0.51,14,0.036428571,19
3158.54248,34,64,0.96,30,0.032,19
3158.492511,64,77,0.37,13,0.028461538,19
3158.491672,38,57,0.65,19,0.034210526,19
3158.474352,57,74,0.51,17,0.03,19
3158.334055,56,76,0.57,20,0.0285,19
3158.334055,55,77,0.63,22,0.028636364,19
3158.333682,56,87,0.8,31,0.025806452,19
3158.108655,64,77,0.29,13,0.022307692,19
3158.108655,62,79,0.38,17,0.022352941,19
3158.095348,54,82,0.76,28,0.027142857,19
3158.088231,58,82,0.55,24,0.022916667,19
3158.063483,60,81,0.46,21,0.021904762,19
3158.058719,61,82,0.54,21,0.025714286,19
3157.65508,41,66,0.82,25,0.0328,19
3157.579751,66,83,0.33,17,0.019411765,19
3157.575459,55,80,0.7,25,0.028,19
3157.569267,37,58,0.72,21,0.034285714,19
3157.185265,61,73,0.37,12,0.030833333,19
3157.185265,60,74,0.43,14,0.030714286,19
3157.185265,59,74,0.47,15,0.031333333,19
3157.185265,56,78,0.68,22,0.030909091,19
3157.143077,51,85,0.92,34,0.027058824,19
3157.143077,50,86,0.98,36,0.027222222,19
3156.98574,36,55,0.75,19,0.039473684,19
3156.893472,35,55,0.72,20,0.036,19
3156.790488,61,79,0.41,18,0.022777778,19
3156.705798,62,71,0.28,9,0.031111111,19
3156.705798,58,75,0.53,17,0.031176471,19
3156.621618,55,77,0.71,22,0.032272727,19
3156.621618,52,81,0.93,29,0.032068966,19
3156.485143,35,62,0.96,27,0.035555556,19
3156.354213,58,68,0.34,10,0.034,19
3156.354213,53,74,0.71,21,0.033809524,19
3156.311733,57,86,0.64,29,0.022068966,19
3156.282425,44,68,0.68,24,0.028333333,19
3156.270603,56,91,0.8,35,0.022857143,19
3156.25979,62,79,0.37,17,0.021764706,19
3156.094637,57,91,0.75,34,0.022058824,19
3156.042887,55,78,0.67,23,0.029130435,19
3156.042887,54,79,0.73,25,0.0292,19
3156.042887,53,80,0.79,27,0.029259259,19
3156.042887,50,84,0.99,34,0.029117647,19
3156.040459,37,55,0.62,18,0.034444444,19
3156.034248,42,57,0.53,15,0.035333333,19
3155.894844,52,84,0.85,32,0.0265625,19
3155.583431,36,55,0.72,19,0.037894737,19
3155.569277,64,79,0.32,15,0.021333333,19
3155.559884,58,77,0.58,19,0.030526316,19
3155.544803,54,78,0.71,24,0.029583333,19
3155.544803,52,81,0.85,29,0.029310345,19
3155.544803,51,82,0.91,31,0.029354839,19
3155.453105,58,76,0.5,18,0.027777778,19
3155.453105,56,78,0.61,22,0.027727273,19
3155.362824,61,84,0.62,23,0.026956522,19
3155.346357,52,82,0.87,30,0.029,19
3155.346357,51,83,0.93,32,0.0290625,19
3155.343643,36,50,0.55,14,0.039285714,19
3155.254274,34,58,0.91,24,0.037916667,19
3155.145238,36,54,0.67,18,0.037222222,19
3154.6294,55,94,0.84,39,0.021538462,19
3154.6294,54,96,0.9,42,0.021428571,19
3154.494776,45,76,0.79,31,0.025483871,19
3154.244029,50,58,0.21,8,0.02625,19
3154.208847,56,89,0.71,33,0.021515152,19
3154.162456,34,63,0.95,29,0.032758621,19
3154.083529,34,57,0.92,23,0.04,19
3154.047127,44,54,0.36,10,0.036,19
3154.015894,38,51,0.49,13,0.037692308,19
3153.96971,68,81,0.27,13,0.020769231,19
3153.732355,51,84,0.9,33,0.027272727,19
3153.732355,50,85,0.96,35,0.027428571,19
3153.51454,41,58,0.61,17,0.035882353,19
3153.403015,54,78,0.69,24,0.02875,19
3153.299377,58,67,0.31,9,0.034444444,19
3153.241162,48,56,0.24,8,0.03,19
3153.212053,46,79,0.05,33,0.001515152,19
3153.058125,60,88,0.62,28,0.022142857,19
3153.058125,58,90,0.71,32,0.0221875,19
3152.747889,59,87,0.7,28,0.025,19
3152.728645,40,67,0.89,27,0.032962963,19
3152.524392,56,88,0.7,32,0.021875,19
3152.364094,63,80,0.45,17,0.026470588,19
3152.364094,60,84,0.63,24,0.02625,19
3152.364094,56,89,0.86,33,0.026060606,19
3152.360034,60,71,0.32,11,0.029090909,19
3152.327485,53,82,0.79,29,0.027241379,19
3152.319752,34,55,0.73,21,0.034761905,19
3152.229348,53,81,0.79,28,0.028214286,19
3152.138148,42,51,0.3,9,0.033333333,19
3151.736229,57,85,0.73,28,0.026071429,19
3151.736229,56,86,0.78,30,0.026,19
3151.453823,39,49,0.39,10,0.039,19
3151.432956,43,55,0.43,12,0.035833333,19
3151.331086,46,63,0.44,17,0.025882353,19
3151.279599,44,68,0.82,24,0.034166667,19
3151.278362,59,76,0.52,17,0.030588235,19
3151.26314,39,71,0.91,32,0.0284375,19
3151.130556,40,51,0.37,11,0.033636364,19
3150.981841,53,57,0.13,4,0.0325,19
3150.981841,51,59,0.26,8,0.0325,19
3150.864117,53,97,0.95,44,0.021590909,19
3150.764266,50,86,0.97,36,0.026944444,19
3150.725143,67,76,0.19,9,0.021111111,19
3150.606902,35,54,0.74,19,0.038947368,19
3150.574039,65,80,0.31,15,0.020666667,19
3150.571692,37,62,0.91,25,0.0364,19
3150.231821,41,49,0.27,8,0.03375,19
3150.044751,42,70,0.96,28,0.034285714,19
3150.033908,40,57,0.61,17,0.035882353,19
3149.904293,65,82,0.35,17,0.020588235,19
3149.692817,34,51,0.67,17,0.039411765,19
3149.622809,63,88,0.49,25,0.0196,19
3149.62185,54,95,0.89,41,0.021707317,19
3149.618886,60,87,0.55,27,0.02037037,19
3149.458771,44,65,0.72,21,0.034285714,19
3149.457091,60,89,0.59,29,0.020344828,19
3149.300393,50,78,0.95,28,0.033928571,19
3148.6984,43,69,0.74,26,0.028461538,19
3148.541093,35,99,0.16,64,0.0025,19
3148.458459,36,61,0.93,25,0.0372,19
3148.232378,68,74,0.16,6,0.026666667,19
3148.232378,66,76,0.27,10,0.027,19
3148.232378,61,82,0.56,21,0.026666667,19
3148.227301,53,79,0.77,26,0.029615385,19
3148.227301,52,80,0.83,28,0.029642857,19
3148.227301,51,81,0.89,30,0.029666667,19
3148.227301,50,82,0.95,32,0.0296875,19
3148.18652,52,79,0.83,27,0.030740741,19
3148.082612,60,82,0.49,22,0.022272727,19
3148.028884,53,90,0.98,37,0.026486486,19
3147.961297,35,63,0.89,28,0.031785714,19
3147.833015,43,63,0.59,20,0.0295,19
3147.631598,37,48,0.48,11,0.043636364,19
3147.538812,55,93,0.93,38,0.024473684,19
3147.538812,54,94,0.98,40,0.0245,19
3147.484719,55,95,0.85,40,0.02125,19
3147.447104,56,73,0.55,17,0.032352941,19
3147.317373,51,85,0.93,34,0.027352941,19
3146.892931,48,61,0.44,13,0.033846154,19
3146.871634,65,76,0.31,11,0.028181818,19
3146.732549,61,88,0.54,27,0.02,19
3146.525903,54,91,0.94,37,0.025405405,19
3146.480691,33,60,0.99,27,0.036666667,19
3146.3733,51,77,0.87,26,0.033461538,19
3146.3733,50,78,0.94,28,0.033571429,19
3146.305139,43,69,0.89,26,0.034230769,19
3146.257977,35,58,0.87,23,0.037826087,19
3146.036406,50,87,0.98,37,0.026486486,19
3145.635785,40,63,0.7,23,0.030434783,19
3145.531698,60,84,0.51,24,0.02125,19
3145.504085,33,57,0.82,24,0.034166667,19
3145.168837,34,53,0.78,19,0.041052632,19
3145.108654,62,83,0.56,21,0.026666667,19
3144.750688,53,97,0.94,44,0.021363636,19
3144.591572,54,89,0.93,35,0.026571429,19
3144.586277,59,88,0.74,29,0.025517241,19
3144.570155,51,81,0.87,30,0.029,19
3144.500183,36,53,0.66,17,0.038823529,19
3144.496917,47,52,0.16,5,0.032,19
3144.4957,41,72,0.88,31,0.028387097,19
3144.456652,36,98,0.17,62,0.002741935,19
3144.422916,53,79,0.75,26,0.028846154,19
3144.403818,53,96,0.95,43,0.022093023,19
3144.284096,40,48,0.31,8,0.03875,19
3144.242947,59,84,0.66,25,0.0264,19
3144.223693,63,81,0.38,18,0.021111111,19
3144.068556,37,61,0.87,24,0.03625,19
3143.898161,36,55,0.71,19,0.037368421,19
3143.752455,38,61,0.84,23,0.036521739,19
3143.597967,42,71,0.82,29,0.028275862,19
3143.430765,54,90,0.92,36,0.025555556,19
3142.96135,50,85,0.95,35,0.027142857,19
3142.865525,39,55,0.62,16,0.03875,19
3142.85756,59,83,0.54,24,0.0225,19
3142.779218,40,61,0.71,21,0.033809524,19
3142.668706,40,61,0.65,21,0.030952381,19
3142.62205,54,91,0.96,37,0.025945946,19
3142.478517,35,53,0.65,18,0.036111111,19
3142.401029,62,81,0.49,19,0.025789474,19
3142.185921,57,81,0.64,24,0.026666667,19
3141.804038,59,89,0.66,30,0.022,19
3141.804038,58,91,0.72,33,0.021818182,19
3141.804038,56,93,0.81,37,0.021891892,19
3141.797455,65,77,0.31,12,0.025833333,19
3141.614072,36,97,0.18,61,0.00295082,19
3141.185303,64,66,0.06,2,0.03,19
3141.185303,63,67,0.12,4,0.03,19
3141.185303,62,68,0.18,6,0.03,19
3141.185303,61,69,0.24,8,0.03,19
3141.185303,60,70,0.3,10,0.03,19
3141.185303,59,71,0.36,12,0.03,19
3141.185303,56,75,0.57,19,0.03,19
3141.185303,55,76,0.63,21,0.03,19
3141.185303,54,77,0.69,23,0.03,19
3141.022089,44,50,0.21,6,0.035,19
3140.991071,61,87,0.53,26,0.020384615,19
3140.921871,39,56,0.56,17,0.032941176,19
3140.864565,59,85,0.67,26,0.025769231,19
3140.756589,62,89,0.53,27,0.01962963,19
3140.756589,61,90,0.57,29,0.019655172,19
3140.647496,40,54,0.46,14,0.032857143,19
3140.448939,54,94,0.92,40,0.023,19
3140.293664,57,77,0.62,20,0.031,19
3140.293664,54,80,0.81,26,0.031153846,19
3140.262343,32,58,0.9,26,0.034615385,19
3139.966374,43,47,0.15,4,0.0375,19
3139.952359,58,86,0.71,28,0.025357143,19
3139.952359,57,87,0.76,30,0.025333333,19
3139.952359,56,89,0.83,33,0.025151515,19
3139.952359,55,90,0.88,35,0.025142857,19
3139.899285,40,58,0.65,18,0.036111111,19
3139.787725,68,75,0.15,7,0.021428571,19
3139.657998,55,79,0.69,24,0.02875,19
3139.477749,49,63,0.39,14,0.027857143,19
3139.348344,41,49,0.3,8,0.0375,19
3139.252978,64,73,0.24,9,0.026666667,19
3139.252978,61,76,0.4,15,0.026666667,19
3139.195617,67,75,0.21,8,0.02625,19
3139.151409,51,84,0.96,33,0.029090909,19
3139.129675,39,54,0.59,15,0.039333333,19
3138.410135,57,69,0.41,12,0.034166667,19
3138.410135,52,75,0.78,23,0.033913043,19
3138.410135,51,76,0.85,25,0.034,19
3138.316416,42,71,0.81,29,0.027931034,19
3138.271298,50,83,0.97,33,0.029393939,19
3138.119128,42,70,0.8,28,0.028571429,19
3137.970663,34,56,0.85,22,0.038636364,19
3137.888367,39,59,0.72,20,0.036,19
3137.599994,45,66,0.54,21,0.025714286,19
3137.476584,67,77,0.26,10,0.026,19
3137.426582,63,81,0.49,18,0.027222222,19
3137.138004,50,82,0.98,32,0.030625,19
3136.921844,39,47,0.33,8,0.04125,19
3136.863488,57,86,0.74,29,0.025517241,19
3136.843503,53,82,0.83,29,0.02862069,19
3136.53817,35,60,0.96,25,0.0384,19
3136.426995,51,87,0.95,36,0.026388889,19
3136.026942,38,54,0.55,16,0.034375,19
3135.962623,56,77,0.66,21,0.031428571,19
3135.712295,55,92,0.94,37,0.025405405,19
3135.619146,42,53,0.39,11,0.035454545,19
3135.48628,57,76,0.59,19,0.031052632,19
3135.404728,34,65,0.96,31,0.030967742,19
3135.37257,36,50,0.59,14,0.042142857,19
3135.362501,34,59,0.87,25,0.0348,19
3135.354316,35,56,0.76,21,0.036190476,19
3135.164282,51,81,0.91,30,0.030333333,19
3135.143686,64,78,0.39,14,0.027857143,19
3135.112935,37,63,0.92,26,0.035384615,19
3134.807701,43,65,0.64,22,0.029090909,19
3134.771954,42,47,0.18,5,0.036,19
3134.702685,33,59,0.94,26,0.036153846,19
3134.315592,66,79,0.27,13,0.020769231,19
3134.060303,36,53,0.6,17,0.035294118,19
3134.045678,41,55,0.52,14,0.037142857,19
3134.007662,42,56,0.5,14,0.035714286,19
3133.955853,37,97,0.03,60,0.0005,19
3133.909116,40,46,0.25,6,0.041666667,19
3133.665006,55,88,0.85,33,0.025757576,19
3133.578305,54,95,0.9,41,0.02195122,19
3133.47397,53,83,0.83,30,0.027666667,19
3133.47397,51,86,0.96,35,0.027428571,19
3133.339458,44,46,0.07,2,0.035,19
3133.339458,43,47,0.14,4,0.035,19
3133.203944,53,80,0.8,27,0.02962963,19
3133.122791,36,97,0.17,61,0.002786885,19
3133.049153,36,56,0.69,20,0.0345,19
3132.968895,55,91,0.9,36,0.025,19
3132.229397,37,52,0.58,15,0.038666667,19
3131.907956,38,60,0.8,22,0.036363636,19
3131.252391,40,56,0.6,16,0.0375,19
3130.851351,36,56,0.75,20,0.0375,19
3130.74161,51,82,0.93,31,0.03,19
3130.702995,41,56,0.55,15,0.036666667,19
3130.541615,58,73,0.49,15,0.032666667,19
3130.454724,33,60,0.97,27,0.035925926,19
3130.318968,35,61,0.87,26,0.033461538,19
3130.307713,53,78,0.75,25,0.03,19
3130.122739,65,77,0.33,12,0.0275,19
3130.122739,63,79,0.44,16,0.0275,19
3130.076453,40,51,0.38,11,0.034545455,19
3130.03279,37,51,0.51,14,0.036428571,19
3129.9302,57,68,0.38,11,0.034545455,19
3129.877711,54,81,0.77,27,0.028518519,19
3129.863996,69,79,0.2,10,0.02,19
3129.502684,37,64,0.95,27,0.035185185,19
3129.341072,39,59,0.75,20,0.0375,19
3129.186225,39,67,0.95,28,0.033928571,19
3129.094927,32,56,0.9,24,0.0375,19
3129.081344,55,90,0.91,35,0.026,19
3128.768604,52,84,0.88,32,0.0275,19
3128.714384,66,79,0.34,13,0.026153846,19
3128.335911,64,82,0.37,18,0.020555556,19
3128.277907,52,83,0.89,31,0.028709677,19
3128.277907,51,84,0.95,33,0.028787879,19
3128.23842,55,92,0.92,37,0.024864865,19
3127.988472,37,65,0.94,28,0.033571429,19
3127.938794,56,91,0.87,35,0.024857143,19
3127.491595,43,61,0.54,18,0.03,19
3127.418464,56,88,0.84,32,0.02625,19
3127.277889,37,55,0.72,18,0.04,19
3127.273758,55,80,0.72,25,0.0288,19
3127.22891,60,85,0.67,25,0.0268,19
3127.144404,43,84,0.07,41,0.001707317,19
3127.143877,68,76,0.21,8,0.02625,19
3127.143877,62,83,0.55,21,0.026190476,19
3127.143877,61,84,0.6,23,0.026086957,19
3127.143877,60,86,0.67,26,0.025769231,19
3127.047245,64,81,0.45,17,0.026470588,19
3126.973195,68,74,0.13,6,0.021666667,19
3126.941158,34,62,0.96,28,0.034285714,19
3126.894232,69,78,0.19,9,0.021111111,19
3126.780623,58,76,0.51,18,0.028333333,19
3126.573785,37,49,0.5,12,0.041666667,19
3126.494824,55,93,0.85,38,0.022368421,19
3126.494824,54,95,0.91,41,0.022195122,19
3126.164935,36,59,0.8,23,0.034782609,19
3125.972808,38,95,0.03,57,0.000526316,19
3125.709544,46,51,0.16,5,0.032,19
3125.669219,64,79,0.39,15,0.026,19
3125.669219,63,80,0.44,17,0.025882353,19
3125.627312,63,87,0.49,24,0.020416667,19
3125.6241,34,52,0.7,18,0.038888889,19
3125.6241,33,53,0.78,20,0.039,19
3125.587946,60,68,0.27,8,0.03375,19
3125.538004,39,55,0.55,16,0.034375,19
3125.201494,35,57,0.76,22,0.034545455,19
3125.117018,39,69,0.97,30,0.032333333,19
3124.883715,54,74,0.66,20,0.033,19
3124.374942,40,69,0.83,29,0.02862069,19
3124.342849,63,70,0.2,7,0.028571429,19
3124.151022,37,55,0.71,18,0.039444444,19
3124.150094,41,48,0.28,7,0.04,19
3123.874903,52,82,0.88,30,0.029333333,19
3123.866775,43,55,0.38,12,0.031666667,19
3123.783887,38,92,0.07,54,0.001296296,19
3123.675303,64,82,0.46,18,0.025555556,19
3123.333004,37,53,0.59,16,0.036875,19
3123.172886,61,74,0.4,13,0.030769231,19
3122.855226,38,51,0.46,13,0.035384615,19
3122.85376,57,88,0.79,31,0.025483871,19
3122.714503,40,59,0.69,19,0.036315789,19
3122.711109,54,80,0.75,26,0.028846154,19
3122.617988,35,62,0.91,27,0.033703704,19
3122.598718,38,52,0.49,14,0.035,19
3122.485232,52,84,0.91,32,0.0284375,19
3122.360411,40,57,0.62,17,0.036470588,19
3122.354734,64,79,0.4,15,0.026666667,19
3121.799861,54,96,0.89,42,0.021190476,19
3121.788714,34,59,0.89,25,0.0356,19
3121.572759,56,90,0.92,34,0.027058824,19
3121.18348,46,67,0.57,21,0.027142857,19
3121.003763,59,88,0.6,29,0.020689655,19
3120.968448,36,69,0.99,33,0.03,19
3120.927015,44,60,0.48,16,0.03,19
3120.891117,51,53,0.06,2,0.03,19
3120.891117,50,54,0.12,4,0.03,19
3120.891117,49,55,0.18,6,0.03,19
3120.836274,63,80,0.47,17,0.027647059,19
3120.808733,47,57,0.3,10,0.03,19
3120.808733,46,58,0.36,12,0.03,19
3120.797243,35,53,0.63,18,0.035,19
3120.74272,38,53,0.59,15,0.039333333,19
3120.541107,63,81,0.47,18,0.026111111,19
3120.541107,63,82,0.49,19,0.025789474,19
3120.541107,62,82,0.52,20,0.026,19
3120.541107,59,86,0.7,27,0.025925926,19
3120.541107,58,87,0.75,29,0.025862069,19
3120.541107,58,88,0.77,30,0.025666667,19
3120.541107,57,89,0.82,32,0.025625,19
3120.541107,57,90,0.84,33,0.025454545,19
3120.541107,56,90,0.87,34,0.025588235,19
3120.541107,56,91,0.89,35,0.025428571,19
3120.405238,50,81,0.96,31,0.030967742,19
3120.224606,66,76,0.28,10,0.028,19
3120.189953,53,79,0.86,26,0.033076923,19
3119.854771,54,93,0.96,39,0.024615385,19
3119.086313,45,59,0.42,14,0.03,19
3119.009035,40,45,0.21,5,0.042,19
3118.911883,57,79,0.62,22,0.028181818,19
3118.897222,33,59,0.91,26,0.035,19
3118.877809,55,89,0.9,34,0.026470588,19
3118.872633,40,73,0.92,33,0.027878788,19
3118.692922,52,85,0.88,33,0.026666667,19
3118.672711,61,91,0.59,30,0.019666667,19
3118.627779,55,81,0.69,26,0.026538462,19
3118.627779,54,82,0.75,28,0.026785714,19
3118.591591,31,60,0.99,29,0.034137931,19
3118.521666,53,81,0.83,28,0.029642857,19
3118.50839,35,98,0.19,63,0.003015873,19
3118.081656,55,91,0.98,36,0.027222222,19
3117.792086,41,47,0.23,6,0.038333333,19
3117.724315,39,73,0.95,34,0.027941176,19
3117.52623,37,61,0.88,24,0.036666667,19
3117.434697,52,79,0.8,27,0.02962963,19
3117.167439,50,55,0.15,5,0.03,19
3117.167439,49,56,0.21,7,0.03,19
3116.969362,57,80,0.63,23,0.027391304,19
3116.904227,62,84,0.46,22,0.020909091,19
3116.904227,61,85,0.5,24,0.020833333,19
3116.665895,43,70,0.75,27,0.027777778,19
3116.640001,36,63,0.99,27,0.036666667,19
3116.617837,64,77,0.28,13,0.021538462,19
3116.617837,61,81,0.43,20,0.0215,19
3116.376565,72,76,0.08,4,0.02,19
3116.376565,71,77,0.12,6,0.02,19
3116.376565,70,78,0.16,8,0.02,19
3116.279792,52,80,0.93,28,0.033214286,19
3115.764995,54,88,0.89,34,0.026176471,19
3115.764995,53,89,0.95,36,0.026388889,19
3115.531558,50,63,0.32,13,0.024615385,19
3115.375712,55,95,0.86,40,0.0215,19
3115.329601,36,56,0.72,20,0.036,19
3115.291736,55,79,0.66,24,0.0275,19
3115.22675,36,62,0.82,26,0.031538462,19
3115.144553,70,75,0.13,5,0.026,19
3115.144553,62,84,0.57,22,0.025909091,19
3115.022307,38,47,0.37,9,0.041111111,19
3114.818426,40,54,0.48,14,0.034285714,19
3114.75832,33,54,0.88,21,0.041904762,19
3114.757374,46,66,0.51,20,0.0255,19
3114.702717,39,58,0.7,19,0.036842105,19
3114.653929,55,87,0.86,32,0.026875,19
3114.407812,44,53,0.29,9,0.032222222,19
3114.383613,51,83,0.94,32,0.029375,19
3114.345434,60,87,0.56,27,0.020740741,19
3114.163149,39,61,0.78,22,0.035454545,19
3114.085789,34,59,0.94,25,0.0376,19
3114.066328,35,58,0.91,23,0.039565217,19
3114.011813,56,72,0.53,16,0.033125,19
3113.941246,58,86,0.73,28,0.026071429,19
3113.931966,52,82,0.84,30,0.028,19
3113.693086,61,82,0.55,21,0.026190476,19
3113.59291,40,49,0.34,9,0.037777778,19
3113.495336,53,81,0.81,28,0.028928571,19
3113.396748,34,51,0.74,17,0.043529412,19
3112.976061,38,59,0.77,21,0.036666667,19
3112.86633,52,81,0.86,29,0.029655172,19
3112.835734,44,65,0.55,21,0.026190476,19
3112.727643,60,88,0.57,28,0.020357143,19
3112.661157,37,56,0.64,19,0.033684211,19
3112.658339,43,54,0.4,11,0.036363636,19
3112.64642,35,62,0.88,27,0.032592593,19
3112.583403,37,52,0.57,15,0.038,19
3112.482902,40,68,0.81,28,0.028928571,19
3112.468638,35,53,0.66,18,0.036666667,19
3112.431325,57,77,0.57,20,0.0285,19
3112.42555,47,58,0.33,11,0.03,19
3112.374851,51,82,0.92,31,0.029677419,19
3112.374851,50,83,0.98,33,0.02969697,19
3112.287589,57,89,0.75,32,0.0234375,19
3112.198016,58,85,0.6,27,0.022222222,19
3112.018652,64,80,0.42,16,0.02625,19
3112.018652,64,81,0.44,17,0.025882353,19
3112.018652,61,83,0.58,22,0.026363636,19
3112.018652,60,85,0.65,25,0.026,19
3112.018652,59,87,0.72,28,0.025714286,19
3112.018652,58,87,0.76,29,0.026206897,19
3112.018652,57,88,0.81,31,0.026129032,19
3112.018652,56,90,0.88,34,0.025882353,19
3112.018652,55,91,0.93,36,0.025833333,19
3111.998595,53,84,0.82,31,0.026451613,19
3111.929771,66,80,0.29,14,0.020714286,19
3111.86505,37,48,0.43,11,0.039090909,19
3111.502058,34,57,0.83,23,0.036086957,19
3111.266807,34,55,0.84,21,0.04,19
3111.079986,51,84,0.91,33,0.027575758,19
3110.898499,36,60,0.92,24,0.038333333,19
3110.765295,41,72,0.87,31,0.028064516,19
3110.579919,59,84,0.68,25,0.0272,19
3110.579919,57,87,0.81,30,0.027,19
3110.544243,36,59,0.79,23,0.034347826,19
3110.521241,45,48,0.1,3,0.033333333,19
3110.454728,39,70,0.89,31,0.028709677,19
3110.396579,36,59,0.89,23,0.038695652,19
3110.099604,39,53,0.56,14,0.04,19
3110.08843,55,94,0.85,39,0.021794872,19
3110.049714,35,61,0.88,26,0.033846154,19
3109.960669,37,97,0.15,60,0.0025,19
3109.869827,52,86,0.93,34,0.027352941,19
3109.869827,51,87,0.99,36,0.0275,19
3109.782507,63,72,0.25,9,0.027777778,19
3109.782507,60,76,0.44,16,0.0275,19
3109.681227,35,56,0.7,21,0.033333333,19
3109.620642,34,54,0.74,20,0.037,19
3109.528065,40,72,0.89,32,0.0278125,19
3109.519548,39,57,0.64,18,0.035555556,19
3109.407813,53,96,0.97,43,0.02255814,19
3109.308551,32,55,0.97,23,0.042173913,19
3109.084599,63,69,0.19,6,0.031666667,19
3109.075833,58,77,0.54,19,0.028421053,19
3109.063752,49,64,0.37,15,0.024666667,19
3109.044002,52,64,0.29,12,0.024166667,19
3108.920462,50,81,0.93,31,0.03,19
3108.78192,39,59,0.73,20,0.0365,19
3108.607366,59,86,0.73,27,0.027037037,19
3108.607366,58,87,0.79,29,0.027241379,19
3108.607366,57,89,0.86,32,0.026875,19
3108.58893,34,58,0.95,24,0.039583333,19
3108.487361,66,82,0.31,16,0.019375,19
3108.40257,50,82,0.94,32,0.029375,19
3108.27286,56,82,0.7,26,0.026923077,19
3108.271736,35,58,0.79,23,0.034347826,19
3107.970014,44,68,0.66,24,0.0275,19
3107.944287,53,78,0.76,25,0.0304,19
3107.90327,56,93,0.8,37,0.021621622,19
3107.459686,35,59,0.93,24,0.03875,19
3107.194657,39,68,0.97,29,0.033448276,19
3107.140758,46,59,0.39,13,0.03,19
3106.989256,57,83,0.6,26,0.023076923,19
3106.868839,54,77,0.7,23,0.030434783,19
3106.776571,52,84,0.93,32,0.0290625,19
3106.585529,35,63,0.9,28,0.032142857,19
3106.551547,38,47,0.35,9,0.038888889,19
3106.34281,54,88,0.77,34,0.022647059,19
3106.334983,64,84,0.41,20,0.0205,19
3106.246008,54,81,0.78,27,0.028888889,19
3106.088881,34,60,0.94,26,0.036153846,19
3105.955254,38,64,0.8,26,0.030769231,19
3105.912572,44,81,0.06,37,0.001621622,19
3105.889984,52,78,0.79,26,0.030384615,19
3105.71551,50,86,0.99,36,0.0275,19
3105.598547,55,93,0.86,38,0.022631579,19
3105.538563,38,93,0.05,55,0.000909091,19
3105.444354,37,60,0.85,23,0.036956522,19
3105.436682,52,83,0.85,31,0.027419355,19
3105.436256,57,87,0.79,30,0.026333333,19
3105.353026,57,90,0.86,33,0.026060606,19
3105.305718,34,59,0.95,25,0.038,19
3105.193759,50,60,0.33,10,0.033,19
3105.146316,33,57,0.93,24,0.03875,19
3105.129565,66,75,0.25,9,0.027777778,19
3105.031076,40,45,0.2,5,0.04,19
3104.881704,40,55,0.54,15,0.036,19
3104.740006,57,92,0.76,35,0.021714286,19
3104.730258,38,62,0.86,24,0.035833333,19
3104.594776,53,96,0.98,43,0.022790698,19
3104.389368,67,75,0.22,8,0.0275,19
3104.145563,53,79,0.78,26,0.03,19
3104.007701,38,96,0.03,58,0.000517241,19
3103.989199,43,58,0.51,15,0.034,19
3103.833085,61,86,0.51,25,0.0204,19
3103.382268,47,59,0.32,12,0.026666667,19
3103.35627,54,92,0.98,38,0.025789474,19
3103.336741,45,51,0.22,6,0.036666667,19
3103.204649,41,68,0.77,27,0.028518519,19
3103.168051,42,47,0.2,5,0.04,19
3103.142957,58,76,0.52,18,0.028888889,19
3103.116755,40,74,0.94,34,0.027647059,19
3102.839404,64,83,0.39,19,0.020526316,19
3102.677834,59,87,0.73,28,0.026071429,19
3102.677834,56,91,0.91,35,0.026,19
3102.627129,40,70,0.85,30,0.028333333,19
3102.331178,68,75,0.18,7,0.025714286,19
3102.305147,42,70,0.79,28,0.028214286,19
3102.26237,50,56,0.16,6,0.026666667,19
3102.246662,58,89,0.8,31,0.025806452,19
3102.246662,55,93,0.98,38,0.025789474,19
3102.2465,38,64,0.88,26,0.033846154,19
3102.013714,52,85,0.91,33,0.027575758,19
3101.519453,36,60,0.8,24,0.033333333,19
3101.399304,35,51,0.64,16,0.04,19
3100.974971,37,96,0.04,59,0.000677966,19
3100.915807,38,57,0.73,19,0.038421053,19
3100.784389,47,62,0.51,15,0.034,19
3100.711172,36,55,0.64,19,0.033684211,19
3100.485171,62,82,0.55,20,0.0275,19
3100.485171,60,85,0.68,25,0.0272,19
3100.389486,48,57,0.27,9,0.03,19
3100.350824,57,88,0.85,31,0.027419355,19
3100.304859,38,55,0.61,17,0.035882353,19
3100.186646,40,74,0.95,34,0.027941176,19
3100.135717,34,65,0.99,31,0.031935484,19
3099.971329,64,80,0.41,16,0.025625,19
3099.732925,54,91,0.93,37,0.025135135,19
3099.720854,51,83,0.9,32,0.028125,19
3099.581476,57,84,0.73,27,0.027037037,19
3099.581476,56,85,0.79,29,0.027241379,19
3099.540882,37,60,0.82,23,0.035652174,19
3099.53706,60,85,0.52,25,0.0208,19
3099.416469,41,67,0.75,26,0.028846154,19
3099.231447,56,78,0.63,22,0.028636364,19
3099.09079,40,75,0.93,35,0.026571429,19
3098.908313,39,69,0.87,30,0.029,19
3098.745746,53,98,0.96,45,0.021333333,19
3097.860427,65,80,0.39,15,0.026,19
3097.774702,39,54,0.5,15,0.033333333,19
3097.738565,55,91,0.85,36,0.023611111,19
3097.581757,42,49,0.24,7,0.034285714,19
3097.517911,39,63,0.81,24,0.03375,19
3097.50019,38,48,0.42,10,0.042,19
3097.39853,37,68,0.92,31,0.029677419,19
3097.367223,70,73,0.08,3,0.026666667,19
3097.367223,65,79,0.37,14,0.026428571,19
3097.367223,62,82,0.53,20,0.0265,19
3097.292281,55,93,0.84,38,0.022105263,19
3097.269002,63,85,0.45,22,0.020454545,19
3097.124702,36,61,0.81,25,0.0324,19
3097.086502,34,58,0.88,24,0.036666667,19
3097.011105,53,98,0.97,45,0.021555556,19
3096.938026,42,50,0.32,8,0.04,19
3096.938026,41,51,0.4,10,0.04,19
3096.802134,52,86,0.89,34,0.026176471,19
3096.674424,60,79,0.44,19,0.023157895,19
3096.430057,39,55,0.53,16,0.033125,19
3096.317767,46,67,0.58,21,0.027619048,19
3096.182527,40,49,0.32,9,0.035555556,19
3096.138067,60,82,0.57,22,0.025909091,19
3095.631348,60,72,0.35,12,0.029166667,19
3095.364451,54,93,0.91,39,0.023333333,19
3095.351982,55,78,0.68,23,0.029565217,19
3095.351982,54,79,0.74,25,0.0296,19
3095.293408,35,59,0.85,24,0.035416667,19
3095.145512,64,78,0.38,14,0.027142857,19
3095.145512,62,80,0.49,18,0.027222222,19
3095.145512,60,83,0.62,23,0.026956522,19
3094.901624,36,99,0.15,63,0.002380952,19
3094.756907,67,79,0.25,12,0.020833333,19
3094.65305,52,80,0.84,28,0.03,19
3094.518467,38,59,0.74,21,0.035238095,19
3094.441318,40,62,0.74,22,0.033636364,19
3094.340667,53,82,0.84,29,0.028965517,19
3094.260005,41,51,0.35,10,0.035,19
3094.260005,40,52,0.42,12,0.035,19
3094.234308,40,50,0.37,10,0.037,19
3094.234308,38,52,0.52,14,0.037142857,19
3094.148211,51,87,0.94,36,0.026111111,19
3094.116151,42,67,0.72,25,0.0288,19
3093.971644,57,86,0.77,29,0.026551724,19
3093.780777,53,76,0.76,23,0.033043478,19
3093.599933,56,80,0.68,24,0.028333333,19
3093.599933,55,81,0.74,26,0.028461538,19
3093.520617,43,58,0.47,15,0.031333333,19
3093.454853,51,80,0.89,29,0.030689655,19
3093.39228,50,83,0.99,33,0.03,19
3093.260985,34,52,0.73,18,0.040555556,19
3093.128036,36,55,0.67,19,0.035263158,19
3092.844748,35,67,0.99,32,0.0309375,19
3092.838492,56,86,0.8,30,0.026666667,19
3092.365348,54,78,0.78,24,0.0325,19
3092.215222,42,50,0.29,8,0.03625,19
3092.047697,51,61,0.28,10,0.028,19
3091.964214,51,88,0.96,37,0.025945946,19
3091.61006,65,78,0.36,13,0.027692308,19
3091.438008,59,69,0.34,10,0.034,19
3091.348039,63,86,0.48,23,0.020869565,19
3091.327189,53,84,0.87,31,0.028064516,19
3091.228308,44,56,0.38,12,0.031666667,19
3091.12414,45,65,0.67,20,0.0335,19
3091.070373,51,86,0.93,35,0.026571429,19
3091.00587,41,69,0.79,28,0.028214286,19
3090.862531,67,83,0.31,16,0.019375,19
3090.836321,61,88,0.57,27,0.021111111,19
3090.836321,59,91,0.67,32,0.0209375,19
3090.704674,62,82,0.51,20,0.0255,19
3090.619452,66,74,0.23,8,0.02875,19
3090.500089,35,57,0.83,22,0.037727273,19
3090.490244,36,68,0.97,32,0.0303125,19
3090.435369,37,65,0.86,28,0.030714286,19
3090.401568,50,85,0.98,35,0.028,19
3090.311782,35,58,0.86,23,0.037391304,19
3090.233858,41,74,0.83,33,0.025151515,19
3090.216401,35,55,0.75,20,0.0375,19
3090.165816,34,52,0.77,18,0.042777778,19
3090.165816,33,53,0.86,20,0.043,19
3090.165816,32,55,0.98,23,0.042608696,19
3090.094554,68,77,0.19,9,0.021111111,19
3090.0532,60,83,0.63,23,0.027391304,19
3090.0532,59,84,0.69,25,0.0276,19
3089.900224,39,59,0.74,20,0.037,19
3089.715027,51,60,0.23,9,0.025555556,19
3089.684671,41,50,0.31,9,0.034444444,19
3089.640629,55,85,0.69,30,0.023,19
3089.181246,40,58,0.66,18,0.036666667,19
3089.177426,58,85,0.72,27,0.026666667,19
3089.156394,41,65,0.71,24,0.029583333,19
3088.751248,56,87,0.82,31,0.026451613,19
3088.510551,54,61,0.17,7,0.024285714,19
3088.27126,47,53,0.19,6,0.031666667,19
3088.213609,52,79,0.82,27,0.03037037,19
3088.175957,61,70,0.27,9,0.03,19
3088.175957,60,71,0.33,11,0.03,19
3088.163425,61,80,0.53,19,0.027894737,19
3088.163425,57,85,0.78,28,0.027857143,19
3088.090606,69,74,0.13,5,0.026,19
3088.090606,65,78,0.34,13,0.026153846,19
3088.090606,60,84,0.62,24,0.025833333,19
3088.075967,53,81,0.82,28,0.029285714,19
3088.027013,34,55,0.74,21,0.035238095,19
3087.986254,36,58,0.74,22,0.033636364,19
3087.841421,67,73,0.17,6,0.028333333,19
3087.841421,64,76,0.34,12,0.028333333,19
3087.841421,60,81,0.59,21,0.028095238,19
3087.841421,59,82,0.65,23,0.02826087,19
3087.626126,57,74,0.56,17,0.032941176,19
3087.531585,36,96,0.18,60,0.003,19
3087.466753,37,67,0.91,30,0.030333333,19
3087.316032,61,81,0.52,20,0.026,19
3087.246138,52,81,0.94,29,0.032413793,19
3087.225134,44,64,0.58,20,0.029,19
3087.202775,36,50,0.54,14,0.038571429,19
3087.170008,53,92,0.99,39,0.025384615,19
3087.128389,37,63,0.94,26,0.036153846,19
3087.112108,51,81,0.92,30,0.030666667,19
3087.024268,59,75,0.46,16,0.02875,19
3086.581886,63,83,0.52,20,0.026,19
3086.581886,60,86,0.68,26,0.026153846,19
3086.226713,37,54,0.58,17,0.034117647,19
3086.09378,40,73,0.93,33,0.028181818,19
3085.882373,53,82,0.85,29,0.029310345,19
3085.882373,52,83,0.91,31,0.029354839,19
3085.875578,43,51,0.28,8,0.035,19
3085.842452,58,88,0.7,30,0.023333333,19
3085.783641,57,78,0.6,21,0.028571429,19
3085.783641,56,79,0.66,23,0.028695652,19
3085.768906,38,55,0.58,17,0.034117647,19
3085.75674,35,50,0.62,15,0.041333333,19
3085.488757,35,54,0.67,19,0.035263158,19
3085.453336,55,80,0.77,25,0.0308,19
3085.378544,55,92,0.98,37,0.026486486,19
3085.268197,34,52,0.72,18,0.04,19
3085.2664,36,57,0.78,21,0.037142857,19
3085.251166,36,62,0.96,26,0.036923077,19
3085.045118,55,76,0.7,21,0.033333333,19
3085.031873,59,86,0.71,27,0.026296296,19
3085.031873,58,88,0.78,30,0.026,19
3085.031873,57,89,0.83,32,0.0259375,19
3085.031873,56,90,0.89,34,0.026176471,19
3085.031873,56,91,0.9,35,0.025714286,19
3085.031873,55,92,0.96,37,0.025945946,19
3085.013066,58,83,0.7,25,0.028,19
3085.00224,61,82,0.57,21,0.027142857,19
3084.855259,36,61,0.94,25,0.0376,19
3084.728446,37,96,0.03,59,0.000508475,19
3084.46281,34,60,0.93,26,0.035769231,19
3084.424618,40,67,0.79,27,0.029259259,19
3084.194215,50,87,0.99,37,0.026756757,19
3084.046177,62,85,0.47,23,0.020434783,19
3084.044396,46,67,0.52,21,0.024761905,19
3084.031612,56,79,0.71,23,0.030869565,19
3083.868785,38,46,0.33,8,0.04125,19
3083.583939,60,89,0.61,29,0.021034483,19
3083.551436,33,57,0.94,24,0.039166667,19
3083.43517,58,72,0.47,14,0.033571429,19
3083.376436,59,86,0.69,27,0.025555556,19
3082.973937,51,86,0.92,35,0.026285714,19
3082.89643,54,80,0.82,26,0.031538462,19
3082.882042,54,82,0.8,28,0.028571429,19
3082.882042,53,83,0.86,30,0.028666667,19
3082.882042,52,85,0.93,33,0.028181818,19
3082.882042,51,86,0.99,35,0.028285714,19
3082.849149,64,84,0.42,20,0.021,19
3082.845239,41,43,0.08,2,0.04,19
3082.845239,40,44,0.16,4,0.04,19
3082.743543,50,84,0.96,34,0.028235294,19
3082.727483,37,47,0.41,10,0.041,19
3082.635913,38,58,0.72,20,0.036,19
3082.6067,54,83,0.8,29,0.027586207,19
3082.6067,53,84,0.86,31,0.027741935,19
3082.381557,67,76,0.24,9,0.026666667,19
3082.381454,65,81,0.33,16,0.020625,19
3082.376296,37,53,0.6,16,0.0375,19
3082.319571,55,92,0.86,37,0.023243243,19
3082.259029,52,84,0.92,32,0.02875,19
3082.115558,38,61,0.85,23,0.036956522,19
3082.045025,38,60,0.82,22,0.037272727,19
3081.943564,58,86,0.72,28,0.025714286,19
3081.86689,45,68,0.64,23,0.027826087,19
3081.335754,39,51,0.46,12,0.038333333,19
3081.270729,56,75,0.63,19,0.033157895,19
3081.169192,36,99,0.17,63,0.002698413,19
3080.997563,67,74,0.19,7,0.027142857,19
3080.997563,62,80,0.48,18,0.026666667,19
3080.997563,60,82,0.59,22,0.026818182,19
3080.818902,42,52,0.33,10,0.033,19
3080.795707,42,66,0.69,24,0.02875,19
3080.730709,39,54,0.51,15,0.034,19
3080.597892,58,87,0.74,29,0.025517241,19
3080.597892,56,90,0.86,34,0.025294118,19
3080.443973,41,87,0.07,46,0.001521739,19
3080.305225,62,81,0.51,19,0.026842105,19
3080.305225,59,85,0.69,26,0.026538462,19
3080.081063,39,58,0.71,19,0.037368421,19
3080.021711,45,64,0.65,19,0.034210526,19
3079.963395,41,57,0.51,16,0.031875,19
3079.955324,46,68,0.56,22,0.025454545,19
3079.940249,54,94,0.9,40,0.0225,19
3079.835118,45,66,0.62,21,0.02952381,19
3079.284451,39,64,0.76,25,0.0304,19
3079.041764,65,85,0.41,20,0.0205,19
3079.041764,62,89,0.55,27,0.02037037,19
3079.041764,61,89,0.58,28,0.020714286,19
3078.79807,34,59,0.86,25,0.0344,19
3078.735449,43,53,0.37,10,0.037,19
3078.608706,48,65,0.42,17,0.024705882,19
3078.556797,67,76,0.25,9,0.027777778,19
3078.49236,35,62,0.9,27,0.033333333,19
3078.404014,65,66,0.03,1,0.03,19
3078.404014,64,67,0.09,3,0.03,19
3078.404014,63,68,0.15,5,0.03,19
3078.404014,62,69,0.21,7,0.03,19
3078.382546,51,81,0.9,30,0.03,19
3078.382546,50,82,0.96,32,0.03,19
3078.375826,64,78,0.36,14,0.025714286,19
3078.375826,63,79,0.41,16,0.025625,19
3078.361706,60,92,0.65,32,0.0203125,19
3078.361706,59,93,0.69,34,0.020294118,19
3078.3035,59,72,0.39,13,0.03,19
3078.3035,58,73,0.45,15,0.03,19
3078.106564,37,97,0.04,60,0.000666667,19
3078.02385,56,84,0.79,28,0.028214286,19
3078.02385,55,85,0.85,30,0.028333333,19
3077.29049,37,60,0.86,23,0.037391304,19
3077.253868,57,93,0.75,36,0.020833333,19
3077.190177,53,75,0.73,22,0.033181818,19
3076.704922,54,77,0.77,23,0.033478261,19
3076.564926,39,53,0.49,14,0.035,19
3076.456655,42,72,0.82,30,0.027333333,19
3076.290566,58,73,0.44,15,0.029333333,19
3076.011088,35,57,0.79,22,0.035909091,19
3075.917027,37,53,0.63,16,0.039375,19
3075.884246,58,88,0.79,30,0.026333333,19
3075.859896,59,84,0.67,25,0.0268,19
3075.744512,63,81,0.46,18,0.025555556,19
3075.579675,49,76,0.94,27,0.034814815,19
3075.496613,54,82,0.78,28,0.027857143,19
3075.339801,58,74,0.51,16,0.031875,19
3075.190383,51,85,0.99,34,0.029117647,19
3075.099189,57,73,0.54,16,0.03375,19
3074.901154,65,83,0.37,18,0.020555556,19
3074.817313,53,83,0.84,30,0.028,19
3074.579506,51,84,0.98,33,0.02969697,19
3074.529471,63,78,0.42,15,0.028,19
3074.529471,62,79,0.48,17,0.028235294,19
3074.505351,32,56,0.97,24,0.040416667,19
3074.302602,43,56,0.41,13,0.031538462,19
3074.142682,34,60,0.88,26,0.033846154,19
3074.063207,35,59,0.82,24,0.034166667,19
3073.81501,53,80,0.76,27,0.028148148,19
3073.537208,33,61,0.96,28,0.034285714,19
3073.336295,52,85,0.87,33,0.026363636,19
3073.258803,38,59,0.78,21,0.037142857,19
3073.220897,65,75,0.28,10,0.028,19
3073.112837,51,84,0.97,33,0.029393939,19
3073.073136,44,69,0.68,25,0.0272,19
3072.954723,51,84,0.93,33,0.028181818,19
3072.954723,50,85,0.99,35,0.028285714,19
3072.86444,46,63,0.58,17,0.034117647,19
3072.70491,54,88,0.92,34,0.027058824,19
3072.70491,53,89,0.98,36,0.027222222,19
3072.70491,53,90,0.99,37,0.026756757,19
3072.54202,61,85,0.55,24,0.022916667,19
3072.541523,35,98,0.18,63,0.002857143,19
3072.437355,33,58,0.85,25,0.034,19
3072.368875,39,51,0.45,12,0.0375,19
3072.34626,65,77,0.25,12,0.020833333,19
3072.320994,59,89,0.61,30,0.020333333,19
3072.27178,63,82,0.39,19,0.020526316,19
3072.208673,53,83,0.85,30,0.028333333,19
3072.157155,49,82,0.99,33,0.03,19
3072.014613,50,84,0.97,34,0.028529412,19
3071.557326,61,83,0.57,22,0.025909091,19
3071.499158,36,54,0.66,18,0.036666667,19
3071.38011,36,56,0.8,20,0.04,19
3071.243325,44,83,0.05,39,0.001282051,19
3071.240144,57,75,0.54,18,0.03,19
3071.240144,56,76,0.6,20,0.03,19
3071.157708,62,85,0.52,23,0.022608696,19
3071.039432,38,65,0.9,27,0.033333333,19
3071.007,34,58,0.84,24,0.035,19
3070.932423,53,87,0.89,34,0.026176471,19
3070.835946,32,55,0.9,23,0.039130435,19
3070.826628,40,49,0.33,9,0.036666667,19
3070.790448,52,85,0.92,33,0.027878788,19
3070.723949,37,59,0.72,22,0.032727273,19
3070.720305,59,82,0.61,23,0.026521739,19
3070.45694,44,66,0.74,22,0.033636364,19
3070.418607,53,63,0.24,10,0.024,19
3070.169564,36,54,0.72,18,0.04,19
3070.165022,36,62,0.97,26,0.037307692,19
3070.104022,56,89,0.87,33,0.026363636,19
3070.104022,55,91,0.94,36,0.026111111,19
3070.104022,55,92,0.95,37,0.025675676,19
3070.080795,67,78,0.23,11,0.020909091,19
3069.874573,41,51,0.34,10,0.034,19
3069.82896,55,91,0.92,36,0.025555556,19
3069.652904,63,77,0.4,14,0.028571429,19
3069.602818,58,85,0.69,27,0.025555556,19
3069.282583,60,85,0.66,25,0.0264,19
3069.235265,34,57,0.85,23,0.036956522,19
3069.2309,49,59,0.29,10,0.029,19
3069.215171,41,54,0.46,13,0.035384615,19
3069.163083,60,86,0.6,26,0.023076923,19
3069.066889,57,78,0.59,21,0.028095238,19
3069.064636,55,92,0.85,37,0.022972973,19
3069.023672,32,55,0.89,23,0.038695652,19
3068.995367,38,51,0.5,13,0.038461538,19
3068.959071,52,81,0.82,29,0.028275862,19
3068.959071,51,82,0.88,31,0.028387097,19
3068.721924,55,78,0.64,23,0.027826087,19
3068.720356,37,49,0.51,12,0.0425,19
3068.638772,61,71,0.29,10,0.029,19
3068.531468,35,55,0.76,20,0.038,19
3068.519553,38,53,0.51,15,0.034,19
3068.237198,54,79,0.7,25,0.028,19
3068.110366,66,77,0.3,11,0.027272727,19
3068.110366,61,82,0.58,21,0.027619048,19
3067.820811,37,51,0.56,14,0.04,19
3067.820811,36,52,0.64,16,0.04,19
3067.7729,63,71,0.25,8,0.03125,19
3067.60701,71,74,0.08,3,0.026666667,19
3067.60701,68,77,0.24,9,0.026666667,19
3067.523314,57,74,0.5,17,0.029411765,19
3067.523314,56,75,0.56,19,0.029473684,19
3067.523314,55,76,0.62,21,0.02952381,19
3067.523314,54,77,0.68,23,0.029565217,19
3067.523314,53,79,0.76,26,0.029230769,19
3067.523314,52,80,0.82,28,0.029285714,19
3067.425156,36,53,0.65,17,0.038235294,19
3067.322877,52,59,0.17,7,0.024285714,19
3067.103746,42,56,0.51,14,0.036428571,19
3067.096884,50,82,0.97,32,0.0303125,19
3066.999279,67,81,0.27,14,0.019285714,19
3066.994987,63,79,0.45,16,0.028125,19
3066.57377,58,70,0.41,12,0.034166667,19
3066.530145,52,83,0.87,31,0.028064516,19
3066.358305,67,80,0.27,13,0.020769231,19
3066.301193,35,53,0.73,18,0.040555556,19
3066.244109,48,61,0.34,13,0.026153846,19
3066.205665,65,80,0.33,15,0.022,19
3066.004846,36,49,0.53,13,0.040769231,19
3065.843095,32,57,0.91,25,0.0364,19
3065.737869,32,54,0.93,22,0.042272727,19
3065.63666,47,60,0.38,13,0.029230769,19
3065.632768,35,55,0.74,20,0.037,19
3065.592395,54,91,0.95,37,0.025675676,19
3065.491202,52,85,0.94,33,0.028484848,19
3065.425349,63,80,0.35,17,0.020588235,19
3065.277992,37,53,0.54,16,0.03375,19
3065.117054,36,67,0.95,31,0.030645161,19
3065.017018,41,57,0.59,16,0.036875,19
3064.908045,39,60,0.66,21,0.031428571,19
3064.884862,51,82,0.89,31,0.028709677,19
3064.639051,69,73,0.11,4,0.0275,19
3064.639051,68,75,0.19,7,0.027142857,19
3064.639051,64,79,0.41,15,0.027333333,19
3064.639051,62,81,0.52,19,0.027368421,19
3064.639051,62,82,0.54,20,0.027,19
3064.639051,60,84,0.65,24,0.027083333,19
3064.519462,54,92,0.9,38,0.023684211,19
3064.501068,65,76,0.3,11,0.027272727,19
3064.501068,63,78,0.41,15,0.027333333,19
3064.501068,61,81,0.54,20,0.027,19
3064.501068,59,83,0.65,24,0.027083333,19
3064.501068,56,87,0.83,31,0.026774194,19
3064.444451,38,61,0.73,23,0.03173913,19
3064.269769,39,62,0.79,23,0.034347826,19
3063.733727,32,59,0.92,27,0.034074074,19
3063.607521,55,90,0.92,35,0.026285714,19
3063.607521,54,91,0.97,37,0.026216216,19
3063.556377,34,60,0.92,26,0.035384615,19
3063.422225,38,94,0.04,56,0.000714286,19
3063.406915,38,56,0.63,18,0.035,19
3063.344886,39,53,0.5,14,0.035714286,19
3063.344601,51,83,0.89,32,0.0278125,19
3063.099784,53,95,0.96,42,0.022857143,19
3063.040741,45,60,0.45,15,0.03,19
3063.029981,56,79,0.65,23,0.02826087,19
3062.99477,35,60,0.97,25,0.0388,19
3062.850588,32,60,0.99,28,0.035357143,19
3062.795203,59,71,0.37,12,0.030833333,19
3062.677554,55,88,0.74,33,0.022424242,19
3062.55712,63,84,0.43,21,0.02047619,19
3062.463432,40,49,0.38,9,0.042222222,19
3062.257316,67,80,0.29,13,0.022307692,19
3061.948102,66,81,0.32,15,0.021333333,19
3061.868159,54,86,0.83,32,0.0259375,19
3061.720645,55,89,0.89,34,0.026176471,19
3061.524579,51,85,0.98,34,0.028823529,19
3061.41783,55,91,0.86,36,0.023888889,19
3061.41783,54,93,0.92,39,0.023589744,19
3061.222714,58,95,0.75,37,0.02027027,19
3061.092706,53,95,0.97,42,0.023095238,19
3061.08856,35,55,0.69,20,0.0345,19
3061.08425,51,83,0.91,32,0.0284375,19
3061.043081,46,68,0.68,22,0.030909091,19
3060.936754,59,73,0.45,14,0.032142857,19
3060.936754,57,75,0.58,18,0.032222222,19
3060.936754,54,79,0.8,25,0.032,19
3060.851519,52,97,0.99,45,0.022,19
3060.786549,59,87,0.74,28,0.026428571,19
3060.750382,61,67,0.2,6,0.033333333,19
3060.750382,58,70,0.4,12,0.033333333,19
3060.750382,55,73,0.6,18,0.033333333,19
3060.750382,52,77,0.83,25,0.0332,19
3060.711958,43,71,0.71,28,0.025357143,19
3060.66089,51,86,0.94,35,0.026857143,19
3060.622552,36,61,0.9,25,0.036,19
3060.477242,53,82,0.82,29,0.028275862,19
3060.461849,59,87,0.65,28,0.023214286,19
3060.336955,59,86,0.55,27,0.02037037,19
3060.294207,61,82,0.46,21,0.021904762,19
3060.275817,65,79,0.36,14,0.025714286,19
3060.274941,60,77,0.46,17,0.027058824,19
3060.166312,66,79,0.35,13,0.026923077,19
3060.140415,38,52,0.54,14,0.038571429,19
3060.030438,60,75,0.46,15,0.030666667,19
3059.958866,34,57,0.78,23,0.033913043,19
3059.936437,58,88,0.8,30,0.026666667,19
3059.853187,54,77,0.71,23,0.030869565,19
3059.853187,52,79,0.84,27,0.031111111,19
3059.853187,52,80,0.86,28,0.030714286,19
3059.853187,50,82,0.99,32,0.0309375,19
3059.555045,67,70,0.08,3,0.026666667,19
3059.46655,54,79,0.75,25,0.03,19
3059.46655,53,80,0.81,27,0.03,19
3059.46655,52,81,0.87,29,0.03,19
3059.46655,52,81,0.88,29,0.030344828,19
3059.46655,51,82,0.94,31,0.030322581,19
3059.46655,51,83,0.96,32,0.03,19
3059.44961,58,89,0.7,31,0.022580645,19
3059.44961,57,90,0.75,33,0.022727273,19
3059.44961,56,92,0.81,36,0.0225,19
3059.346766,59,75,0.5,16,0.03125,19
3059.346766,56,78,0.69,22,0.031363636,19
3059.293958,59,88,0.66,29,0.022758621,19
3059.128596,33,58,0.94,25,0.0376,19
3059.117561,60,83,0.59,23,0.025652174,19
3059.048989,39,61,0.79,22,0.035909091,19
3058.985405,54,81,0.76,27,0.028148148,19
3058.87294,51,62,0.27,11,0.024545455,19
3058.868229,61,83,0.45,22,0.020454545,19
3058.70494,65,78,0.35,13,0.026923077,19
3058.70494,63,81,0.48,18,0.026666667,19
3058.70494,58,87,0.77,29,0.026551724,19
3058.57398,61,83,0.6,22,0.027272727,19
3058.472756,61,81,0.55,20,0.0275,19
3058.436783,52,89,0.95,37,0.025675676,19
3058.385911,63,80,0.46,17,0.027058824,19
3058.385911,61,83,0.59,22,0.026818182,19
3058.385911,61,84,0.61,23,0.026521739,19
3058.15375,60,82,0.61,22,0.027727273,19
3058.15375,58,85,0.74,27,0.027407407,19
3058.124483,34,65,0.97,31,0.031290323,19
3058.07927,56,86,0.68,30,0.022666667,19
3058.056453,54,88,0.91,34,0.026764706,19
3058.004652,57,75,0.52,18,0.028888889,19
3057.975189,54,78,0.73,24,0.030416667,19
3057.900604,54,58,0.13,4,0.0325,19
3057.900604,52,60,0.26,8,0.0325,19
3057.829143,55,86,0.85,31,0.027419355,19
3057.829143,54,87,0.91,33,0.027575758,19
3057.749869,40,52,0.48,12,0.04,19
3057.742887,46,75,0.74,29,0.025517241,19
3057.604599,63,82,0.5,19,0.026315789,19
3057.499836,60,82,0.62,22,0.028181818,19
3057.492107,56,75,0.58,19,0.030526316,19
3057.492107,53,79,0.79,26,0.030384615,19
3057.492107,52,80,0.85,28,0.030357143,19
3056.842943,34,64,0.98,30,0.032666667,19
3056.538129,37,59,0.84,22,0.038181818,19
3056.527853,56,89,0.91,33,0.027575758,19
3056.49318,39,77,0.95,38,0.025,19
3056.311555,33,58,0.9,25,0.036,19
3056.293423,53,79,0.85,26,0.032692308,19
3056.265179,37,58,0.82,21,0.039047619,19
3056.188034,68,78,0.21,10,0.021,19
3056.14969,49,59,0.34,10,0.034,19
3056.114447,65,83,0.35,18,0.019444444,19
3056.114447,64,84,0.39,20,0.0195,19
3055.975526,51,85,0.97,34,0.028529412,19
3055.817912,34,56,0.75,22,0.034090909,19
3055.643784,57,88,0.82,31,0.026451613,19
3055.566946,55,76,0.64,21,0.03047619,19
3055.32712,59,85,0.56,26,0.021538462,19
3055.26608,60,83,0.6,23,0.026086957,19
3055.24992,36,54,0.68,18,0.037777778,19
3055.194737,56,76,0.58,20,0.029,19
3055.081196,34,59,0.93,25,0.0372,19
3054.966677,57,88,0.8,31,0.025806452,19
3054.965688,33,53,0.82,20,0.041,19
3054.828519,36,62,0.98,26,0.037692308,19
3054.782842,58,85,0.56,27,0.020740741,19
3054.683707,52,82,0.85,30,0.028333333,19
3054.675856,62,75,0.35,13,0.026923077,19
3054.518031,63,70,0.22,7,0.031428571,19
3054.518031,62,72,0.31,10,0.031,19
3054.518031,58,76,0.56,18,0.031111111,19
3054.518031,55,79,0.75,24,0.03125,19
3054.461457,56,89,0.92,33,0.027878788,19
3054.461457,55,90,0.98,35,0.028,19
3054.31669,55,91,0.99,36,0.0275,19
3054.292451,44,82,0.06,38,0.001578947,19
3054.20381,51,86,0.98,35,0.028,19
3054.07551,67,79,0.26,12,0.021666667,19
3053.984225,54,74,0.67,20,0.0335,19
3053.908553,60,86,0.54,26,0.020769231,19
3053.871586,42,84,0.07,42,0.001666667,19
3053.716676,33,56,0.8,23,0.034782609,19
3053.617395,54,94,0.89,40,0.02225,19
3053.547865,37,63,0.95,26,0.036538462,19
3053.546592,57,87,0.78,30,0.026,19
3053.546592,56,88,0.83,32,0.0259375,19
3053.434572,37,61,0.9,24,0.0375,19
3053.384602,39,53,0.48,14,0.034285714,19
3053.353845,54,90,0.95,36,0.026388889,19
3053.353469,58,90,0.72,32,0.0225,19
3053.315449,43,66,0.66,23,0.028695652,19
3053.223631,52,82,0.89,30,0.029666667,19
3053.122839,66,81,0.31,15,0.020666667,19
3053.104642,38,58,0.7,20,0.035,19
3052.906173,37,97,0.12,60,0.002,19
3052.654791,57,87,0.77,30,0.025666667,19
3052.492613,42,72,0.75,30,0.025,19
3052.32873,33,54,0.87,21,0.041428571,19
3052.042128,35,64,0.92,29,0.031724138,19
3052.006006,40,76,0.89,36,0.024722222,19
3051.989155,36,99,0.03,63,0.00047619,19
3051.986273,37,53,0.55,16,0.034375,19
3051.986273,36,54,0.62,18,0.034444444,19
3051.829541,37,62,0.93,25,0.0372,19
3051.813817,64,75,0.32,11,0.029090909,19
3051.759499,64,86,0.45,22,0.020454545,19
3051.759499,61,90,0.59,29,0.020344828,19
3051.634804,58,87,0.69,29,0.023793103,19
3051.634804,57,88,0.74,31,0.023870968,19
3051.372619,38,95,0.04,57,0.000701754,19
3051.335882,34,57,0.9,23,0.039130435,19
3051.312764,41,71,0.86,30,0.028666667,19
3051.086043,53,76,0.77,23,0.033478261,19
3050.953767,51,81,0.88,30,0.029333333,19
3050.952994,37,70,0.12,33,0.003636364,19
3050.91469,57,77,0.63,20,0.0315,19
3050.828501,55,75,0.62,20,0.031,19
3050.653225,44,67,0.59,23,0.025652174,19
3050.635985,39,45,0.24,6,0.04,19
3050.635985,38,46,0.32,8,0.04,19
3050.580014,57,94,0.77,37,0.020810811,19
3050.512321,39,46,0.28,7,0.04,19
3050.43283,65,82,0.38,17,0.022352941,19
3050.43283,63,84,0.47,21,0.022380952,19
3050.093821,67,78,0.29,11,0.026363636,19
3049.975502,39,47,0.34,8,0.0425,19
3049.95921,61,87,0.54,26,0.020769231,19
3049.933694,33,58,0.93,25,0.0372,19
3049.813566,55,77,0.66,22,0.03,19
3049.740069,39,63,0.74,24,0.030833333,19
3049.699349,53,89,0.97,36,0.026944444,19
3049.649146,54,90,0.93,36,0.025833333,19
3049.536807,52,80,0.92,28,0.032857143,19
3049.481096,37,49,0.46,12,0.038333333,19
3049.386496,50,85,0.97,35,0.027714286,19
3048.84964,41,45,0.17,4,0.0425,19
3048.743151,52,83,0.88,31,0.028387097,19
3048.730581,49,61,0.4,12,0.033333333,19
3048.644077,55,93,0.87,38,0.022894737,19
3048.638113,58,89,0.71,31,0.022903226,19
3048.638113,57,90,0.76,33,0.023030303,19
3048.638113,56,91,0.81,35,0.023142857,19
3048.408262,51,81,0.99,30,0.033,19
3048.325186,59,74,0.43,15,0.028666667,19
3048.325186,56,77,0.6,21,0.028571429,19
3048.318069,34,56,0.84,22,0.038181818,19
3048.146726,51,65,0.43,14,0.030714286,19
3047.798445,62,77,0.35,15,0.023333333,19
3047.426537,61,66,0.17,5,0.034,19
3047.269643,57,72,0.46,15,0.030666667,19
3047.176114,64,77,0.36,13,0.027692308,19
3047.176114,58,84,0.72,26,0.027692308,19
3047.160445,48,53,0.17,5,0.034,19
3047.114463,62,82,0.41,20,0.0205,19
3046.927431,36,54,0.69,18,0.038333333,19
3046.829617,63,82,0.51,19,0.026842105,19
3046.822914,36,54,0.64,18,0.035555556,19
3046.778541,62,80,0.4,18,0.022222222,19
3046.749097,45,65,0.68,20,0.034,19
3046.725825,56,90,0.8,34,0.023529412,19
3046.673089,38,53,0.62,15,0.041333333,19
3046.653396,64,78,0.37,14,0.026428571,19
3046.642247,61,85,0.63,24,0.02625,19
3046.536845,56,86,0.79,30,0.026333333,19
3046.536845,55,87,0.84,32,0.02625,19
3046.536845,55,88,0.86,33,0.026060606,19
3046.536845,54,89,0.91,35,0.026,19
3046.536845,53,91,0.98,38,0.025789474,19
3046.25622,61,87,0.58,26,0.022307692,19
3046.25622,60,87,0.61,27,0.022592593,19
3046.25622,59,89,0.67,30,0.022333333,19
3046.25622,57,91,0.76,34,0.022352941,19
3046.25622,57,92,0.78,35,0.022285714,19
3046.25622,56,93,0.82,37,0.022162162,19
3046.124949,43,49,0.24,6,0.04,19
3046.113617,32,60,0.95,28,0.033928571,19
3046.005135,55,78,0.66,23,0.028695652,19
3046.005135,54,79,0.72,25,0.0288,19
3046.005135,54,80,0.74,26,0.028461538,19
3045.9402,39,45,0.25,6,0.041666667,19
3045.832652,64,80,0.44,16,0.0275,19
3045.784035,38,52,0.5,14,0.035714286,19
3045.658715,61,71,0.32,10,0.032,19
3045.628933,64,79,0.31,15,0.020666667,19
3045.492419,59,85,0.7,26,0.026923077,19
3045.492419,56,90,0.9,34,0.026470588,19
3045.174724,59,86,0.72,27,0.026666667,19
3045.174724,58,86,0.76,28,0.027142857,19
3045.174724,58,87,0.78,29,0.026896552,19
3045.174724,57,88,0.83,31,0.026774194,19
3045.158193,56,68,0.37,12,0.030833333,19
3045.158193,53,72,0.58,19,0.030526316,19
3045.158193,52,73,0.64,21,0.03047619,19
3045.111661,60,84,0.64,24,0.026666667,19
3045.111661,58,86,0.75,28,0.026785714,19
3045.111661,57,89,0.84,32,0.02625,19
3045.111661,56,89,0.88,33,0.026666667,19
3045.111661,55,91,0.95,36,0.026388889,19
3044.977691,59,92,0.68,33,0.020606061,19
3044.747142,36,62,0.92,26,0.035384615,19
3044.586957,41,87,0.08,46,0.00173913,19
3044.515788,59,83,0.64,24,0.026666667,19
3044.50087,56,85,0.78,29,0.026896552,19
3044.50087,54,87,0.89,33,0.026969697,19
3044.417992,52,80,0.81,28,0.028928571,19
3044.417992,52,81,0.83,29,0.02862069,19
3044.410625,44,69,0.7,25,0.028,19
3044.407949,62,88,0.54,26,0.020769231,19
3044.331363,52,76,0.8,24,0.033333333,19
3044.328739,52,64,0.37,12,0.030833333,19
3044.281915,45,53,0.29,8,0.03625,19
3044.269746,53,82,0.9,29,0.031034483,19
3044.255608,40,52,0.41,12,0.034166667,19
3044.251304,45,80,0.06,35,0.001714286,19
3044.134215,50,63,0.42,13,0.032307692,19
3044.132167,40,75,0.95,35,0.027142857,19
3044.079077,34,57,0.86,23,0.037391304,19
3044.066256,55,87,0.89,32,0.0278125,19
3044.044675,60,74,0.44,14,0.031428571,19
3043.826183,48,60,0.41,12,0.034166667,19
3043.80516,60,91,0.64,31,0.020645161,19
3043.80516,58,94,0.74,36,0.020555556,19
3043.735299,57,95,0.78,38,0.020526316,19
3043.724216,56,65,0.23,9,0.025555556,19
3043.427344,34,57,0.82,23,0.035652174,19
3043.301447,40,50,0.35,10,0.035,19
3043.234295,39,74,0.98,35,0.028,19
3043.211872,41,71,0.85,30,0.028333333,19
3043.087409,53,78,0.77,25,0.0308,19
3043.087409,51,80,0.9,29,0.031034483,19
3042.926856,33,57,0.86,24,0.035833333,19
3042.818225,36,97,0.14,61,0.002295082,19
3042.700908,32,55,0.96,23,0.04173913,19
3042.641244,51,83,0.95,32,0.0296875,19
3042.51953,63,79,0.42,16,0.02625,19
3042.423494,55,87,0.85,32,0.0265625,19
3042.42262,56,69,0.38,13,0.029230769,19
3042.400864,37,64,0.84,27,0.031111111,19
3042.3613,60,83,0.64,23,0.027826087,19
3042.08794,40,74,0.92,34,0.027058824,19
3041.981313,41,75,0.84,34,0.024705882,19
3041.963504,67,72,0.14,5,0.028,19
3041.826921,50,84,0.95,34,0.027941176,19
3041.739935,37,55,0.73,18,0.040555556,19
3041.693865,50,72,0.56,22,0.025454545,19
3041.669712,61,83,0.61,22,0.027727273,19
3041.533851,35,59,0.86,24,0.035833333,19
3041.524745,44,69,0.64,25,0.0256,19
3041.408559,63,77,0.38,14,0.027142857,19
3041.408559,61,80,0.51,19,0.026842105,19
3041.394734,40,87,0.09,47,0.001914894,19
3041.375513,44,70,0.64,26,0.024615385,19
3041.294826,55,80,0.71,25,0.0284,19
3041.142706,60,86,0.65,26,0.025,19
3041.142706,58,89,0.77,31,0.02483871,19
3041.142706,57,89,0.81,32,0.0253125,19
3041.142706,57,90,0.82,33,0.024848485,19
3041.142706,55,93,0.94,38,0.024736842,19
3041.043158,36,53,0.61,17,0.035882353,19
3041.013536,39,50,0.39,11,0.035454545,19
3040.801359,35,63,0.88,28,0.031428571,19
3040.774656,44,55,0.39,11,0.035454545,19
3040.768159,59,72,0.38,13,0.029230769,19
3040.753559,41,60,0.65,19,0.034210526,19
3040.460021,57,74,0.52,17,0.030588235,19
3040.424772,45,66,0.6,21,0.028571429,19
3040.366134,42,64,0.65,22,0.029545455,19
3040.323896,62,85,0.49,23,0.021304348,19
3040.228068,35,51,0.62,16,0.03875,19
3040.153464,62,77,0.43,15,0.028666667,19
3040.153464,61,79,0.51,18,0.028333333,19
3040.153464,57,84,0.76,27,0.028148148,19
3039.980797,32,60,0.93,28,0.033214286,19
3039.836308,66,73,0.2,7,0.028571429,19
3039.836308,60,80,0.57,20,0.0285,19
3039.635125,55,79,0.68,24,0.028333333,19
3039.632861,58,87,0.59,29,0.020344828,19
3039.585891,55,69,0.43,14,0.030714286,19
3039.585891,54,70,0.49,16,0.030625,19
3039.585891,51,74,0.7,23,0.030434783,19
3039.067948,37,62,0.79,25,0.0316,19
3039.046355,56,88,0.87,32,0.0271875,19
3038.965545,43,84,0.06,41,0.001463415,19
3038.85185,36,61,0.82,25,0.0328,19
3038.817934,37,61,0.89,24,0.037083333,19
3038.806841,55,70,0.44,15,0.029333333,19
3038.80271,57,84,0.62,27,0.022962963,19
3038.673306,66,76,0.22,10,0.022,19
3038.673306,63,80,0.37,17,0.021764706,19
3038.666378,56,88,0.86,32,0.026875,19
3038.666378,55,90,0.93,35,0.026571429,19
3038.565739,68,80,0.23,12,0.019166667,19
3038.544529,52,61,0.22,9,0.024444444,19
3038.54002,64,72,0.22,8,0.0275,19
3038.255889,57,73,0.49,16,0.030625,19
3038.120143,42,72,0.81,30,0.027,19
3038.09775,34,51,0.7,17,0.041176471,19
3038.083563,36,57,0.72,21,0.034285714,19
3037.965082,46,65,0.54,19,0.028421053,19
3037.900365,54,94,0.91,40,0.02275,19
3037.835303,36,95,0.16,59,0.002711864,19
3037.800092,40,58,0.57,18,0.031666667,19
3037.66434,41,56,0.48,15,0.032,19
3037.503655,52,60,0.19,8,0.02375,19
3037.384558,57,86,0.81,29,0.027931034,19
3037.380728,44,78,0.86,34,0.025294118,19
3037.238745,33,60,0.95,27,0.035185185,19
3037.065426,42,47,0.19,5,0.038,19
3037.050596,51,86,0.97,35,0.027714286,19
3036.950318,38,47,0.36,9,0.04,19
3036.950318,37,48,0.44,11,0.04,19
3036.948439,39,92,0.05,53,0.000943396,19
3036.910975,52,79,0.91,27,0.033703704,19
3036.899349,37,95,0.04,58,0.000689655,19
3036.834666,58,89,0.79,31,0.025483871,19
3036.818545,43,84,0.08,41,0.00195122,19
3036.482121,37,97,0.14,60,0.002333333,19
3036.426481,38,93,0.04,55,0.000727273,19
3036.400356,52,77,0.78,25,0.0312,19
3036.349532,63,82,0.48,19,0.025263158,19
3036.349532,62,83,0.53,21,0.025238095,19
3036.314453,53,81,0.89,28,0.031785714,19
3036.300716,39,59,0.64,20,0.032,19
3036.237438,73,75,0.04,2,0.02,19
3036.194517,68,72,0.11,4,0.0275,19
3036.194517,64,77,0.35,13,0.026923077,19
3036.194517,62,79,0.46,17,0.027058824,19
3036.194517,58,84,0.7,26,0.026923077,19
3036.17815,43,79,0.91,36,0.025277778,19
3036.050413,33,53,0.81,20,0.0405,19
3035.957585,34,55,0.83,21,0.03952381,19
3035.763913,68,77,0.18,9,0.02,19
3035.763913,67,78,0.22,11,0.02,19
3035.751142,44,53,0.33,9,0.036666667,19
3035.644333,35,63,0.93,28,0.033214286,19
3035.495809,56,92,0.82,36,0.022777778,19
3035.379108,42,59,0.58,17,0.034117647,19
3035.334602,35,96,0.19,61,0.003114754,19
3035.190865,37,60,0.81,23,0.035217391,19
3035.152095,54,93,0.89,39,0.022820513,19
3035.134203,55,90,0.89,35,0.025428571,19
3035.060159,61,77,0.46,16,0.02875,19
3034.773863,37,64,0.96,27,0.035555556,19
3034.714756,41,73,0.8,32,0.025,19
3034.558107,36,98,0.04,62,0.000645161,19
3034.423515,47,66,0.47,19,0.024736842,19
3034.417113,57,87,0.8,30,0.026666667,19
3034.417113,56,88,0.85,32,0.0265625,19
3034.417113,55,89,0.91,34,0.026764706,19
3034.417113,54,91,0.98,37,0.026486486,19
3034.366783,51,78,0.9,27,0.033333333,19
3034.363918,57,87,0.83,30,0.027666667,19
3034.324776,58,75,0.49,17,0.028823529,19
3034.324776,57,76,0.55,19,0.028947368,19
3034.324776,53,80,0.78,27,0.028888889,19
3034.324776,53,81,0.8,28,0.028571429,19
3034.324776,52,82,0.86,30,0.028666667,19
3034.28994,69,74,0.14,5,0.028,19
3034.289305,41,44,0.13,3,0.043333333,19
3034.192048,52,88,0.95,36,0.026388889,19
3034.175971,53,96,0.96,43,0.022325581,19
3034.085567,60,88,0.58,28,0.020714286,19
3033.863574,65,74,0.21,9,0.023333333,19
3033.845311,52,81,0.84,29,0.028965517,19
3033.783701,55,79,0.76,24,0.031666667,19
3033.681759,39,66,0.8,27,0.02962963,19
3033.67412,50,61,0.35,11,0.031818182,19
3033.67412,48,63,0.48,15,0.032,19
3033.665278,61,89,0.57,28,0.020357143,19
3033.480182,58,89,0.81,31,0.026129032,19
3033.443,50,62,0.39,12,0.0325,19
3033.394761,52,89,0.96,37,0.025945946,19
3033.327404,45,50,0.19,5,0.038,19
3033.286829,35,99,0.18,64,0.0028125,19
3033.095511,66,74,0.22,8,0.0275,19
3033.095511,65,74,0.25,9,0.027777778,19
3033.095511,64,76,0.33,12,0.0275,19
3033.095511,62,78,0.44,16,0.0275,19
3033.095511,61,79,0.49,18,0.027222222,19
3033.095511,60,80,0.55,20,0.0275,19
3033.095511,60,81,0.57,21,0.027142857,19
3033.095511,59,82,0.62,23,0.026956522,19
3033.095511,58,83,0.68,25,0.0272,19
3033.095511,57,85,0.75,28,0.026785714,19
3033.095511,56,86,0.81,30,0.027,19
3033.083706,53,88,0.95,35,0.027142857,19
3032.88727,57,71,0.47,14,0.033571429,19
3032.88727,56,72,0.54,16,0.03375,19
3032.594944,42,72,0.77,30,0.025666667,19
3032.443127,64,78,0.31,14,0.022142857,19
3032.425688,62,79,0.47,17,0.027647059,19
3032.425688,59,82,0.64,23,0.027826087,19
3032.386621,43,72,0.9,29,0.031034483,19
3032.377943,33,61,0.97,28,0.034642857,19
3032.336596,46,67,0.67,21,0.031904762,19
3032.310612,41,62,0.7,21,0.033333333,19
3032.267019,33,60,0.93,27,0.034444444,19
3032.233971,42,47,0.21,5,0.042,19
3032.214288,66,78,0.31,12,0.025833333,19
3032.214288,61,84,0.59,23,0.025652174,19
3032.214288,60,85,0.64,25,0.0256,19
3032.182434,44,65,0.6,21,0.028571429,19
3032.164522,36,57,0.7,21,0.033333333,19
3032.126296,58,87,0.8,29,0.027586207,19
3032.117498,60,73,0.42,13,0.032307692,19
3032.096403,35,63,0.91,28,0.0325,19
3031.928373,31,58,0.97,27,0.035925926,19
3031.731527,36,52,0.65,16,0.040625,19
3031.669777,46,71,0.88,25,0.0352,19
3031.600039,33,61,0.93,28,0.033214286,19
3031.596521,35,59,0.81,24,0.03375,19
3031.490723,58,72,0.43,14,0.030714286,19
3031.344153,36,57,0.73,21,0.034761905,19
3031.320388,47,73,0.61,26,0.023461538,19
3031.140016,61,77,0.47,16,0.029375,19
3031.119006,41,73,0.89,32,0.0278125,19
3031.066357,42,48,0.22,6,0.036666667,19
3031.066357,39,51,0.44,12,0.036666667,19
3031.026086,62,71,0.26,9,0.028888889,19
3031.007563,39,60,0.77,21,0.036666667,19
3030.968038,55,86,0.86,31,0.027741935,19
3030.968038,54,88,0.93,34,0.027352941,19
3030.968038,53,89,0.99,36,0.0275,19
3030.852112,69,72,0.08,3,0.026666667,19
3030.852112,61,81,0.53,20,0.0265,19
3030.738405,38,60,0.81,22,0.036818182,19
3030.07708,53,90,0.97,37,0.026216216,19
3030.054973,43,68,0.72,25,0.0288,19
3030.053163,48,64,0.45,16,0.028125,19
3030.043903,37,96,0.05,59,0.000847458,19
3029.996,40,57,0.63,17,0.037058824,19
3029.846842,43,66,0.8,23,0.034782609,19
3029.726379,69,75,0.16,6,0.026666667,19
3029.726379,66,78,0.32,12,0.026666667,19
3029.611026,37,52,0.54,15,0.036,19
3029.59414,57,91,0.77,34,0.022647059,19
3029.59414,56,93,0.83,37,0.022432432,19
3029.59414,55,94,0.88,39,0.022564103,19
3029.59414,54,95,0.93,41,0.022682927,19
3029.59414,54,96,0.94,42,0.022380952,19
3029.59414,53,97,0.99,44,0.0225,19
3029.557184,44,81,0.05,37,0.001351351,19
3029.276755,35,56,0.71,21,0.033809524,19
3029.231029,44,65,0.73,21,0.034761905,19
3029.206935,46,70,0.73,24,0.030416667,19
3029.188905,44,67,0.66,23,0.028695652,19
3029.169115,34,57,0.84,23,0.036521739,19
3029.111393,52,97,0.98,45,0.021777778,19
3028.993917,64,81,0.37,17,0.021764706,19
3028.902075,66,70,0.11,4,0.0275,19
3028.884092,38,58,0.76,20,0.038,19
3028.618092,41,72,0.89,31,0.028709677,19
3028.208578,64,75,0.31,11,0.028181818,19
3028.208578,61,78,0.48,17,0.028235294,19
3027.94066,56,87,0.87,31,0.028064516,19
3027.94066,55,88,0.93,33,0.028181818,19
3027.819194,59,83,0.66,24,0.0275,19
3027.807209,53,71,0.56,18,0.031111111,19
3027.798732,53,86,0.89,33,0.026969697,19
3027.680955,44,71,0.83,27,0.030740741,19
3027.474828,65,80,0.4,15,0.026666667,19
3027.474828,62,84,0.58,22,0.026363636,19
3027.474828,60,86,0.69,26,0.026538462,19
3027.35812,54,86,0.92,32,0.02875,19
3027.303579,56,89,0.84,33,0.025454545,19
3027.303579,54,92,0.96,38,0.025263158,19
3027.299113,35,56,0.8,21,0.038095238,19
3027.046891,44,82,0.07,38,0.001842105,19
3027.036431,38,56,0.71,18,0.039444444,19
3026.801354,55,77,0.64,22,0.029090909,19
3026.801354,54,78,0.7,24,0.029166667,19
3026.668646,41,60,0.59,19,0.031052632,19
3026.445194,58,82,0.66,24,0.0275,19
3026.414923,67,78,0.28,11,0.025454545,19
3026.414923,66,79,0.33,13,0.025384615,19
3026.414923,65,80,0.38,15,0.025333333,19
3026.414923,64,81,0.43,17,0.025294118,19
3026.414923,63,83,0.5,20,0.025,19
3026.414923,62,84,0.55,22,0.025,19
3026.414923,61,85,0.6,24,0.025,19
3026.414923,58,88,0.76,30,0.025333333,19
3026.133024,56,74,0.56,18,0.031111111,19
3026.125656,55,87,0.9,32,0.028125,19
3026.041523,45,72,0.81,27,0.03,19
3026.038627,62,78,0.37,16,0.023125,19
3025.879606,55,94,0.87,39,0.022307692,19
3025.879606,54,95,0.92,41,0.022439024,19
3025.879606,54,96,0.93,42,0.022142857,19
3025.537675,57,86,0.79,29,0.027241379,19
3025.537675,55,89,0.92,34,0.027058824,19
3025.537675,54,91,0.99,37,0.026756757,19
3025.435952,65,73,0.23,8,0.02875,19
3025.435952,63,76,0.37,13,0.028461538,19
3025.435952,62,78,0.45,16,0.028125,19
3025.435952,59,80,0.6,21,0.028571429,19
3025.435952,59,81,0.62,22,0.028181818,19
3025.435952,58,81,0.66,23,0.028695652,19
3025.435952,58,82,0.68,24,0.028333333,19
3025.435952,57,83,0.74,26,0.028461538,19
3025.421608,62,78,0.46,16,0.02875,19
3025.319612,42,68,0.92,26,0.035384615,19
3025.311405,54,78,0.72,24,0.03,19
3025.279128,59,86,0.74,27,0.027407407,19
3025.20771,39,88,0.09,49,0.001836735,19
3025.100484,57,88,0.86,31,0.027741935,19
3025.081945,37,52,0.53,15,0.035333333,19
3024.983952,56,74,0.61,18,0.033888889,19
3024.800488,43,60,0.57,17,0.033529412,19
3024.720317,56,87,0.86,31,0.027741935,19
3024.711158,56,91,0.88,35,0.025142857,19
3024.711158,55,92,0.93,37,0.025135135,19
3024.711158,54,93,0.98,39,0.025128205,19
3024.629472,38,67,0.86,29,0.029655172,19
3024.525634,45,52,0.26,7,0.037142857,19
3024.42966,54,93,0.9,39,0.023076923,19
3024.42966,53,94,0.95,41,0.023170732,19
3024.175519,63,81,0.5,18,0.027777778,19
3024.175519,60,84,0.67,24,0.027916667,19
3024.092008,56,89,0.85,33,0.025757576,19
3024.092008,55,90,0.9,35,0.025714286,19
3024.092008,54,92,0.97,38,0.025526316,19
3023.955836,58,85,0.73,27,0.027037037,19
3023.955836,54,90,0.97,36,0.026944444,19
3023.770379,34,60,0.89,26,0.034230769,19
3023.242286,58,75,0.54,17,0.031764706,19
3023.206509,55,88,0.89,33,0.026969697,19
3023.205801,65,82,0.36,17,0.021176471,19
3023.036599,54,88,0.96,34,0.028235294,19
3022.880023,57,90,0.85,33,0.025757576,19
3022.880023,55,93,0.97,38,0.025526316,19
3022.846299,55,93,0.96,38,0.025263158,19
3022.790175,41,57,0.6,16,0.0375,19
3022.550367,53,97,0.98,44,0.022272727,19
3022.517835,39,77,0.94,38,0.024736842,19
3022.437536,33,58,0.84,25,0.0336,19
3022.26877,66,78,0.33,12,0.0275,19
3022.252118,43,73,0.91,30,0.030333333,19
3022.159188,38,50,0.48,12,0.04,19
3022.127693,40,58,0.67,18,0.037222222,19
3022.103541,43,54,0.41,11,0.037272727,19
3021.983359,55,92,0.99,37,0.026756757,19
3021.934798,35,49,0.58,14,0.041428571,19
3021.921688,61,78,0.49,17,0.028823529,19
3021.921688,59,81,0.63,22,0.028636364,19
3021.775584,44,70,0.82,26,0.031538462,19
3021.737896,47,67,0.49,20,0.0245,19
3021.737327,46,63,0.59,17,0.034705882,19
3021.568634,58,81,0.65,23,0.02826087,19
3021.568634,57,82,0.71,25,0.0284,19
3021.540383,53,91,0.99,38,0.026052632,19
3021.386224,58,74,0.52,16,0.0325,19
3021.360621,57,81,0.69,24,0.02875,19
3021.360621,56,82,0.75,26,0.028846154,19
3021.35642,39,50,0.42,11,0.038181818,19
3021.347022,60,73,0.41,13,0.031538462,19
3021.182037,36,64,0.96,28,0.034285714,19
3021.059278,62,87,0.53,25,0.0212,19
3021.022372,40,61,0.72,21,0.034285714,19
3021.007307,64,81,0.36,17,0.021176471,19
3020.941948,55,89,0.87,34,0.025588235,19
3020.398212,37,96,0.15,59,0.002542373,19
3020.314805,61,72,0.35,11,0.031818182,19
3020.307121,35,58,0.8,23,0.034782609,19
3020.140163,40,63,0.69,23,0.03,19
3020.121542,35,56,0.78,21,0.037142857,19
3020.082266,40,73,0.96,33,0.029090909,19
3019.97985,33,60,0.89,27,0.032962963,19
3019.979674,53,95,0.98,42,0.023333333,19
3019.930368,61,80,0.52,19,0.027368421,19
3019.930368,55,88,0.88,33,0.026666667,19
3019.907493,53,78,0.84,25,0.0336,19
3019.819717,41,63,0.67,22,0.030454545,19
3019.709179,39,91,0.06,52,0.001153846,19
3019.596728,46,62,0.46,16,0.02875,19
3019.596728,45,63,0.52,18,0.028888889,19
3019.564988,33,97,0.22,64,0.0034375,19
3019.523265,38,60,0.7,22,0.031818182,19
3019.46388,59,83,0.67,24,0.027916667,19
3019.401341,51,84,0.94,33,0.028484848,19
3019.351888,59,88,0.65,29,0.022413793,19
3019.319758,37,66,0.97,29,0.033448276,19
3019.176884,52,77,0.84,25,0.0336,19
3019.176848,37,53,0.62,16,0.03875,19
3019.176848,36,54,0.7,18,0.038888889,19
3019.176012,43,68,0.74,25,0.0296,19
3019.173782,51,74,0.71,23,0.030869565,19
3019.094602,43,59,0.54,16,0.03375,19
3019.000967,45,68,0.57,23,0.024782609,19
3018.954377,43,49,0.21,6,0.035,19
3018.954377,42,50,0.28,8,0.035,19
3018.864054,37,47,0.4,10,0.04,19
3018.860976,56,90,0.93,34,0.027352941,19
3018.83471,44,54,0.32,10,0.032,19
3018.64785,37,95,0.05,58,0.000862069,19
3018.6286,37,56,0.65,19,0.034210526,19
3018.563894,40,55,0.51,15,0.034,19
3018.538574,65,74,0.26,9,0.028888889,19
3018.538574,63,75,0.35,12,0.029166667,19
3018.538574,62,76,0.41,14,0.029285714,19
3018.538574,60,79,0.55,19,0.028947368,19
3018.494954,62,82,0.56,20,0.028,19
3018.494954,59,86,0.75,27,0.027777778,19
3018.455857,54,89,0.92,35,0.026285714,19
3018.429857,40,73,0.95,33,0.028787879,19
3018.32311,69,76,0.18,7,0.025714286,19
3018.288285,57,91,0.86,34,0.025294118,19
3018.140946,47,50,0.11,3,0.036666667,19
3018.084647,37,55,0.63,18,0.035,19
3017.928893,51,83,0.92,32,0.02875,19
3017.871537,54,87,0.92,33,0.027878788,19
3017.871537,53,88,0.98,35,0.028,19
3017.759633,60,85,0.69,25,0.0276,19
3017.706004,39,73,0.96,34,0.028235294,19
3017.692972,35,50,0.61,15,0.040666667,19
3017.683567,50,58,0.23,8,0.02875,19
3017.652286,54,95,0.94,41,0.022926829,19
3017.618845,56,94,0.83,38,0.021842105,19
3017.618845,54,97,0.93,43,0.021627907,19
3017.451936,50,84,0.98,34,0.028823529,19
3017.366811,49,81,0.98,32,0.030625,19
3017.357378,46,79,0.07,33,0.002121212,19
3017.217528,51,82,0.9,31,0.029032258,19
3017.184838,54,94,0.99,40,0.02475,19
3017.124983,36,99,0.14,63,0.002222222,19
3017.02078,64,79,0.42,15,0.028,19
3016.960624,58,77,0.55,19,0.028947368,19
3016.960624,57,78,0.61,21,0.029047619,19
3016.928078,44,73,0.87,29,0.03,19
3016.890556,53,94,0.97,41,0.023658537,19
3016.647124,47,61,0.48,14,0.034285714,19
3016.635071,64,80,0.43,16,0.026875,19
3016.557198,37,67,0.9,30,0.03,19
3016.386174,46,64,0.51,18,0.028333333,19
3016.384418,38,94,0.05,56,0.000892857,19
3016.180233,38,61,0.86,23,0.037391304,19
3016.160568,52,84,0.89,32,0.0278125,19
3016.160568,51,85,0.95,34,0.027941176,19
3016.034428,43,70,0.76,27,0.028148148,19
3015.985515,44,67,0.68,23,0.029565217,19
3015.97867,37,94,0.06,57,0.001052632,19
3015.829446,62,83,0.54,21,0.025714286,19
3015.829446,61,85,0.61,24,0.025416667,19
3015.784295,60,81,0.6,21,0.028571429,19
3015.734663,36,99,0.13,63,0.002063492,19
3015.523589,36,55,0.7,19,0.036842105,19
3015.436813,51,80,0.86,29,0.029655172,19
3015.416163,54,94,0.93,40,0.02325,19
3015.389452,56,91,0.92,35,0.026285714,19
3015.256049,36,54,0.71,18,0.039444444,19
3015.243621,50,76,0.76,26,0.029230769,19
3015.119883,62,69,0.23,7,0.032857143,19
3015.09156,32,58,0.94,26,0.036153846,19
3015.090979,42,70,0.82,28,0.029285714,19
3015.077428,37,54,0.57,17,0.033529412,19
3015.077428,35,57,0.73,22,0.033181818,19
3015.047691,37,61,0.84,24,0.035,19
3014.971658,50,63,0.41,13,0.031538462,19
3014.881389,38,54,0.57,16,0.035625,19
3014.847396,53,95,0.95,42,0.022619048,19
3014.807297,59,87,0.71,28,0.025357143,19
3014.796362,46,68,0.54,22,0.024545455,19
3014.628923,32,54,0.86,22,0.039090909,19
3014.622686,59,84,0.64,25,0.0256,19
3014.622686,56,88,0.81,32,0.0253125,19
3014.060714,36,48,0.48,12,0.04,19
3014.036658,53,94,0.96,41,0.023414634,19
3014.00371,34,66,0.98,32,0.030625,19
3013.826781,45,69,0.76,24,0.031666667,19
3013.544395,56,86,0.84,30,0.028,19
3013.447954,53,93,0.97,40,0.02425,19
3013.422269,51,67,0.38,16,0.02375,19
3013.330418,62,73,0.31,11,0.028181818,19
3013.228686,43,54,0.37,11,0.033636364,19
3013.140487,63,82,0.45,19,0.023684211,19
3013.109858,55,93,0.95,38,0.025,19
3013.109858,54,93,0.99,39,0.025384615,19
3012.9822,53,87,0.99,34,0.029117647,19
3012.782648,60,81,0.58,21,0.027619048,19
3012.782648,60,82,0.6,22,0.027272727,19
3012.782648,58,84,0.71,26,0.027307692,19
3012.782648,54,89,0.95,35,0.027142857,19
3012.571796,49,64,0.48,15,0.032,19
3012.514024,40,68,0.9,28,0.032142857,19
3012.490183,47,69,0.67,22,0.030454545,19
3012.446391,57,87,0.85,30,0.028333333,19
3012.425579,35,49,0.57,14,0.040714286,19
3012.336901,46,68,0.69,22,0.031363636,19
3012.325179,55,84,0.82,29,0.028275862,19
3012.278425,48,65,0.54,17,0.031764706,19
3012.265992,45,54,0.32,9,0.035555556,19
3011.985844,60,79,0.54,19,0.028421053,19
3011.985844,55,86,0.87,31,0.028064516,19
3011.938036,45,69,0.59,24,0.024583333,19
3011.87301,41,48,0.27,7,0.038571429,19
3011.833438,51,80,0.87,29,0.03,19
3011.659115,54,71,0.5,17,0.029411765,19
3011.655691,45,47,0.08,2,0.04,19
3011.655691,44,48,0.16,4,0.04,19
3011.653069,36,56,0.7,20,0.035,19
3011.548098,55,73,0.61,18,0.033888889,19
3011.529907,53,94,0.94,41,0.022926829,19
3011.394955,36,60,0.81,24,0.03375,19
3011.267128,33,56,0.93,23,0.040434783,19
3011.24484,55,92,0.87,37,0.023513514,19
3011.232267,39,57,0.68,18,0.037777778,19
3011.225692,39,74,0.99,35,0.028285714,19
3011.10492,43,49,0.2,6,0.033333333,19
3011.050747,36,61,0.83,25,0.0332,19
3010.968946,44,72,0.86,28,0.030714286,19
3010.968946,44,73,0.88,29,0.030344828,19
3010.947676,37,94,0.05,57,0.000877193,19
3010.928459,38,52,0.59,14,0.042142857,19
3010.913864,37,56,0.66,19,0.034736842,19
3010.899629,46,64,0.61,18,0.033888889,19
3010.819248,57,87,0.66,30,0.022,19
3010.778215,40,73,0.94,33,0.028484848,19
3010.719537,55,70,0.45,15,0.03,19
3010.719537,54,71,0.51,17,0.03,19
3010.719537,53,72,0.57,19,0.03,19
3010.548192,35,65,0.94,30,0.031333333,19
3010.450941,34,57,0.88,23,0.03826087,19
3010.444826,50,83,0.96,33,0.029090909,19
3010.220107,57,76,0.6,19,0.031578947,19
3010.170359,58,83,0.71,25,0.0284,19
3010.060417,57,90,0.83,33,0.025151515,19
3010.011572,63,84,0.44,21,0.020952381,19
3009.741111,39,90,0.08,51,0.001568627,19
3009.732345,55,91,0.91,36,0.025277778,19
3009.730235,42,74,0.98,32,0.030625,19
3009.697899,57,85,0.79,28,0.028214286,19
3009.697899,56,86,0.85,30,0.028333333,19
3009.697899,54,89,0.98,35,0.028,19
3009.533083,40,53,0.43,13,0.033076923,19
3009.354532,37,57,0.66,20,0.033,19
3009.331905,62,72,0.29,10,0.029,19
3009.331905,61,73,0.35,12,0.029166667,19
3009.268938,45,71,0.8,26,0.030769231,19
3009.243367,49,81,0.99,32,0.0309375,19
3009.186466,56,93,0.92,37,0.024864865,19
3009.067847,55,79,0.71,24,0.029583333,19
3009.067847,54,80,0.77,26,0.029615385,19
3009.060127,35,54,0.75,19,0.039473684,19
3008.985728,35,52,0.71,17,0.041764706,19
3008.893471,36,64,0.88,28,0.031428571,19
3008.883312,42,55,0.49,13,0.037692308,19
3008.848361,47,74,0.63,27,0.023333333,19
3008.830289,56,88,0.71,32,0.0221875,19
3008.75189,35,96,0.18,61,0.00295082,19
3008.667345,41,76,0.93,35,0.026571429,19
3008.621084,64,70,0.17,6,0.028333333,19
3008.418089,33,60,0.94,27,0.034814815,19
3008.370692,61,85,0.62,24,0.025833333,19
3008.356,35,95,0.18,60,0.003,19
3008.237631,52,88,0.96,36,0.026666667,19
3008.202331,32,59,0.96,27,0.035555556,19
3008.112246,44,54,0.37,10,0.037,19
3008.105791,68,71,0.07,3,0.023333333,19
3008.0276,34,64,0.99,30,0.033,19
3007.964015,54,59,0.16,5,0.032,19
3007.905115,59,83,0.63,24,0.02625,19
3007.905115,56,87,0.81,31,0.026129032,19
3007.871239,40,65,0.74,25,0.0296,19
3007.768784,48,59,0.32,11,0.029090909,19
3007.673059,66,77,0.31,11,0.028181818,19
3007.673059,59,85,0.73,26,0.028076923,19
3007.603494,64,74,0.29,10,0.029,19
3007.5072,61,73,0.34,12,0.028333333,19
3007.453006,54,92,0.91,38,0.023947368,19
3007.36618,34,95,0.21,61,0.003442623,19
3007.026699,36,96,0.05,60,0.000833333,19
3007.005877,62,89,0.54,27,0.02,19
3006.870974,56,76,0.66,20,0.033,19
3006.838584,40,54,0.55,14,0.039285714,19
3006.548333,32,99,0.22,67,0.003283582,19
3006.196366,53,85,0.88,32,0.0275,19
3005.708272,40,49,0.36,9,0.04,19
3005.708272,39,50,0.44,11,0.04,19
3005.380334,54,86,0.91,32,0.0284375,19
3005.327956,60,84,0.66,24,0.0275,19
3005.270035,35,56,0.79,21,0.037619048,19
3004.920923,55,87,0.91,32,0.0284375,19
3004.889769,46,70,0.64,24,0.026666667,19
3004.865944,54,74,0.68,20,0.034,19
3004.865944,53,75,0.75,22,0.034090909,19
3004.811194,36,65,0.98,29,0.033793103,19
3004.788862,50,61,0.31,11,0.028181818,19
3004.779377,57,89,0.87,32,0.0271875,19
3004.698035,55,77,0.73,22,0.033181818,19
3004.650395,63,85,0.46,22,0.020909091,19
3004.627248,34,58,0.86,24,0.035833333,19
3004.583089,36,98,0.16,62,0.002580645,19
3004.582621,59,80,0.49,21,0.023333333,19
3004.408685,56,76,0.65,20,0.0325,19
3004.314865,62,88,0.53,26,0.020384615,19
3004.302481,56,81,0.69,25,0.0276,19
3004.300055,66,83,0.36,17,0.021176471,19
3004.274256,32,54,0.87,22,0.039545455,19
3004.261872,58,92,0.71,34,0.020882353,19
3004.212531,65,67,0.06,2,0.03,19
3004.140922,55,83,0.81,28,0.028928571,19
3004.12106,40,62,0.7,22,0.031818182,19
3004.087674,41,71,0.88,30,0.029333333,19
3004.087162,60,90,0.62,30,0.020666667,19
3004.08298,40,64,0.72,24,0.03,19
3003.997605,41,56,0.5,15,0.033333333,19
3003.955636,54,87,0.93,33,0.028181818,19
3003.955636,53,88,0.99,35,0.028285714,19
3003.951707,60,71,0.36,11,0.032727273,19
3003.867577,45,66,0.66,21,0.031428571,19
3003.82888,36,65,0.9,29,0.031034483,19
3003.79224,68,77,0.23,9,0.025555556,19
3003.743339,47,64,0.48,17,0.028235294,19
3003.712947,52,61,0.29,9,0.032222222,19
3003.591904,47,65,0.47,18,0.026111111,19
3003.422209,42,74,0.79,32,0.0246875,19
3003.221241,41,48,0.3,7,0.042857143,19
3003.099686,51,79,0.86,28,0.030714286,19
3003.099686,50,80,0.92,30,0.030666667,19
3003.034217,67,79,0.31,12,0.025833333,19
3003.034217,62,85,0.59,23,0.025652174,19
3003.020259,39,67,0.82,28,0.029285714,19
3002.92403,35,55,0.79,20,0.0395,19
3002.892368,56,77,0.67,21,0.031904762,19
3002.870245,40,73,0.9,33,0.027272727,19
3002.729719,40,59,0.6,19,0.031578947,19
3002.723353,45,69,0.75,24,0.03125,19
3002.660033,53,75,0.7,22,0.031818182,19
3002.626929,51,78,0.91,27,0.033703704,19
3002.530436,46,65,0.62,19,0.032631579,19
3002.414669,65,76,0.25,11,0.022727273,19
3002.40665,55,93,0.88,38,0.023157895,19
3002.40665,53,96,0.99,43,0.023023256,19
3002.349099,38,59,0.73,21,0.034761905,19
3002.314805,56,83,0.77,27,0.028518519,19
3002.314805,55,84,0.83,29,0.02862069,19
3002.314805,54,85,0.89,31,0.028709677,19
3002.244654,42,56,0.52,14,0.037142857,19
3002.174947,38,59,0.79,21,0.037619048,19
3002.162481,53,86,0.94,33,0.028484848,19
3002.121963,37,59,0.75,22,0.034090909,19
3002.121963,36,60,0.82,24,0.034166667,19
3002.093823,51,75,0.7,24,0.029166667,19
3002.04126,53,72,0.56,19,0.029473684,19
3002.04126,52,73,0.62,21,0.02952381,19
3002.031823,67,78,0.26,11,0.023636364,19
3002.010933,63,83,0.51,20,0.0255,19
3002.002392,33,58,0.88,25,0.0352,19
3001.97699,48,65,0.43,17,0.025294118,19
3001.873531,39,57,0.6,18,0.033333333,19
3001.852819,57,84,0.77,27,0.028518519,19
3001.852819,56,85,0.83,29,0.02862069,19
3001.787394,36,59,0.75,23,0.032608696,19
3001.776015,51,62,0.35,11,0.031818182,19
3001.765382,37,56,0.63,19,0.033157895,19
3001.596309,57,82,0.72,25,0.0288,19
3001.427546,39,65,0.78,26,0.03,19
3001.407216,50,78,0.9,28,0.032142857,19
3001.392795,36,58,0.75,22,0.034090909,19
3001.291064,58,86,0.79,28,0.028214286,19
3001.274351,64,69,0.16,5,0.032,19
3001.274351,59,74,0.48,15,0.032,19
3001.274351,57,76,0.61,19,0.032105263,19
3001.241083,57,67,0.31,10,0.031,19
3001.221469,55,89,0.75,34,0.022058824,19
3001.221469,54,90,0.8,36,0.022222222,19
3001.130079,55,86,0.71,31,0.022903226,19
3001.094002,38,93,0.06,55,0.001090909,19
3001.064602,58,86,0.61,28,0.021785714,19
3001.062959,47,66,0.62,19,0.032631579,19
3001.020334,44,61,0.51,17,0.03,19
3001.009453,55,78,0.73,23,0.03173913,19
3000.906264,62,71,0.29,9,0.032222222,19
3000.872012,62,74,0.33,12,0.0275,19
3000.800644,60,77,0.5,17,0.029411765,19
3000.669445,52,76,0.81,24,0.03375,19
3000.542698,58,84,0.73,26,0.028076923,19
3000.491475,59,68,0.31,9,0.034444444,19
3000.350981,49,65,0.5,16,0.03125,19
3000.331482,34,56,0.76,22,0.034545455,19
3000.202444,35,55,0.71,20,0.0355,19
3000.149702,48,63,0.42,15,0.028,19
