% profit,ema1,ema2,threshold,diff,thresh / diff,ID
3385.318577,35,57,0.73,22,0.033181818,10
3348.406645,33,54,0.83,21,0.03952381,10
3321.490309,40,51,0.37,11,0.033636364,10
3311.158585,35,56,0.71,21,0.033809524,10
3299.268378,38,51,0.45,13,0.034615385,10
3297.510204,37,53,0.6,16,0.0375,10
3288.797156,39,52,0.44,13,0.033846154,10
3272.470657,36,54,0.69,18,0.038333333,10
3253.798778,38,52,0.52,14,0.037142857,10
3240.266529,34,57,0.86,23,0.037391304,10
3226.289148,41,47,0.21,6,0.035,10
3224.658235,41,48,0.24,7,0.034285714,10
3220.627293,36,54,0.68,18,0.037777778,10
3205.839178,35,52,0.67,17,0.039411765,10
3202.03987,43,45,0.07,2,0.035,10
3201.64609,39,50,0.38,11,0.034545455,10
3191.340052,39,48,0.35,9,0.038888889,10
3186.738842,39,50,0.42,11,0.038181818,10
3178.828167,34,57,0.87,23,0.037826087,10
3176.815564,38,49,0.43,11,0.039090909,10
3171.571923,33,58,0.95,25,0.038,10
3169.891978,35,96,0.19,61,0.003114754,10
3169.021062,35,55,0.76,20,0.038,10
3168.170858,42,47,0.19,5,0.038,10
3148.329246,42,46,0.14,4,0.035,10
3147.968467,34,56,0.85,22,0.038636364,10
3137.093778,36,55,0.64,19,0.033684211,10
3136.030557,67,69,0.06,2,0.03,10
3134.899865,40,50,0.34,10,0.034,10
3132.310094,34,53,0.75,19,0.039473684,10
3130.256529,33,58,0.94,25,0.0376,10
3129.137392,38,50,0.43,12,0.035833333,10
3127.982182,40,49,0.34,9,0.037777778,10
3126.900633,37,55,0.6,18,0.033333333,10
3125.032632,37,54,0.57,17,0.033529412,10
3120.660939,40,47,0.27,7,0.038571429,10
3112.233938,37,50,0.51,13,0.039230769,10
3112.180373,38,51,0.5,13,0.038461538,10
3110.843002,36,57,0.69,21,0.032857143,10
3105.787162,38,53,0.51,15,0.034,10
3104.634628,32,56,0.94,24,0.039166667,10
3102.841084,36,54,0.67,18,0.037222222,10
3101.767056,34,56,0.84,22,0.038181818,10
3099.50826,33,59,0.96,26,0.036923077,10
3098.004865,37,52,0.58,15,0.038666667,10
3096.791729,39,51,0.41,12,0.034166667,10
3095.741012,40,49,0.31,9,0.034444444,10
3092.848331,35,56,0.78,21,0.037142857,10
3091.28119,36,53,0.65,17,0.038235294,10
3084.950613,66,70,0.12,4,0.03,10
3084.950613,65,71,0.18,6,0.03,10
3084.635895,64,72,0.24,8,0.03,10
3084.635895,63,73,0.3,10,0.03,10
3069.486799,34,96,0.21,62,0.003387097,10
3067.151644,35,55,0.77,20,0.0385,10
3064.721116,35,97,0.17,62,0.002741935,10
3064.30381,37,52,0.57,15,0.038,10
3057.824051,33,55,0.86,22,0.039090909,10
3051.126525,53,84,0.84,31,0.027096774,10
3048.45862,34,99,0.26,65,0.004,10
3047.426097,37,53,0.61,16,0.038125,10
3046.208014,37,51,0.5,14,0.035714286,10
3041.699967,38,51,0.49,13,0.037692308,10
3040.98044,33,57,0.93,24,0.03875,10
3040.447885,33,58,0.96,25,0.0384,10
3038.91932,35,55,0.75,20,0.0375,10
3038.193434,36,51,0.59,15,0.039333333,10
3036.873465,35,58,0.76,23,0.033043478,10
3036.268009,36,95,0.14,59,0.002372881,10
3033.714336,41,48,0.27,7,0.038571429,10
3032.956665,41,47,0.23,6,0.038333333,10
3029.901523,35,95,0.2,60,0.003333333,10
3028.082508,34,97,0.24,63,0.003809524,10
3025.060552,33,60,0.89,27,0.032962963,10
3022.034118,32,62,0.99,30,0.033,10
3020.943735,40,48,0.28,8,0.035,10
3014.801688,35,97,0.18,62,0.002903226,10
3014.47268,35,96,0.18,61,0.00295082,10
3013.997102,55,81,0.71,26,0.027307692,10
3008.630392,35,98,0.23,63,0.003650794,10
3007.585327,40,48,0.31,8,0.03875,10
3004.857879,34,99,0.17,65,0.002615385,10
3003.470712,35,98,0.18,63,0.002857143,10
3001.812638,36,96,0.16,60,0.002666667,10
3001.166127,51,86,0.95,35,0.027142857,10
3000.423702,39,51,0.44,12,0.036666667,10
2998.397277,38,52,0.48,14,0.034285714,10
2998.272596,52,76,0.54,24,0.0225,10
2997.020656,36,95,0.15,59,0.002542373,10
2996.412159,35,59,0.76,24,0.031666667,10
2996.229774,34,99,0.25,65,0.003846154,10
2994.273246,35,53,0.65,18,0.036111111,10
2989.823879,35,54,0.74,19,0.038947368,10
2989.649887,42,68,0.84,26,0.032307692,10
2988.385687,34,97,0.21,63,0.003333333,10
2986.858053,33,57,0.92,24,0.038333333,10
2986.275191,34,56,0.83,22,0.037727273,10
2983.838298,36,53,0.66,17,0.038823529,10
2983.153871,34,99,0.16,65,0.002461538,10
2982.975331,36,95,0.13,59,0.00220339,10
2982.865077,35,58,0.77,23,0.033478261,10
2980.470823,40,51,0.36,11,0.032727273,10
2978.059746,34,97,0.2,63,0.003174603,10
2977.820118,34,56,0.77,22,0.035,10
2975.538479,39,49,0.39,10,0.039,10
2974.846094,35,57,0.82,22,0.037272727,10
2973.836115,36,56,0.75,20,0.0375,10
2970.871596,56,80,0.66,24,0.0275,10
2966.215199,55,86,0.87,31,0.028064516,10
2965.638248,34,60,0.85,26,0.032692308,10
2965.49567,33,59,0.88,26,0.033846154,10
2964.343542,35,99,0.13,64,0.00203125,10
2962.352861,40,70,0.97,30,0.032333333,10
2961.710131,34,99,0.23,65,0.003538462,10
2960.93273,62,71,0.28,9,0.031111111,10
2959.276618,39,52,0.48,13,0.036923077,10
2956.450345,36,53,0.59,17,0.034705882,10
2955.604928,52,79,0.89,27,0.032962963,10
2955.496201,35,54,0.73,19,0.038421053,10
2953.236531,56,85,0.81,29,0.027931034,10
2952.201059,52,86,0.92,34,0.027058824,10
2951.246545,40,69,0.96,29,0.033103448,10
2951.180424,33,57,0.91,24,0.037916667,10
2950.755019,42,67,0.82,25,0.0328,10
2949.594223,60,69,0.3,9,0.033333333,10
2948.209329,51,81,0.98,30,0.032666667,10
2947.026582,52,84,0.88,32,0.0275,10
2946.841104,35,56,0.77,21,0.036666667,10
2946.207734,34,96,0.24,62,0.003870968,10
2946.203792,58,82,0.68,24,0.028333333,10
2945.853326,35,98,0.15,63,0.002380952,10
2944.615459,54,82,0.77,28,0.0275,10
2942.571787,38,53,0.55,15,0.036666667,10
2940.816641,38,50,0.46,12,0.038333333,10
2940.585454,35,98,0.22,63,0.003492063,10
2940.134007,51,88,0.99,37,0.026756757,10
2938.118609,53,74,0.48,21,0.022857143,10
2936.042219,59,74,0.47,15,0.031333333,10
2934.750995,45,60,0.44,15,0.029333333,10
2934.404566,33,98,0.25,65,0.003846154,10
2933.452788,36,56,0.74,20,0.037,10
2933.069155,37,55,0.66,18,0.036666667,10
2933.043228,54,87,0.93,33,0.028181818,10
2932.81041,39,53,0.51,14,0.036428571,10
2931.190535,35,99,0.11,64,0.00171875,10
2930.796729,37,51,0.54,14,0.038571429,10
2930.710512,37,54,0.64,17,0.037647059,10
2930.169784,35,95,0.18,60,0.003,10
2930.011955,38,92,0.11,54,0.002037037,10
2929.489724,34,98,0.2,64,0.003125,10
2928.625249,54,83,0.79,29,0.027241379,10
2928.531757,37,53,0.55,16,0.034375,10
2927.690164,53,85,0.86,32,0.026875,10
2927.405081,35,98,0.16,63,0.002539683,10
2927.285716,54,76,0.73,22,0.033181818,10
2927.131595,35,57,0.83,22,0.037727273,10
2926.993408,37,55,0.67,18,0.037222222,10
2926.163412,59,76,0.47,17,0.027647059,10
2925.600768,34,99,0.24,65,0.003692308,10
2924.184682,41,48,0.26,7,0.037142857,10
2923.551604,49,60,0.36,11,0.032727273,10
2922.739817,58,72,0.46,14,0.032857143,10
2922.635725,40,69,0.97,29,0.033448276,10
2921.897377,34,99,0.18,65,0.002769231,10
2921.434457,38,55,0.56,17,0.032941176,10
2921.423282,36,93,0.18,57,0.003157895,10
2921.347303,40,57,0.6,17,0.035294118,10
2921.181311,36,96,0.13,60,0.002166667,10
2921.089258,53,88,0.99,35,0.028285714,10
2920.913607,55,75,0.66,20,0.033,10
2919.311551,41,49,0.3,8,0.0375,10
2919.151234,46,63,0.56,17,0.032941176,10
2917.719823,61,68,0.23,7,0.032857143,10
2917.719823,58,71,0.43,13,0.033076923,10
2917.719823,56,74,0.59,18,0.032777778,10
2917.719823,54,76,0.72,22,0.032727273,10
2917.719823,53,77,0.79,24,0.032916667,10
2917.580469,35,57,0.74,22,0.033636364,10
2916.620541,47,62,0.49,15,0.032666667,10
2916.55676,57,72,0.49,15,0.032666667,10
2916.265662,35,97,0.16,62,0.002580645,10
2915.927997,57,83,0.74,26,0.028461538,10
2915.559197,37,54,0.58,17,0.034117647,10
2915.17856,34,99,0.19,65,0.002923077,10
2915.176682,34,61,0.85,27,0.031481481,10
2915.132426,38,52,0.53,14,0.037857143,10
2915.047911,53,78,0.82,25,0.0328,10
2914.8536,34,58,0.8,24,0.033333333,10
2914.710434,33,98,0.26,65,0.004,10
2914.679373,33,98,0.24,65,0.003692308,10
2913.854718,36,94,0.17,58,0.002931034,10
2913.707954,43,47,0.15,4,0.0375,10
2912.396619,51,87,0.97,36,0.026944444,10
2910.475554,41,49,0.29,8,0.03625,10
2910.177139,35,98,0.2,63,0.003174603,10
2909.827572,41,68,0.89,27,0.032962963,10
2909.585406,63,69,0.19,6,0.031666667,10
2909.446245,32,60,0.94,28,0.033571429,10
2909.176539,48,76,0.66,28,0.023571429,10
2909.061017,47,76,0.72,29,0.024827586,10
2908.941924,35,57,0.81,22,0.036818182,10
2908.401597,59,70,0.36,11,0.032727273,10
2907.295779,56,81,0.68,25,0.0272,10
2906.991031,51,80,0.96,29,0.033103448,10
2906.52872,36,97,0.1,61,0.001639344,10
2906.0707,35,56,0.79,21,0.037619048,10
2905.979829,44,61,0.5,17,0.029411765,10
2905.979829,43,62,0.56,19,0.029473684,10
2905.746576,45,65,0.65,20,0.0325,10
2905.632923,56,73,0.57,17,0.033529412,10
2905.537753,43,49,0.2,6,0.033333333,10
2905.012598,34,61,0.98,27,0.036296296,10
2904.978837,38,54,0.59,16,0.036875,10
2904.612168,38,53,0.56,15,0.037333333,10
2904.050989,34,97,0.23,63,0.003650794,10
2902.796888,45,50,0.18,5,0.036,10
2900.843167,44,82,0.92,38,0.024210526,10
2900.48941,54,77,0.75,23,0.032608696,10
2900.124697,59,71,0.39,12,0.0325,10
2900.124697,57,73,0.52,16,0.0325,10
2899.358251,52,78,0.88,26,0.033846154,10
2898.784759,54,61,0.19,7,0.027142857,10
2898.667629,32,58,0.99,26,0.038076923,10
2898.605164,39,49,0.36,10,0.036,10
2898.583907,55,77,0.71,22,0.032272727,10
2898.245166,34,55,0.81,21,0.038571429,10
2898.166375,37,92,0.17,55,0.003090909,10
2898.075372,35,94,0.23,59,0.003898305,10
2897.755008,37,94,0.11,57,0.001929825,10
2897.546366,43,68,0.77,25,0.0308,10
2897.394271,35,98,0.17,63,0.002698413,10
2896.960004,51,76,0.57,25,0.0228,10
2896.488679,35,97,0.21,62,0.003387097,10
2896.452656,52,85,0.9,33,0.027272727,10
2896.242342,43,49,0.22,6,0.036666667,10
2896.050116,55,67,0.29,12,0.024166667,10
2895.876857,38,51,0.46,13,0.035384615,10
2895.876857,37,52,0.53,15,0.035333333,10
2894.045549,34,97,0.22,63,0.003492063,10
2893.338984,53,77,0.8,24,0.033333333,10
2893.303464,53,62,0.25,9,0.027777778,10
2892.365654,35,99,0.15,64,0.00234375,10
2891.660574,58,73,0.49,15,0.032666667,10
2891.582786,54,88,0.95,34,0.027941176,10
2890.97056,34,55,0.8,21,0.038095238,10
2890.785066,56,76,0.64,20,0.032,10
2890.549181,36,52,0.62,16,0.03875,10
2890.329897,56,75,0.61,19,0.032105263,10
2890.116771,34,58,0.82,24,0.034166667,10
2890.079585,57,72,0.5,15,0.033333333,10
2889.832957,56,73,0.56,17,0.032941176,10
2888.497717,56,75,0.62,19,0.032631579,10
2888.497717,53,79,0.84,26,0.032307692,10
2887.804554,63,66,0.1,3,0.033333333,10
2887.758493,44,65,0.69,21,0.032857143,10
2887.091811,58,82,0.67,24,0.027916667,10
2887.091811,56,85,0.8,29,0.027586207,10
2887.091811,55,86,0.86,31,0.027741935,10
2886.754467,35,93,0.24,58,0.004137931,10
2886.202961,36,55,0.71,19,0.037368421,10
2886.153222,36,58,0.81,22,0.036818182,10
2885.978336,41,71,0.96,30,0.032,10
2885.948214,39,51,0.45,12,0.0375,10
2885.932204,35,98,0.19,63,0.003015873,10
2885.753651,58,70,0.41,12,0.034166667,10
2885.386105,34,58,0.91,24,0.037916667,10
2885.332058,36,56,0.67,20,0.0335,10
2885.256171,40,50,0.38,10,0.038,10
2884.51058,60,79,0.54,19,0.028421053,10
2883.927751,34,58,0.88,24,0.036666667,10
2883.687347,53,77,0.81,24,0.03375,10
2883.135091,61,73,0.37,12,0.030833333,10
2882.994748,55,76,0.68,21,0.032380952,10
2882.842579,52,78,0.86,26,0.033076923,10
2881.872759,33,61,0.92,28,0.032857143,10
2881.179225,37,55,0.61,18,0.033888889,10
2880.725109,61,70,0.29,9,0.032222222,10
2880.725109,59,72,0.42,13,0.032307692,10
2880.544311,46,83,0.83,37,0.022432432,10
2880.523989,36,58,0.7,22,0.031818182,10
2880.39844,37,54,0.63,17,0.037058824,10
2879.940335,51,71,0.5,20,0.025,10
2879.940335,50,72,0.55,22,0.025,10
2879.723838,34,59,0.82,25,0.0328,10
2879.612601,34,96,0.22,62,0.003548387,10
2879.578336,34,99,0.2,65,0.003076923,10
2879.488024,34,54,0.78,20,0.039,10
2879.215976,59,74,0.44,15,0.029333333,10
2878.969602,35,95,0.19,60,0.003166667,10
2878.003202,36,93,0.19,57,0.003333333,10
2877.151111,34,61,0.99,27,0.036666667,10
2876.279042,36,94,0.21,58,0.00362069,10
2876.151482,56,77,0.67,21,0.031904762,10
2876.151482,54,79,0.8,25,0.032,10
2875.897482,52,78,0.87,26,0.033461538,10
2875.363735,54,88,0.94,34,0.027647059,10
2875.053422,49,78,0.66,29,0.022758621,10
2874.921939,54,76,0.74,22,0.033636364,10
2874.780552,55,74,0.63,19,0.033157895,10
2874.70273,55,74,0.64,19,0.033684211,10
2874.245691,36,56,0.68,20,0.034,10
2873.601309,59,70,0.37,11,0.033636364,10
2872.96636,37,92,0.16,55,0.002909091,10
2871.451285,50,77,0.62,27,0.022962963,10
2870.906387,37,93,0.14,56,0.0025,10
2870.684713,55,87,0.86,32,0.026875,10
2870.319912,50,78,0.63,28,0.0225,10
2870.041282,56,78,0.7,22,0.031818182,10
2869.586917,59,74,0.48,15,0.032,10
2869.327453,37,52,0.52,15,0.034666667,10
2869.009353,33,60,0.9,27,0.033333333,10
2868.497648,36,95,0.17,59,0.002881356,10
2868.437347,58,66,0.19,8,0.02375,10
2868.410985,57,76,0.6,19,0.031578947,10
2868.043173,41,69,0.92,28,0.032857143,10
2867.636332,34,96,0.2,62,0.003225806,10
2867.412933,36,94,0.19,58,0.003275862,10
2866.725345,59,80,0.6,21,0.028571429,10
2866.372666,36,55,0.7,19,0.036842105,10
2866.368633,46,84,0.84,38,0.022105263,10
2866.24384,36,92,0.22,56,0.003928571,10
2866.044649,58,74,0.52,16,0.0325,10
2865.814336,36,55,0.65,19,0.034210526,10
2865.69795,41,46,0.18,5,0.036,10
2865.162656,34,55,0.73,21,0.034761905,10
2864.777367,42,68,0.85,26,0.032692308,10
2864.357609,41,71,0.97,30,0.032333333,10
2863.914548,36,55,0.72,19,0.037894737,10
2863.203364,58,73,0.5,15,0.033333333,10
2863.113688,51,79,0.93,28,0.033214286,10
2863.109274,56,75,0.64,19,0.033684211,10
2861.495271,37,53,0.59,16,0.036875,10
2861.125133,60,70,0.33,10,0.033,10
2861.125133,57,73,0.53,16,0.033125,10
2861.125133,55,76,0.69,21,0.032857143,10
2860.959171,60,71,0.36,11,0.032727273,10
2860.354968,60,71,0.35,11,0.031818182,10
2860.345592,41,50,0.34,9,0.037777778,10
2860.321928,36,56,0.73,20,0.0365,10
2860.295523,42,47,0.17,5,0.034,10
2860.174901,35,99,0.14,64,0.0021875,10
2859.964204,34,53,0.76,19,0.04,10
2859.844829,40,51,0.41,11,0.037272727,10
2859.2986,39,52,0.49,13,0.037692308,10
2858.920724,41,50,0.33,9,0.036666667,10
2858.798725,55,78,0.73,23,0.03173913,10
2858.737756,40,52,0.4,12,0.033333333,10
2858.701945,53,89,0.99,36,0.0275,10
2858.652632,58,73,0.46,15,0.030666667,10
2858.38234,57,74,0.56,17,0.032941176,10
2858.336236,59,69,0.34,10,0.034,10
2858.213208,52,80,0.92,28,0.032857143,10
2857.994558,52,80,0.91,28,0.0325,10
2857.576015,57,74,0.57,17,0.033529412,10
2857.494422,60,70,0.34,10,0.034,10
2855.970109,54,89,0.91,35,0.026,10
2855.83269,35,98,0.21,63,0.003333333,10
2855.141103,36,53,0.6,17,0.035294118,10
2854.583581,59,72,0.43,13,0.033076923,10
2854.407626,57,71,0.48,14,0.034285714,10
2854.265179,52,70,0.45,18,0.025,10
2854.040892,37,94,0.12,57,0.002105263,10
2853.958206,54,78,0.78,24,0.0325,10
2853.413777,40,50,0.37,10,0.037,10
2853.236182,55,76,0.7,21,0.033333333,10
2852.695005,51,80,0.97,29,0.033448276,10
2852.659086,54,88,0.93,34,0.027352941,10
2851.907177,49,67,0.48,18,0.026666667,10
2851.64378,35,97,0.19,62,0.003064516,10
2851.553772,47,61,0.4,14,0.028571429,10
2851.037744,54,77,0.77,23,0.033478261,10
2851.037744,53,78,0.84,25,0.0336,10
2851.037744,52,80,0.93,28,0.033214286,10
2850.42857,33,61,0.93,28,0.033214286,10
2850.203125,59,73,0.45,14,0.032142857,10
2849.931292,36,57,0.7,21,0.033333333,10
2849.687259,53,87,0.96,34,0.028235294,10
2849.278076,35,55,0.68,20,0.034,10
2848.932412,32,55,0.92,23,0.04,10
2848.912406,34,55,0.82,21,0.039047619,10
2848.891055,34,98,0.23,64,0.00359375,10
2848.819015,61,78,0.48,17,0.028235294,10
2848.819015,56,84,0.79,28,0.028214286,10
2848.768941,56,83,0.77,27,0.028518519,10
2848.768941,55,85,0.85,30,0.028333333,10
2848.684664,35,53,0.7,18,0.038888889,10
2848.573368,33,59,0.94,26,0.036153846,10
2848.565922,39,53,0.52,14,0.037142857,10
2848.253698,39,58,0.68,19,0.035789474,10
2848.162701,58,81,0.66,23,0.028695652,10
2848.04497,53,79,0.86,26,0.033076923,10
2847.789318,49,79,0.68,30,0.022666667,10
2847.776957,52,77,0.85,25,0.034,10
2847.533608,54,75,0.7,21,0.033333333,10
2847.533608,53,76,0.77,23,0.033478261,10
2846.6698,48,60,0.34,12,0.028333333,10
2846.657654,36,96,0.15,60,0.0025,10
2846.642299,56,74,0.6,18,0.033333333,10
2846.616381,34,57,0.78,23,0.033913043,10
2846.371693,54,84,0.81,30,0.027,10
2846.13631,36,54,0.62,18,0.034444444,10
2845.77434,53,80,0.87,27,0.032222222,10
2845.183302,48,80,0.72,32,0.0225,10
2845.183302,47,82,0.78,35,0.022285714,10
2844.735005,63,70,0.22,7,0.031428571,10
2844.645393,56,75,0.63,19,0.033157895,10
2843.855117,36,96,0.17,60,0.002833333,10
2843.773698,58,75,0.5,17,0.029411765,10
2843.773698,57,76,0.56,19,0.029473684,10
2843.748354,35,96,0.17,61,0.002786885,10
2843.630355,52,79,0.9,27,0.033333333,10
2843.571336,48,76,0.69,28,0.024642857,10
2842.949722,57,73,0.54,16,0.03375,10
2842.947688,34,96,0.25,62,0.004032258,10
2842.839206,35,98,0.24,63,0.003809524,10
2842.530115,61,71,0.32,10,0.032,10
2842.317957,61,72,0.35,11,0.031818182,10
2842.201126,37,93,0.2,56,0.003571429,10
2842.200755,36,96,0.14,60,0.002333333,10
2842.067493,57,82,0.71,25,0.0284,10
2841.937074,38,55,0.63,17,0.037058824,10
2840.309028,45,61,0.46,16,0.02875,10
2840.295718,45,85,0.9,40,0.0225,10
2840.264637,34,58,0.81,24,0.03375,10
2839.901607,58,76,0.56,18,0.031111111,10
2839.875079,47,81,0.77,34,0.022647059,10
2839.806124,58,75,0.55,17,0.032352941,10
2839.750488,46,78,0.76,32,0.02375,10
2839.604356,51,81,0.99,30,0.033,10
2839.337361,61,69,0.26,8,0.0325,10
2839.276778,57,76,0.61,19,0.032105263,10
2839.203383,42,69,0.83,27,0.030740741,10
2839.090283,52,73,0.49,21,0.023333333,10
2839.045128,41,55,0.5,14,0.035714286,10
2838.849769,33,99,0.26,66,0.003939394,10
2838.730566,35,96,0.2,61,0.003278689,10
2838.650402,56,77,0.62,21,0.02952381,10
2838.332121,40,70,0.99,30,0.033,10
2837.773408,62,68,0.2,6,0.033333333,10
2837.773408,59,71,0.4,12,0.033333333,10
2837.376299,33,98,0.22,65,0.003384615,10
2837.274629,56,74,0.61,18,0.033888889,10
2837.058592,36,95,0.21,59,0.003559322,10
2836.655529,34,99,0.21,65,0.003230769,10
2836.445784,33,56,0.8,23,0.034782609,10
2836.074077,62,69,0.23,7,0.032857143,10
2835.970297,33,59,0.98,26,0.037692308,10
2835.696337,41,51,0.37,10,0.037,10
2835.563706,34,98,0.25,64,0.00390625,10
2835.479561,46,77,0.77,31,0.02483871,10
2835.31018,34,98,0.26,64,0.0040625,10
2834.557712,63,67,0.13,4,0.0325,10
2834.434856,33,56,0.89,23,0.038695652,10
2834.434856,32,57,0.97,25,0.0388,10
2833.976075,33,99,0.21,66,0.003181818,10
2833.924639,34,59,0.85,25,0.034,10
2833.845554,44,66,0.71,22,0.032272727,10
2833.676874,40,70,0.98,30,0.032666667,10
2833.322447,56,73,0.58,17,0.034117647,10
2833.249897,47,61,0.47,14,0.033571429,10
2832.997035,44,65,0.59,21,0.028095238,10
2832.814176,32,55,0.93,23,0.040434783,10
2832.530612,47,82,0.79,35,0.022571429,10
2832.487681,42,70,0.9,28,0.032142857,10
2832.418123,63,68,0.16,5,0.032,10
2832.375552,54,75,0.71,21,0.033809524,10
2832.375552,53,76,0.78,23,0.033913043,10
2831.549548,36,55,0.69,19,0.036315789,10
2831.533728,33,98,0.27,65,0.004153846,10
2831.04869,53,79,0.85,26,0.032692308,10
2830.381666,56,78,0.69,22,0.031363636,10
2829.897441,59,81,0.61,22,0.027727273,10
2829.741019,58,73,0.48,15,0.032,10
2829.632957,43,71,0.88,28,0.031428571,10
2829.184083,48,55,0.21,7,0.03,10
2829.059162,36,96,0.12,60,0.002,10
2828.971376,51,85,0.94,34,0.027647059,10
2828.95292,37,93,0.16,56,0.002857143,10
2828.508633,43,65,0.72,22,0.032727273,10
2828.140104,55,86,0.84,31,0.027096774,10
2827.812361,55,77,0.72,22,0.032727273,10
2827.669418,38,52,0.51,14,0.036428571,10
2827.516337,51,79,0.94,28,0.033571429,10
2827.228599,47,84,0.81,37,0.021891892,10
2827.176809,43,54,0.35,11,0.031818182,10
2827.000253,60,68,0.27,8,0.03375,10
2826.675262,57,83,0.73,26,0.028076923,10
2826.182636,31,57,0.99,26,0.038076923,10
2825.841746,35,96,0.15,61,0.002459016,10
2825.337911,55,84,0.83,29,0.02862069,10
2824.987714,57,75,0.58,18,0.032222222,10
2824.496309,40,45,0.19,5,0.038,10
2824.363839,40,52,0.39,12,0.0325,10
2824.320936,36,93,0.22,57,0.003859649,10
2824.276182,54,89,0.92,35,0.026285714,10
2824.276182,53,90,0.98,37,0.026486486,10
2823.652912,58,81,0.67,23,0.029130435,10
2823.569645,34,60,0.86,26,0.033076923,10
2823.144224,34,58,0.9,24,0.0375,10
2823.045291,46,85,0.86,39,0.022051282,10
2823.029265,47,79,0.74,32,0.023125,10
2822.874185,56,84,0.8,28,0.028571429,10
2822.838384,42,53,0.4,11,0.036363636,10
2822.636307,54,68,0.34,14,0.024285714,10
2822.554492,57,74,0.55,17,0.032352941,10
2822.554492,54,78,0.77,24,0.032083333,10
2822.299533,44,62,0.52,18,0.028888889,10
2821.676087,60,73,0.38,13,0.029230769,10
2821.463134,58,72,0.47,14,0.033571429,10
2821.05824,49,66,0.47,17,0.027647059,10
2820.662881,70,86,0.29,16,0.018125,10
2820.655675,55,75,0.67,20,0.0335,10
2820.565859,49,75,0.64,26,0.024615385,10
2820.518403,42,70,0.85,28,0.030357143,10
2820.307302,55,60,0.14,5,0.028,10
2819.974439,55,85,0.84,30,0.028,10
2819.974439,54,86,0.9,32,0.028125,10
2819.974439,54,87,0.92,33,0.027878788,10
2819.974439,53,88,0.98,35,0.028,10
2819.835477,50,73,0.55,23,0.023913043,10
2819.835477,49,74,0.6,25,0.024,10
2819.789852,36,93,0.21,57,0.003684211,10
2819.673049,40,52,0.44,12,0.036666667,10
2819.565336,53,81,0.82,28,0.029285714,10
2819.535039,52,82,0.89,30,0.029666667,10
2819.392467,58,71,0.44,13,0.033846154,10
2819.366936,33,98,0.28,65,0.004307692,10
2819.300064,61,74,0.36,13,0.027692308,10
2819.300064,58,78,0.55,20,0.0275,10
2819.257287,32,55,0.91,23,0.039565217,10
2819.11553,36,96,0.11,60,0.001833333,10
2819.107758,53,78,0.83,25,0.0332,10
2818.917414,38,50,0.47,12,0.039166667,10
2818.767043,56,82,0.7,26,0.026923077,10
2818.710059,48,80,0.73,32,0.0228125,10
2818.60979,42,66,0.79,24,0.032916667,10
2818.344211,55,78,0.68,23,0.029565217,10
2818.344211,54,79,0.74,25,0.0296,10
2818.16033,60,73,0.41,13,0.031538462,10
2818.077653,48,81,0.74,33,0.022424242,10
2818.065354,33,59,0.97,26,0.037307692,10
2817.723699,51,64,0.36,13,0.027692308,10
2817.718989,54,88,0.92,34,0.027058824,10
2817.430677,53,90,0.99,37,0.026756757,10
2817.380285,58,74,0.51,16,0.031875,10
2817.313568,42,54,0.43,12,0.035833333,10
2816.923812,53,87,0.95,34,0.027941176,10
2816.867567,54,86,0.91,32,0.0284375,10
2816.628534,62,67,0.17,5,0.034,10
2816.628534,61,69,0.27,8,0.03375,10
2816.345921,42,72,0.95,30,0.031666667,10
2816.338826,59,79,0.58,20,0.029,10
2816.338826,58,80,0.64,22,0.029090909,10
2816.338826,57,82,0.72,25,0.0288,10
2815.65162,41,68,0.9,27,0.033333333,10
2815.276311,32,60,0.93,28,0.033214286,10
2815.178218,38,91,0.14,53,0.002641509,10
2815.133387,41,70,0.94,29,0.032413793,10
2815.059686,53,88,0.97,35,0.027714286,10
2814.561293,57,72,0.51,15,0.034,10
2813.977689,38,54,0.6,16,0.0375,10
2813.811595,46,77,0.78,31,0.02516129,10
2813.731211,53,80,0.8,27,0.02962963,10
2813.731211,52,81,0.86,29,0.029655172,10
2813.72308,59,76,0.52,17,0.030588235,10
2813.690198,56,76,0.65,20,0.0325,10
2813.48335,45,62,0.56,17,0.032941176,10
2813.412279,41,69,0.91,28,0.0325,10
2813.409382,54,87,0.94,33,0.028484848,10
2813.18755,34,98,0.24,64,0.00375,10
2813.053498,53,84,0.85,31,0.027419355,10
2812.822731,51,65,0.38,14,0.027142857,10
2812.758786,42,49,0.23,7,0.032857143,10
2812.382345,51,84,0.94,33,0.028484848,10
2812.257594,47,79,0.75,32,0.0234375,10
2812.146062,49,78,0.67,29,0.023103448,10
2811.991261,34,58,0.89,24,0.037083333,10
2811.342866,51,64,0.35,13,0.026923077,10
2811.253954,54,87,0.91,33,0.027575758,10
2810.830529,34,98,0.18,64,0.0028125,10
2810.61409,48,77,0.68,29,0.023448276,10
2810.368306,34,56,0.76,22,0.034545455,10
2809.870635,32,57,0.88,25,0.0352,10
2809.694803,57,77,0.63,20,0.0315,10
2809.694803,55,79,0.76,24,0.031666667,10
2809.033072,41,70,0.93,29,0.032068966,10
2809.025958,64,70,0.19,6,0.031666667,10
2809.025958,61,73,0.38,12,0.031666667,10
2808.854472,42,69,0.89,27,0.032962963,10
2808.710791,58,75,0.54,17,0.031764706,10
2808.067506,47,58,0.32,11,0.029090909,10
2807.833902,52,63,0.3,11,0.027272727,10
2807.650098,52,85,0.95,33,0.028787879,10
2807.639348,34,55,0.75,21,0.035714286,10
2807.416389,54,78,0.79,24,0.032916667,10
2807.377099,47,81,0.78,34,0.022941176,10
2806.886119,46,84,0.85,38,0.022368421,10
2806.66854,55,80,0.78,25,0.0312,10
2806.647159,47,78,0.73,31,0.023548387,10
2806.470283,50,80,0.66,30,0.022,10
2806.470283,48,82,0.75,34,0.022058824,10
2806.365025,34,54,0.73,20,0.0365,10
2806.185825,36,96,0.18,60,0.003,10
2806.054776,35,94,0.24,59,0.004067797,10
2805.929269,68,87,0.35,19,0.018421053,10
2805.500736,38,54,0.52,16,0.0325,10
2805.447603,36,94,0.18,58,0.003103448,10
2804.935036,35,97,0.23,62,0.003709677,10
2804.892742,35,57,0.75,22,0.034090909,10
2804.858435,35,99,0.12,64,0.001875,10
2804.705809,36,95,0.16,59,0.002711864,10
2804.576072,42,64,0.64,22,0.029090909,10
2804.462254,52,79,0.91,27,0.033703704,10
2804.320584,44,80,0.89,36,0.024722222,10
2804.238156,47,56,0.27,9,0.03,10
2804.222973,57,84,0.73,27,0.027037037,10
2804.222973,56,85,0.79,29,0.027241379,10
2804.201984,46,83,0.84,37,0.022702703,10
2804.063394,36,98,0.14,62,0.002258065,10
2803.955291,34,59,0.83,25,0.0332,10
2803.867057,54,80,0.83,26,0.031923077,10
2803.681159,63,72,0.28,9,0.031111111,10
2803.648065,34,57,0.8,23,0.034782609,10
2803.35908,33,59,0.99,26,0.038076923,10
2803.141674,45,66,0.64,21,0.03047619,10
2802.944614,33,58,0.85,25,0.034,10
2802.806617,64,69,0.16,5,0.032,10
2802.507255,48,75,0.65,27,0.024074074,10
2802.31664,47,83,0.8,36,0.022222222,10
2802.27229,60,82,0.5,22,0.022727273,10
2802.217313,55,79,0.7,24,0.029166667,10
2802.148414,51,82,0.94,31,0.030322581,10
2802.130017,50,76,0.6,26,0.023076923,10
2801.716001,49,77,0.65,28,0.023214286,10
2801.562819,53,79,0.79,26,0.030384615,10
2801.24449,53,90,0.96,37,0.025945946,10
2800.952385,42,49,0.26,7,0.037142857,10
2800.912378,44,81,0.9,37,0.024324324,10
2800.854565,37,94,0.1,57,0.001754386,10
2800.52612,43,53,0.36,10,0.036,10
2800.424844,40,53,0.43,13,0.033076923,10
2800.304656,41,50,0.3,9,0.033333333,10
2800.298023,55,77,0.67,22,0.030454545,10
2800.298023,54,78,0.73,24,0.030416667,10
2799.326373,52,82,0.88,30,0.029333333,10
2799.296286,53,80,0.81,27,0.03,10
2799.296286,52,81,0.87,29,0.03,10
2799.296286,51,83,0.95,32,0.0296875,10
2799.109837,34,95,0.25,61,0.004098361,10
2798.926073,71,86,0.27,15,0.018,10
2798.90986,56,79,0.64,23,0.027826087,10
2798.774942,44,73,0.84,29,0.028965517,10
2798.38206,34,57,0.88,23,0.03826087,10
2798.243573,48,75,0.67,27,0.024814815,10
2798.154897,32,61,0.98,29,0.033793103,10
2797.967171,41,70,0.95,29,0.032758621,10
2797.912681,35,58,0.78,23,0.033913043,10
2797.743186,52,86,0.97,34,0.028529412,10
2797.495477,46,59,0.38,13,0.029230769,10
2796.910201,46,78,0.79,32,0.0246875,10
2796.910201,45,79,0.84,34,0.024705882,10
2796.887349,39,68,0.09,29,0.003103448,10
2796.845986,65,93,0.51,28,0.018214286,10
2796.836102,44,66,0.61,22,0.027727273,10
2796.636932,36,52,0.59,16,0.036875,10
2796.627034,52,62,0.28,10,0.028,10
2796.522176,55,71,0.37,16,0.023125,10
2796.048071,51,87,0.99,36,0.0275,10
2795.979877,49,74,0.62,25,0.0248,10
2795.780841,58,76,0.57,18,0.031666667,10
2795.326343,55,86,0.88,31,0.028387097,10
2795.326343,54,88,0.96,34,0.028235294,10
2795.296882,38,61,0.8,23,0.034782609,10
2795.266848,41,72,0.93,31,0.03,10
2795.200398,48,78,0.7,30,0.023333333,10
2795.175024,55,82,0.77,27,0.028518519,10
2794.830229,34,59,0.84,25,0.0336,10
2794.344637,35,99,0.16,64,0.0025,10
2794.273172,55,87,0.87,32,0.0271875,10
2794.219274,49,80,0.69,31,0.022258065,10
2794.127312,58,79,0.57,21,0.027142857,10
2793.844311,52,87,0.94,35,0.026857143,10
2793.680424,41,71,0.98,30,0.032666667,10
2793.660058,51,57,0.16,6,0.026666667,10
2793.437873,36,52,0.61,16,0.038125,10
2793.123811,34,58,0.87,24,0.03625,10
2792.677948,52,71,0.43,19,0.022631579,10
2792.302336,54,77,0.76,23,0.033043478,10
2792.019718,57,85,0.64,28,0.022857143,10
2791.973174,52,93,0.95,41,0.023170732,10
2791.972865,58,85,0.6,27,0.022222222,10
2791.972865,56,87,0.69,31,0.022258065,10
2791.846198,67,71,0.09,4,0.0225,10
2791.465891,55,63,0.21,8,0.02625,10
2791.464319,54,80,0.76,26,0.029230769,10
2791.323286,55,85,0.86,30,0.028666667,10
2791.071196,49,65,0.45,16,0.028125,10
2790.98729,46,82,0.82,36,0.022777778,10
2790.590501,50,82,0.98,32,0.030625,10
2790.544725,34,60,0.84,26,0.032307692,10
2790.525617,55,70,0.35,15,0.023333333,10
2790.266649,50,74,0.57,24,0.02375,10
2790.258991,60,75,0.46,15,0.030666667,10
2790.255156,39,52,0.43,13,0.033076923,10
2789.853024,33,59,0.89,26,0.034230769,10
2789.579454,58,64,0.14,6,0.023333333,10
2789.240931,38,99,0.09,61,0.00147541,10
2788.812904,65,74,0.2,9,0.022222222,10
2788.755564,55,59,0.11,4,0.0275,10
2788.548861,36,95,0.22,59,0.003728814,10
2788.518847,35,95,0.22,60,0.003666667,10
2788.375318,47,60,0.43,13,0.033076923,10
2788.225362,52,75,0.79,23,0.034347826,10
2788.088718,55,90,0.74,35,0.021142857,10
2787.723423,35,56,0.8,21,0.038095238,10
2787.719264,33,56,0.88,23,0.03826087,10
2787.710643,35,95,0.21,60,0.0035,10
2787.627375,45,56,0.34,11,0.030909091,10
2787.136675,46,57,0.33,11,0.03,10
2787.064726,54,85,0.89,31,0.028709677,10
2786.994685,43,52,0.33,9,0.036666667,10
2786.957744,53,84,0.9,31,0.029032258,10
2786.797953,33,59,0.87,26,0.033461538,10
2786.661284,47,77,0.71,30,0.023666667,10
2786.512902,53,93,0.84,40,0.021,10
2786.487023,52,81,0.94,29,0.032413793,10
2785.931697,44,66,0.72,22,0.032727273,10
2785.875613,44,68,0.71,24,0.029583333,10
2785.743669,58,67,0.21,9,0.023333333,10
2785.682101,56,76,0.61,20,0.0305,10
2785.634132,38,92,0.12,54,0.002222222,10
2785.358076,36,52,0.58,16,0.03625,10
2785.260297,34,97,0.19,63,0.003015873,10
2785.198651,37,92,0.19,55,0.003454545,10
2784.699433,59,75,0.51,16,0.031875,10
2784.310299,34,59,0.91,25,0.0364,10
2784.293503,45,64,0.62,19,0.032631579,10
2784.273034,35,56,0.73,21,0.034761905,10
2784.159612,54,71,0.4,17,0.023529412,10
2784.053587,50,56,0.2,6,0.033333333,10
2783.372704,51,83,0.96,32,0.03,10
2783.045219,37,92,0.21,55,0.003818182,10
2782.83331,38,91,0.16,53,0.003018868,10
2782.752409,51,76,0.86,25,0.0344,10
2782.488879,42,69,0.88,27,0.032592593,10
2782.334227,53,87,0.97,34,0.028529412,10
2782.145531,34,59,0.93,25,0.0372,10
2782.108605,51,86,0.96,35,0.027428571,10
2782.031433,51,52,0.03,1,0.03,10
2782.031433,50,53,0.09,3,0.03,10
2782.031433,49,54,0.15,5,0.03,10
2781.960651,60,79,0.55,19,0.028947368,10
2781.960651,59,80,0.61,21,0.029047619,10
2781.960651,56,84,0.81,28,0.028928571,10
2781.800996,34,98,0.22,64,0.0034375,10
2781.705512,37,56,0.61,19,0.032105263,10
2781.675872,57,83,0.75,26,0.028846154,10
2781.649457,38,54,0.54,16,0.03375,10
2781.477098,35,54,0.65,19,0.034210526,10
2780.914397,41,54,0.48,13,0.036923077,10
2780.797955,60,72,0.36,12,0.03,10
2780.797955,59,73,0.42,14,0.03,10
2780.797955,58,74,0.48,16,0.03,10
2780.797955,57,75,0.54,18,0.03,10
2780.797955,56,76,0.6,20,0.03,10
2780.369374,60,72,0.38,12,0.031666667,10
2779.896675,62,72,0.31,10,0.031,10
2779.797689,33,61,0.91,28,0.0325,10
2779.781842,55,89,0.76,34,0.022352941,10
2779.749763,37,92,0.2,55,0.003636364,10
2779.548399,57,79,0.63,22,0.028636364,10
2779.526954,50,74,0.59,24,0.024583333,10
2778.949366,40,57,0.61,17,0.035882353,10
2778.667747,33,54,0.84,21,0.04,10
2778.665094,33,98,0.29,65,0.004461538,10
2778.498621,38,91,0.15,53,0.002830189,10
2778.393137,34,95,0.26,61,0.004262295,10
2778.253982,56,87,0.7,31,0.022580645,10
2777.360011,56,79,0.67,23,0.029130435,10
2777.360011,55,80,0.73,25,0.0292,10
2777.173251,74,82,0.15,8,0.01875,10
2777.012321,59,69,0.33,10,0.033,10
2777.007314,41,70,0.9,29,0.031034483,10
2776.990951,69,88,0.35,19,0.018421053,10
2776.876762,55,81,0.75,26,0.028846154,10
2776.856768,53,82,0.85,29,0.029310345,10
2776.69129,56,80,0.69,24,0.02875,10
2776.580631,37,49,0.48,12,0.04,10
2776.567145,52,80,0.85,28,0.030357143,10
2776.567145,50,83,0.99,33,0.03,10
2776.516253,37,54,0.59,17,0.034705882,10
2776.466797,38,98,0.09,60,0.0015,10
2776.423729,41,69,0.93,28,0.033214286,10
2776.113497,61,71,0.3,10,0.03,10
2776.01298,43,66,0.76,23,0.033043478,10
2776.01298,42,67,0.83,25,0.0332,10
2775.856682,51,83,0.94,32,0.029375,10
2775.56961,57,86,0.65,29,0.022413793,10
2775.450763,53,86,0.95,33,0.028787879,10
2775.200965,31,59,0.95,28,0.033928571,10
2775.093714,57,75,0.55,18,0.030555556,10
2775.066428,43,68,0.81,25,0.0324,10
2775.035591,45,72,0.77,27,0.028518519,10
2775.010885,34,97,0.27,63,0.004285714,10
2774.951435,57,82,0.73,25,0.0292,10
2774.848387,35,93,0.23,58,0.003965517,10
2774.820927,38,98,0.11,60,0.001833333,10
2774.521749,52,81,0.88,29,0.030344828,10
2774.305556,56,77,0.68,21,0.032380952,10
2774.176276,39,50,0.41,11,0.037272727,10
2773.667856,63,72,0.26,9,0.028888889,10
2773.577604,31,59,0.96,28,0.034285714,10
2773.53628,62,70,0.24,8,0.03,10
2773.391186,37,70,0.13,33,0.003939394,10
2773.234663,43,69,0.78,26,0.03,10
2773.202529,52,73,0.64,21,0.03047619,10
2773.1351,53,74,0.72,21,0.034285714,10
2773.015921,31,58,0.93,27,0.034444444,10
2772.522549,68,89,0.38,21,0.018095238,10
2772.22512,40,57,0.55,17,0.032352941,10
2772.151203,32,54,0.92,22,0.041818182,10
2772.075507,54,68,0.33,14,0.023571429,10
2771.916853,51,91,0.98,40,0.0245,10
2771.752183,33,60,0.99,27,0.036666667,10
2771.696772,54,79,0.75,25,0.03,10
2771.52711,58,84,0.59,26,0.022692308,10
2771.479114,64,68,0.13,4,0.0325,10
2771.479114,62,70,0.26,8,0.0325,10
2771.170165,48,79,0.71,31,0.022903226,10
2771.055349,51,81,0.92,30,0.030666667,10
2770.843206,62,72,0.29,10,0.029,10
2770.772394,55,86,0.89,31,0.028709677,10
2770.543047,57,83,0.72,26,0.027692308,10
2770.514039,55,88,0.74,33,0.022424242,10
2770.319918,51,87,0.98,36,0.027222222,10
2770.146044,42,48,0.2,6,0.033333333,10
2769.803865,34,96,0.23,62,0.003709677,10
2769.617454,37,54,0.61,17,0.035882353,10
2769.605732,35,98,0.11,63,0.001746032,10
2769.280376,66,70,0.11,4,0.0275,10
2768.682131,33,56,0.81,23,0.035217391,10
2768.591396,70,87,0.31,17,0.018235294,10
2768.557944,54,88,0.9,34,0.026470588,10
2768.543744,53,89,0.96,36,0.026666667,10
2768.451672,41,68,0.88,27,0.032592593,10
2768.412587,42,68,0.72,26,0.027692308,10
2768.404877,43,66,0.77,23,0.033478261,10
2768.274489,53,90,0.97,37,0.026216216,10
2768.195714,57,77,0.58,20,0.029,10
2768.195714,54,81,0.78,27,0.028888889,10
2768.195714,53,82,0.84,29,0.028965517,10
2768.189736,46,79,0.77,33,0.023333333,10
2768.147009,56,78,0.64,22,0.029090909,10
2767.812073,59,76,0.53,17,0.031176471,10
2767.781437,38,49,0.4,11,0.036363636,10
2767.691532,32,55,0.95,23,0.041304348,10
2767.666457,52,88,0.96,36,0.026666667,10
2767.505366,35,97,0.24,62,0.003870968,10
2767.390564,35,52,0.68,17,0.04,10
2767.374032,48,60,0.38,12,0.031666667,10
2767.35217,53,89,0.85,36,0.023611111,10
2766.977901,42,50,0.3,8,0.0375,10
2766.916416,35,95,0.23,60,0.003833333,10
2766.850748,35,96,0.16,61,0.002622951,10
2766.670914,33,60,0.91,27,0.033703704,10
2766.594514,49,60,0.29,11,0.026363636,10
2766.582353,50,65,0.41,15,0.027333333,10
2766.032059,47,80,0.76,33,0.023030303,10
2765.716362,51,85,0.99,34,0.029117647,10
2765.48576,35,98,0.14,63,0.002222222,10
2765.390114,32,54,0.91,22,0.041363636,10
2765.384384,35,98,0.12,63,0.001904762,10
2764.787342,54,83,0.83,29,0.02862069,10
2764.787342,53,84,0.89,31,0.028709677,10
2764.733464,59,80,0.62,21,0.02952381,10
2764.599414,54,79,0.82,25,0.0328,10
2764.460857,61,72,0.33,11,0.03,10
2764.443859,56,77,0.63,21,0.03,10
2764.120411,60,76,0.46,16,0.02875,10
2764.065178,56,84,0.78,28,0.027857143,10
2764.007404,35,55,0.74,20,0.037,10
2764.000811,38,59,0.76,21,0.036190476,10
2763.715529,46,49,0.11,3,0.036666667,10
2763.343771,51,90,0.95,39,0.024358974,10
2762.788551,56,86,0.69,30,0.023,10
2762.788551,55,87,0.74,32,0.023125,10
2762.385065,45,58,0.39,13,0.03,10
2762.125301,36,94,0.16,58,0.002758621,10
2762.099818,34,98,0.21,64,0.00328125,10
2762.08498,51,82,0.93,31,0.03,10
2761.674422,60,74,0.41,14,0.029285714,10
2761.259616,55,68,0.31,13,0.023846154,10
2760.567996,58,77,0.55,19,0.028947368,10
2760.380941,53,70,0.38,17,0.022352941,10
2760.261223,55,78,0.7,23,0.030434783,10
2760.234947,53,91,0.89,38,0.023421053,10
2760.234947,52,92,0.94,40,0.0235,10
2760.157886,61,73,0.35,12,0.029166667,10
2759.928891,32,56,0.9,24,0.0375,10
2759.35252,43,48,0.17,5,0.034,10
2759.244528,54,86,0.89,32,0.0278125,10
2759.192733,34,56,0.82,22,0.037272727,10
2759.100597,59,76,0.49,17,0.028823529,10
2758.994021,57,85,0.65,28,0.023214286,10
2758.852718,54,88,0.91,34,0.026764706,10
2758.820193,62,73,0.34,11,0.030909091,10
2758.820193,58,77,0.59,19,0.031052632,10
2758.666057,51,63,0.33,12,0.0275,10
2758.604443,51,73,0.52,22,0.023636364,10
2758.570223,55,87,0.85,32,0.0265625,10
2758.492944,34,98,0.19,64,0.00296875,10
2758.433991,52,85,0.99,33,0.03,10
2758.255979,53,60,0.2,7,0.028571429,10
2758.219017,33,56,0.9,23,0.039130435,10
2758.215171,51,83,0.97,32,0.0303125,10
2758.085434,36,55,0.73,19,0.038421053,10
2757.996713,66,67,0.03,1,0.03,10
2757.996713,65,68,0.09,3,0.03,10
2757.996713,64,69,0.15,5,0.03,10
2757.996713,63,70,0.21,7,0.03,10
2757.996713,62,71,0.27,9,0.03,10
2757.872798,36,96,0.2,60,0.003333333,10
2757.524754,37,93,0.15,56,0.002678571,10
2757.517318,64,94,0.55,30,0.018333333,10
2757.490595,54,80,0.77,26,0.029615385,10
2757.490595,53,81,0.83,28,0.029642857,10
2756.759154,35,56,0.72,21,0.034285714,10
2756.695677,59,74,0.49,15,0.032666667,10
2756.527577,54,80,0.75,26,0.028846154,10
2756.460576,40,56,0.58,16,0.03625,10
2756.235488,49,76,0.63,27,0.023333333,10
2756.12451,33,99,0.2,66,0.003030303,10
2755.810533,52,84,0.89,32,0.0278125,10
2755.794544,52,85,0.96,33,0.029090909,10
2755.781867,43,67,0.8,24,0.033333333,10
2755.604362,45,71,0.76,26,0.029230769,10
2755.560355,35,54,0.66,19,0.034736842,10
2755.295235,33,99,0.25,66,0.003787879,10
2755.12792,52,90,0.91,38,0.023947368,10
2755.083407,45,72,0.78,27,0.028888889,10
2754.950094,33,55,0.77,22,0.035,10
2754.899392,46,79,0.78,33,0.023636364,10
2754.823,55,78,0.69,23,0.03,10
2754.732882,46,81,0.81,35,0.023142857,10
2754.672751,63,72,0.25,9,0.027777778,10
2754.440625,33,98,0.23,65,0.003538462,10
2754.400029,57,76,0.62,19,0.032631579,10
2754.284181,55,78,0.75,23,0.032608696,10
2754.241938,40,68,0.95,28,0.033928571,10
2754.0412,44,73,0.83,29,0.02862069,10
2754.006459,33,58,0.92,25,0.0368,10
2753.909355,54,80,0.82,26,0.031538462,10
2753.909355,53,81,0.89,28,0.031785714,10
2753.851589,44,46,0.07,2,0.035,10
2753.851589,43,47,0.14,4,0.035,10
2753.851589,42,48,0.21,6,0.035,10
2753.824791,47,77,0.74,30,0.024666667,10
2753.695906,34,99,0.27,65,0.004153846,10
2753.690976,56,88,0.71,32,0.0221875,10
2753.686786,55,86,0.85,31,0.027419355,10
2753.686786,53,89,0.98,36,0.027222222,10
2753.593512,47,67,0.57,20,0.0285,10
2753.571318,51,74,0.7,23,0.030434783,10
2753.460114,62,73,0.32,11,0.029090909,10
2753.460114,59,77,0.52,18,0.028888889,10
2753.460114,58,78,0.58,20,0.029,10
2753.411667,34,99,0.22,65,0.003384615,10
2753.119179,53,90,0.85,37,0.022972973,10
2752.723836,67,90,0.43,23,0.018695652,10
2752.685469,40,51,0.4,11,0.036363636,10
2752.53568,56,79,0.66,23,0.028695652,10
2752.354238,35,99,0.1,64,0.0015625,10
2752.308718,45,63,0.57,18,0.031666667,10
2752.160365,54,87,0.9,33,0.027272727,10
2752.160365,53,88,0.96,35,0.027428571,10
2752.160365,53,89,0.97,36,0.026944444,10
2752.136873,61,75,0.4,14,0.028571429,10
2751.968259,39,54,0.48,15,0.032,10
2751.661517,35,54,0.67,19,0.035263158,10
2751.644651,54,87,0.79,33,0.023939394,10
2751.644651,53,88,0.84,35,0.024,10
2751.534489,53,83,0.83,30,0.027666667,10
2750.944729,35,58,0.83,23,0.036086957,10
2750.891648,43,64,0.6,21,0.028571429,10
2750.881269,57,78,0.65,21,0.030952381,10
2750.804756,64,74,0.29,10,0.029,10
2750.799324,35,94,0.22,59,0.003728814,10
2750.532013,54,84,0.84,30,0.028,10
2750.526579,43,83,0.97,40,0.02425,10
2750.518677,37,56,0.63,19,0.033157895,10
2749.969317,57,78,0.61,21,0.029047619,10
2749.952174,43,67,0.78,24,0.0325,10
2749.50609,42,75,0.96,33,0.029090909,10
2749.323591,54,69,0.36,15,0.024,10
2749.161952,55,88,0.75,33,0.022727273,10
2749.10199,38,52,0.49,14,0.035,10
2748.928128,59,83,0.55,24,0.022916667,10
2748.928128,58,84,0.6,26,0.023076923,10
2748.789316,34,57,0.84,23,0.036521739,10
2748.651262,63,74,0.3,11,0.027272727,10
2748.366469,54,79,0.81,25,0.0324,10
2748.366469,53,80,0.88,27,0.032592593,10
2748.270362,54,88,0.79,34,0.023235294,10
2748.00288,53,61,0.22,8,0.0275,10
2747.997182,35,98,0.13,63,0.002063492,10
2747.909638,52,83,0.9,31,0.029032258,10
2747.798014,54,92,0.79,38,0.020789474,10
2747.746549,38,53,0.52,15,0.034666667,10
2747.676385,39,51,0.46,12,0.038333333,10
2747.432929,33,55,0.76,22,0.034545455,10
2747.25227,51,61,0.32,10,0.032,10
2746.991052,33,99,0.27,66,0.004090909,10
2746.693957,68,89,0.39,21,0.018571429,10
2746.243337,55,69,0.43,14,0.030714286,10
2745.803668,63,71,0.25,8,0.03125,10
2745.803668,60,74,0.44,14,0.031428571,10
2745.802603,52,83,0.91,31,0.029354839,10
2745.802603,51,84,0.97,33,0.029393939,10
2745.758301,59,77,0.51,18,0.028333333,10
2745.758301,55,82,0.76,27,0.028148148,10
2745.758301,54,83,0.82,29,0.028275862,10
2745.744214,58,78,0.57,20,0.0285,10
2745.744214,58,79,0.59,21,0.028095238,10
2745.744214,57,80,0.65,23,0.02826087,10
2745.556185,59,75,0.5,16,0.03125,10
2745.223106,53,80,0.82,27,0.03037037,10
2744.587724,58,85,0.61,27,0.022592593,10
2744.587724,57,86,0.66,29,0.022758621,10
2744.326218,49,61,0.31,12,0.025833333,10
2744.227637,49,75,0.62,26,0.023846154,10
2743.674092,37,52,0.56,15,0.037333333,10
2743.674092,36,53,0.64,17,0.037647059,10
2743.646739,57,68,0.33,11,0.03,10
2743.386639,64,72,0.22,8,0.0275,10
2743.386639,62,74,0.33,12,0.0275,10
2743.249524,33,58,0.84,25,0.0336,10
2743.205547,44,63,0.54,19,0.028421053,10
2743.1518,52,85,0.91,33,0.027575758,10
2743.1518,51,86,0.97,35,0.027714286,10
2742.081764,42,67,0.84,25,0.0336,10
2742.030344,51,90,0.96,39,0.024615385,10
2741.812695,51,93,0.99,42,0.023571429,10
2741.777817,65,75,0.22,10,0.022,10
2741.741232,35,59,0.86,24,0.035833333,10
2741.686054,46,81,0.8,35,0.022857143,10
2741.46366,39,59,0.63,20,0.0315,10
2740.867955,55,81,0.74,26,0.028461538,10
2740.746709,38,98,0.12,60,0.002,10
2740.74226,42,73,0.97,31,0.031290323,10
2740.323017,51,85,0.95,34,0.027941176,10
2740.253113,52,90,0.9,38,0.023684211,10
2740.087022,56,72,0.53,16,0.033125,10
2739.928946,37,56,0.62,19,0.032631579,10
2739.8687,44,52,0.29,8,0.03625,10
2739.641443,54,60,0.17,6,0.028333333,10
2739.570385,48,67,0.53,19,0.027894737,10
2739.528161,36,57,0.68,21,0.032380952,10
2739.493548,53,85,0.9,32,0.028125,10
2739.266168,36,96,0.19,60,0.003166667,10
2739.258788,61,68,0.15,7,0.021428571,10
2739.136673,34,56,0.75,22,0.034090909,10
2738.922371,53,65,0.32,12,0.026666667,10
2738.853971,36,94,0.22,58,0.003793103,10
2738.653859,34,57,0.85,23,0.036956522,10
2738.395732,41,69,0.89,28,0.031785714,10
2737.65292,58,74,0.53,16,0.033125,10
2737.557501,55,67,0.28,12,0.023333333,10
2737.29903,34,93,0.45,59,0.007627119,10
2737.201284,46,55,0.28,9,0.031111111,10
2736.97872,36,50,0.57,14,0.040714286,10
2736.782043,43,48,0.18,5,0.036,10
2736.471719,35,96,0.21,61,0.003442623,10
2736.469613,55,85,0.87,30,0.029,10
2736.469613,54,86,0.93,32,0.0290625,10
2736.468318,42,73,0.98,31,0.031612903,10
2736.141649,33,58,0.87,25,0.0348,10
2735.796297,43,48,0.19,5,0.038,10
2735.579337,37,93,0.19,56,0.003392857,10
2735.291992,51,72,0.49,21,0.023333333,10
2735.239512,57,66,0.2,9,0.022222222,10
2735.069897,52,91,0.91,39,0.023333333,10
2734.989987,57,78,0.59,21,0.028095238,10
2734.792149,39,50,0.39,11,0.035454545,10
2734.76842,52,83,0.92,31,0.029677419,10
2734.76842,51,84,0.98,33,0.02969697,10
2734.72429,56,81,0.71,25,0.0284,10
2734.668233,50,65,0.42,15,0.028,10
2734.628705,58,81,0.68,23,0.029565217,10
2734.558077,42,43,0.04,1,0.04,10
2734.558077,41,44,0.12,3,0.04,10
2734.544597,57,79,0.64,22,0.029090909,10
2734.539188,49,66,0.48,17,0.028235294,10
2733.938722,53,85,0.87,32,0.0271875,10
2733.923282,38,98,0.1,60,0.001666667,10
2733.881679,52,87,0.95,35,0.027142857,10
2733.348296,56,59,0.08,3,0.026666667,10
2733.348296,53,62,0.24,9,0.026666667,10
2733.277114,48,68,0.54,20,0.027,10
2733.104134,42,68,0.86,26,0.033076923,10
2733.01605,51,91,0.95,40,0.02375,10
2732.912825,43,74,0.79,31,0.025483871,10
2732.863155,34,57,0.79,23,0.034347826,10
2732.680287,32,61,0.99,29,0.034137931,10
2732.397258,36,54,0.61,18,0.033888889,10
2732.380156,61,72,0.32,11,0.029090909,10
2732.371239,56,73,0.38,17,0.022352941,10
2732.112811,53,81,0.81,28,0.028928571,10
2732.112811,52,82,0.87,30,0.029,10
2732.090791,51,92,0.97,41,0.023658537,10
2731.701865,46,71,0.71,25,0.0284,10
2731.63937,53,56,0.08,3,0.026666667,10
2731.598842,55,73,0.6,18,0.033333333,10
2731.270428,60,75,0.43,15,0.028666667,10
2731.270428,54,82,0.8,28,0.028571429,10
2731.226657,57,71,0.47,14,0.033571429,10
2731.04776,56,88,0.72,32,0.0225,10
2730.784143,59,75,0.47,16,0.029375,10
2730.784143,58,76,0.53,18,0.029444444,10
2730.773351,47,67,0.63,20,0.0315,10
2730.450455,52,81,0.95,29,0.032758621,10
2730.206243,62,71,0.29,9,0.032222222,10
2730.206243,60,73,0.42,13,0.032307692,10
2730.164512,40,45,0.2,5,0.04,10
2729.602502,35,97,0.22,62,0.003548387,10
2729.560349,46,62,0.51,16,0.031875,10
2729.4537,35,59,0.87,24,0.03625,10
2729.065288,52,63,0.31,11,0.028181818,10
2728.963416,52,72,0.44,20,0.022,10
2728.91362,36,56,0.66,20,0.033,10
2728.655296,46,80,0.82,34,0.024117647,10
2728.401704,37,53,0.56,16,0.035,10
2728.396418,61,63,0.06,2,0.03,10
2728.396418,60,64,0.12,4,0.03,10
2728.396418,59,65,0.18,6,0.03,10
2728.396418,58,66,0.24,8,0.03,10
2728.396418,57,67,0.3,10,0.03,10
2728.291583,33,99,0.29,66,0.004393939,10
2728.233414,61,67,0.2,6,0.033333333,10
2728.233414,58,70,0.4,12,0.033333333,10
2728.097249,38,70,0.12,32,0.00375,10
2728.01353,44,59,0.45,15,0.03,10
2727.789598,42,65,0.66,23,0.028695652,10
2727.728252,57,75,0.6,18,0.033333333,10
2727.648576,34,96,0.26,62,0.004193548,10
2727.645548,54,79,0.76,25,0.0304,10
2727.604367,59,64,0.11,5,0.022,10
2727.212965,43,71,0.89,28,0.031785714,10
2726.571648,51,85,0.97,34,0.028529412,10
2726.40195,49,57,0.27,8,0.03375,10
2726.357751,63,75,0.35,12,0.029166667,10
2726.357751,57,81,0.7,24,0.029166667,10
2726.357751,56,82,0.76,26,0.029230769,10
2726.357751,56,83,0.78,27,0.028888889,10
2726.357751,55,84,0.84,29,0.028965517,10
2726.357751,54,85,0.9,31,0.029032258,10
2726.357751,54,86,0.92,32,0.02875,10
2726.357751,53,86,0.96,33,0.029090909,10
2726.357751,53,87,0.98,34,0.028823529,10
2726.340511,33,60,0.96,27,0.035555556,10
2726.234139,44,70,0.82,26,0.031538462,10
2726.203884,33,57,0.85,24,0.035416667,10
2726.089266,67,89,0.4,22,0.018181818,10
2726.078466,55,83,0.82,28,0.029285714,10
2725.984235,54,87,0.97,33,0.029393939,10
2725.938733,50,64,0.39,14,0.027857143,10
2725.632079,43,63,0.58,20,0.029,10
2725.45796,54,87,0.95,33,0.028787879,10
2725.428096,52,74,0.51,22,0.023181818,10
2725.37468,71,84,0.24,13,0.018461538,10
2725.304376,54,82,0.81,28,0.028928571,10
2725.298664,47,62,0.46,15,0.030666667,10
2725.244775,52,57,0.13,5,0.026,10
2725.23442,52,66,0.37,14,0.026428571,10
2724.94007,44,59,0.51,15,0.034,10
2724.847421,61,71,0.33,10,0.033,10
2724.761159,52,82,0.9,30,0.03,10
2724.751529,65,99,0.59,34,0.017352941,10
2724.583243,51,91,0.96,40,0.024,10
2724.402303,44,69,0.8,25,0.032,10
2724.35704,41,49,0.27,8,0.03375,10
2724.350883,35,97,0.2,62,0.003225806,10
2723.824433,42,63,0.62,21,0.02952381,10
2723.630864,36,94,0.2,58,0.003448276,10
2723.354123,35,94,0.21,59,0.003559322,10
2723.347663,49,66,0.46,17,0.027058824,10
2723.323975,60,76,0.44,16,0.0275,10
2723.199889,51,91,0.97,40,0.02425,10
2723.199106,49,65,0.44,16,0.0275,10
2722.848557,34,93,0.46,59,0.00779661,10
2722.841613,43,67,0.67,24,0.027916667,10
2722.676618,38,53,0.57,15,0.038,10
2722.525292,48,66,0.51,18,0.028333333,10
2722.308035,76,87,0.19,11,0.017272727,10
2722.308035,74,89,0.26,15,0.017333333,10
2722.308035,72,91,0.33,19,0.017368421,10
2722.093063,41,70,0.96,29,0.033103448,10
2722.001031,37,51,0.51,14,0.036428571,10
2721.965576,50,60,0.26,10,0.026,10
2721.906287,45,81,0.87,36,0.024166667,10
2721.702475,55,78,0.74,23,0.032173913,10
2721.642707,48,61,0.43,13,0.033076923,10
2721.546559,33,53,0.83,20,0.0415,10
2721.476117,55,86,0.74,31,0.023870968,10
2721.440136,46,64,0.5,18,0.027777778,10
2721.010516,51,63,0.34,12,0.028333333,10
2720.981108,44,67,0.71,23,0.030869565,10
2720.860678,59,82,0.54,23,0.023478261,10
2720.756999,47,62,0.42,15,0.028,10
2720.473414,70,84,0.26,14,0.018571429,10
2720.232498,49,70,0.55,21,0.026190476,10
2720.150445,50,59,0.24,9,0.026666667,10
2720.129426,41,68,0.91,27,0.033703704,10
2720.129426,40,69,0.98,29,0.033793103,10
2719.992499,53,72,0.57,19,0.03,10
2719.946264,33,53,0.82,20,0.041,10
2719.897605,36,97,0.14,61,0.002295082,10
2719.776378,56,85,0.69,29,0.023793103,10
2719.772073,66,98,0.55,32,0.0171875,10
2719.674579,42,71,0.86,29,0.029655172,10
2719.483767,62,76,0.41,14,0.029285714,10
2719.440644,55,81,0.72,26,0.027692308,10
2719.423325,41,49,0.28,8,0.035,10
2719.375205,34,97,0.26,63,0.004126984,10
2719.314032,40,67,0.05,27,0.001851852,10
2719.193789,37,54,0.65,17,0.038235294,10
2719.108884,37,93,0.18,56,0.003214286,10
2719.056489,35,59,0.89,24,0.037083333,10
2719.01738,33,61,0.94,28,0.033571429,10
2718.897491,54,91,0.82,37,0.022162162,10
2718.749665,53,89,0.94,36,0.026111111,10
2718.727968,36,58,0.72,22,0.032727273,10
2718.654482,65,71,0.17,6,0.028333333,10
2718.654482,62,74,0.34,12,0.028333333,10
2718.606636,59,73,0.46,14,0.032857143,10
2718.606636,57,75,0.59,18,0.032777778,10
2718.469893,55,59,0.12,4,0.03,10
2718.469893,54,60,0.18,6,0.03,10
2718.244498,50,58,0.25,8,0.03125,10
2718.215289,62,63,0.03,1,0.03,10
2718.215289,61,64,0.09,3,0.03,10
2718.215289,60,65,0.15,5,0.03,10
2718.215289,59,66,0.21,7,0.03,10
2718.215289,58,67,0.27,9,0.03,10
2718.164077,50,68,0.48,18,0.026666667,10
2718.109686,60,81,0.49,21,0.023333333,10
2718.019347,32,57,0.98,25,0.0392,10
2717.837192,36,97,0.15,61,0.002459016,10
2717.81039,34,52,0.75,18,0.041666667,10
2717.684692,43,76,0.91,33,0.027575758,10
2717.39936,49,67,0.49,18,0.027222222,10
2717.157968,54,69,0.33,15,0.022,10
2717.040872,51,73,0.49,22,0.022272727,10
2716.957661,53,75,0.74,22,0.033636364,10
2716.947112,38,54,0.53,16,0.033125,10
2716.567336,34,54,0.74,20,0.037,10
2716.483345,53,83,0.88,30,0.029333333,10
2716.467694,33,99,0.28,66,0.004242424,10
2716.307088,52,71,0.47,19,0.024736842,10
2716.298015,34,98,0.15,64,0.00234375,10
2716.288694,61,74,0.38,13,0.029230769,10
2716.200481,61,74,0.4,13,0.030769231,10
2715.972118,51,75,0.56,24,0.023333333,10
2715.919427,42,72,0.96,30,0.032,10
2715.72222,50,63,0.37,13,0.028461538,10
2715.602908,61,76,0.41,15,0.027333333,10
2715.313827,65,67,0.06,2,0.03,10
2715.313827,64,68,0.12,4,0.03,10
2715.313827,63,69,0.18,6,0.03,10
2715.249587,46,68,0.63,22,0.028636364,10
2715.010124,52,84,0.92,32,0.02875,10
2715.010124,51,86,0.99,35,0.028285714,10
2714.654097,34,52,0.74,18,0.041111111,10
2714.345114,39,49,0.35,10,0.035,10
2714.312989,52,80,0.94,28,0.033571429,10
2714.300893,36,54,0.63,18,0.035,10
2713.926046,35,55,0.7,20,0.035,10
2713.857482,33,97,0.23,64,0.00359375,10
2713.728942,54,69,0.46,15,0.030666667,10
2713.618044,34,60,0.96,26,0.036923077,10
2713.616327,43,60,0.51,17,0.03,10
2713.526398,39,55,0.51,16,0.031875,10
2713.327857,42,54,0.44,12,0.036666667,10
2713.237059,38,99,0.12,61,0.001967213,10
2713.229996,34,60,0.95,26,0.036538462,10
2713.137075,51,92,0.99,41,0.024146341,10
2712.971453,41,56,0.48,15,0.032,10
2712.961552,48,76,0.67,28,0.023928571,10
2712.903218,52,86,0.93,34,0.027352941,10
2712.848749,54,85,0.91,31,0.029354839,10
2712.687543,34,55,0.74,21,0.035238095,10
2712.645941,45,84,0.88,39,0.022564103,10
2712.379702,70,94,0.41,24,0.017083333,10
2712.379702,68,96,0.48,28,0.017142857,10
2712.345363,34,59,0.92,25,0.0368,10
2712.085887,43,74,0.9,31,0.029032258,10
2712.027824,32,56,0.95,24,0.039583333,10
2711.967957,39,48,0.32,9,0.035555556,10
2711.907024,70,86,0.3,16,0.01875,10
2711.895956,39,58,0.69,19,0.036315789,10
2711.620808,49,57,0.23,8,0.02875,10
2711.582735,35,58,0.85,23,0.036956522,10
2711.526443,59,74,0.45,15,0.03,10
2711.526443,58,75,0.51,17,0.03,10
2711.487443,39,48,0.36,9,0.04,10
2711.487443,38,49,0.44,11,0.04,10
2711.478142,57,70,0.44,13,0.033846154,10
2711.440207,64,70,0.17,6,0.028333333,10
2711.440207,61,73,0.34,12,0.028333333,10
2711.27052,38,90,0.17,52,0.003269231,10
2711.161202,37,50,0.52,13,0.04,10
2711.110785,62,71,0.26,9,0.028888889,10
2710.929044,61,80,0.44,19,0.023157895,10
2710.920644,53,85,0.94,32,0.029375,10
2710.905599,44,67,0.74,23,0.032173913,10
2710.899707,41,53,0.44,12,0.036666667,10
2710.761952,34,98,0.27,64,0.00421875,10
2710.680587,38,48,0.36,10,0.036,10
2710.600092,35,54,0.68,19,0.035789474,10
2710.573962,36,51,0.6,15,0.04,10
2710.55037,39,47,0.32,8,0.04,10
2710.516763,43,65,0.71,22,0.032272727,10
2710.353761,61,77,0.47,16,0.029375,10
2710.353761,60,78,0.53,18,0.029444444,10
2710.133529,38,48,0.4,10,0.04,10
2709.949447,55,77,0.73,22,0.033181818,10
2709.879616,42,48,0.23,6,0.038333333,10
2709.753607,57,82,0.74,25,0.0296,10
2709.753607,56,83,0.8,27,0.02962963,10
2709.585997,59,76,0.5,17,0.029411765,10
2709.532639,55,87,0.75,32,0.0234375,10
2709.532639,54,88,0.8,34,0.023529412,10
2709.36201,63,69,0.2,6,0.033333333,10
2709.36201,60,72,0.4,12,0.033333333,10
2709.308524,56,68,0.36,12,0.03,10
2709.212525,52,89,0.9,37,0.024324324,10
2709.199692,44,81,0.91,37,0.024594595,10
2709.19325,50,69,0.5,19,0.026315789,10
2709.179865,34,60,0.83,26,0.031923077,10
2708.995365,37,58,0.76,21,0.036190476,10
2708.837122,40,68,0.07,28,0.0025,10
2708.500067,36,57,0.76,21,0.036190476,10
2708.500067,35,58,0.84,23,0.036521739,10
2708.482941,45,79,0.81,34,0.023823529,10
2708.34447,37,93,0.17,56,0.003035714,10
2707.992559,46,70,0.7,24,0.029166667,10
2707.939738,42,66,0.8,24,0.033333333,10
2707.712207,34,56,0.86,22,0.039090909,10
2707.698141,42,69,0.87,27,0.032222222,10
2707.652354,52,84,0.93,32,0.0290625,10
2707.61846,44,58,0.43,14,0.030714286,10
2707.500911,60,72,0.39,12,0.0325,10
2707.171093,63,71,0.23,8,0.02875,10
2706.98187,52,67,0.39,15,0.026,10
2706.914549,42,44,0.08,2,0.04,10
2706.914549,41,45,0.16,4,0.04,10
2706.914549,40,46,0.24,6,0.04,10
2706.781884,52,82,0.96,30,0.032,10
2706.362019,41,51,0.38,10,0.038,10
2706.332377,39,52,0.47,13,0.036153846,10
2706.140514,50,64,0.4,14,0.028571429,10
2706.127783,46,54,0.25,8,0.03125,10
2706.102778,61,66,0.11,5,0.022,10
2706.02141,67,90,0.42,23,0.01826087,10
2705.836665,9,14,0.24,5,0.048,10
2705.733133,49,58,0.3,9,0.033333333,10
2705.733133,46,61,0.5,15,0.033333333,10
2705.694562,53,92,0.89,39,0.022820513,10
2705.612616,46,72,0.69,26,0.026538462,10
2705.544584,37,57,0.64,20,0.032,10
2705.414464,45,82,0.85,37,0.022972973,10
2705.306544,35,57,0.76,22,0.034545455,10
2705.140173,33,56,0.83,23,0.036086957,10
2704.945959,56,86,0.7,30,0.023333333,10
2704.943527,53,70,0.41,17,0.024117647,10
2704.926515,55,69,0.33,14,0.023571429,10
2704.865408,36,57,0.77,21,0.036666667,10
2704.612734,55,85,0.88,30,0.029333333,10
2704.612734,54,86,0.94,32,0.029375,10
2704.53271,61,75,0.39,14,0.027857143,10
2704.495424,47,76,0.73,29,0.025172414,10
2704.488634,42,65,0.04,23,0.00173913,10
2704.420015,37,91,0.17,54,0.003148148,10
2704.372248,55,62,0.19,7,0.027142857,10
2704.30056,60,75,0.44,15,0.029333333,10
2704.285441,38,53,0.5,15,0.033333333,10
2704.034398,46,80,0.79,34,0.023235294,10
2703.94717,56,80,0.7,24,0.029166667,10
2703.94717,55,81,0.76,26,0.029230769,10
2703.705662,54,74,0.67,20,0.0335,10
2703.464066,51,89,0.95,38,0.025,10
2703.253076,48,55,0.24,7,0.034285714,10
2703.034112,36,97,0.11,61,0.001803279,10
2702.92932,46,63,0.45,17,0.026470588,10
2702.733824,60,74,0.4,14,0.028571429,10
2702.733824,59,75,0.46,16,0.02875,10
2702.601653,52,82,0.91,30,0.030333333,10
2702.195077,50,70,0.52,20,0.026,10
2702.190868,55,68,0.3,13,0.023076923,10
2702.18508,56,76,0.66,20,0.033,10
2702.136201,38,49,0.39,11,0.035454545,10
2702.067393,40,66,0.1,26,0.003846154,10
2701.923953,37,99,0.1,62,0.001612903,10
2701.839864,33,54,0.74,21,0.035238095,10
2701.604578,56,79,0.68,23,0.029565217,10
2701.604578,55,80,0.74,25,0.0296,10
2701.558937,36,92,0.21,56,0.00375,10
2701.537053,41,51,0.36,10,0.036,10
2701.45087,36,95,0.18,59,0.003050847,10
2700.969176,60,76,0.45,16,0.028125,10
2700.639025,60,73,0.39,13,0.03,10
2700.488958,43,76,0.9,33,0.027272727,10
2700.214154,52,87,0.96,35,0.027428571,10
2700.178645,53,84,0.88,31,0.028387097,10
2700.159944,54,69,0.35,15,0.023333333,10
2700.076824,11,29,0.24,18,0.013333333,10
2700.003325,39,67,0.11,28,0.003928571,10
2699.944362,55,68,0.4,13,0.030769231,10
2699.750153,53,69,0.38,16,0.02375,10
2699.559152,34,95,0.27,61,0.00442623,10
2699.255344,69,95,0.45,26,0.017307692,10
2699.255344,67,97,0.52,30,0.017333333,10
2699.146963,34,98,0.28,64,0.004375,10
2698.591557,34,60,0.94,26,0.036153846,10
2698.500599,45,64,0.63,19,0.033157895,10
2698.463533,41,69,0.94,28,0.033571429,10
2698.30776,43,82,0.95,39,0.024358974,10
2698.154617,61,74,0.37,13,0.028461538,10
2698.154617,58,77,0.54,19,0.028421053,10
2698.154617,57,78,0.6,21,0.028571429,10
2697.710845,55,87,0.76,32,0.02375,10
2697.710845,54,89,0.82,35,0.023428571,10
2697.710845,53,90,0.87,37,0.023513514,10
2697.517483,39,51,0.42,12,0.035,10
2697.499753,40,47,0.25,7,0.035714286,10
2697.333498,40,51,0.38,11,0.034545455,10
2697.285926,62,73,0.31,11,0.028181818,10
2697.285926,60,75,0.42,15,0.028,10
2697.285926,59,76,0.48,17,0.028235294,10
2697.249477,59,68,0.31,9,0.034444444,10
2697.125439,40,67,0.07,27,0.002592593,10
2697.002289,52,77,0.84,25,0.0336,10
2696.856531,51,84,0.96,33,0.029090909,10
2696.84956,55,83,0.78,28,0.027857143,10
2696.412948,51,88,0.95,37,0.025675676,10
2696.312594,57,65,0.19,8,0.02375,10
2696.148929,35,58,0.75,23,0.032608696,10
2696.025423,55,88,0.77,33,0.023333333,10
2695.947774,35,59,0.79,24,0.032916667,10
2695.861709,53,91,0.98,38,0.025789474,10
2695.831243,53,81,0.84,28,0.03,10
2695.763779,51,83,0.93,32,0.0290625,10
2695.561512,54,88,0.81,34,0.023823529,10
2695.524708,63,73,0.28,10,0.028,10
2695.524708,60,77,0.47,17,0.027647059,10
2695.524708,58,79,0.58,21,0.027619048,10
2695.524708,57,80,0.64,23,0.027826087,10
2695.524708,56,81,0.7,25,0.028,10
2695.31041,54,89,0.8,35,0.022857143,10
2695.282279,57,78,0.62,21,0.02952381,10
2695.018156,37,99,0.11,62,0.001774194,10
2694.809288,58,66,0.18,8,0.0225,10
2694.739942,51,57,0.17,6,0.028333333,10
2694.717342,34,94,0.46,60,0.007666667,10
2694.69748,37,56,0.69,19,0.036315789,10
2694.534093,55,89,0.78,34,0.022941176,10
2694.477413,71,92,0.37,21,0.017619048,10
2693.843959,42,66,0.82,24,0.034166667,10
2693.625869,44,65,0.7,21,0.033333333,10
2693.47289,54,89,0.81,35,0.023142857,10
2693.231444,64,71,0.2,7,0.028571429,10
2693.007073,37,96,0.19,59,0.003220339,10
2692.848645,50,75,0.59,25,0.0236,10
2692.690723,53,92,0.9,39,0.023076923,10
2692.190008,51,75,0.72,24,0.03,10
2692.049604,67,74,0.15,7,0.021428571,10
2691.968539,56,76,0.67,20,0.0335,10
2691.826302,49,75,0.59,26,0.022692308,10
2691.685142,34,59,0.8,25,0.032,10
2691.591444,38,60,0.77,22,0.035,10
2691.518441,54,85,0.83,31,0.026774194,10
2691.359341,59,79,0.59,20,0.0295,10
2691.359341,58,80,0.65,22,0.029545455,10
2691.359341,57,81,0.71,24,0.029583333,10
2691.359341,56,82,0.77,26,0.029615385,10
2691.359341,55,83,0.83,28,0.029642857,10
2691.356131,48,76,0.64,28,0.022857143,10
2691.317089,59,78,0.52,19,0.027368421,10
2691.275856,57,77,0.57,20,0.0285,10
2691.275856,56,78,0.63,22,0.028636364,10
2691.275856,55,79,0.69,24,0.02875,10
2691.275607,51,74,0.54,23,0.023478261,10
2691.083515,54,84,0.89,30,0.029666667,10
2690.892767,60,67,0.15,7,0.021428571,10
2690.876924,34,95,0.23,61,0.003770492,10
2690.837563,45,65,0.52,20,0.026,10
2690.694371,55,68,0.29,13,0.022307692,10
2690.43858,43,51,0.29,8,0.03625,10
2689.900858,69,94,0.43,25,0.0172,10
2689.897401,52,94,0.95,42,0.022619048,10
2689.802103,35,59,0.77,24,0.032083333,10
2689.672159,54,82,0.82,28,0.029285714,10
2689.660312,37,99,0.12,62,0.001935484,10
2689.605882,61,66,0.17,5,0.034,10
2689.605882,56,72,0.54,16,0.03375,10
2689.262642,40,69,0.99,29,0.034137931,10
2689.19295,41,67,0.88,26,0.033846154,10
2689.115978,35,55,0.78,20,0.039,10
2688.979548,58,76,0.52,18,0.028888889,10
2688.979548,55,80,0.72,25,0.0288,10
2688.958048,59,75,0.48,16,0.03,10
2688.958048,58,76,0.54,18,0.03,10
2688.958048,57,77,0.6,20,0.03,10
2688.591312,52,86,0.96,34,0.028235294,10
2688.512229,58,77,0.53,19,0.027894737,10
2688.467838,52,72,0.61,20,0.0305,10
2688.420487,53,71,0.55,18,0.030555556,10
2688.390604,51,65,0.37,14,0.026428571,10
2688.335088,40,67,0.06,27,0.002222222,10
2688.25412,52,91,0.92,39,0.023589744,10
2688.205387,52,76,0.81,24,0.03375,10
2688.142722,32,55,0.94,23,0.040869565,10
2688.021522,53,88,0.85,35,0.024285714,10
2687.937778,47,61,0.44,14,0.031428571,10
2687.52754,43,69,0.79,26,0.030384615,10
2687.48042,56,84,0.82,28,0.029285714,10
2687.457045,53,71,0.43,18,0.023888889,10
2687.326208,54,78,0.8,24,0.033333333,10
2687.291377,46,61,0.43,15,0.028666667,10
2687.223734,33,54,0.85,21,0.04047619,10
2687.078821,52,74,0.66,22,0.03,10
2686.828018,51,78,0.92,27,0.034074074,10
2686.709326,56,80,0.68,24,0.028333333,10
2686.529208,52,87,0.97,35,0.027714286,10
2686.410636,40,70,0.96,30,0.032,10
2686.355024,55,88,0.76,33,0.023030303,10
2686.226696,65,70,0.14,5,0.028,10
2686.226696,59,77,0.5,18,0.027777778,10
2686.198221,54,70,0.38,16,0.02375,10
2686.080368,59,78,0.53,19,0.027894737,10
2685.934892,66,99,0.57,33,0.017272727,10
2685.926189,34,97,0.18,63,0.002857143,10
2685.85023,58,76,0.51,18,0.028333333,10
2685.836744,53,89,0.86,36,0.023888889,10
2685.832417,37,98,0.14,61,0.002295082,10
2685.830787,39,52,0.45,13,0.034615385,10
2685.712735,45,63,0.59,18,0.032777778,10
2685.592684,57,86,0.67,29,0.023103448,10
2685.592684,56,87,0.72,31,0.023225806,10
2685.592684,54,90,0.83,36,0.023055556,10
2685.463851,51,85,0.98,34,0.028823529,10
2685.438393,48,57,0.26,9,0.028888889,10
2685.394166,66,91,0.46,25,0.0184,10
2685.196689,48,79,0.72,31,0.023225806,10
2684.869211,53,72,0.58,19,0.030526316,10
2684.800853,47,62,0.47,15,0.031333333,10
2684.667998,45,81,0.84,36,0.023333333,10
2684.487851,42,49,0.25,7,0.035714286,10
2684.394011,52,92,0.93,40,0.02325,10
2684.388913,46,63,0.48,17,0.028235294,10
2684.388874,44,60,0.47,16,0.029375,10
2684.364536,45,62,0.57,17,0.033529412,10
2684.308674,38,98,0.08,60,0.001333333,10
2684.29206,36,53,0.67,17,0.039411765,10
2684.230971,58,77,0.56,19,0.029473684,10
2684.219446,48,67,0.54,19,0.028421053,10
2684.168819,35,99,0.23,64,0.00359375,10
2684.094458,57,62,0.13,5,0.026,10
2683.980337,37,98,0.13,61,0.002131148,10
2683.90592,35,98,0.25,63,0.003968254,10
2683.647116,36,55,0.66,19,0.034736842,10
2683.637682,56,87,0.71,31,0.022903226,10
2683.17411,45,66,0.65,21,0.030952381,10
2682.997432,49,71,0.57,22,0.025909091,10
2682.792647,37,96,0.13,59,0.00220339,10
2682.716611,53,91,0.88,38,0.023157895,10
2682.55224,53,86,0.89,33,0.026969697,10
2682.167228,43,60,0.58,17,0.034117647,10
2681.899364,44,64,0.64,20,0.032,10
2681.819432,38,99,0.08,61,0.001311475,10
2681.616101,37,94,0.13,57,0.002280702,10
2681.457263,56,58,0.06,2,0.03,10
2681.447086,38,94,0.09,56,0.001607143,10
2681.441194,35,53,0.69,18,0.038333333,10
2681.410563,38,54,0.57,16,0.035625,10
2681.131466,47,68,0.59,21,0.028095238,10
2681.004858,45,70,0.71,25,0.0284,10
2680.771449,40,52,0.43,12,0.035833333,10
2680.666059,46,80,0.8,34,0.023529412,10
2680.610482,46,60,0.41,14,0.029285714,10
2680.610054,75,81,0.11,6,0.018333333,10
2680.511455,48,67,0.52,19,0.027368421,10
2680.506686,47,60,0.42,13,0.032307692,10
2680.489292,51,77,0.88,26,0.033846154,10
2680.444805,53,86,0.98,33,0.02969697,10
2680.308295,38,51,0.51,13,0.039230769,10
2680.294687,37,97,0.16,60,0.002666667,10
2680.239387,54,90,0.82,36,0.022777778,10
2680.239387,53,91,0.87,38,0.022894737,10
2680.239387,52,92,0.92,40,0.023,10
2680.182451,44,66,0.68,22,0.030909091,10
2679.937179,31,74,0.41,43,0.009534884,10
2679.884834,39,59,0.7,20,0.035,10
2679.779917,43,58,0.47,15,0.031333333,10
2679.773095,71,85,0.26,14,0.018571429,10
2679.482665,50,76,0.78,26,0.03,10
2679.018427,42,62,0.6,20,0.03,10
2678.980279,38,97,0.09,59,0.001525424,10
2678.980247,46,69,0.65,23,0.02826087,10
2678.953194,43,67,0.79,24,0.032916667,10
2678.880763,33,62,0.91,29,0.03137931,10
2678.839073,38,97,0.12,59,0.002033898,10
2678.8354,32,54,0.93,22,0.042272727,10
2678.800061,36,56,0.65,20,0.0325,10
2678.761993,35,55,0.69,20,0.0345,10
2678.579801,51,56,0.16,5,0.032,10
2678.344001,37,92,0.18,55,0.003272727,10
2678.232976,61,70,0.3,9,0.033333333,10
2678.231817,55,83,0.76,28,0.027142857,10
2678.073498,38,55,0.55,17,0.032352941,10
2678.044498,39,54,0.5,15,0.033333333,10
2678.030465,56,79,0.69,23,0.03,10
2677.849214,52,71,0.44,19,0.023157895,10
2677.722308,38,52,0.54,14,0.038571429,10
2677.665031,33,63,0.94,30,0.031333333,10
2677.626835,53,90,0.86,37,0.023243243,10
2677.548544,57,79,0.61,22,0.027727273,10
2677.548544,56,80,0.67,24,0.027916667,10
2677.548544,55,81,0.73,26,0.028076923,10
2677.528009,55,89,0.77,34,0.022647059,10
2677.528009,54,90,0.81,36,0.0225,10
2677.528009,53,91,0.86,38,0.022631579,10
2677.223093,55,80,0.71,25,0.0284,10
2677.223093,54,81,0.77,27,0.028518519,10
2677.223093,53,82,0.83,29,0.02862069,10
2677.077737,34,97,0.25,63,0.003968254,10
2677.058269,50,64,0.38,14,0.027142857,10
2676.886181,45,78,0.84,33,0.025454545,10
2676.52879,63,95,0.59,32,0.0184375,10
2676.003825,39,54,0.55,15,0.036666667,10
2675.799753,56,82,0.71,26,0.027307692,10
2675.799753,55,83,0.77,28,0.0275,10
2675.799753,54,84,0.82,30,0.027333333,10
2675.799753,54,84,0.83,30,0.027666667,10
2675.799753,53,85,0.88,32,0.0275,10
2675.799753,53,85,0.89,32,0.0278125,10
2675.799753,52,86,0.95,34,0.027941176,10
2675.691911,57,79,0.62,22,0.028181818,10
2674.982299,51,93,0.98,42,0.023333333,10
2674.982299,51,94,0.99,43,0.023023256,10
2674.911302,51,84,0.99,33,0.03,10
2674.851783,54,83,0.84,29,0.028965517,10
2674.794828,49,58,0.29,9,0.032222222,10
2674.669126,51,53,0.06,2,0.03,10
2674.619528,47,63,0.48,16,0.03,10
2674.521479,53,83,0.89,30,0.029666667,10
2674.470672,42,69,0.84,27,0.031111111,10
2674.426269,54,67,0.33,13,0.025384615,10
2674.322878,55,79,0.71,24,0.029583333,10
2674.145508,35,59,0.9,24,0.0375,10
2674.019297,54,82,0.79,28,0.028214286,10
2673.926116,50,73,0.53,23,0.023043478,10
2673.898752,48,61,0.34,13,0.026153846,10
2673.808823,40,51,0.42,11,0.038181818,10
2673.800142,37,93,0.21,56,0.00375,10
2673.772886,54,91,0.83,37,0.022432432,10
2673.666888,47,60,0.44,13,0.033846154,10
2673.6354,64,67,0.1,3,0.033333333,10
2673.605321,53,67,0.36,14,0.025714286,10
2673.566478,36,92,0.19,56,0.003392857,10
2673.178316,42,51,0.33,9,0.036666667,10
2673.165808,52,89,0.92,37,0.024864865,10
2673.050809,51,77,0.59,26,0.022692308,10
2673.004009,49,66,0.5,17,0.029411765,10
2672.959311,44,63,0.55,19,0.028947368,10
2672.942287,73,81,0.15,8,0.01875,10
2672.736592,53,86,0.97,33,0.029393939,10
2672.736592,53,87,0.99,34,0.029117647,10
2672.685566,53,83,0.85,30,0.028333333,10
2672.685566,52,84,0.91,32,0.0284375,10
2672.376297,46,61,0.51,15,0.034,10
2672.333531,52,93,0.94,41,0.022926829,10
2672.059014,58,83,0.59,25,0.0236,10
2672.059014,57,84,0.64,27,0.023703704,10
2671.969708,37,55,0.65,18,0.036111111,10
2671.863041,51,74,0.69,23,0.03,10
2671.849609,47,67,0.56,20,0.028,10
2671.837888,55,69,0.42,14,0.03,10
2671.824783,56,79,0.65,23,0.02826087,10
2671.657756,48,62,0.36,14,0.025714286,10
2671.621237,41,55,0.51,14,0.036428571,10
2671.529409,46,70,0.67,24,0.027916667,10
2671.494432,32,58,0.88,26,0.033846154,10
2671.329201,32,59,0.92,27,0.034074074,10
2671.238545,45,48,0.11,3,0.036666667,10
2671.194798,55,70,0.45,15,0.03,10
2671.194798,54,71,0.51,17,0.03,10
2671.12384,54,70,0.35,16,0.021875,10
2671.020239,35,99,0.22,64,0.0034375,10
2670.875587,33,57,0.94,24,0.039166667,10
2670.716734,32,99,0.3,67,0.004477612,10
2670.66063,52,89,0.98,37,0.026486486,10
2670.436217,48,71,0.61,23,0.026521739,10
2670.338789,68,96,0.49,28,0.0175,10
2670.337051,32,61,0.96,29,0.033103448,10
2670.334501,65,75,0.24,10,0.024,10
2670.296577,58,78,0.56,20,0.028,10
2669.94627,63,94,0.58,31,0.018709677,10
2669.932122,50,66,0.43,16,0.026875,10
2669.875072,36,51,0.53,15,0.035333333,10
2669.8248,39,60,0.73,21,0.034761905,10
2669.615997,32,62,0.98,30,0.032666667,10
2669.376031,36,51,0.55,15,0.036666667,10
2669.372214,33,58,0.97,25,0.0388,10
2669.214274,54,86,0.79,32,0.0246875,10
2669.214274,53,87,0.84,34,0.024705882,10
2669.202771,54,69,0.34,15,0.022666667,10
2669.117844,45,49,0.15,4,0.0375,10
2669.006411,37,56,0.7,19,0.036842105,10
2668.849465,65,90,0.46,25,0.0184,10
2668.848908,42,78,0.98,36,0.027222222,10
2668.768899,34,97,0.17,63,0.002698413,10
2668.548015,38,55,0.64,17,0.037647059,10
2668.517926,60,71,0.37,11,0.033636364,10
2668.456359,48,59,0.37,11,0.033636364,10
2668.352596,56,67,0.34,11,0.030909091,10
2668.302808,52,83,0.89,31,0.028709677,10
2668.188097,53,83,0.86,30,0.028666667,10
2668.023788,73,91,0.31,18,0.017222222,10
2668.023788,71,93,0.38,22,0.017272727,10
2667.712647,57,77,0.59,20,0.0295,10
2667.712647,56,78,0.65,22,0.029545455,10
2667.610502,65,92,0.5,27,0.018518519,10
2667.610502,64,93,0.54,29,0.01862069,10
2667.458209,64,93,0.53,29,0.018275862,10
2667.132924,52,89,0.91,37,0.024594595,10
2667.046572,52,85,0.93,33,0.028181818,10
2667.030708,33,60,0.92,27,0.034074074,10
2666.97692,35,99,0.21,64,0.00328125,10
2666.683356,51,59,0.2,8,0.025,10
2666.640788,59,64,0.12,5,0.024,10
2666.592303,60,65,0.11,5,0.022,10
2666.27068,53,90,0.88,37,0.023783784,10
2666.27068,52,91,0.93,39,0.023846154,10
