% profit,ema1,ema2,threshold,diff,thresh / diff,ID
4022.464302,62,74,0.35,12,0.029166667,44
3946.756384,63,73,0.29,10,0.029,44
3936.604967,66,72,0.17,6,0.028333333,44
3918.391387,64,73,0.26,9,0.028888889,44
3916.368329,63,74,0.32,11,0.029090909,44
3916.079919,61,77,0.46,16,0.02875,44
3909.37151,65,73,0.23,8,0.02875,44
3900.424542,62,76,0.4,14,0.028571429,44
3887.144279,67,72,0.14,5,0.028,44
3851.039788,64,75,0.31,11,0.028181818,44
3848.820669,60,78,0.52,18,0.028888889,44
3710.402721,55,75,0.63,20,0.0315,44
3702.32351,57,73,0.5,16,0.03125,44
3694.740626,49,78,0.99,29,0.034137931,44
3682.102602,55,75,0.64,20,0.032,44
3680.782957,58,69,0.37,11,0.033636364,44
3677.484786,50,78,0.95,28,0.033928571,44
3674.808348,52,78,0.87,26,0.033461538,44
3668.06489,54,74,0.67,20,0.0335,44
3668.06489,53,75,0.74,22,0.033636364,44
3668.06489,52,76,0.81,24,0.03375,44
3667.257002,60,67,0.24,7,0.034285714,44
3666.248644,56,71,0.51,15,0.034,44
3665.427383,60,75,0.46,15,0.030666667,44
3663.972,54,75,0.68,21,0.032380952,44
3661.806294,57,72,0.5,15,0.033333333,44
3659.160354,56,74,0.57,18,0.031666667,44
3658.016835,53,74,0.72,21,0.034285714,44
3655.761004,51,77,0.88,26,0.033846154,44
3654.930841,57,70,0.44,13,0.033846154,44
3653.950689,55,72,0.58,17,0.034117647,44
3653.950689,54,73,0.65,19,0.034210526,44
3653.907272,53,74,0.71,21,0.033809524,44
3653.907272,52,75,0.78,23,0.033913043,44
3653.907272,51,76,0.85,25,0.034,44
3653.907272,50,77,0.92,27,0.034074074,44
3653.165981,63,66,0.1,3,0.033333333,44
3653.165981,60,69,0.3,9,0.033333333,44
3651.419181,58,70,0.4,12,0.033333333,44
3651.419181,55,73,0.6,18,0.033333333,44
3646.91739,58,72,0.44,14,0.031428571,44
3644.950916,59,70,0.37,11,0.033636364,44
3641.087492,61,67,0.2,6,0.033333333,44
3640.910745,56,73,0.57,17,0.033529412,44
3639.28425,61,66,0.17,5,0.034,44
3638.237473,51,78,0.89,27,0.032962963,44
3636.12007,57,78,0.65,21,0.030952381,44
3635.83684,63,71,0.25,8,0.03125,44
3635.808137,59,77,0.53,18,0.029444444,44
3634.807943,52,75,0.79,23,0.034347826,44
3634.807943,51,76,0.86,25,0.0344,44
3634.807943,50,77,0.93,27,0.034444444,44
3634.531117,59,70,0.36,11,0.032727273,44
3634.038089,60,69,0.29,9,0.032222222,44
3630.365107,50,80,0.97,30,0.032333333,44
3628.527162,51,78,0.9,27,0.033333333,44
3628.527162,50,79,0.97,29,0.033448276,44
3625.234631,53,75,0.73,22,0.033181818,44
3625.234631,52,76,0.8,24,0.033333333,44
3625.234631,51,77,0.87,26,0.033461538,44
3624.738968,60,68,0.27,8,0.03375,44
3621.628093,50,79,0.96,29,0.033103448,44
3618.074618,50,79,0.98,29,0.033793103,44
3617.780155,57,71,0.47,14,0.033571429,44
3616.586124,59,69,0.34,10,0.034,44
3613.445285,55,74,0.61,19,0.032105263,44
3613.445285,52,78,0.83,26,0.031923077,44
3612.162074,52,77,0.81,25,0.0324,44
3612.162074,51,79,0.9,28,0.032142857,44
3612.027057,58,71,0.44,13,0.033846154,44
3611.931577,56,72,0.53,16,0.033125,44
3608.930663,61,75,0.41,14,0.029285714,44
3608.930663,60,76,0.47,16,0.029375,44
3607.911039,52,77,0.83,25,0.0332,44
3607.880409,54,75,0.69,21,0.032857143,44
3605.030036,53,83,0.92,30,0.030666667,44
3604.624184,55,82,0.8,27,0.02962963,44
3604.419597,50,80,0.99,30,0.033,44
3603.535835,56,72,0.54,16,0.03375,44
3603.004844,61,69,0.25,8,0.03125,44
3601.594143,55,74,0.64,19,0.033684211,44
3601.594143,54,75,0.71,21,0.033809524,44
3601.452617,57,72,0.51,15,0.034,44
3598.643932,50,78,0.94,28,0.033571429,44
3594.877493,51,78,0.88,27,0.032592593,44
3593.271408,58,71,0.42,13,0.032307692,44
3592.172514,52,76,0.82,24,0.034166667,44
3591.995168,56,73,0.55,17,0.032352941,44
3586.858936,62,67,0.16,5,0.032,44
3586.858936,57,72,0.48,15,0.032,44
3586.858936,54,76,0.7,22,0.031818182,44
3585.946553,59,76,0.52,17,0.030588235,44
3585.829082,58,78,0.59,20,0.0295,44
3585.584912,53,77,0.77,24,0.032083333,44
3585.416604,54,74,0.66,20,0.033,44
3585.416604,53,76,0.75,23,0.032608696,44
3585.416604,52,77,0.82,25,0.0328,44
3585.416604,50,79,0.95,29,0.032758621,44
3584.808352,61,68,0.23,7,0.032857143,44
3583.018045,55,80,0.78,25,0.0312,44
3579.884448,57,79,0.66,22,0.03,44
3577.897867,53,76,0.76,23,0.033043478,44
3573.762036,55,75,0.65,20,0.0325,44
3572.062514,57,76,0.61,19,0.032105263,44
3570.941918,61,74,0.39,13,0.03,44
3570.210761,62,68,0.2,6,0.033333333,44
3568.157321,56,75,0.63,19,0.033157895,44
3567.983777,58,71,0.43,13,0.033076923,44
3567.983777,53,77,0.79,24,0.032916667,44
3565.738466,54,74,0.68,20,0.034,44
3565.738466,53,75,0.75,22,0.034090909,44
3561.783753,55,73,0.61,18,0.033888889,44
3561.553872,58,77,0.58,19,0.030526316,44
3561.269721,57,71,0.46,14,0.032857143,44
3561.151646,59,75,0.5,16,0.03125,44
3560.004271,59,72,0.4,13,0.030769231,44
3559.540307,55,81,0.78,26,0.03,44
3559.298464,58,76,0.57,18,0.031666667,44
3559.030925,55,74,0.62,19,0.032631579,44
3558.691475,54,77,0.75,23,0.032608696,44
3558.691475,53,78,0.82,25,0.0328,44
3556.644481,52,80,0.91,28,0.0325,44
3556.354455,55,75,0.67,20,0.0335,44
3556.001857,55,81,0.79,26,0.030384615,44
3556.001857,54,82,0.85,28,0.030357143,44
3555.488482,59,69,0.33,10,0.033,44
3555.488482,57,72,0.49,15,0.032666667,44
3555.357796,56,78,0.7,22,0.031818182,44
3555.000607,52,79,0.9,27,0.033333333,44
3555.000607,51,80,0.97,29,0.033448276,44
3553.40932,58,78,0.6,20,0.03,44
3552.422203,56,74,0.6,18,0.033333333,44
3552.422203,53,78,0.83,25,0.0332,44
3551.570357,53,76,0.78,23,0.033913043,44
3550.378715,51,81,0.99,30,0.033,44
3549.706924,57,73,0.51,16,0.031875,44
3549.251933,54,80,0.83,26,0.031923077,44
3546.886466,58,70,0.41,12,0.034166667,44
3546.649298,51,79,0.91,28,0.0325,44
3544.531127,66,69,0.09,3,0.03,44
3544.531127,65,70,0.15,5,0.03,44
3544.531127,64,71,0.21,7,0.03,44
3544.531127,63,72,0.27,9,0.03,44
3544.531127,62,73,0.33,11,0.03,44
3544.267668,54,76,0.72,22,0.032727273,44
3541.678068,53,80,0.88,27,0.032592593,44
3540.510424,56,78,0.69,22,0.031363636,44
3540.510424,54,80,0.82,26,0.031538462,44
3540.201946,55,74,0.63,19,0.033157895,44
3540.201946,54,75,0.7,21,0.033333333,44
3539.736619,60,74,0.44,14,0.031428571,44
3536.275428,56,79,0.71,23,0.030869565,44
3535.867782,61,72,0.35,11,0.031818182,44
3535.621763,53,79,0.86,26,0.033076923,44
3535.035448,53,79,0.84,26,0.032307692,44
3534.990317,54,81,0.84,27,0.031111111,44
3534.617119,56,80,0.72,24,0.03,44
3534.570226,64,69,0.16,5,0.032,44
3532.661492,67,68,0.03,1,0.03,44
3531.32249,59,71,0.4,12,0.033333333,44
3529.998954,50,80,0.98,30,0.032666667,44
3528.918476,52,83,0.97,31,0.031290323,44
3527.851881,53,83,0.91,30,0.030333333,44
3527.417158,57,74,0.56,17,0.032941176,44
3527.417158,54,77,0.76,23,0.033043478,44
3527.333443,56,77,0.68,21,0.032380952,44
3527.321191,54,79,0.81,25,0.0324,44
3526.884148,60,75,0.45,15,0.03,44
3526.715962,57,78,0.64,21,0.03047619,44
3526.566687,52,77,0.84,25,0.0336,44
3526.566687,51,78,0.91,27,0.033703704,44
3525.871941,52,78,0.85,26,0.032692308,44
3525.848844,58,72,0.46,14,0.032857143,44
3525.848844,56,74,0.59,18,0.032777778,44
3525.848844,55,75,0.66,20,0.033,44
3525.518083,52,78,0.86,26,0.033076923,44
3525.387661,52,80,0.92,28,0.032857143,44
3524.82404,59,74,0.48,15,0.032,44
3524.04975,52,78,0.84,26,0.032307692,44
3523.469003,59,76,0.51,17,0.03,44
3523.469003,58,77,0.57,19,0.03,44
3523.422123,59,73,0.46,14,0.032857143,44
3521.791963,53,84,0.93,31,0.03,44
3518.928943,61,69,0.26,8,0.0325,44
3518.928943,59,71,0.39,12,0.0325,44
3517.523135,53,76,0.77,23,0.033478261,44
3517.44495,52,79,0.89,27,0.032962963,44
3516.665466,56,73,0.56,17,0.032941176,44
3515.936507,56,76,0.66,20,0.033,44
3515.421032,51,81,0.98,30,0.032666667,44
3515.383681,51,79,0.94,28,0.033571429,44
3514.300314,55,76,0.7,21,0.033333333,44
3513.679657,51,79,0.93,28,0.033214286,44
3513.411123,52,84,0.98,32,0.030625,44
3513.259943,51,79,0.92,28,0.032857143,44
3513.215974,58,74,0.52,16,0.0325,44
3512.459196,58,75,0.55,17,0.032352941,44
3512.355887,57,77,0.63,20,0.0315,44
3511.884586,57,76,0.62,19,0.032631579,44
3511.258581,57,75,0.59,18,0.032777778,44
3510.149436,59,72,0.42,13,0.032307692,44
3510.149436,57,74,0.55,17,0.032352941,44
3509.019167,62,69,0.23,7,0.032857143,44
3506.942043,54,76,0.74,22,0.033636364,44
3505.888101,55,78,0.75,23,0.032608696,44
3504.448995,58,73,0.49,15,0.032666667,44
3504.448995,56,75,0.62,19,0.032631579,44
3504.422806,54,79,0.82,25,0.0328,44
3503.921459,52,82,0.95,30,0.031666667,44
3502.405168,55,76,0.68,21,0.032380952,44
3502.241035,64,68,0.13,4,0.0325,44
3502.241035,62,70,0.26,8,0.0325,44
3502.241035,60,72,0.39,12,0.0325,44
3502.06263,62,67,0.17,5,0.034,44
3502.06263,57,73,0.54,16,0.03375,44
3501.121058,54,78,0.77,24,0.032083333,44
3500.546404,52,81,0.95,29,0.032758621,44
3500.208984,55,80,0.77,25,0.0308,44
3500.047319,54,77,0.77,23,0.033478261,44
3499.790903,55,79,0.76,24,0.031666667,44
3499.761923,53,82,0.91,29,0.03137931,44
3499.719447,66,68,0.06,2,0.03,44
3499.719447,65,69,0.12,4,0.03,44
3499.104831,59,72,0.43,13,0.033076923,44
3498.796067,52,82,0.96,30,0.032,44
3497.797106,58,72,0.47,14,0.033571429,44
3496.572357,63,72,0.28,9,0.031111111,44
3496.331949,52,83,0.96,31,0.030967742,44
3495.842939,64,70,0.18,6,0.03,44
3495.234148,55,77,0.72,22,0.032727273,44
3495.234148,54,78,0.79,24,0.032916667,44
3494.983301,57,73,0.53,16,0.033125,44
3494.271651,52,81,0.94,29,0.032413793,44
3494.153198,63,67,0.13,4,0.0325,44
3493.242852,53,81,0.89,28,0.031785714,44
3492.96371,56,78,0.68,22,0.030909091,44
3492.088595,58,75,0.54,17,0.031764706,44
3488.85241,57,77,0.62,20,0.031,44
3488.463607,53,77,0.81,24,0.03375,44
3487.627261,61,73,0.37,12,0.030833333,44
3487.009492,62,71,0.28,9,0.031111111,44
3486.746594,60,71,0.37,11,0.033636364,44
3486.469162,60,73,0.42,13,0.032307692,44
3486.416671,55,78,0.74,23,0.032173913,44
3485.769971,58,75,0.53,17,0.031176471,44
3484.799383,61,71,0.33,10,0.033,44
3484.766168,60,73,0.41,13,0.031538462,44
3484.766168,57,76,0.6,19,0.031578947,44
3484.201347,59,77,0.55,18,0.030555556,44
3483.585636,58,74,0.53,16,0.033125,44
3483.24458,53,77,0.8,24,0.033333333,44
3483.005682,53,79,0.85,26,0.032692308,44
3481.992928,55,76,0.69,21,0.032857143,44
3479.206984,62,73,0.34,11,0.030909091,44
3479.162557,55,79,0.77,24,0.032083333,44
3478.782957,54,81,0.83,27,0.030740741,44
3477.513517,62,71,0.29,9,0.032222222,44
3474.722252,61,69,0.27,8,0.03375,44
3474.477613,58,78,0.61,20,0.0305,44
3470.857144,58,74,0.51,16,0.031875,44
3470.50247,56,76,0.65,20,0.0325,44
3470.50247,54,78,0.78,24,0.0325,44
3470.50247,53,80,0.87,27,0.032222222,44
3468.576148,60,77,0.5,17,0.029411765,44
3468.398378,53,81,0.88,28,0.031428571,44
3465.240738,61,71,0.32,10,0.032,44
3465.240738,55,77,0.71,22,0.032272727,44
3463.435806,62,75,0.38,13,0.029230769,44
3463.227952,56,77,0.67,21,0.031904762,44
3462.722906,64,70,0.19,6,0.031666667,44
3462.637846,54,76,0.73,22,0.033181818,44
3462.615243,58,80,0.64,22,0.029090909,44
3462.615243,57,81,0.7,24,0.029166667,44
3462.394529,67,69,0.06,2,0.03,44
3462.394529,66,70,0.12,4,0.03,44
3461.302479,57,79,0.67,22,0.030454545,44
3458.436506,61,70,0.29,9,0.032222222,44
3456.953885,61,76,0.44,15,0.029333333,44
3456.911276,54,76,0.71,22,0.032272727,44
3456.809085,54,80,0.81,26,0.031153846,44
3454.552861,56,76,0.64,20,0.032,44
3453.008772,55,77,0.73,22,0.033181818,44
3452.564131,55,78,0.73,23,0.03173913,44
3452.564131,53,80,0.86,27,0.031851852,44
3452.026242,54,82,0.84,28,0.03,44
3451.915513,54,77,0.72,23,0.031304348,44
3451.201467,53,78,0.84,25,0.0336,44
3451.012395,64,74,0.29,10,0.029,44
3451.012395,59,79,0.58,20,0.029,44
3450.244214,60,71,0.36,11,0.032727273,44
3449.83879,60,70,0.33,10,0.033,44
3447.416647,54,79,0.8,25,0.032,44
3447.115276,53,77,0.78,24,0.0325,44
3446.109291,59,76,0.53,17,0.031176471,44
3445.517741,60,72,0.4,12,0.033333333,44
3444.732572,60,74,0.43,14,0.030714286,44
3443.88994,60,71,0.35,11,0.031818182,44
3443.596456,59,73,0.44,14,0.031428571,44
3440.207123,52,81,0.93,29,0.032068966,44
3439.501024,58,73,0.48,15,0.032,44
3439.10849,60,71,0.34,11,0.030909091,44
3439.029761,52,80,0.93,28,0.033214286,44
3438.875571,61,75,0.42,14,0.03,44
3438.567963,58,79,0.62,21,0.02952381,44
3438.567963,57,80,0.68,23,0.029565217,44
3437.848282,53,82,0.9,29,0.031034483,44
3436.595804,59,73,0.45,14,0.032142857,44
3435.634015,57,74,0.57,17,0.033529412,44
3434.61712,57,75,0.58,18,0.032222222,44
3434.587381,52,80,0.9,28,0.032142857,44
3432.716415,54,78,0.8,24,0.033333333,44
3432.60214,59,78,0.56,19,0.029473684,44
3432.438326,65,71,0.18,6,0.03,44
3432.438326,64,72,0.24,8,0.03,44
3432.438326,63,73,0.3,10,0.03,44
3432.438326,62,74,0.36,12,0.03,44
3431.142626,60,73,0.4,13,0.030769231,44
3428.646719,57,79,0.65,22,0.029545455,44
3428.085697,62,72,0.32,10,0.032,44
3426.932971,57,75,0.6,18,0.033333333,44
3426.932971,56,76,0.67,20,0.0335,44
3423.174042,59,71,0.38,12,0.031666667,44
3422.292901,51,80,0.95,29,0.032758621,44
3422.292901,51,81,0.97,30,0.032333333,44
3421.231317,56,79,0.7,23,0.030434783,44
3420.80215,62,70,0.25,8,0.03125,44
3420.103926,58,77,0.59,19,0.031052632,44
3419.963956,61,73,0.38,12,0.031666667,44
3419.408399,61,72,0.34,11,0.030909091,44
3418.925951,57,73,0.52,16,0.0325,44
3418.560576,56,80,0.73,24,0.030416667,44
3417.977316,63,70,0.22,7,0.031428571,44
3417.977316,59,74,0.47,15,0.031333333,44
3417.977316,58,76,0.56,18,0.031111111,44
3417.977316,55,79,0.75,24,0.03125,44
3417.63017,56,75,0.59,19,0.031052632,44
3417.439332,59,75,0.49,16,0.030625,44
3417.439332,58,76,0.55,18,0.030555556,44
3416.920985,64,67,0.1,3,0.033333333,44
3416.920985,61,70,0.3,9,0.033333333,44
3414.633111,52,84,0.97,32,0.0303125,44
3414.481122,66,67,0.03,1,0.03,44
3414.481122,65,68,0.09,3,0.03,44
3414.481122,64,69,0.15,5,0.03,44
3414.481122,63,70,0.21,7,0.03,44
3414.481122,62,71,0.27,9,0.03,44
3414.481122,61,72,0.33,11,0.03,44
3414.22399,56,79,0.72,23,0.031304348,44
3414.127242,55,80,0.76,25,0.0304,44
3411.518485,51,82,0.99,31,0.031935484,44
3411.165682,53,79,0.87,26,0.033461538,44
3406.636246,54,70,0.54,16,0.03375,44
3405.273801,58,74,0.49,16,0.030625,44
3404.327435,63,69,0.19,6,0.031666667,44
3404.327435,60,72,0.38,12,0.031666667,44
3404.327435,57,75,0.57,18,0.031666667,44
3404.327435,56,77,0.66,21,0.031428571,44
3403.570251,51,80,0.96,29,0.033103448,44
3402.858783,53,78,0.81,25,0.0324,44
3402.16522,57,74,0.54,17,0.031764706,44
3401.315162,58,73,0.5,15,0.033333333,44
3399.560423,51,80,0.94,29,0.032413793,44
3399.176245,61,74,0.4,13,0.030769231,44
3396.432316,62,72,0.31,10,0.031,44
3395.884677,62,68,0.19,6,0.031666667,44
3390.674667,52,79,0.88,27,0.032592593,44
3390.352561,59,77,0.54,18,0.03,44
3389.49169,58,73,0.47,15,0.031333333,44
3389.49169,57,74,0.53,17,0.031176471,44
3389.49169,56,76,0.62,20,0.031,44
3389.49169,55,76,0.66,21,0.031428571,44
3389.49169,55,77,0.68,22,0.030909091,44
3389.49169,53,79,0.81,26,0.031153846,44
3389.222042,60,76,0.48,16,0.03,44
3388.918749,56,81,0.74,25,0.0296,44
3387.692533,58,76,0.54,18,0.03,44
3387.66213,56,75,0.64,19,0.033684211,44
3386.375245,54,79,0.79,25,0.0316,44
3384.315969,63,71,0.24,8,0.03,44
3384.315969,62,72,0.3,10,0.03,44
3384.315969,61,73,0.36,12,0.03,44
3384.315969,60,74,0.42,14,0.03,44
3384.315969,59,75,0.48,16,0.03,44
3379.627641,51,82,0.97,31,0.031290323,44
3378.126993,61,70,0.28,9,0.031111111,44
3372.870469,63,68,0.16,5,0.032,44
3368.733424,53,79,0.83,26,0.031923077,44
3366.108991,52,81,0.92,29,0.031724138,44
3365.467197,51,81,0.96,30,0.032,44
3365.127433,60,70,0.32,10,0.032,44
3363.93003,58,72,0.45,14,0.032142857,44
3362.463217,56,75,0.6,19,0.031578947,44
3362.463217,54,78,0.75,24,0.03125,44
3362.463217,53,78,0.79,25,0.0316,44
3361.266735,54,77,0.73,23,0.03173913,44
3361.266735,52,79,0.86,27,0.031851852,44
3361.266735,52,80,0.88,28,0.031428571,44
3359.111078,59,72,0.41,13,0.031538462,44
3359.111078,55,77,0.69,22,0.031363636,44
3358.852633,52,81,0.91,29,0.03137931,44
3354.55754,54,78,0.76,24,0.031666667,44
3354.390108,55,76,0.67,21,0.031904762,44
3353.363788,56,75,0.61,19,0.032105263,44
3353.363788,54,77,0.74,23,0.032173913,44
3348.392395,53,79,0.82,26,0.031538462,44
3348.392395,51,81,0.95,30,0.031666667,44
3346.256725,56,76,0.63,20,0.0315,44
3344.149552,50,67,0.63,17,0.037058824,44
3342.294418,58,65,0.24,7,0.034285714,44
3341.814995,51,80,0.93,29,0.032068966,44
3341.216951,57,78,0.63,21,0.03,44
3340.125131,55,77,0.7,22,0.031818182,44
3338.458564,57,75,0.56,18,0.031111111,44
3337.511133,56,79,0.69,23,0.03,44
3335.429471,62,69,0.22,7,0.031428571,44
3333.636766,57,77,0.61,20,0.0305,44
3333.636766,56,78,0.67,22,0.030454545,44
3333.002084,56,74,0.58,18,0.032222222,44
3332.503399,55,78,0.72,23,0.031304348,44
3330.232045,59,64,0.17,5,0.034,44
3329.381816,59,74,0.49,15,0.032666667,44
3327.841034,59,74,0.46,15,0.030666667,44
3327.109378,52,72,0.69,20,0.0345,44
3327.028169,51,82,0.98,31,0.031612903,44
3324.744021,56,66,0.35,10,0.035,44
3324.173463,55,79,0.73,24,0.030416667,44
3323.547339,53,78,0.8,25,0.032,44
3323.547339,52,80,0.89,28,0.031785714,44
3320.487843,54,79,0.77,25,0.0308,44
3319.046182,53,80,0.85,27,0.031481481,44
3318.415046,56,77,0.64,21,0.03047619,44
3314.124192,53,80,0.84,27,0.031111111,44
3313.051293,55,69,0.47,14,0.033571429,44
3312.651794,59,73,0.43,14,0.030714286,44
3312.128849,55,84,0.83,29,0.02862069,44
3311.296563,50,74,0.83,24,0.034583333,44
3311.296563,49,75,0.9,26,0.034615385,44
3309.106881,55,67,0.42,12,0.035,44
3308.712308,53,71,0.61,18,0.033888889,44
3308.712308,52,72,0.68,20,0.034,44
3307.915663,52,79,0.87,27,0.032222222,44
3307.16631,55,79,0.74,24,0.030833333,44
3307.16631,53,82,0.89,29,0.030689655,44
3307.11517,55,68,0.46,13,0.035384615,44
3305.682987,49,77,0.98,28,0.035,44
3305.134727,54,81,0.82,27,0.03037037,44
3303.973983,59,63,0.14,4,0.035,44
3303.973983,58,64,0.21,6,0.035,44
3303.973983,57,65,0.28,8,0.035,44
3303.958055,52,83,0.95,31,0.030645161,44
3301.290087,55,78,0.71,23,0.030869565,44
3297.070657,61,71,0.31,10,0.031,44
3297.070657,58,75,0.52,17,0.030588235,44
3295.426371,51,73,0.75,22,0.034090909,44
3295.11959,57,76,0.59,19,0.031052632,44
3295.01205,57,76,0.58,19,0.030526316,44
3292.047506,53,81,0.87,28,0.031071429,44
3291.957316,54,69,0.53,15,0.035333333,44
3291.922679,56,77,0.65,21,0.030952381,44
3291.922679,54,80,0.8,26,0.030769231,44
3291.922679,53,81,0.86,28,0.030714286,44
3291.0092,59,81,0.63,22,0.028636364,44
3290.750573,54,79,0.78,25,0.0312,44
3290.661687,54,69,0.52,15,0.034666667,44
3289.288255,60,72,0.37,12,0.030833333,44
3288.853488,52,82,0.93,30,0.031,44
3288.309411,53,70,0.6,17,0.035294118,44
3283.347272,59,75,0.51,16,0.031875,44
3279.074987,55,68,0.45,13,0.034615385,44
3278.243473,52,82,0.94,30,0.031333333,44
3277.505978,50,75,0.85,25,0.034,44
3276.712644,51,72,0.74,21,0.035238095,44
3275.345755,51,73,0.77,22,0.035,44
3274.756172,57,82,0.72,25,0.0288,44
3274.756172,56,83,0.78,27,0.028888889,44
3273.202772,51,73,0.76,22,0.034545455,44
3272.299607,57,77,0.64,20,0.032,44
3272.053317,57,66,0.31,9,0.034444444,44
3271.578435,53,87,0.98,34,0.028823529,44
3270.758047,58,74,0.5,16,0.03125,44
3270.531706,58,67,0.32,9,0.035555556,44
3266.823874,70,85,0.27,15,0.018,44
3266.705774,54,87,0.93,33,0.028181818,44
3265.95865,61,72,0.36,11,0.032727273,44
3263.765149,58,81,0.66,23,0.028695652,44
3258.555464,55,86,0.86,31,0.027741935,44
3252.07497,49,74,0.88,25,0.0352,44
3251.602832,56,67,0.38,11,0.034545455,44
3246.840535,55,86,0.88,31,0.028387097,44
3246.840535,54,87,0.94,33,0.028484848,44
3245.068059,53,71,0.62,18,0.034444444,44
3244.888388,61,78,0.49,17,0.028823529,44
3244.169254,62,65,0.07,3,0.023333333,44
3243.081082,50,74,0.84,24,0.035,44
3240.598576,61,79,0.5,18,0.027777778,44
3237.3726,69,76,0.19,7,0.027142857,44
3237.287072,63,76,0.37,13,0.028461538,44
3237.287072,59,81,0.62,22,0.028181818,44
3237.287072,58,82,0.68,24,0.028333333,44
3237.198553,59,68,0.21,9,0.023333333,44
3236.97327,54,88,0.95,34,0.027941176,44
3236.936094,56,85,0.82,29,0.028275862,44
3236.598324,63,77,0.39,14,0.027857143,44
3236.121701,52,72,0.7,20,0.035,44
3234.984858,56,73,0.58,17,0.034117647,44
3234.984858,55,74,0.65,19,0.034210526,44
3234.663808,57,83,0.74,26,0.028461538,44
3234.663808,56,84,0.8,28,0.028571429,44
3234.377433,63,69,0.2,6,0.033333333,44
3234.144617,55,86,0.87,31,0.028064516,44
3233.906129,59,65,0.22,6,0.036666667,44
3233.456518,60,80,0.56,20,0.028,44
3233.456518,56,85,0.81,29,0.027931034,44
3232.244213,50,76,0.91,26,0.035,44
3229.092118,49,76,0.93,27,0.034444444,44
3228.393484,52,71,0.67,19,0.035263158,44
3228.240976,59,82,0.63,23,0.027391304,44
3224.596927,55,87,0.88,32,0.0275,44
3222.894614,56,85,0.83,29,0.02862069,44
3221.910338,49,76,0.92,27,0.034074074,44
3217.103124,54,85,0.89,31,0.028709677,44
3216.689602,57,84,0.75,27,0.027777778,44
3216.689602,54,88,0.94,34,0.027647059,44
3214.73805,52,71,0.66,19,0.034736842,44
3212.441363,58,83,0.69,25,0.0276,44
3210.738002,53,70,0.59,17,0.034705882,44
3208.363398,60,85,0.7,25,0.028,44
3206.681577,57,89,0.89,32,0.0278125,44
3206.373077,51,74,0.84,23,0.036521739,44
3201.680813,62,64,0.07,2,0.035,44
3201.680813,61,65,0.14,4,0.035,44
3201.055852,59,68,0.31,9,0.034444444,44
3200.993688,49,75,0.95,26,0.036538462,44
3200.187922,57,84,0.74,27,0.027407407,44
3200.187922,56,85,0.8,29,0.027586207,44
3199.961266,53,87,0.96,34,0.028235294,44
3199.280222,54,86,0.9,32,0.028125,44
3198.828545,59,65,0.2,6,0.033333333,44
3198.146546,68,73,0.14,5,0.028,44
3197.971383,58,69,0.26,11,0.023636364,44
3197.36391,53,69,0.57,16,0.035625,44
3196.761048,61,84,0.64,23,0.027826087,44
3196.139621,58,66,0.27,8,0.03375,44
3195.779635,58,83,0.7,25,0.028,44
3195.623668,56,71,0.36,15,0.024,44
3195.572858,55,72,0.41,17,0.024117647,44
3195.433023,57,84,0.76,27,0.028148148,44
3194.983555,59,80,0.6,21,0.028571429,44
3194.851216,52,73,0.76,21,0.036190476,44
3194.208616,58,67,0.3,9,0.033333333,44
3192.915946,54,71,0.61,17,0.035882353,44
3192.863449,54,86,0.91,32,0.0284375,44
3192.780097,54,71,0.57,17,0.033529412,44
3192.569188,55,71,0.53,16,0.033125,44
3192.074475,56,68,0.42,12,0.035,44
3191.64225,57,67,0.34,10,0.034,44
3191.64225,53,72,0.64,19,0.033684211,44
3190.416672,55,70,0.5,15,0.033333333,44
3189.228892,52,65,0.48,13,0.036923077,44
3188.670265,60,81,0.57,21,0.027142857,44
3188.53399,55,69,0.49,14,0.035,44
3187.201025,55,70,0.54,15,0.036,44
3186.124378,48,76,0.97,28,0.034642857,44
3184.891901,58,82,0.67,24,0.027916667,44
3184.03586,53,71,0.66,18,0.036666667,44
3183.051495,51,77,0.62,26,0.023846154,44
3182.767939,57,87,0.82,30,0.027333333,44
3182.139137,60,79,0.54,19,0.028421053,44
3182.139137,56,84,0.79,28,0.028214286,44
3182.139137,55,85,0.85,30,0.028333333,44
3181.461771,57,83,0.73,26,0.028076923,44
3180.471003,51,75,0.8,24,0.033333333,44
3180.21435,49,75,0.91,26,0.035,44
3179.228999,48,75,0.95,27,0.035185185,44
3178.253832,54,73,0.46,19,0.024210526,44
3175.325711,56,71,0.35,15,0.023333333,44
3175.27501,55,70,0.53,15,0.035333333,44
3175.27501,54,71,0.6,17,0.035294118,44
3175.073686,62,77,0.43,15,0.028666667,44
3174.906052,61,84,0.62,23,0.026956522,44
3174.906052,61,85,0.64,24,0.026666667,44
3174.818758,53,75,0.51,22,0.023181818,44
3172.725664,53,87,0.97,34,0.028529412,44
3172.449768,56,91,0.92,35,0.026285714,44
3172.076506,69,73,0.11,4,0.0275,44
3172.076506,67,75,0.22,8,0.0275,44
3172.076506,65,77,0.33,12,0.0275,44
3172.076506,63,79,0.44,16,0.0275,44
3172.076506,62,81,0.52,19,0.027368421,44
3172.076506,60,83,0.63,23,0.027391304,44
3172.076506,58,85,0.74,27,0.027407407,44
3172.064891,56,68,0.44,12,0.036666667,44
3172.064891,53,72,0.69,19,0.036315789,44
3170.435309,54,88,0.97,34,0.028529412,44
3170.115987,57,70,0.45,13,0.034615385,44
3170.115987,56,71,0.52,15,0.034666667,44
3170.115987,55,72,0.59,17,0.034705882,44
3170.115987,54,73,0.66,19,0.034736842,44
3169.310623,51,74,0.8,23,0.034782609,44
3168.361099,58,88,0.8,30,0.026666667,44
3168.361099,56,91,0.93,35,0.026571429,44
3168.066831,58,66,0.29,8,0.03625,44
3167.184332,59,67,0.28,8,0.035,44
3167.184332,58,68,0.35,10,0.035,44
3167.184332,57,69,0.42,12,0.035,44
3167.173993,60,66,0.21,6,0.035,44
3164.765301,50,73,0.81,23,0.035217391,44
3164.718528,59,87,0.74,28,0.026428571,44
3164.655136,64,78,0.39,14,0.027857143,44
3164.655136,61,81,0.56,20,0.028,44
3164.655136,58,85,0.75,27,0.027777778,44
3164.570093,49,77,0.96,28,0.034285714,44
3164.240224,65,80,0.4,15,0.026666667,44
3164.240224,63,82,0.51,19,0.026842105,44
3164.240224,63,83,0.53,20,0.0265,44
3164.090178,56,88,0.88,32,0.0275,44
3163.981378,59,84,0.69,25,0.0276,44
3163.335976,57,68,0.39,11,0.035454545,44
3163.335976,56,69,0.46,13,0.035384615,44
3163.12152,57,70,0.31,13,0.023846154,44
3163.010766,53,86,0.95,33,0.028787879,44
3162.252587,52,73,0.71,21,0.033809524,44
3162.252587,51,74,0.78,23,0.033913043,44
3161.871101,54,68,0.49,14,0.035,44
3161.79194,58,89,0.81,31,0.026129032,44
3161.683217,64,81,0.45,17,0.026470588,44
3161.630071,54,89,0.92,35,0.026285714,44
3160.018733,56,93,0.96,37,0.025945946,44
3159.38644,62,86,0.6,24,0.025,44
3159.353965,60,70,0.31,10,0.031,44
3159.179133,53,74,0.51,21,0.024285714,44
3158.433638,58,89,0.82,31,0.026451613,44
3158.428441,55,65,0.36,10,0.036,44
3158.428441,51,70,0.68,19,0.035789474,44
3158.41261,52,73,0.73,21,0.034761905,44
3157.716587,60,86,0.69,26,0.026538462,44
3157.30647,50,71,0.75,21,0.035714286,44
3157.186744,54,71,0.62,17,0.036470588,44
3156.848897,53,73,0.67,20,0.0335,44
3155.825319,55,85,0.86,30,0.028666667,44
3155.536054,50,75,0.89,25,0.0356,44
3154.796276,65,81,0.42,16,0.02625,44
3154.546585,55,93,0.98,38,0.025789474,44
3154.135753,62,83,0.56,21,0.026666667,44
3154.050128,54,88,0.96,34,0.028235294,44
3153.687883,51,75,0.82,24,0.034166667,44
3153.687883,50,76,0.89,26,0.034230769,44
3153.571488,57,67,0.36,10,0.036,44
3153.351131,62,80,0.5,18,0.027777778,44
3152.75957,54,86,0.92,32,0.02875,44
3152.558002,50,75,0.87,25,0.0348,44
3151.648841,54,75,0.72,21,0.034285714,44
3151.627192,55,87,0.89,32,0.0278125,44
3151.299957,53,90,0.98,37,0.026486486,44
3150.90538,56,68,0.41,12,0.034166667,44
3150.90538,55,69,0.48,14,0.034285714,44
3150.714207,67,77,0.28,10,0.028,44
3150.681917,58,90,0.84,32,0.02625,44
3150.45697,49,77,0.97,28,0.034642857,44
3150.206415,61,67,0.19,6,0.031666667,44
3149.890652,53,75,0.76,22,0.034545455,44
3149.462805,59,66,0.25,7,0.035714286,44
3148.810276,53,88,0.99,35,0.028285714,44
3148.15724,55,92,0.97,37,0.026216216,44
3147.767912,59,89,0.78,30,0.026,44
3147.767912,57,92,0.91,35,0.026,44
3147.72289,55,69,0.51,14,0.036428571,44
3147.673069,66,75,0.25,9,0.027777778,44
3147.673069,60,82,0.61,22,0.027727273,44
3147.310083,50,76,0.9,26,0.034615385,44
3146.879461,55,72,0.4,17,0.023529412,44
3146.728627,52,76,0.56,24,0.023333333,44
3146.136739,70,75,0.13,5,0.026,44
3146.136739,67,79,0.31,12,0.025833333,44
3146.136739,66,80,0.36,14,0.025714286,44
3145.731212,54,89,0.91,35,0.026,44
3145.53975,52,77,0.85,25,0.034,44
3145.261216,57,71,0.48,14,0.034285714,44
3145.261216,56,72,0.55,16,0.034375,44
3145.261216,55,73,0.62,18,0.034444444,44
3145.261216,54,74,0.69,20,0.0345,44
3145.196834,49,76,0.97,27,0.035925926,44
3144.420286,55,87,0.9,32,0.028125,44
3144.091881,59,82,0.64,23,0.027826087,44
3143.994879,61,65,0.13,4,0.0325,44
3143.805,61,63,0.07,2,0.035,44
3143.805,60,64,0.14,4,0.035,44
3143.805,59,65,0.21,6,0.035,44
3143.805,58,66,0.28,8,0.035,44
3143.677896,54,71,0.58,17,0.034117647,44
3143.575085,63,80,0.46,17,0.027058824,44
3143.575085,61,82,0.57,21,0.027142857,44
3143.353851,54,72,0.6,18,0.033333333,44
3143.295942,65,76,0.31,11,0.028181818,44
3143.195826,57,90,0.87,33,0.026363636,44
3143.195826,55,92,0.98,37,0.026486486,44
3143.090015,60,85,0.68,25,0.0272,44
3143.090015,58,88,0.81,30,0.027,44
3143.050676,51,72,0.73,21,0.034761905,44
3143.050676,50,73,0.8,23,0.034782609,44
3142.943055,61,64,0.1,3,0.033333333,44
3141.969339,57,89,0.87,32,0.0271875,44
3141.614333,52,68,0.58,16,0.03625,44
3140.943435,57,68,0.37,11,0.033636364,44
3140.937282,57,89,0.86,32,0.026875,44
3140.937282,55,92,0.99,37,0.026756757,44
3140.75057,57,67,0.35,10,0.035,44
3140.696325,54,89,0.97,35,0.027714286,44
3140.582034,60,85,0.55,25,0.022,44
3140.288531,56,92,0.94,36,0.026111111,44
3139.689679,56,65,0.32,9,0.035555556,44
3139.689679,55,66,0.39,11,0.035454545,44
3139.689679,54,66,0.43,12,0.035833333,44
3139.034885,60,88,0.71,28,0.025357143,44
3138.667056,51,71,0.71,20,0.0355,44
3138.222494,48,76,0.98,28,0.035,44
3138.195782,68,77,0.24,9,0.026666667,44
3137.844046,61,85,0.63,24,0.02625,44
3137.844046,60,87,0.7,27,0.025925926,44
3137.736121,67,78,0.29,11,0.026363636,44
3137.736121,64,82,0.47,18,0.026111111,44
3137.736121,63,83,0.52,20,0.026,44
3137.736121,60,86,0.68,26,0.026153846,44
3137.237412,55,93,0.99,38,0.026052632,44
3137.190469,62,85,0.6,23,0.026086957,44
3136.434698,52,74,0.73,22,0.033181818,44
3136.353583,61,82,0.58,21,0.027619048,44
3136.245681,49,73,0.85,24,0.035416667,44
3135.966237,61,80,0.52,19,0.027368421,44
3135.614198,66,79,0.34,13,0.026153846,44
3134.917693,57,92,0.9,35,0.025714286,44
3134.85939,54,70,0.56,16,0.035,44
3134.795228,59,88,0.75,29,0.025862069,44
3134.795228,58,90,0.82,32,0.025625,44
3134.795228,57,90,0.86,33,0.026060606,44
3134.795228,56,92,0.93,36,0.025833333,44
3131.531699,65,78,0.29,13,0.022307692,44
3131.093119,59,87,0.75,28,0.026785714,44
3131.093119,57,90,0.88,33,0.026666667,44
3130.69525,52,76,0.57,24,0.02375,44
3129.990313,56,93,0.94,37,0.025405405,44
3129.976589,56,91,0.94,35,0.026857143,44
3129.735447,62,84,0.58,22,0.026363636,44
3129.735447,59,88,0.76,29,0.026206897,44
3129.735447,57,91,0.88,34,0.025882353,44
3129.528912,65,80,0.41,15,0.027333333,44
3129.515064,57,68,0.38,11,0.034545455,44
3129.515064,56,69,0.45,13,0.034615385,44
3129.515064,55,70,0.52,15,0.034666667,44
3128.556434,54,73,0.45,19,0.023684211,44
3128.294244,64,77,0.36,13,0.027692308,44
3127.240811,63,82,0.5,19,0.026315789,44
3127.240811,58,88,0.79,30,0.026333333,44
3127.231995,57,91,0.87,34,0.025588235,44
3126.528064,51,73,0.8,22,0.036363636,44
3126.474089,54,71,0.59,17,0.034705882,44
3124.735123,60,81,0.58,21,0.027619048,44
3124.735123,57,85,0.77,28,0.0275,44
3124.735123,56,86,0.83,30,0.027666667,44
3124.735123,54,89,0.96,35,0.027428571,44
3124.220361,50,78,0.96,28,0.034285714,44
3123.610062,51,77,0.89,26,0.034230769,44
3123.406441,57,91,0.9,34,0.026470588,44
3123.339161,73,81,0.15,8,0.01875,44
3122.72291,52,75,0.81,23,0.035217391,44
3122.466413,56,70,0.46,14,0.032857143,44
3122.357979,56,70,0.49,14,0.035,44
3122.292566,56,92,0.96,36,0.026666667,44
3122.110108,52,76,0.84,24,0.035,44
3120.04194,50,72,0.78,22,0.035454545,44
3119.528568,49,76,0.94,27,0.034814815,44
3118.610359,64,83,0.48,19,0.025263158,44
3118.560082,54,70,0.55,16,0.034375,44
3118.489847,57,64,0.25,7,0.035714286,44
3118.489847,52,69,0.61,17,0.035882353,44
3117.214324,64,81,0.46,17,0.027058824,44
3117.214324,62,83,0.57,21,0.027142857,44
3117.195506,51,79,0.95,28,0.033928571,44
3116.858093,56,90,0.93,34,0.027352941,44
3116.10259,59,87,0.76,28,0.027142857,44
3115.938664,53,72,0.66,19,0.034736842,44
3115.861759,65,81,0.41,16,0.025625,44
3113.769958,57,68,0.4,11,0.036363636,44
3112.806126,55,88,0.9,33,0.027272727,44
3112.644704,58,69,0.38,11,0.034545455,44
3112.542063,59,69,0.35,10,0.035,44
3112.542063,58,70,0.42,12,0.035,44
3112.542063,55,74,0.66,19,0.034736842,44
3112.542063,54,75,0.73,21,0.034761905,44
3112.097472,40,50,0.36,10,0.036,44
3111.434252,49,72,0.83,23,0.036086957,44
3111.2767,63,79,0.45,16,0.028125,44
3111.2767,60,82,0.62,22,0.028181818,44
3111.275524,53,73,0.68,20,0.034,44
3111.275524,52,74,0.75,22,0.034090909,44
3111.140598,56,87,0.81,31,0.026129032,44
3111.134857,49,77,0.99,28,0.035357143,44
3110.755663,53,89,0.96,36,0.026666667,44
3110.19461,60,62,0.07,2,0.035,44
3109.975049,66,79,0.27,13,0.020769231,44
3109.952069,53,71,0.63,18,0.035,44
3108.690948,58,84,0.71,26,0.027307692,44
3108.690948,57,85,0.76,28,0.027142857,44
3108.690948,56,86,0.82,30,0.027333333,44
3108.690948,56,87,0.84,31,0.027096774,44
3108.690948,55,88,0.89,33,0.026969697,44
3108.690948,54,89,0.95,35,0.027142857,44
3108.690948,54,90,0.97,36,0.026944444,44
3108.451573,59,88,0.78,29,0.026896552,44
3107.980492,48,74,0.93,26,0.035769231,44
3107.919093,58,67,0.31,9,0.034444444,44
3107.423458,53,76,0.79,23,0.034347826,44
3107.423458,52,77,0.86,25,0.0344,44
3107.055348,52,70,0.64,18,0.035555556,44
3106.14719,65,90,0.47,25,0.0188,44
3106.084792,56,93,0.97,37,0.026216216,44
3106.02291,61,86,0.65,25,0.026,44
3105.558702,64,77,0.37,13,0.028461538,44
3105.419561,66,77,0.3,11,0.027272727,44
3105.419561,64,79,0.41,15,0.027333333,44
3105.313149,66,79,0.35,13,0.026923077,44
3105.313149,62,84,0.59,22,0.026818182,44
3105.313149,60,86,0.7,26,0.026923077,44
3105.05307,51,54,0.08,3,0.026666667,44
3104.98086,51,75,0.83,24,0.034583333,44
3104.854865,51,74,0.82,23,0.035652174,44
3104.417457,54,70,0.58,16,0.03625,44
3103.905832,51,75,0.87,24,0.03625,44
3103.688285,54,88,0.91,34,0.026764706,44
3103.50176,61,81,0.55,20,0.0275,44
3103.178423,59,82,0.65,23,0.02826087,44
3103.175295,59,66,0.24,7,0.034285714,44
3102.895158,52,73,0.75,21,0.035714286,44
3102.895158,50,75,0.9,25,0.036,44
3102.457228,55,71,0.56,16,0.035,44
3102.457228,54,72,0.63,18,0.035,44
3102.457228,53,73,0.7,20,0.035,44
3102.457228,52,74,0.77,22,0.035,44
3102.457228,51,75,0.84,24,0.035,44
3102.457228,51,76,0.87,25,0.0348,44
3102.457228,50,77,0.94,27,0.034814815,44
3102.405372,60,88,0.73,28,0.026071429,44
3102.39291,54,72,0.64,18,0.035555556,44
3101.619945,63,78,0.42,15,0.028,44
3101.244617,53,73,0.71,20,0.0355,44
3101.229143,52,76,0.83,24,0.034583333,44
3101.023702,68,86,0.34,18,0.018888889,44
3100.708867,60,88,0.72,28,0.025714286,44
3100.488642,56,91,0.97,35,0.027714286,44
3099.768815,59,87,0.73,28,0.026071429,44
3099.768815,56,91,0.91,35,0.026,44
3099.63507,54,74,0.7,20,0.035,44
3099.459511,59,84,0.68,25,0.0272,44
3098.893909,51,77,0.61,26,0.023461538,44
3098.494772,51,69,0.65,18,0.036111111,44
3097.845098,55,70,0.51,15,0.034,44
3097.830848,55,87,0.87,32,0.0271875,44
3097.830848,54,88,0.93,34,0.027352941,44
3097.830848,53,89,0.99,36,0.0275,44
3097.492616,62,79,0.46,17,0.027058824,44
3096.467939,55,85,0.81,30,0.027,44
3096.446837,57,87,0.81,30,0.027,44
3096.165515,66,78,0.33,12,0.0275,44
3096.165515,61,84,0.63,23,0.027391304,44
3096.025255,58,86,0.76,28,0.027142857,44
3095.779086,64,82,0.48,18,0.026666667,44
3095.779086,61,86,0.66,25,0.0264,44
3095.57946,60,83,0.64,23,0.027826087,44
3095.294036,56,90,0.95,34,0.027941176,44
3093.699127,58,84,0.73,26,0.028076923,44
3093.699127,55,88,0.92,33,0.027878788,44
3093.699127,54,89,0.98,35,0.028,44
3092.984021,55,88,0.86,33,0.026060606,44
3092.96694,71,74,0.08,3,0.026666667,44
3092.593945,53,90,0.97,37,0.026216216,44
3092.563805,67,77,0.21,10,0.021,44
3092.513698,68,78,0.26,10,0.026,44
3091.613004,60,77,0.49,17,0.028823529,44
3091.541397,53,74,0.73,21,0.034761905,44
3091.541397,52,75,0.8,23,0.034782609,44
3091.219963,53,72,0.68,19,0.035789474,44
3090.878551,54,86,0.87,32,0.0271875,44
3090.735426,53,72,0.65,19,0.034210526,44
3090.735426,52,73,0.72,21,0.034285714,44
3090.735426,51,74,0.79,23,0.034347826,44
3090.674372,69,86,0.31,17,0.018235294,44
3090.548506,63,65,0.07,2,0.035,44
3090.548506,62,66,0.14,4,0.035,44
3090.548506,61,67,0.21,6,0.035,44
3090.548506,60,68,0.28,8,0.035,44
3090.548506,56,73,0.59,17,0.034705882,44
3090.135426,64,78,0.38,14,0.027142857,44
3090.092384,55,87,0.85,32,0.0265625,44
3089.930675,68,87,0.35,19,0.018421053,44
3088.631891,57,60,0.11,3,0.036666667,44
3088.60162,65,80,0.39,15,0.026,44
3088.525036,47,74,0.97,27,0.035925926,44
3088.294589,60,80,0.57,20,0.0285,44
3087.389378,56,89,0.84,33,0.025454545,44
3086.958936,59,69,0.21,10,0.021,44
3086.687238,54,90,0.93,36,0.025833333,44
3086.687238,53,91,0.98,38,0.025789474,44
3086.059505,55,94,0.99,39,0.025384615,44
3085.930718,49,80,0.72,31,0.023225806,44
3085.707685,64,80,0.45,16,0.028125,44
3085.370962,66,80,0.37,14,0.026428571,44
3085.302102,58,85,0.76,27,0.028148148,44
3085.078192,60,87,0.75,27,0.027777778,44
3084.961214,59,68,0.29,9,0.032222222,44
3084.731207,54,86,0.88,32,0.0275,44
3084.214521,59,89,0.75,30,0.025,44
3084.190443,53,75,0.77,22,0.035,44
3084.127676,48,55,0.22,7,0.031428571,44
3083.773442,61,85,0.65,24,0.027083333,44
3083.297777,64,76,0.34,12,0.028333333,44
3083.009241,55,85,0.84,30,0.028,44
3083.009241,54,87,0.92,33,0.027878788,44
3082.221444,62,79,0.48,17,0.028235294,44
3082.221444,58,83,0.71,25,0.0284,44
3082.221444,57,85,0.79,28,0.028214286,44
3082.221444,56,86,0.85,30,0.028333333,44
3081.921902,67,74,0.19,7,0.027142857,44
3081.921902,65,76,0.3,11,0.027272727,44
3081.913051,38,69,0.9,31,0.029032258,44
3081.887112,62,84,0.57,22,0.025909091,44
3081.887112,62,85,0.59,23,0.025652174,44
3081.88163,66,73,0.2,7,0.028571429,44
3081.773255,60,65,0.18,5,0.036,44
3081.461398,58,69,0.36,11,0.032727273,44
3081.343309,58,84,0.7,26,0.026923077,44
3081.107572,53,91,0.99,38,0.026052632,44
3080.835506,62,80,0.51,18,0.028333333,44
3080.239866,50,75,0.91,25,0.0364,44
3080.102672,61,68,0.24,7,0.034285714,44
3079.949603,59,85,0.7,26,0.026923077,44
3079.831356,67,88,0.39,21,0.018571429,44
3079.736343,57,86,0.82,29,0.028275862,44
3079.516664,50,77,0.97,27,0.035925926,44
3079.433191,55,90,0.95,35,0.027142857,44
3079.247213,66,81,0.38,15,0.025333333,44
3079.208218,48,73,0.9,25,0.036,44
3078.890985,58,89,0.8,31,0.025806452,44
3078.833897,61,81,0.53,20,0.0265,44
3078.491461,57,86,0.77,29,0.026551724,44
3078.431904,57,86,0.8,29,0.027586207,44
3078.431904,55,89,0.93,34,0.027352941,44
3078.323442,60,70,0.34,10,0.034,44
3077.048641,61,87,0.67,26,0.025769231,44
3076.871753,57,70,0.42,13,0.032307692,44
3076.661068,63,77,0.4,14,0.028571429,44
3076.661068,61,80,0.54,19,0.028421053,44
3076.661068,57,84,0.77,27,0.028518519,44
3076.584438,52,78,0.88,26,0.033846154,44
3076.119266,59,83,0.64,24,0.026666667,44
3075.982384,65,79,0.39,14,0.027857143,44
3075.950218,54,67,0.46,13,0.035384615,44
3075.950218,53,68,0.53,15,0.035333333,44
3075.950218,53,69,0.56,16,0.035,44
3075.950218,52,69,0.6,17,0.035294118,44
3075.950218,52,70,0.63,18,0.035,44
3075.950218,51,71,0.7,20,0.035,44
3075.950218,50,72,0.77,22,0.035,44
3075.950218,49,74,0.87,25,0.0348,44
3075.93021,59,79,0.6,20,0.03,44
3075.851978,52,74,0.74,22,0.033636364,44
3075.490806,62,78,0.45,16,0.028125,44
3075.349198,57,71,0.49,14,0.035,44
3075.349198,56,72,0.56,16,0.035,44
3075.349198,55,73,0.63,18,0.035,44
3075.349198,53,76,0.8,23,0.034782609,44
3075.156667,58,80,0.62,22,0.028181818,44
3074.835451,65,75,0.28,10,0.028,44
3074.834329,64,82,0.46,18,0.025555556,44
3074.834329,63,84,0.53,21,0.025238095,44
3074.834329,62,85,0.58,23,0.025217391,44
3074.834329,61,87,0.65,26,0.025,44
3074.834329,60,88,0.7,28,0.025,44
3074.672199,59,84,0.7,25,0.028,44
3074.56638,66,76,0.28,10,0.028,44
3074.403818,51,70,0.67,19,0.035263158,44
3074.101161,48,75,0.96,27,0.035555556,44
3074.04593,50,76,0.94,26,0.036153846,44
3073.901749,51,78,0.93,27,0.034444444,44
3073.846124,58,91,0.84,33,0.025454545,44
3073.609594,53,89,0.97,36,0.026944444,44
3073.433636,56,71,0.53,15,0.035333333,44
3073.329159,52,75,0.56,23,0.024347826,44
3073.236284,56,92,0.97,36,0.026944444,44
3072.978703,58,86,0.75,28,0.026785714,44
3072.97552,59,85,0.71,26,0.027307692,44
3072.780158,50,70,0.72,20,0.036,44
3072.566995,61,68,0.22,7,0.031428571,44
3072.557495,56,74,0.61,18,0.033888889,44
3071.641435,54,74,0.65,20,0.0325,44
3071.599762,49,71,0.8,22,0.036363636,44
3071.174917,62,83,0.46,21,0.021904762,44
3070.953438,56,83,0.8,27,0.02962963,44
3070.937962,55,71,0.57,16,0.035625,44
3070.610689,38,50,0.46,12,0.038333333,44
3070.575769,58,83,0.68,25,0.0272,44
3070.498177,54,90,0.94,36,0.026111111,44
3070.485917,70,74,0.11,4,0.0275,44
3070.485917,68,76,0.22,8,0.0275,44
3070.485917,63,82,0.52,19,0.027368421,44
3069.976988,48,71,0.84,23,0.036521739,44
3069.813741,65,80,0.42,15,0.028,44
3069.731831,56,88,0.89,32,0.0278125,44
3069.556357,51,75,0.81,24,0.03375,44
3069.539615,54,81,0.85,27,0.031481481,44
3068.972671,68,75,0.19,7,0.027142857,44
3068.972671,62,82,0.54,20,0.027,44
3068.972671,60,84,0.65,24,0.027083333,44
3068.62191,52,77,0.87,25,0.0348,44
3068.393935,57,85,0.78,28,0.027857143,44
3068.074851,56,86,0.8,30,0.026666667,44
3067.908967,49,72,0.82,23,0.035652174,44
3067.908967,48,74,0.92,26,0.035384615,44
3067.733574,55,87,0.86,32,0.026875,44
3067.112977,59,87,0.77,28,0.0275,44
3067.112977,57,90,0.9,33,0.027272727,44
3066.70064,59,78,0.55,19,0.028947368,44
3066.70064,58,79,0.61,21,0.029047619,44
3066.644177,52,89,0.99,37,0.026756757,44
3066.507804,63,84,0.55,21,0.026190476,44
3066.41883,58,81,0.63,23,0.027391304,44
3066.41883,57,82,0.69,25,0.0276,44
3066.278205,55,72,0.6,17,0.035294118,44
3066.262008,61,84,0.5,23,0.02173913,44
3065.964884,50,75,0.86,25,0.0344,44
3065.65313,56,69,0.47,13,0.036153846,44
3065.622965,40,47,0.27,7,0.038571429,44
3065.552064,56,91,0.95,35,0.027142857,44
3065.433969,48,72,0.87,24,0.03625,44
3064.815884,61,79,0.51,18,0.028333333,44
3064.757238,55,88,0.91,33,0.027575758,44
3064.427887,60,86,0.67,26,0.025769231,44
3063.886873,54,72,0.65,18,0.036111111,44
3063.692034,53,88,0.98,35,0.028,44
3063.440995,58,87,0.78,29,0.026896552,44
3063.440995,56,89,0.89,33,0.026969697,44
3062.754884,52,84,0.99,32,0.0309375,44
3062.682134,63,84,0.54,21,0.025714286,44
3062.470869,67,73,0.17,6,0.028333333,44
3062.336892,59,89,0.8,30,0.026666667,44
3061.899696,54,77,0.78,23,0.033913043,44
3061.523313,54,65,0.4,11,0.036363636,44
3060.863652,62,84,0.61,22,0.027727273,44
3060.652633,62,80,0.48,18,0.026666667,44
3060.462237,55,91,0.96,36,0.026666667,44
3060.407452,54,73,0.67,19,0.035263158,44
3060.26786,62,81,0.51,19,0.026842105,44
3060.26786,60,83,0.62,23,0.026956522,44
3060.219072,55,83,0.87,28,0.031071429,44
3059.745279,60,88,0.74,28,0.026428571,44
3059.639765,56,84,0.78,28,0.027857143,44
3059.639765,53,88,0.97,35,0.027714286,44
3059.443586,62,83,0.58,21,0.027619048,44
3059.254191,39,68,0.84,29,0.028965517,44
3058.794765,56,72,0.37,16,0.023125,44
3058.787462,60,81,0.59,21,0.028095238,44
3058.398367,65,81,0.33,16,0.020625,44
3058.153608,56,70,0.5,14,0.035714286,44
3058.021306,58,89,0.84,31,0.027096774,44
3057.434905,57,87,0.8,30,0.026666667,44
3057.423239,61,80,0.53,19,0.027894737,44
3057.423239,58,84,0.72,26,0.027692308,44
3056.60259,65,78,0.35,13,0.026923077,44
3056.467744,50,78,0.98,28,0.035,44
3055.863614,53,73,0.72,20,0.036,44
3055.340594,64,82,0.5,18,0.027777778,44
3055.340594,62,83,0.59,21,0.028095238,44
3055.340594,61,85,0.67,24,0.027916667,44
3055.340594,59,87,0.78,28,0.027857143,44
3055.340594,58,88,0.84,30,0.028,44
3055.058973,50,77,0.9,27,0.033333333,44
3055.010715,57,92,0.88,35,0.025142857,44
3054.905552,59,89,0.76,30,0.025333333,44
3054.826629,59,86,0.75,27,0.027777778,44
3054.432021,57,71,0.45,14,0.032142857,44
3054.432021,55,73,0.58,18,0.032222222,44
3054.432021,54,75,0.67,21,0.031904762,44
3054.0068,63,78,0.41,15,0.027333333,44
3053.436641,57,91,0.89,34,0.026176471,44
3053.03309,64,80,0.43,16,0.026875,44
3053.03309,61,83,0.59,22,0.026818182,44
3053.03309,59,86,0.72,27,0.026666667,44
3053.03309,57,88,0.83,31,0.026774194,44
3053.024744,65,81,0.43,16,0.026875,44
3053.024744,62,85,0.61,23,0.026521739,44
3053.024744,60,87,0.72,27,0.026666667,44
3053.024744,59,89,0.79,30,0.026333333,44
3053.00351,50,78,0.92,28,0.032857143,44
3052.832509,56,62,0.22,6,0.036666667,44
3052.832509,53,65,0.44,12,0.036666667,44
3052.832509,51,68,0.62,17,0.036470588,44
3052.652163,58,88,0.83,30,0.027666667,44
3052.652163,56,91,0.96,35,0.027428571,44
3052.230688,63,80,0.38,17,0.022352941,44
3052.211559,61,86,0.63,25,0.0252,44
3052.211354,61,86,0.64,25,0.0256,44
3052.206704,66,76,0.27,10,0.027,44
3051.935191,58,90,0.85,32,0.0265625,44
3051.935191,56,93,0.98,37,0.026486486,44
3051.912985,66,89,0.43,23,0.018695652,44
3051.746898,53,66,0.47,13,0.036153846,44
3051.746898,50,69,0.69,19,0.036315789,44
3051.196228,58,88,0.65,30,0.021666667,44
3051.16782,51,77,0.91,26,0.035,44
3051.157354,49,78,0.97,29,0.033448276,44
3051.071493,55,87,0.91,32,0.0284375,44
3050.064132,56,90,0.9,34,0.026470588,44
3049.702898,48,57,0.27,9,0.03,44
3049.702898,47,58,0.33,11,0.03,44
3048.457505,53,87,0.93,34,0.027352941,44
3048.238201,50,78,0.97,28,0.034642857,44
3048.074308,58,91,0.82,33,0.024848485,44
3048.074308,57,92,0.87,35,0.024857143,44
3047.990241,60,65,0.17,5,0.034,44
3047.379596,59,69,0.32,10,0.032,44
3047.100546,51,76,0.83,25,0.0332,44
3046.866501,60,69,0.31,9,0.034444444,44
3046.67903,60,87,0.71,27,0.026296296,44
3046.44742,57,90,0.91,33,0.027575758,44
3046.415456,64,79,0.4,15,0.026666667,44
3046.415456,63,80,0.45,17,0.026470588,44
3046.415456,61,82,0.56,21,0.026666667,44
3046.339098,57,91,0.91,34,0.026764706,44
3045.799433,50,80,0.68,30,0.022666667,44
3045.499032,48,57,0.24,9,0.026666667,44
3045.490423,60,85,0.69,25,0.0276,44
3045.490423,57,89,0.88,32,0.0275,44
3045.490423,56,90,0.94,34,0.027647059,44
3045.206948,53,77,0.82,24,0.034166667,44
3044.94134,51,75,0.86,24,0.035833333,44
3044.897538,54,73,0.68,19,0.035789474,44
3044.877618,51,78,0.92,27,0.034074074,44
3044.841258,58,88,0.82,30,0.027333333,44
3044.690272,61,76,0.45,15,0.03,44
3044.274892,68,77,0.25,9,0.027777778,44
3044.158557,56,73,0.54,17,0.031764706,44
3044.0672,66,77,0.29,11,0.026363636,44
3043.929924,39,67,0.82,28,0.029285714,44
3043.851643,56,86,0.81,30,0.027,44
3043.548007,54,89,0.99,35,0.028285714,44
3043.021673,55,76,0.71,21,0.033809524,44
3042.794384,58,90,0.86,32,0.026875,44
3042.245518,58,69,0.39,11,0.035454545,44
3042.245518,57,70,0.46,13,0.035384615,44
3042.105746,52,75,0.76,23,0.033043478,44
3041.791904,61,83,0.6,22,0.027272727,44
3041.791904,58,86,0.77,28,0.0275,44
3041.791904,56,89,0.9,33,0.027272727,44
3041.542614,55,89,0.88,34,0.025882353,44
3041.428746,56,93,0.92,37,0.024864865,44
3041.256719,61,77,0.48,16,0.03,44
3041.256719,60,78,0.54,18,0.03,44
3040.706232,55,90,0.96,35,0.027428571,44
3040.501379,46,59,0.35,13,0.026923077,44
3040.232602,56,80,0.69,24,0.02875,44
3040.167733,58,68,0.33,10,0.033,44
3040.111661,65,78,0.34,13,0.026153846,44
3039.654662,62,80,0.49,18,0.027222222,44
3039.304732,63,83,0.54,20,0.027,44
3039.207115,51,78,0.62,27,0.022962963,44
3038.706164,69,85,0.3,16,0.01875,44
3038.583613,56,87,0.85,31,0.027419355,44
3038.475679,55,82,0.77,27,0.028518519,44
3037.869641,58,89,0.79,31,0.025483871,44
3037.669553,56,71,0.49,15,0.032666667,44
3037.35977,60,86,0.71,26,0.027307692,44
3037.320545,59,83,0.67,24,0.027916667,44
3037.262228,63,82,0.41,19,0.021578947,44
3036.638161,64,73,0.27,9,0.03,44
3036.638161,63,74,0.33,11,0.03,44
3036.638161,62,75,0.39,13,0.03,44
3036.595817,59,85,0.58,26,0.022307692,44
3036.563296,51,67,0.59,16,0.036875,44
3036.55539,57,86,0.75,29,0.025862069,44
3036.555231,48,83,0.81,35,0.023142857,44
3036.29095,60,87,0.68,27,0.025185185,44
3036.29095,58,90,0.8,32,0.025,44
3036.29095,57,91,0.85,34,0.025,44
3035.928703,56,72,0.52,16,0.0325,44
3035.909639,56,87,0.86,31,0.027741935,44
3035.909639,54,90,0.99,36,0.0275,44
3035.707389,53,76,0.54,23,0.023478261,44
3035.584856,49,78,0.98,29,0.033793103,44
3035.568485,45,60,0.46,15,0.030666667,44
3035.38876,52,74,0.79,22,0.035909091,44
3035.378838,50,77,0.96,27,0.035555556,44
3035.208119,60,78,0.5,18,0.027777778,44
3035.11275,56,93,0.99,37,0.026756757,44
3034.969912,66,79,0.36,13,0.027692308,44
3034.969912,64,81,0.47,17,0.027647059,44
3034.969912,63,83,0.55,20,0.0275,44
3034.785813,53,80,0.8,27,0.02962963,44
3034.771756,58,70,0.28,12,0.023333333,44
3034.750898,52,72,0.73,20,0.0365,44
3033.869066,53,74,0.74,21,0.035238095,44
3033.745817,56,89,0.88,33,0.026666667,44
3033.745817,55,90,0.94,35,0.026857143,44
3033.493481,58,79,0.66,21,0.031428571,44
3033.24399,56,82,0.8,26,0.030769231,44
3033.199782,59,85,0.68,26,0.026153846,44
3032.895454,57,87,0.83,30,0.027666667,44
3032.834059,49,76,0.98,27,0.036296296,44
3032.737666,63,83,0.51,20,0.0255,44
3032.64528,52,81,0.86,29,0.029655172,44
3032.351083,56,90,0.91,34,0.026764706,44
3032.248889,63,80,0.47,17,0.027647059,44
3032.248889,63,81,0.49,18,0.027222222,44
3032.248889,60,84,0.66,24,0.0275,44
3032.248889,58,87,0.79,29,0.027241379,44
3032.248889,57,88,0.85,31,0.027419355,44
3032.12474,56,69,0.44,13,0.033846154,44
3032.052476,54,87,0.91,33,0.027575758,44
3032.052476,53,89,0.98,36,0.027222222,44
3031.734898,52,74,0.76,22,0.034545455,44
3031.396192,56,87,0.83,31,0.026774194,44
3031.379775,60,68,0.26,8,0.0325,44
3031.166515,55,91,0.98,36,0.027222222,44
3030.541272,56,70,0.48,14,0.034285714,44
3030.541272,55,71,0.55,16,0.034375,44
3030.399618,69,76,0.18,7,0.025714286,44
3030.399618,62,84,0.56,22,0.025454545,44
3030.169732,57,88,0.84,31,0.027096774,44
3030.169732,55,91,0.97,36,0.026944444,44
3030.104005,67,74,0.2,7,0.028571429,44
3029.997654,51,78,0.94,27,0.034814815,44
3029.934318,61,85,0.66,24,0.0275,44
3029.934318,61,86,0.68,25,0.0272,44
3029.934219,57,86,0.81,29,0.027931034,44
3029.883697,63,81,0.48,18,0.026666667,44
3029.802625,53,78,0.85,25,0.034,44
3029.731905,60,84,0.64,24,0.026666667,44
3029.700208,53,74,0.69,21,0.032857143,44
3029.288364,64,82,0.49,18,0.027222222,44
3029.288265,55,89,0.94,34,0.027647059,44
3029.032928,50,79,0.99,29,0.034137931,44
3028.887375,59,89,0.81,30,0.027,44
3028.470563,56,93,0.95,37,0.025675676,44
3028.277339,55,73,0.42,18,0.023333333,44
3028.248923,58,84,0.69,26,0.026538462,44
3028.248923,55,88,0.87,33,0.026363636,44
3028.162125,56,91,0.9,35,0.025714286,44
3027.899026,58,70,0.39,12,0.0325,44
3027.691761,61,86,0.67,25,0.0268,44
3027.331599,54,73,0.64,19,0.033684211,44
3027.1108,68,69,0.03,1,0.03,44
3027.1108,67,70,0.09,3,0.03,44
3027.1108,66,71,0.15,5,0.03,44
3027.1108,65,72,0.21,7,0.03,44
3027.077979,60,85,0.66,25,0.0264,44
3027.018192,58,80,0.67,22,0.030454545,44
3027.018192,57,81,0.73,24,0.030416667,44
3027.018192,55,84,0.87,29,0.03,44
3027.018192,54,85,0.94,31,0.030322581,44
3027.002996,49,80,0.71,31,0.022903226,44
3026.926323,57,88,0.82,31,0.026451613,44
3026.926323,55,90,0.93,35,0.026571429,44
3026.707029,57,69,0.43,12,0.035833333,44
3026.34615,53,86,0.94,33,0.028484848,44
3026.192332,51,74,0.83,23,0.036086957,44
3026.12448,59,88,0.73,29,0.025172414,44
3026.12448,58,89,0.78,31,0.02516129,44
3026.12448,57,90,0.83,33,0.025151515,44
3026.005962,56,86,0.84,30,0.028,44
3025.751224,63,79,0.43,16,0.026875,44
3025.689543,62,79,0.47,17,0.027647059,44
3025.689543,59,83,0.66,24,0.0275,44
3025.490765,61,85,0.62,24,0.025833333,44
3025.490765,57,90,0.85,33,0.025757576,44
3025.081872,48,82,0.79,34,0.023235294,44
3024.845985,58,71,0.41,13,0.031538462,44
3024.307952,54,73,0.62,19,0.032631579,44
3024.021241,51,77,0.92,26,0.035384615,44
3023.964583,47,57,0.31,10,0.031,44
3023.791367,61,85,0.61,24,0.025416667,44
3023.674378,55,75,0.68,20,0.034,44
3023.674378,54,76,0.75,22,0.034090909,44
3022.94921,60,83,0.61,23,0.026521739,44
3022.921587,50,80,0.7,30,0.023333333,44
3022.876969,59,88,0.79,29,0.027241379,44
3022.768455,51,76,0.88,25,0.0352,44
3022.232472,62,85,0.62,23,0.026956522,44
3022.232472,60,87,0.73,27,0.027037037,44
3022.08993,61,86,0.69,25,0.0276,44
3021.220654,58,90,0.83,32,0.0259375,44
3021.121612,56,85,0.79,29,0.027241379,44
3020.65586,60,87,0.74,27,0.027407407,44
3020.618467,68,74,0.16,6,0.026666667,44
3020.618467,65,77,0.32,12,0.026666667,44
3020.55386,57,82,0.68,25,0.0272,44
3020.456487,64,81,0.37,17,0.021764706,44
3020.319097,54,72,0.62,18,0.034444444,44
3020.319097,53,73,0.69,20,0.0345,44
3020.27621,59,88,0.77,29,0.026551724,44
3020.227486,66,90,0.44,24,0.018333333,44
3018.765651,67,78,0.3,11,0.027272727,44
3018.697602,57,85,0.75,28,0.026785714,44
3018.44889,55,73,0.59,18,0.032777778,44
3018.42735,62,75,0.4,13,0.030769231,44
3018.370541,52,79,0.91,27,0.033703704,44
3018.370541,51,80,0.98,29,0.033793103,44
3018.370342,54,85,0.86,31,0.027741935,44
3017.60801,56,87,0.87,31,0.028064516,44
3017.533607,53,67,0.5,14,0.035714286,44
3017.254058,59,72,0.44,13,0.033846154,44
3017.210607,60,85,0.67,25,0.0268,44
3017.210607,57,89,0.85,32,0.0265625,44
3016.977224,50,78,0.99,28,0.035357143,44
3016.753914,65,79,0.38,14,0.027142857,44
3016.69243,64,78,0.37,14,0.026428571,44
3016.69243,61,82,0.55,21,0.026190476,44
3016.650026,67,77,0.27,10,0.027,44
3016.630154,63,79,0.42,16,0.02625,44
3016.61268,56,82,0.78,26,0.03,44
3016.201009,63,82,0.53,19,0.027894737,44
3016.043017,55,84,0.8,29,0.027586207,44
3015.950285,59,70,0.35,11,0.031818182,44
3015.793135,55,83,0.88,28,0.031428571,44
3015.473203,60,77,0.53,17,0.031176471,44
3015.449485,59,88,0.8,29,0.027586207,44
3014.56432,64,91,0.51,27,0.018888889,44
3014.198112,58,70,0.25,12,0.020833333,44
3014.152818,56,83,0.74,27,0.027407407,44
3014.110565,53,76,0.74,23,0.032173913,44
3013.882279,63,82,0.39,19,0.020526316,44
3013.757495,60,84,0.62,24,0.025833333,44
3013.595397,58,68,0.34,10,0.034,44
3013.496798,49,81,0.75,32,0.0234375,44
3013.332915,54,79,0.74,25,0.0296,44
3013.250041,53,76,0.82,23,0.035652174,44
3013.195463,58,68,0.36,10,0.036,44
3013.09957,53,87,0.94,34,0.027647059,44
3012.985353,54,85,0.95,31,0.030645161,44
3012.866839,63,81,0.4,18,0.022222222,44
3012.398306,62,81,0.53,19,0.027894737,44
3012.398306,59,85,0.72,26,0.027692308,44
3012.381046,51,77,0.6,26,0.023076923,44
3012.335482,52,78,0.89,26,0.034230769,44
3012.335482,51,79,0.96,28,0.034285714,44
3012.099698,56,93,0.93,37,0.025135135,44
3011.995965,60,87,0.69,27,0.025555556,44
3011.995965,59,88,0.74,29,0.025517241,44
3011.995965,58,90,0.81,32,0.0253125,44
3011.995965,57,91,0.86,34,0.025294118,44
3011.995965,56,92,0.91,36,0.025277778,44
3011.995965,56,92,0.92,36,0.025555556,44
3011.995965,55,94,0.98,39,0.025128205,44
3011.597565,60,81,0.6,21,0.028571429,44
3011.111373,64,72,0.23,8,0.02875,44
3010.681041,53,88,0.93,35,0.026571429,44
3010.445247,56,92,0.99,36,0.0275,44
3010.00982,54,84,0.95,30,0.031666667,44
3010.005781,58,89,0.86,31,0.027741935,44
3010.005781,57,90,0.92,33,0.027878788,44
3009.855803,55,94,0.97,39,0.024871795,44
3009.8321,58,86,0.73,28,0.026071429,44
3009.8321,57,87,0.79,30,0.026333333,44
3009.603379,51,77,0.85,26,0.032692308,44
3008.914863,65,79,0.31,14,0.022142857,44
3008.655688,67,77,0.22,10,0.022,44
3008.618133,58,89,0.85,31,0.027419355,44
3008.618133,56,92,0.98,36,0.027222222,44
3008.361001,59,87,0.61,28,0.021785714,44
3008.24473,57,81,0.74,24,0.030833333,44
3008.136586,47,59,0.32,12,0.026666667,44
3008.119898,58,86,0.72,28,0.025714286,44
3007.976578,57,91,0.92,34,0.027058824,44
3007.893157,56,88,0.87,32,0.0271875,44
3007.821693,54,88,0.92,34,0.027058824,44
3007.689629,53,90,0.99,37,0.026756757,44
3007.682356,46,59,0.4,13,0.030769231,44
3007.554848,56,89,0.91,33,0.027575758,44
3007.352237,50,68,0.66,18,0.036666667,44
3007.262046,62,84,0.6,22,0.027272727,44
3007.257569,62,82,0.55,20,0.0275,44
3007.111189,55,72,0.57,17,0.033529412,44
3006.978844,50,76,0.88,26,0.033846154,44
3006.978844,49,77,0.95,28,0.033928571,44
3006.629643,59,86,0.74,27,0.027407407,44
3006.629643,56,90,0.92,34,0.027058824,44
3006.355296,53,74,0.5,21,0.023809524,44
3006.332469,57,90,0.84,33,0.025454545,44
3006.144949,52,77,0.89,25,0.0356,44
3005.799811,57,90,0.89,33,0.026969697,44
3005.579642,57,80,0.73,23,0.03173913,44
3004.857422,62,81,0.5,19,0.026315789,44
3004.581567,56,92,0.95,36,0.026388889,44
3003.968236,39,71,0.83,32,0.0259375,44
3003.828651,54,82,0.86,28,0.030714286,44
3003.733342,60,79,0.53,19,0.027894737,44
3003.609407,68,74,0.17,6,0.028333333,44
3003.609407,65,77,0.34,12,0.028333333,44
3003.216312,57,90,0.71,33,0.021515152,44
3002.549873,65,72,0.2,7,0.028571429,44
3002.476656,61,77,0.47,16,0.029375,44
3002.476656,60,78,0.53,18,0.029444444,44
3002.476656,59,79,0.59,20,0.0295,44
3002.455921,61,75,0.4,14,0.028571429,44
3002.219884,57,80,0.65,23,0.02826087,44
3002.032747,54,84,0.94,30,0.031333333,44
3001.972655,60,86,0.72,26,0.027692308,44
3001.956322,52,74,0.78,22,0.035454545,44
3001.956322,51,75,0.85,24,0.035416667,44
3001.956322,50,76,0.92,26,0.035384615,44
3001.908248,55,93,0.97,38,0.025526316,44
3001.639943,58,79,0.59,21,0.028095238,44
3001.40457,60,77,0.51,17,0.03,44
3001.40457,59,78,0.57,19,0.03,44
3001.40457,55,84,0.86,29,0.029655172,44
3001.40457,54,85,0.92,31,0.029677419,44
3001.40457,53,86,0.98,33,0.02969697,44
3001.24038,57,91,0.93,34,0.027352941,44
3001.21508,56,82,0.73,26,0.028076923,44
3001.21508,55,83,0.79,28,0.028214286,44
3001.180782,56,84,0.75,28,0.026785714,44
3000.901194,55,81,0.75,26,0.028846154,44
3000.870876,59,67,0.27,8,0.03375,44
3000.47517,49,81,0.73,32,0.0228125,44
3000.458622,56,90,0.89,34,0.026176471,44
3000.235818,52,78,0.59,26,0.022692308,44
3000.190141,54,75,0.48,21,0.022857143,44
3000.13025,54,85,0.93,31,0.03,44
2999.873776,57,92,0.89,35,0.025428571,44
2999.775024,56,92,0.9,36,0.025,44
2999.775024,55,93,0.95,38,0.025,44
2999.660888,55,71,0.54,16,0.03375,44
2999.500668,65,71,0.17,6,0.028333333,44
2999.500668,62,74,0.34,12,0.028333333,44
2999.417007,51,76,0.89,25,0.0356,44
2998.440384,53,81,0.9,28,0.032142857,44
2998.429918,53,82,0.92,29,0.031724138,44
2998.304826,59,89,0.77,30,0.025666667,44
2998.142777,60,67,0.23,7,0.032857143,44
2998.013328,59,71,0.41,12,0.034166667,44
2997.890882,52,83,0.98,31,0.031612903,44
2997.885165,52,76,0.85,24,0.035416667,44
2997.195672,60,76,0.46,16,0.02875,44
2997.192668,62,66,0.13,4,0.0325,44
2997.108905,60,76,0.51,16,0.031875,44
2997.081989,57,70,0.43,13,0.033076923,44
2997.072188,53,75,0.72,22,0.032727273,44
2996.926888,56,81,0.76,25,0.0304,44
2996.776727,60,66,0.2,6,0.033333333,44
2996.776727,57,69,0.4,12,0.033333333,44
2996.381678,55,95,0.99,40,0.02475,44
2996.155925,52,77,0.59,25,0.0236,44
2996.155925,51,78,0.64,27,0.023703704,44
2996.122725,56,89,0.93,33,0.028181818,44
2995.875802,49,57,0.21,8,0.02625,44
2995.800336,60,86,0.56,26,0.021538462,44
2995.69291,54,87,0.88,33,0.026666667,44
2995.667561,52,88,0.99,36,0.0275,44
2995.631387,53,86,0.99,33,0.03,44
2995.412324,54,75,0.49,21,0.023333333,44
2995.380416,58,89,0.83,31,0.026774194,44
2995.287241,58,87,0.64,29,0.022068966,44
2995.053832,54,89,0.93,35,0.026571429,44
2995.020068,53,87,0.92,34,0.027058824,44
2995.020068,52,88,0.98,36,0.027222222,44
2994.854341,55,89,0.92,34,0.027058824,44
2994.854341,54,91,0.99,37,0.026756757,44
2994.814324,54,87,0.9,33,0.027272727,44
2994.71199,50,77,0.91,27,0.033703704,44
2994.710946,72,74,0.04,2,0.02,44
2994.710946,71,75,0.08,4,0.02,44
2994.710946,70,76,0.12,6,0.02,44
2994.503856,59,86,0.73,27,0.027037037,44
2994.22108,69,75,0.16,6,0.026666667,44
2994.22108,66,78,0.32,12,0.026666667,44
2994.22108,61,84,0.61,23,0.026521739,44
2994.201961,57,91,0.94,34,0.027647059,44
2994.085424,51,79,0.65,28,0.023214286,44
2993.858019,65,82,0.43,17,0.025294118,44
2993.82158,59,78,0.54,19,0.028421053,44
2993.555464,57,89,0.7,32,0.021875,44
2993.460028,55,88,0.93,33,0.028181818,44
2993.264998,55,83,0.8,28,0.028571429,44
2993.264998,54,84,0.86,30,0.028666667,44
2993.154898,46,57,0.35,11,0.031818182,44
2992.595007,69,73,0.09,4,0.0225,44
2992.595007,67,75,0.18,8,0.0225,44
2992.550026,65,79,0.37,14,0.026428571,44
2992.494485,50,79,0.69,29,0.023793103,44
2992.086245,53,86,0.92,33,0.027878788,44
2991.672064,65,91,0.48,26,0.018461538,44
2991.580668,60,82,0.6,22,0.027272727,44
2991.580668,57,86,0.78,29,0.026896552,44
2991.201788,57,69,0.41,12,0.034166667,44
2991.050119,53,76,0.53,23,0.023043478,44
2990.914082,56,83,0.75,27,0.027777778,44
2990.874955,37,70,0.96,33,0.029090909,44
2990.720098,57,80,0.67,23,0.029130435,44
2990.615377,51,77,0.86,26,0.033076923,44
2990.534815,64,79,0.39,15,0.026,44
2990.310583,62,84,0.47,22,0.021363636,44
2990.166303,59,78,0.53,19,0.027894737,44
2990.061817,53,88,0.94,35,0.026857143,44
2989.930852,63,75,0.34,12,0.028333333,44
2989.743011,57,81,0.67,24,0.027916667,44
2989.478471,70,75,0.14,5,0.028,44
2989.341394,60,82,0.58,22,0.026363636,44
2989.341394,58,85,0.71,27,0.026296296,44
2989.341394,57,86,0.76,29,0.026206897,44
2989.165403,61,76,0.42,15,0.028,44
2989.060124,55,84,0.81,29,0.027931034,44
2989.01368,58,85,0.7,27,0.025925926,44
2989.01368,56,88,0.82,32,0.025625,44
2988.997349,52,75,0.82,23,0.035652174,44
2988.899954,67,71,0.11,4,0.0275,44
2988.899954,65,73,0.22,8,0.0275,44
2988.899954,63,75,0.33,12,0.0275,44
2988.832013,44,61,0.46,17,0.027058824,44
2988.768693,65,74,0.24,9,0.026666667,44
2988.768693,63,76,0.35,13,0.026923077,44
2988.768693,61,78,0.46,17,0.027058824,44
2988.686249,57,80,0.7,23,0.030434783,44
2987.817715,51,78,0.96,27,0.035555556,44
2987.743806,48,56,0.25,8,0.03125,44
2987.603191,70,73,0.08,3,0.026666667,44
2987.603191,67,76,0.24,9,0.026666667,44
2987.565368,67,76,0.25,9,0.027777778,44
2987.565368,65,78,0.36,13,0.027692308,44
2987.437051,58,80,0.61,22,0.027727273,44
2987.34315,52,79,0.92,27,0.034074074,44
2987.34315,51,80,0.99,29,0.034137931,44
2987.332336,59,86,0.7,27,0.025925926,44
2987.223492,58,86,0.78,28,0.027857143,44
2987.223492,55,90,0.97,35,0.027714286,44
2986.659582,59,80,0.57,21,0.027142857,44
2986.554939,55,72,0.56,17,0.032941176,44
2986.547726,59,79,0.57,20,0.0285,44
2986.379145,49,55,0.19,6,0.031666667,44
2986.328506,55,83,0.78,28,0.027857143,44
2986.243014,35,54,0.72,19,0.037894737,44
2986.084755,57,87,0.77,30,0.025666667,44
2986.084755,54,91,0.95,37,0.025675676,44
2985.508055,54,72,0.61,18,0.033888889,44
2985.486139,37,52,0.57,15,0.038,44
2985.32885,56,82,0.72,26,0.027692308,44
2984.802797,62,75,0.37,13,0.028461538,44
2984.695843,63,81,0.47,18,0.026111111,44
2984.695843,61,83,0.58,22,0.026363636,44
2984.695843,60,84,0.63,24,0.02625,44
2984.694768,56,81,0.72,25,0.0288,44
2984.621704,62,73,0.32,11,0.029090909,44
2984.407354,58,87,0.77,29,0.026551724,44
2984.169126,63,75,0.35,12,0.029166667,44
2984.169126,62,76,0.41,14,0.029285714,44
2984.151197,59,80,0.61,21,0.029047619,44
2984.139577,58,86,0.74,28,0.026428571,44
2983.609601,56,82,0.81,26,0.031153846,44
2983.431144,51,76,0.84,25,0.0336,44
2983.112006,58,91,0.85,33,0.025757576,44
2982.541268,56,87,0.82,31,0.026451613,44
2982.541268,55,89,0.89,34,0.026176471,44
2982.510917,53,74,0.75,21,0.035714286,44
2982.491948,55,82,0.82,27,0.03037037,44
2982.02235,60,75,0.44,15,0.029333333,44
2981.99087,51,82,0.92,31,0.029677419,44
2981.809587,54,90,0.98,36,0.027222222,44
2981.705147,53,85,0.92,32,0.02875,44
2981.705147,52,86,0.98,34,0.028823529,44
2981.642402,57,89,0.84,32,0.02625,44
2981.642402,55,91,0.95,36,0.026388889,44
2980.791051,61,81,0.54,20,0.027,44
2980.627917,47,58,0.34,11,0.030909091,44
2979.739184,59,83,0.68,24,0.028333333,44
2978.674955,58,84,0.74,26,0.028461538,44
2978.674955,56,87,0.88,31,0.028387097,44
2978.654944,58,80,0.66,22,0.03,44
2978.356271,57,78,0.61,21,0.029047619,44
2978.029341,60,82,0.59,22,0.026818182,44
2978.008541,53,74,0.76,21,0.036190476,44
2977.910824,52,68,0.57,16,0.035625,44
2977.905944,52,75,0.83,23,0.036086957,44
2977.461939,56,71,0.54,15,0.036,44
2977.424247,58,90,0.87,32,0.0271875,44
2977.178286,59,77,0.52,18,0.028888889,44
2976.815865,49,81,0.76,32,0.02375,44
2976.761739,61,75,0.43,14,0.030714286,44
2976.761739,60,76,0.49,16,0.030625,44
2976.356949,54,83,0.83,29,0.02862069,44
2976.356949,53,84,0.89,31,0.028709677,44
2976.242041,47,84,0.87,37,0.023513514,44
2976.083625,42,65,0.61,23,0.026521739,44
2975.904864,38,70,0.84,32,0.02625,44
2975.84266,52,76,0.86,24,0.035833333,44
2975.786917,58,81,0.65,23,0.02826087,44
2974.983309,53,74,0.49,21,0.023333333,44
2974.561593,60,76,0.5,16,0.03125,44
2974.561593,58,79,0.65,21,0.030952381,44
2974.561062,58,71,0.27,13,0.020769231,44
2974.459111,63,73,0.31,10,0.031,44
2974.388843,60,78,0.51,18,0.028333333,44
2974.289719,57,81,0.72,24,0.03,44
2974.256313,52,86,0.97,34,0.028529412,44
2974.250602,50,79,0.68,29,0.023448276,44
2973.713458,55,83,0.84,28,0.03,44
2973.044046,52,85,0.95,33,0.028787879,44
2972.965296,53,76,0.81,23,0.035217391,44
2972.351867,60,83,0.52,23,0.022608696,44
2972.300908,50,77,0.95,27,0.035185185,44
2972.154138,59,86,0.59,27,0.021851852,44
2972.044623,53,85,0.97,32,0.0303125,44
2972.016396,57,71,0.5,14,0.035714286,44
2972.016396,56,72,0.57,16,0.035625,44
2971.91168,64,83,0.5,19,0.026315789,44
2971.772643,57,86,0.79,29,0.027241379,44
2971.508829,57,87,0.84,30,0.028,44
2971.508829,56,89,0.92,33,0.027878788,44
2971.380667,55,72,0.61,17,0.035882353,44
2971.324641,57,81,0.69,24,0.02875,44
2970.879627,59,79,0.56,20,0.028,44
2970.765253,51,77,0.9,26,0.034615385,44
2970.613108,57,83,0.69,26,0.026538462,44
2970.337723,67,80,0.26,13,0.02,44
2970.076671,59,68,0.32,9,0.035555556,44
2969.803781,51,77,0.63,26,0.024230769,44
2969.803781,50,78,0.68,28,0.024285714,44
2969.788788,40,66,0.76,26,0.029230769,44
2969.781839,41,64,0.68,23,0.029565217,44
2969.623524,56,82,0.74,26,0.028461538,44
2969.60845,55,73,0.65,18,0.036111111,44
2969.477663,58,82,0.69,24,0.02875,44
2969.477663,57,83,0.75,26,0.028846154,44
2969.446883,62,82,0.52,20,0.026,44
2969.419758,52,76,0.79,24,0.032916667,44
2969.270483,59,87,0.6,28,0.021428571,44
2969.126935,56,70,0.47,14,0.033571429,44
2968.877471,49,80,0.74,31,0.023870968,44
2968.644702,46,59,0.34,13,0.026153846,44
2968.272713,72,73,0.02,1,0.02,44
2968.272713,71,74,0.06,3,0.02,44
2968.272713,70,75,0.1,5,0.02,44
2968.272713,69,76,0.14,7,0.02,44
2967.98929,52,83,0.99,31,0.031935484,44
2967.804401,58,68,0.24,10,0.024,44
2967.336601,57,79,0.63,22,0.028636364,44
2967.243723,37,74,0.96,37,0.025945946,44
2966.93163,48,83,0.82,35,0.023428571,44
2966.510488,54,80,0.84,26,0.032307692,44
2966.510488,52,82,0.97,30,0.032333333,44
2966.141904,56,88,0.9,32,0.028125,44
2965.4305,56,84,0.81,28,0.028928571,44
2965.344675,61,76,0.46,15,0.030666667,44
2965.220985,63,72,0.26,9,0.028888889,44
2965.131281,55,92,0.96,37,0.025945946,44
2965.056874,48,82,0.8,34,0.023529412,44
2964.987781,56,81,0.71,25,0.0284,44
2964.865507,61,76,0.43,15,0.028666667,44
2964.766227,62,74,0.38,12,0.031666667,44
2964.766227,59,77,0.57,18,0.031666667,44
2964.696514,56,79,0.67,23,0.029130435,44
2964.53256,56,81,0.78,25,0.0312,44
2964.53256,54,84,0.93,30,0.031,44
2964.414801,59,77,0.51,18,0.028333333,44
2964.414801,58,78,0.57,20,0.0285,44
2964.38903,54,85,0.91,31,0.029354839,44
2964.38903,53,86,0.97,33,0.029393939,44
2964.063255,48,80,0.76,32,0.02375,44
2964.022359,45,59,0.44,14,0.031428571,44
2963.884344,59,84,0.67,25,0.0268,44
2963.788826,66,80,0.39,14,0.027857143,44
2963.650086,61,83,0.61,22,0.027727273,44
2963.41333,59,84,0.65,25,0.026,44
2963.41333,56,88,0.83,32,0.0259375,44
2963.198369,59,68,0.3,9,0.033333333,44
2963.110159,66,71,0.14,5,0.028,44
2963.034738,58,78,0.58,20,0.029,44
2962.894909,53,85,0.9,32,0.028125,44
2962.849885,59,70,0.38,11,0.034545455,44
2962.760944,59,69,0.36,10,0.036,44
2962.713462,57,79,0.68,22,0.030909091,44
2962.713462,54,83,0.89,29,0.030689655,44
2962.708408,51,79,0.64,28,0.022857143,44
2962.235546,58,80,0.63,22,0.028636364,44
2962.189048,59,67,0.29,8,0.03625,44
2961.972517,55,91,0.99,36,0.0275,44
2961.966516,54,92,0.96,38,0.025263158,44
2961.679599,64,80,0.44,16,0.0275,44
2961.633487,57,83,0.7,26,0.026923077,44
2961.612076,67,75,0.21,8,0.02625,44
2961.468339,68,76,0.21,8,0.02625,44
2961.329781,50,79,0.67,29,0.023103448,44
2961.136257,58,72,0.48,14,0.034285714,44
2960.97586,40,49,0.33,9,0.036666667,44
2960.751058,66,78,0.34,12,0.028333333,44
2960.522249,70,96,0.44,26,0.016923077,44
2960.28015,58,80,0.65,22,0.029545455,44
2960.26236,58,81,0.67,23,0.029130435,44
2960.229278,61,87,0.68,26,0.026153846,44
2960.197781,64,77,0.35,13,0.026923077,44
2959.713147,54,89,0.94,35,0.026857143,44
2959.394314,61,74,0.38,13,0.029230769,44
2959.346364,55,86,0.85,31,0.027419355,44
2959.346364,53,88,0.96,35,0.027428571,44
2959.222645,58,79,0.63,21,0.03,44
2959.222645,57,81,0.71,24,0.029583333,44
2959.222645,56,82,0.77,26,0.029615385,44
2959.222645,56,83,0.79,27,0.029259259,44
2959.222645,55,83,0.83,28,0.029642857,44
2959.222645,55,84,0.85,29,0.029310345,44
2959.219178,50,80,0.69,30,0.023,44
2959.204862,54,86,0.94,32,0.029375,44
2958.996311,58,79,0.6,21,0.028571429,44
2958.822383,54,85,0.85,31,0.027419355,44
2958.5856,64,80,0.42,16,0.02625,44
2958.5856,61,84,0.6,23,0.026086957,44
2958.5856,60,85,0.65,25,0.026,44
2958.432962,56,82,0.79,26,0.030384615,44
2958.432962,54,84,0.92,30,0.030666667,44
2958.432962,53,85,0.98,32,0.030625,44
2958.412513,52,77,0.58,25,0.0232,44
2958.342229,33,57,0.91,24,0.037916667,44
2958.331017,62,74,0.37,12,0.030833333,44
2958.331017,60,77,0.52,17,0.030588235,44
2958.331017,59,78,0.58,19,0.030526316,44
2958.331017,58,79,0.64,21,0.03047619,44
2958.331017,56,81,0.77,25,0.0308,44
2958.331017,55,83,0.85,28,0.030357143,44
2958.331017,54,84,0.91,30,0.030333333,44
2957.864406,44,62,0.48,18,0.026666667,44
2957.778336,51,76,0.9,25,0.036,44
2957.503865,50,78,0.93,28,0.033214286,44
2957.484536,55,90,0.98,35,0.028,44
2957.420133,57,69,0.29,12,0.024166667,44
2957.378463,50,76,0.93,26,0.035769231,44
2957.290499,57,81,0.68,24,0.028333333,44
2957.120427,57,82,0.71,25,0.0284,44
2957.120427,56,83,0.77,27,0.028518519,44
2957.112371,62,83,0.43,21,0.02047619,44
2957.082323,54,91,0.98,37,0.026486486,44
2956.718869,55,82,0.78,27,0.028888889,44
2956.559166,55,88,0.88,33,0.026666667,44
2956.559166,54,90,0.95,36,0.026388889,44
2956.51507,57,80,0.64,23,0.027826087,44
2956.43113,59,67,0.19,8,0.02375,44
2956.302894,67,77,0.26,10,0.026,44
2956.080366,55,84,0.79,29,0.027241379,44
2956.078163,58,71,0.45,13,0.034615385,44
