% profit,ema1,ema2,threshold,diff,thresh / diff,ID
3422.112567,5,12,0.42,7,0.06,52
3305.399521,68,69,0.03,1,0.03,52
3289.256807,4,16,0.64,12,0.053333333,52
3258.440176,67,70,0.09,3,0.03,52
3258.440176,66,71,0.15,5,0.03,52
3258.440176,65,72,0.21,7,0.03,52
3179.566662,6,11,0.28,5,0.056,52
3150.754783,5,12,0.44,7,0.062857143,52
3129.962528,5,13,0.46,8,0.0575,52
3128.640932,61,68,0.23,7,0.032857143,52
3128.048907,5,12,0.43,7,0.061428571,52
3114.44634,56,71,0.51,15,0.034,52
3114.44634,55,72,0.58,17,0.034117647,52
3107.763098,58,71,0.43,13,0.033076923,52
3100.070574,54,73,0.65,19,0.034210526,52
3098.186011,5,13,0.49,8,0.06125,52
3089.933556,4,16,0.66,12,0.055,52
3088.931447,53,74,0.72,21,0.034285714,52
3087.761749,55,71,0.55,16,0.034375,52
3087.136724,57,70,0.44,13,0.033846154,52
3084.145854,56,70,0.48,14,0.034285714,52
3081.44922,43,52,0.32,9,0.035555556,52
3076.06388,61,63,0.07,2,0.035,52
3076.06388,60,64,0.14,4,0.035,52
3076.06388,59,65,0.21,6,0.035,52
3076.06388,58,66,0.28,8,0.035,52
3076.06388,57,67,0.35,10,0.035,52
3075.267022,5,12,0.45,7,0.064285714,52
3073.003209,6,11,0.29,5,0.058,52
3070.347377,4,16,0.63,12,0.0525,52
3065.628747,75,80,0.09,5,0.018,52
3059.05641,61,66,0.17,5,0.034,52
3054.079538,56,73,0.57,17,0.033529412,52
3054.079538,52,78,0.87,26,0.033461538,52
3046.534798,51,79,0.94,28,0.033571429,52
3043.354643,44,49,0.19,5,0.038,52
3040.832404,63,66,0.1,3,0.033333333,52
3040.832404,60,69,0.3,9,0.033333333,52
3036.921259,54,75,0.71,21,0.033809524,52
3036.542533,71,85,0.25,14,0.017857143,52
3033.760145,59,70,0.37,11,0.033636364,52
3033.584437,61,67,0.2,6,0.033333333,52
3033.547635,55,74,0.64,19,0.033684211,52
3033.293726,59,76,0.54,17,0.031764706,52
3030.973613,6,11,0.3,5,0.06,52
3030.971725,61,69,0.26,8,0.0325,52
3030.677287,57,72,0.5,15,0.033333333,52
3028.400352,60,76,0.49,16,0.030625,52
3021.450399,43,51,0.29,8,0.03625,52
3017.652894,72,83,0.2,11,0.018181818,52
3014.180964,59,80,0.49,21,0.023333333,52
3013.612899,59,69,0.34,10,0.034,52
3013.057181,57,71,0.47,14,0.033571429,52
3011.922607,70,85,0.27,15,0.018,52
3010.264342,60,68,0.27,8,0.03375,52
3007.765185,44,50,0.22,6,0.036666667,52
2997.711112,40,54,0.52,14,0.037142857,52
2997.417044,40,54,0.53,14,0.037857143,52
2996.113366,63,93,0.56,30,0.018666667,52
2993.675096,72,74,0.04,2,0.02,52
2993.675096,71,75,0.08,4,0.02,52
2993.675096,70,76,0.12,6,0.02,52
2993.204766,42,52,0.37,10,0.037,52
2992.15992,41,53,0.45,12,0.0375,52
2984.768509,66,90,0.44,24,0.018333333,52
2983.631131,58,78,0.62,20,0.031,52
2983.018146,58,71,0.44,13,0.033846154,52
2982.618628,63,79,0.35,16,0.021875,52
2980.864596,74,81,0.13,7,0.018571429,52
2980.864596,70,85,0.28,15,0.018666667,52
2979.367318,61,75,0.43,14,0.030714286,52
2979.367318,57,79,0.68,22,0.030909091,52
2977.708657,68,88,0.36,20,0.018,52
2974.129801,52,84,0.85,32,0.0265625,52
2972.663885,5,13,0.45,8,0.05625,52
2972.069383,57,71,0.48,14,0.034285714,52
2972.069383,53,76,0.78,23,0.033913043,52
2972.069383,52,77,0.85,25,0.034,52
2965.585459,66,92,0.47,26,0.018076923,52
2964.636524,61,74,0.41,13,0.031538462,52
2964.231262,71,84,0.24,13,0.018461538,52
2963.197125,60,67,0.24,7,0.034285714,52
2963.197125,59,68,0.31,9,0.034444444,52
2963.133551,63,67,0.13,4,0.0325,52
2962.136595,58,70,0.41,12,0.034166667,52
2957.516372,5,12,0.41,7,0.058571429,52
2957.353886,41,54,0.47,13,0.036153846,52
2956.159239,61,70,0.29,9,0.032222222,52
2955.274278,64,92,0.52,28,0.018571429,52
2954.60936,62,73,0.34,11,0.030909091,52
2954.103305,75,81,0.11,6,0.018333333,52
2954.103305,72,84,0.22,12,0.018333333,52
2954.103305,69,87,0.33,18,0.018333333,52
2953.849664,56,72,0.54,16,0.03375,52
2952.692622,63,68,0.16,5,0.032,52
2952.521382,58,81,0.54,23,0.023478261,52
2952.244862,51,85,0.91,34,0.026764706,52
2952.026653,58,77,0.6,19,0.031578947,52
2950.880551,42,53,0.39,11,0.035454545,52
2950.447671,67,89,0.4,22,0.018181818,52
2948.39016,65,68,0.1,3,0.033333333,52
2947.495964,70,87,0.3,17,0.017647059,52
2947.447168,39,55,0.6,16,0.0375,52
2945.52815,43,50,0.26,7,0.037142857,52
2945.318184,53,77,0.8,24,0.033333333,52
2945.175926,66,91,0.46,25,0.0184,52
2945.175926,65,93,0.51,28,0.018214286,52
2944.630914,54,81,0.86,27,0.031851852,52
2944.265107,63,72,0.28,9,0.031111111,52
2944.265107,59,76,0.53,17,0.031176471,52
2943.665344,4,16,0.65,12,0.054166667,52
2943.649668,61,73,0.39,12,0.0325,52
2943.649668,59,75,0.52,16,0.0325,52
2943.465241,54,74,0.68,20,0.034,52
2943.465241,53,75,0.75,22,0.034090909,52
2942.991472,64,84,0.4,20,0.02,52
2942.579584,50,74,0.86,24,0.035833333,52
2942.411542,52,76,0.82,24,0.034166667,52
2942.245726,59,72,0.42,13,0.032307692,52
2941.820373,61,81,0.44,20,0.022,52
2941.815022,55,80,0.79,25,0.0316,52
2941.597034,51,86,0.92,35,0.026285714,52
2941.033085,68,87,0.35,19,0.018421053,52
2940.473926,51,81,0.99,30,0.033,52
2940.192124,55,73,0.61,18,0.033888889,52
2940.176708,57,72,0.51,15,0.034,52
2939.46678,41,53,0.44,12,0.036666667,52
2936.171283,60,75,0.47,15,0.031333333,52
2934.943085,40,55,0.55,15,0.036666667,52
2934.894833,60,74,0.45,14,0.032142857,52
2934.029827,70,86,0.29,16,0.018125,52
2934.017715,68,89,0.38,21,0.018095238,52
2933.125818,52,80,0.92,28,0.032857143,52
2932.533351,53,78,0.83,25,0.0332,52
2932.527847,55,75,0.66,20,0.033,52
2932.527847,54,76,0.73,22,0.033181818,52
2931.669015,56,79,0.73,23,0.03173913,52
2930.504752,42,51,0.34,9,0.037777778,52
2930.355889,4,16,0.67,12,0.055833333,52
2930.178029,68,88,0.37,20,0.0185,52
2929.543104,51,80,0.97,29,0.033448276,52
2927.155459,43,47,0.15,4,0.0375,52
2925.628711,57,74,0.56,17,0.032941176,52
2925.628711,54,77,0.76,23,0.033043478,52
2923.271968,60,70,0.33,10,0.033,52
2923.271968,57,73,0.53,16,0.033125,52
2923.087826,66,72,0.14,6,0.023333333,52
2923.087826,63,75,0.28,12,0.023333333,52
2922.518119,57,77,0.65,20,0.0325,52
2922.44545,56,74,0.6,18,0.033333333,52
2922.221413,55,75,0.67,20,0.0335,52
2922.202084,62,79,0.38,17,0.022352941,52
2921.175069,52,79,0.9,27,0.033333333,52
2921.103127,63,71,0.25,8,0.03125,52
2920.440274,56,75,0.63,19,0.033157895,52
2920.386689,53,79,0.85,26,0.032692308,52
2919.701178,43,49,0.23,6,0.038333333,52
2918.971143,59,71,0.4,12,0.033333333,52
2918.89336,62,76,0.33,14,0.023571429,52
2918.818268,64,75,0.25,11,0.022727273,52
2918.019743,64,94,0.55,30,0.018333333,52
2916.13906,38,57,0.71,19,0.037368421,52
2915.752543,56,73,0.58,17,0.034117647,52
2914.765819,57,78,0.66,21,0.031428571,52
2912.921071,58,73,0.49,15,0.032666667,52
2912.921071,55,76,0.69,21,0.032857143,52
2911.203336,64,76,0.27,12,0.0225,52
2911.203336,62,78,0.36,16,0.0225,52
2910.545055,62,72,0.32,10,0.032,52
2910.494171,38,58,0.74,20,0.037,52
2908.458409,58,76,0.58,18,0.032222222,52
2908.135811,51,87,0.94,36,0.026111111,52
2906.965457,73,81,0.15,8,0.01875,52
2906.965457,67,88,0.39,21,0.018571429,52
2906.48594,69,88,0.34,19,0.017894737,52
2905.562394,54,78,0.78,24,0.0325,52
2904.55649,62,74,0.37,12,0.030833333,52
2903.908147,55,79,0.65,24,0.027083333,52
2903.562442,37,58,0.79,21,0.037619048,52
2903.504265,54,69,0.54,15,0.036,52
2903.38233,54,78,0.79,24,0.032916667,52
2903.296053,58,72,0.46,14,0.032857143,52
2903.066094,49,57,0.21,8,0.02625,52
2902.846311,59,74,0.5,15,0.033333333,52
2901.467167,53,82,0.78,29,0.026896552,52
2901.155983,65,83,0.36,18,0.02,52
2900.562499,63,69,0.19,6,0.031666667,52
2900.26073,56,78,0.71,22,0.032272727,52
2900.094155,66,73,0.16,7,0.022857143,52
2899.983124,68,73,0.11,5,0.022,52
2899.80837,60,79,0.44,19,0.023157895,52
2899.221989,53,81,0.91,28,0.0325,52
2899.174532,72,81,0.17,9,0.018888889,52
2898.397219,36,66,0.29,30,0.009666667,52
2897.193372,55,77,0.72,22,0.032727273,52
2895.679575,63,73,0.31,10,0.031,52
2895.235442,55,76,0.7,21,0.033333333,52
2895.235442,53,79,0.86,26,0.033076923,52
2895.235442,52,80,0.93,28,0.033214286,52
2894.303244,63,70,0.22,7,0.031428571,52
2894.303244,61,72,0.35,11,0.031818182,52
2894.303244,60,73,0.41,13,0.031538462,52
2894.303244,59,75,0.5,16,0.03125,52
2894.303244,58,75,0.54,17,0.031764706,52
2893.513938,55,78,0.63,23,0.027391304,52
2893.308899,37,54,0.63,17,0.037058824,52
2893.174712,73,83,0.18,10,0.018,52
2892.24139,63,76,0.3,13,0.023076923,52
2891.633009,68,72,0.09,4,0.0225,52
2891.633009,66,74,0.18,8,0.0225,52
2890.296772,60,74,0.44,14,0.031428571,52
2889.996491,56,77,0.67,21,0.031904762,52
2889.95846,36,61,0.92,25,0.0368,52
2889.785081,62,69,0.23,7,0.032857143,52
2889.632988,57,75,0.59,18,0.032777778,52
2889.494746,55,79,0.78,24,0.0325,52
2889.329391,52,82,0.82,30,0.027333333,52
2887.524208,59,82,0.52,23,0.022608696,52
2886.995782,56,77,0.7,21,0.033333333,52
2886.902097,61,71,0.32,10,0.032,52
2885.703494,56,75,0.62,19,0.032631579,52
2885.460464,37,59,0.82,22,0.037272727,52
2885.427101,4,14,0.61,10,0.061,52
2885.22513,58,72,0.47,14,0.033571429,52
2884.925642,61,72,0.36,11,0.032727273,52
2884.483278,52,82,0.98,30,0.032666667,52
2883.40945,66,89,0.43,23,0.018695652,52
2882.880426,64,71,0.22,7,0.031428571,52
2881.258314,60,71,0.36,11,0.032727273,52
2881.043173,59,73,0.45,14,0.032142857,52
2880.443282,62,68,0.2,6,0.033333333,52
2880.400535,53,80,0.88,27,0.032592593,52
2879.637908,65,91,0.48,26,0.018461538,52
2879.431827,37,59,0.81,22,0.036818182,52
2879.28433,36,60,0.9,24,0.0375,52
2878.905173,57,77,0.63,20,0.0315,52
2877.444317,52,69,0.63,17,0.037058824,52
2877.096199,53,70,0.62,17,0.036470588,52
2877.07653,64,68,0.13,4,0.0325,52
2877.07653,62,70,0.26,8,0.0325,52
2877.07653,60,72,0.39,12,0.0325,52
2877.07653,58,74,0.52,16,0.0325,52
2876.587751,61,73,0.38,12,0.031666667,52
2876.414053,59,72,0.43,13,0.033076923,52
2876.362874,52,82,0.81,30,0.027,52
2876.36125,56,76,0.65,20,0.0325,52
2873.950112,50,85,0.95,35,0.027142857,52
2873.798906,33,70,0.36,37,0.00972973,52
2873.292185,68,74,0.13,6,0.021666667,52
2872.256053,54,76,0.74,22,0.033636364,52
2872.256053,53,77,0.81,24,0.03375,52
2871.745019,53,80,0.9,27,0.033333333,52
2871.408898,51,84,0.89,33,0.026969697,52
2871.003232,59,75,0.51,16,0.031875,52
2869.805399,57,76,0.61,19,0.032105263,52
2869.805399,55,78,0.74,23,0.032173913,52
2869.789551,67,90,0.42,23,0.01826087,52
2868.74278,48,74,0.96,26,0.036923077,52
2868.735235,51,83,0.87,32,0.0271875,52
2867.882853,60,73,0.42,13,0.032307692,52
2867.882853,58,75,0.55,17,0.032352941,52
2867.882853,57,77,0.64,20,0.032,52
2867.882853,56,77,0.68,21,0.032380952,52
2867.882853,55,79,0.77,24,0.032083333,52
2867.882853,53,81,0.9,28,0.032142857,52
2867.758149,57,73,0.54,16,0.03375,52
2867.667852,41,62,0.15,21,0.007142857,52
2867.643073,53,81,0.76,28,0.027142857,52
2866.855322,52,82,0.97,30,0.032333333,52
2866.662282,5,13,0.48,8,0.06,52
2866.284794,39,52,0.48,13,0.036923077,52
2865.713715,56,76,0.66,20,0.033,52
2864.208976,54,79,0.69,25,0.0276,52
2863.915531,64,70,0.19,6,0.031666667,52
2863.550248,59,73,0.46,14,0.032857143,52
2863.036774,65,90,0.47,25,0.0188,52
2862.998638,61,78,0.39,17,0.022941176,52
2861.929359,5,13,0.47,8,0.05875,52
2861.767047,64,69,0.16,5,0.032,52
2861.767047,62,71,0.29,9,0.032222222,52
2861.767047,54,79,0.81,25,0.0324,52
2861.70165,61,76,0.36,15,0.024,52
2860.893939,54,81,0.72,27,0.026666667,52
2859.871338,57,82,0.59,25,0.0236,52
2857.122845,59,73,0.47,14,0.033571429,52
2857.006017,52,83,0.84,31,0.027096774,52
2856.440576,59,74,0.49,15,0.032666667,52
2855.921112,51,56,0.13,5,0.026,52
2855.173944,50,84,0.93,34,0.027352941,52
2854.533307,56,78,0.7,22,0.031818182,52
2854.533307,54,80,0.83,26,0.031923077,52
2854.168088,51,85,0.9,34,0.026470588,52
2853.47522,63,70,0.23,7,0.032857143,52
2851.74569,61,82,0.42,21,0.02,52
2851.373902,42,53,0.4,11,0.036363636,52
2850.462665,54,79,0.82,25,0.0328,52
2850.182758,59,74,0.48,15,0.032,52
2849.183623,39,56,0.63,17,0.037058824,52
2848.993685,52,83,0.83,31,0.026774194,52
2848.62167,60,73,0.43,13,0.033076923,52
2848.310323,57,76,0.62,19,0.032631579,52
2847.598196,58,75,0.56,17,0.032941176,52
2847.361944,65,69,0.13,4,0.0325,52
2847.059459,63,71,0.26,8,0.0325,52
2847.037838,57,76,0.63,19,0.033157895,52
2846.736442,54,77,0.77,23,0.033478261,52
2846.597329,50,86,0.96,36,0.026666667,52
2846.340191,50,85,0.94,35,0.026857143,52
2846.003799,65,77,0.26,12,0.021666667,52
2843.766049,56,74,0.61,18,0.033888889,52
2843.501285,73,74,0.02,1,0.02,52
2843.501285,72,75,0.06,3,0.02,52
2843.501285,71,76,0.1,5,0.02,52
2843.501285,70,77,0.14,7,0.02,52
2843.473334,62,67,0.17,5,0.034,52
2843.307978,53,80,0.75,27,0.027777778,52
2842.1836,57,75,0.58,18,0.032222222,52
2840.434017,38,70,0.1,32,0.003125,52
2840.089806,52,78,0.88,26,0.033846154,52
2840.002943,55,78,0.75,23,0.032608696,52
2840.002943,54,80,0.84,26,0.032307692,52
2838.985065,52,81,0.95,29,0.032758621,52
2838.082619,46,60,0.39,14,0.027857143,52
2838.022833,61,79,0.41,18,0.022777778,52
2837.665822,69,86,0.31,17,0.018235294,52
2836.357826,53,78,0.84,25,0.0336,52
2836.357826,52,79,0.91,27,0.033703704,52
2835.011576,58,76,0.57,18,0.031666667,52
2834.632056,54,67,0.48,13,0.036923077,52
2833.585466,41,49,0.3,8,0.0375,52
2833.585466,39,51,0.45,12,0.0375,52
2833.566615,44,47,0.1,3,0.033333333,52
2831.927423,36,61,0.93,25,0.0372,52
2830.509426,62,81,0.38,19,0.02,52
2829.719658,58,73,0.5,15,0.033333333,52
2829.019864,66,84,0.35,18,0.019444444,52
2828.245238,66,82,0.32,16,0.02,52
2827.236578,64,67,0.1,3,0.033333333,52
2827.236578,61,70,0.3,9,0.033333333,52
2826.069793,68,87,0.36,19,0.018947368,52
2824.092264,41,70,0.91,29,0.03137931,52
2823.115842,37,53,0.61,16,0.038125,52
2822.367804,42,47,0.19,5,0.038,52
2820.568408,48,59,0.29,11,0.026363636,52
2819.83326,54,86,0.91,32,0.0284375,52
2819.082272,40,55,0.56,15,0.037333333,52
2818.291227,56,75,0.64,19,0.033684211,52
2817.667836,53,87,0.97,34,0.028529412,52
2817.576031,66,90,0.45,24,0.01875,52
2817.488751,66,78,0.25,12,0.020833333,52
2817.482475,60,72,0.4,12,0.033333333,52
2817.39766,61,71,0.33,10,0.033,52
2816.859872,7,10,0.17,3,0.056666667,52
2816.319542,60,83,0.46,23,0.02,52
2816.273031,54,80,0.7,26,0.026923077,52
2816.273031,51,84,0.88,33,0.026666667,52
2816.153814,38,53,0.55,15,0.036666667,52
2815.51135,62,81,0.41,19,0.021578947,52
2815.366694,37,64,0.27,27,0.01,52
2815.244286,36,55,0.71,19,0.037368421,52
2815.009849,63,69,0.2,6,0.033333333,52
2813.265881,63,81,0.38,18,0.021111111,52
2813.200492,62,79,0.39,17,0.022941176,52
2812.894362,50,87,0.98,37,0.026486486,52
2812.300612,69,86,0.32,17,0.018823529,52
2811.077962,61,69,0.27,8,0.03375,52
2811.005492,40,72,0.99,32,0.0309375,52
2810.842398,64,79,0.32,15,0.021333333,52
2810.378512,57,74,0.57,17,0.033529412,52
2809.059682,65,91,0.49,26,0.018846154,52
2808.731006,69,78,0.18,9,0.02,52
2808.731006,68,79,0.22,11,0.02,52
2808.339256,38,65,0.21,27,0.007777778,52
2807.301528,55,77,0.73,22,0.033181818,52
2806.131265,47,61,0.36,14,0.025714286,52
2806.099303,52,62,0.22,10,0.022,52
2804.97317,45,49,0.15,4,0.0375,52
2802.894851,71,83,0.23,12,0.019166667,52
2802.396052,48,57,0.24,9,0.026666667,52
2802.110165,64,91,0.51,27,0.018888889,52
2800.817625,48,66,0.44,18,0.024444444,52
2800.615386,4,15,0.62,11,0.056363636,52
2800.379482,4,14,0.57,10,0.057,52
2800.185917,39,56,0.64,17,0.037647059,52
2799.27356,4,15,0.63,11,0.057272727,52
2798.372667,71,77,0.12,6,0.02,52
2798.372667,70,78,0.16,8,0.02,52
2798.372667,69,79,0.2,10,0.02,52
2798.372667,68,80,0.24,12,0.02,52
2798.372667,67,81,0.28,14,0.02,52
2798.355477,46,59,0.37,13,0.028461538,52
2797.744962,51,54,0.08,3,0.026666667,52
2797.324367,69,81,0.23,12,0.019166667,52
2796.529718,38,66,0.19,28,0.006785714,52
2794.205915,50,52,0.01,2,0.005,52
2794.205915,49,53,0.02,4,0.005,52
2792.93079,72,76,0.08,4,0.02,52
2792.354347,44,47,0.11,3,0.036666667,52
2792.17079,51,80,0.81,29,0.027931034,52
2792.064772,69,87,0.32,18,0.017777778,52
2791.908405,47,67,0.49,20,0.0245,52
2790.706853,36,73,0.12,37,0.003243243,52
2790.599623,63,93,0.57,30,0.019,52
2789.128361,48,54,0.03,6,0.005,52
2788.936413,64,86,0.43,22,0.019545455,52
2787.793053,64,92,0.53,28,0.018928571,52
2787.793053,62,95,0.62,33,0.018787879,52
2787.252899,41,54,0.48,13,0.036923077,52
2785.70667,43,64,0.58,21,0.027619048,52
2783.772259,65,85,0.39,20,0.0195,52
2783.63506,51,81,0.86,30,0.028666667,52
2783.32746,73,75,0.04,2,0.02,52
2783.266872,52,80,0.94,28,0.033571429,52
2782.6925,4,14,0.58,10,0.058,52
2782.371039,67,88,0.4,21,0.019047619,52
2782.371039,66,89,0.44,23,0.019130435,52
2781.339645,67,89,0.41,22,0.018636364,52
2780.808255,58,74,0.53,16,0.033125,52
2780.808255,56,77,0.69,21,0.032857143,52
2780.605865,62,77,0.35,15,0.023333333,52
2780.00254,42,68,0.82,26,0.031538462,52
2779.144884,38,58,0.73,20,0.0365,52
2778.705639,69,88,0.35,19,0.018421053,52
2778.262732,67,76,0.19,9,0.021111111,52
2778.086884,57,76,0.52,19,0.027368421,52
2777.846611,7,8,0.07,1,0.07,52
2776.959013,55,85,0.86,30,0.028666667,52
2776.597327,60,81,0.48,21,0.022857143,52
2775.978985,53,80,0.89,27,0.032962963,52
2775.978985,52,81,0.96,29,0.033103448,52
2774.656725,48,58,0.28,10,0.028,52
2774.227782,40,63,0.17,23,0.007391304,52
2773.943989,37,55,0.58,18,0.032222222,52
2773.80759,51,71,0.73,20,0.0365,52
2771.629099,38,52,0.52,14,0.037142857,52
2771.415783,54,78,0.8,24,0.033333333,52
2771.415783,53,79,0.87,26,0.033461538,52
2769.125698,50,72,0.81,22,0.036818182,52
2768.920328,34,58,0.82,24,0.034166667,52
2767.639899,56,82,0.78,26,0.03,52
2767.639899,55,83,0.84,28,0.03,52
2766.385016,47,59,0.32,12,0.026666667,52
2766.224283,43,51,0.3,8,0.0375,52
2766.194114,72,82,0.19,10,0.019,52
2766.063461,64,77,0.29,13,0.022307692,52
2765.886379,36,67,0.24,31,0.007741935,52
2765.607952,29,82,0.37,53,0.006981132,52
2765.32064,50,82,0.92,32,0.02875,52
2765.143215,60,77,0.41,17,0.024117647,52
2764.781579,54,80,0.85,26,0.032692308,52
2764.0682,31,73,0.41,42,0.009761905,52
2762.671403,38,54,0.53,16,0.033125,52
2762.410227,54,79,0.83,25,0.0332,52
2762.359772,62,78,0.37,16,0.023125,52
2760.916682,61,95,0.65,34,0.019117647,52
2760.37355,63,78,0.34,15,0.022666667,52
2760.371016,34,60,0.99,26,0.038076923,52
2760.197994,41,48,0.27,7,0.038571429,52
2759.882703,49,83,0.95,34,0.027941176,52
2759.828347,35,68,0.26,33,0.007878788,52
2759.524172,36,57,0.68,21,0.032380952,52
2759.176044,53,92,0.98,39,0.025128205,52
2758.815864,47,60,0.34,13,0.026153846,52
2758.767922,71,82,0.21,11,0.019090909,52
2758.399951,73,82,0.17,9,0.018888889,52
2758.29328,40,76,0.97,36,0.026944444,52
2757.666896,41,50,0.33,9,0.036666667,52
2757.544757,40,51,0.36,11,0.032727273,52
2756.819361,40,75,0.95,35,0.027142857,52
2756.629432,6,12,0.33,6,0.055,52
2755.972675,49,83,0.98,34,0.028823529,52
2754.48984,52,57,0.12,5,0.024,52
2753.90128,59,74,0.41,15,0.027333333,52
2753.041761,39,64,0.19,25,0.0076,52
2752.894203,65,92,0.5,27,0.018518519,52
2752.894203,64,93,0.54,29,0.01862069,52
2752.894203,63,94,0.58,31,0.018709677,52
2752.894203,63,95,0.59,32,0.0184375,52
2751.907285,70,83,0.31,13,0.023846154,52
2751.247373,45,59,0.4,14,0.028571429,52
2750.309869,67,74,0.16,7,0.022857143,52
2748.385427,34,69,0.32,35,0.009142857,52
2747.916493,37,72,0.09,35,0.002571429,52
2747.84689,39,65,0.84,26,0.032307692,52
2747.809608,60,71,0.37,11,0.033636364,52
2747.475677,51,79,0.64,28,0.022857143,52
2747.403184,58,81,0.67,23,0.029130435,52
2747.403184,57,82,0.73,25,0.0292,52
2744.574356,38,52,0.53,14,0.037857143,52
2744.051957,50,86,0.97,36,0.026944444,52
2743.80532,47,82,0.99,35,0.028285714,52
2743.779881,41,50,0.36,9,0.04,52
2743.452775,54,85,0.92,31,0.029677419,52
2743.452775,53,86,0.98,33,0.02969697,52
2742.614082,56,83,0.79,27,0.029259259,52
2742.235456,67,80,0.26,13,0.02,52
2742.235456,66,81,0.3,15,0.02,52
2742.126116,46,68,0.54,22,0.024545455,52
2741.029324,50,63,0.32,13,0.024615385,52
2740.864555,56,77,0.58,21,0.027619048,52
2740.635011,44,67,0.58,23,0.025217391,52
2739.710341,58,73,0.43,15,0.028666667,52
2739.508798,40,62,0.17,22,0.007727273,52
2738.975185,51,83,0.88,32,0.0275,52
2737.80442,56,76,0.67,20,0.0335,52
2737.421177,50,84,0.94,34,0.027647059,52
2736.655458,40,50,0.38,10,0.038,52
2736.578729,62,94,0.61,32,0.0190625,52
2736.041528,41,73,0.88,32,0.0275,52
2735.928077,51,84,0.9,33,0.027272727,52
2735.928077,50,85,0.96,35,0.027428571,52
2734.642477,42,61,0.13,19,0.006842105,52
2733.916469,51,59,0.19,8,0.02375,52
2733.55513,53,78,0.69,25,0.0276,52
2733.524794,49,85,0.99,36,0.0275,52
2733.164875,57,75,0.6,18,0.033333333,52
2733.012795,54,91,0.93,37,0.025135135,52
2732.652278,51,70,0.71,19,0.037368421,52
2732.519423,40,62,0.16,22,0.007272727,52
2731.720845,4,15,0.64,11,0.058181818,52
2731.350664,54,84,0.9,30,0.03,52
2731.252873,65,90,0.48,25,0.0192,52
2731.17248,52,79,0.75,27,0.027777778,52
2731.091904,58,79,0.51,21,0.024285714,52
2731.07143,64,91,0.52,27,0.019259259,52
2730.596298,62,93,0.6,31,0.019354839,52
2729.973179,55,78,0.76,23,0.033043478,52
2729.940873,59,63,0.15,4,0.0375,52
2729.940873,57,65,0.3,8,0.0375,52
2728.407092,54,86,0.93,32,0.0290625,52
2728.405123,46,64,0.46,18,0.025555556,52
2727.216516,47,58,0.31,11,0.028181818,52
2726.753432,70,83,0.25,13,0.019230769,52
2725.140486,38,52,0.54,14,0.038571429,52
2725.086776,37,53,0.62,16,0.03875,52
2724.427622,43,61,0.52,18,0.028888889,52
2724.043677,54,86,0.92,32,0.02875,52
2724.043677,53,87,0.98,34,0.028823529,52
2723.985649,44,61,0.48,17,0.028235294,52
2723.856315,71,85,0.26,14,0.018571429,52
2723.744167,54,77,0.63,23,0.027391304,52
2723.628926,67,86,0.37,19,0.019473684,52
2723.434286,62,84,0.45,22,0.020454545,52
2722.745863,35,63,0.98,28,0.035,52
2722.368897,60,84,0.48,24,0.02,52
2722.021052,59,82,0.53,23,0.023043478,52
2721.152148,64,90,0.51,26,0.019615385,52
2720.998299,71,84,0.25,13,0.019230769,52
2720.17716,59,85,0.52,26,0.02,52
2719.595331,53,85,0.96,32,0.03,52
2719.371283,68,82,0.27,14,0.019285714,52
2719.2891,4,14,0.59,10,0.059,52
2718.439929,72,83,0.21,11,0.019090909,52
2717.836119,64,81,0.35,17,0.020588235,52
2717.41361,36,67,0.23,31,0.007419355,52
2717.243192,50,87,0.99,37,0.026756757,52
2715.613169,60,67,0.2,7,0.028571429,52
2715.293843,65,76,0.24,11,0.021818182,52
2714.913191,52,63,0.24,11,0.021818182,52
2714.69726,70,79,0.23,9,0.025555556,52
2713.978715,55,79,0.66,24,0.0275,52
2713.671742,48,60,0.31,12,0.025833333,52
2713.398978,67,83,0.31,16,0.019375,52
2713.377671,42,61,0.61,19,0.032105263,52
2713.333835,50,54,0.11,4,0.0275,52
2712.807399,68,78,0.28,10,0.028,52
2712.713036,63,79,0.36,16,0.0225,52
2712.614605,41,62,0.68,21,0.032380952,52
2712.123746,54,76,0.61,22,0.027727273,52
2711.96722,39,64,0.18,25,0.0072,52
2711.784481,59,83,0.54,24,0.0225,52
2711.206988,66,76,0.22,10,0.022,52
2711.131444,31,77,0.35,46,0.007608696,52
2711.030058,54,80,0.71,26,0.027307692,52
2710.71329,68,80,0.23,12,0.019166667,52
2710.710631,45,65,0.51,20,0.0255,52
2710.544414,47,82,0.98,35,0.028,52
2710.063077,54,70,0.57,16,0.035625,52
2709.722178,68,85,0.33,17,0.019411765,52
2708.966461,52,81,0.81,29,0.027931034,52
2708.771162,43,63,0.56,20,0.028,52
2708.662226,61,97,0.72,36,0.02,52
2708.52034,51,90,0.9,39,0.023076923,52
2707.802711,71,75,0.11,4,0.0275,52
2707.691668,66,89,0.54,23,0.023478261,52
2707.523758,63,93,0.7,30,0.023333333,52
2707.394145,53,82,0.79,29,0.027241379,52
2707.352108,37,64,0.28,27,0.01037037,52
2707.262029,67,85,0.46,18,0.025555556,52
2707.184047,50,62,0.4,12,0.033333333,52
2706.731726,56,84,0.8,28,0.028571429,52
2706.334401,62,80,0.37,18,0.020555556,52
2705.86555,58,97,0.95,39,0.024358974,52
2705.686153,58,82,0.56,24,0.023333333,52
2705.513745,66,75,0.2,9,0.022222222,52
2705.490788,59,81,0.51,22,0.023181818,52
2705.384284,65,75,0.23,10,0.023,52
2705.138687,61,83,0.43,22,0.019545455,52
2704.939943,41,52,0.42,11,0.038181818,52
2704.12605,67,81,0.27,14,0.019285714,52
2704.12605,66,82,0.31,16,0.019375,52
2703.711156,43,59,0.52,16,0.0325,52
2703.709498,66,80,0.39,14,0.027857143,52
2703.479076,50,91,0.95,41,0.023170732,52
2703.110275,65,88,0.56,23,0.024347826,52
2703.110275,64,89,0.61,25,0.0244,52
2702.986837,66,87,0.41,21,0.01952381,52
2702.83662,37,56,0.6,19,0.031578947,52
2702.755134,41,70,0.9,29,0.031034483,52
2702.745987,55,84,0.85,29,0.029310345,52
2702.745987,54,85,0.91,31,0.029354839,52
2701.867162,60,80,0.46,20,0.023,52
2701.737564,37,53,0.6,16,0.0375,52
2701.494979,63,75,0.36,12,0.03,52
2701.494979,62,76,0.42,14,0.03,52
2701.494979,61,77,0.48,16,0.03,52
2701.246871,63,92,0.56,29,0.019310345,52
2701.193295,33,70,0.37,37,0.01,52
2701.064326,35,58,0.74,23,0.032173913,52
2701.039709,53,87,0.99,34,0.029117647,52
2700.646487,51,83,0.89,32,0.0278125,52
2700.646487,50,84,0.95,34,0.027941176,52
2700.636976,64,75,0.29,11,0.026363636,52
2700.43993,49,64,0.37,15,0.024666667,52
2700.422599,62,95,0.67,33,0.02030303,52
2700.282536,57,77,0.54,20,0.027,52
2699.668071,59,73,0.39,14,0.027857143,52
2699.434148,69,83,0.34,14,0.024285714,52
2699.434148,69,84,0.36,15,0.024,52
2699.434148,68,84,0.39,16,0.024375,52
2699.434148,68,85,0.41,17,0.024117647,52
2699.434148,67,86,0.46,19,0.024210526,52
2699.315064,60,84,0.47,24,0.019583333,52
2699.065364,57,86,0.59,29,0.020344828,52
2698.967629,66,91,0.5,25,0.02,52
2698.967629,65,92,0.54,27,0.02,52
2698.664871,60,97,0.87,37,0.023513514,52
2698.425856,32,71,0.4,39,0.01025641,52
2698.071262,47,85,0.85,38,0.022368421,52
2697.972823,57,81,0.72,24,0.03,52
2697.857784,51,89,0.89,38,0.023421053,52
2697.857784,50,90,0.94,40,0.0235,52
2697.71012,66,83,0.32,17,0.018823529,52
2697.643512,49,59,0.26,10,0.026,52
2697.578826,53,81,0.77,28,0.0275,52
2697.502218,49,84,0.99,35,0.028285714,52
2697.348176,53,87,0.79,34,0.023235294,52
2697.109374,71,72,0.02,1,0.02,52
2697.109374,70,73,0.06,3,0.02,52
2696.939692,53,77,0.67,24,0.027916667,52
2696.590828,45,61,0.43,16,0.026875,52
2696.333406,63,86,0.44,23,0.019130435,52
2696.166616,5,13,0.44,8,0.055,52
2696.147997,69,84,0.29,15,0.019333333,52
2696.138013,33,59,0.89,26,0.034230769,52
2696.094962,50,78,0.78,28,0.027857143,52
2695.615022,57,84,0.62,27,0.022962963,52
2695.444906,28,84,0.39,56,0.006964286,52
2694.956323,59,78,0.46,19,0.024210526,52
2694.902037,67,73,0.13,6,0.021666667,52
2694.836144,39,65,0.83,26,0.031923077,52
2694.741575,65,90,0.59,25,0.0236,52
2694.605911,52,71,0.7,19,0.036842105,52
2694.605911,49,75,0.95,26,0.036538462,52
2694.59414,51,61,0.33,10,0.033,52
2694.407226,67,74,0.15,7,0.021428571,52
2694.344637,62,91,0.71,29,0.024482759,52
2694.255048,4,14,0.6,10,0.06,52
2694.054728,49,79,0.85,30,0.028333333,52
2693.325153,63,82,0.39,19,0.020526316,52
2693.083564,53,57,0.1,4,0.025,52
2692.753551,38,53,0.56,15,0.037333333,52
2692.612331,66,86,0.49,20,0.0245,52
2691.882631,33,71,0.3,38,0.007894737,52
2691.693584,68,71,0.07,3,0.023333333,52
2691.693584,65,74,0.21,9,0.023333333,52
2691.688833,40,71,0.98,31,0.031612903,52
2691.443985,60,94,0.83,34,0.024411765,52
2691.389462,29,78,0.44,49,0.008979592,52
2691.29746,44,68,0.6,24,0.025,52
2691.193193,41,69,0.89,28,0.031785714,52
2691.089002,44,60,0.46,16,0.02875,52
2690.907295,48,81,0.77,33,0.023333333,52
2690.583493,55,70,0.53,15,0.035333333,52
2690.565095,58,86,0.56,28,0.02,52
2690.551912,51,82,0.87,31,0.028064516,52
2690.551912,50,83,0.93,33,0.028181818,52
2690.171189,45,66,0.53,21,0.025238095,52
2690.058997,61,85,0.49,24,0.020416667,52
2689.922723,67,85,0.44,18,0.024444444,52
2689.922723,66,87,0.51,21,0.024285714,52
2689.799506,60,69,0.25,9,0.027777778,52
2689.42194,63,70,0.19,7,0.027142857,52
2689.207177,35,69,0.24,34,0.007058824,52
2689.101116,41,61,0.14,20,0.007,52
2688.821672,30,81,0.21,51,0.004117647,52
2688.673711,64,91,0.64,27,0.023703704,52
2688.642865,53,86,0.97,33,0.029393939,52
2688.47797,36,74,0.09,38,0.002368421,52
2688.24496,50,92,0.97,42,0.023095238,52
2687.792864,61,82,0.43,21,0.02047619,52
2687.402995,56,70,0.49,14,0.035,52
2687.243224,53,88,0.98,35,0.028,52
2686.980208,39,55,0.61,16,0.038125,52
2686.934662,57,80,0.56,23,0.024347826,52
2686.903186,40,64,0.16,24,0.006666667,52
2686.427588,70,86,0.3,16,0.01875,52
2686.235782,39,56,0.61,17,0.035882353,52
2686.132996,65,92,0.55,27,0.02037037,52
2686.015196,44,68,0.61,24,0.025416667,52
2685.9096,58,76,0.49,18,0.027222222,52
2685.9096,56,78,0.6,22,0.027272727,52
2685.655348,63,80,0.34,17,0.02,52
2685.627767,65,78,0.26,13,0.02,52
2685.627767,64,79,0.3,15,0.02,52
2685.599063,37,59,0.78,22,0.035454545,52
2685.5595,60,82,0.46,22,0.020909091,52
2685.442586,63,77,0.32,14,0.022857143,52
2685.366477,49,80,0.72,31,0.023225806,52
2685.240044,33,58,0.94,25,0.0376,52
2685.121037,68,75,0.2,7,0.028571429,52
2685.121037,66,78,0.34,12,0.028333333,52
2684.599146,36,56,0.65,20,0.0325,52
2684.514873,50,91,0.94,41,0.022926829,52
2684.284022,50,81,0.91,31,0.029354839,52
2684.235177,60,83,0.47,23,0.020434783,52
2684.144416,42,48,0.23,6,0.038333333,52
2683.897058,58,85,0.6,27,0.022222222,52
2683.330291,55,80,0.67,25,0.0268,52
2683.067167,39,54,0.47,15,0.031333333,52
2682.870932,43,62,0.54,19,0.028421053,52
2682.800616,58,83,0.57,25,0.0228,52
2682.704276,56,89,0.66,33,0.02,52
2682.613193,66,75,0.19,9,0.021111111,52
2682.365078,39,51,0.46,12,0.038333333,52
2682.35632,59,94,0.88,35,0.025142857,52
2682.289207,68,83,0.39,15,0.026,52
2681.892319,69,79,0.19,10,0.019,52
2681.837554,36,56,0.74,20,0.037,52
2681.759742,41,49,0.29,8,0.03625,52
2681.748428,63,81,0.51,18,0.028333333,52
2681.615011,64,85,0.4,21,0.019047619,52
2681.393373,39,53,0.46,14,0.032857143,52
2681.267832,37,67,0.22,30,0.007333333,52
2681.072689,35,67,0.31,32,0.0096875,52
2681.064741,60,95,0.84,35,0.024,52
2680.972974,59,88,0.82,29,0.028275862,52
2680.81679,51,91,0.9,40,0.0225,52
2680.80408,38,66,0.2,28,0.007142857,52
2680.489005,45,59,0.39,14,0.027857143,52
2680.274145,30,76,0.42,46,0.009130435,52
2679.927271,56,76,0.56,20,0.028,52
2679.813968,61,81,0.45,20,0.0225,52
2679.733856,40,53,0.5,13,0.038461538,52
2679.626211,61,72,0.31,11,0.028181818,52
2679.373392,68,86,0.34,18,0.018888889,52
2679.205524,66,77,0.23,11,0.020909091,52
2679.158993,38,63,0.25,25,0.01,52
2679.01863,63,96,0.62,33,0.018787879,52
2678.886211,57,83,0.58,26,0.022307692,52
2678.677107,50,90,0.93,40,0.02325,52
2678.539783,52,92,0.83,40,0.02075,52
2678.521225,35,57,0.82,22,0.037272727,52
2678.405585,62,69,0.2,7,0.028571429,52
2678.405585,57,75,0.51,18,0.028333333,52
2678.405585,55,77,0.62,22,0.028181818,52
2678.315185,69,85,0.38,16,0.02375,52
2678.1101,58,85,0.55,27,0.02037037,52
2677.697182,39,52,0.44,13,0.033846154,52
2677.651536,64,94,0.56,30,0.018666667,52
2677.586096,37,56,0.61,19,0.032105263,52
2677.426615,61,81,0.41,20,0.0205,52
2677.390768,69,85,0.31,16,0.019375,52
2677.390768,68,86,0.35,18,0.019444444,52
2677.26588,59,98,0.92,39,0.023589744,52
2676.898212,52,88,0.84,36,0.023333333,52
2676.871674,34,59,0.92,25,0.0368,52
2676.622589,62,97,0.69,35,0.019714286,52
2676.616501,61,80,0.43,19,0.022631579,52
2676.401517,36,55,0.7,19,0.036842105,52
2676.385494,56,87,0.64,31,0.020645161,52
2676.229059,62,85,0.64,23,0.027826087,52
2676.229059,59,89,0.83,30,0.027666667,52
2675.883505,63,88,0.63,25,0.0252,52
2675.807576,65,93,0.53,28,0.018928571,52
2675.699837,63,79,0.33,16,0.020625,52
2675.451748,54,56,0.05,2,0.025,52
2675.330155,54,87,0.93,33,0.028181818,52
2675.281183,66,81,0.41,15,0.027333333,52
2675.281183,64,83,0.52,19,0.027368421,52
2675.281183,59,89,0.82,30,0.027333333,52
2674.95463,67,90,0.43,23,0.018695652,52
2674.735574,57,91,0.94,34,0.027647059,52
2674.694115,70,84,0.27,14,0.019285714,52
2674.632172,61,71,0.28,10,0.028,52
2674.632172,58,74,0.45,16,0.028125,52
2674.632172,55,78,0.64,23,0.027826087,52
2674.458678,60,74,0.38,14,0.027142857,52
2674.458678,58,77,0.51,19,0.026842105,52
2674.458678,56,79,0.62,23,0.026956522,52
2674.373307,55,84,0.86,29,0.029655172,52
2674.341622,60,97,0.86,37,0.023243243,52
2674.119295,54,85,0.73,31,0.023548387,52
2673.976806,36,54,0.68,18,0.037777778,52
2673.271899,53,88,0.99,35,0.028285714,52
2673.16969,57,87,0.6,30,0.02,52
2673.159482,65,79,0.29,14,0.020714286,52
2673.157823,27,85,0.39,58,0.006724138,52
2672.953483,34,57,0.86,23,0.037391304,52
2672.90355,40,64,0.77,24,0.032083333,52
2672.791372,67,84,0.44,17,0.025882353,52
2672.495412,65,81,0.45,16,0.028125,52
2672.43632,68,88,0.38,20,0.019,52
2672.43632,66,91,0.47,25,0.0188,52
2672.43632,65,92,0.51,27,0.018888889,52
2672.404154,35,56,0.78,21,0.037142857,52
2672.402774,35,58,0.76,23,0.033043478,52
2672.070788,69,87,0.34,18,0.018888889,52
2671.953436,53,71,0.64,18,0.035555556,52
2671.908566,48,65,0.42,17,0.024705882,52
2671.844516,61,96,0.71,35,0.020285714,52
2671.720796,55,86,0.86,31,0.027741935,52
2671.648656,64,93,0.58,29,0.02,52
2671.567265,38,50,0.43,12,0.035833333,52
2670.993586,65,73,0.19,8,0.02375,52
2670.784786,28,84,0.4,56,0.007142857,52
2670.753589,50,92,0.96,42,0.022857143,52
2670.732157,36,57,0.67,21,0.031904762,52
2670.726982,56,89,0.65,33,0.01969697,52
2670.551314,61,67,0.14,6,0.023333333,52
2670.530188,57,66,0.28,9,0.031111111,52
2670.42333,58,83,0.58,25,0.0232,52
2670.243497,39,63,0.18,24,0.0075,52
2670.147929,51,58,0.18,7,0.025714286,52
2669.985176,58,84,0.54,26,0.020769231,52
2669.794648,39,66,0.86,27,0.031851852,52
2669.794648,38,67,0.93,29,0.032068966,52
2669.588601,65,93,0.52,28,0.018571429,52
2669.223445,68,89,0.39,21,0.018571429,52
2668.92209,64,78,0.29,14,0.020714286,52
2668.895729,51,90,0.89,39,0.022820513,52
2668.7841,68,75,0.14,7,0.02,52
2668.7841,67,76,0.18,9,0.02,52
2668.7841,66,77,0.22,11,0.02,52
2668.602807,48,56,0.23,8,0.02875,52
2668.52653,37,71,0.12,34,0.003529412,52
2668.437581,45,63,0.47,18,0.026111111,52
2668.417344,39,63,0.19,24,0.007916667,52
2668.26259,35,58,0.84,23,0.036521739,52
2668.215849,54,81,0.73,27,0.027037037,52
2667.982518,35,58,0.85,23,0.036956522,52
2667.872105,60,78,0.54,18,0.03,52
2667.455689,53,72,0.67,19,0.035263158,52
2667.290678,62,96,0.68,34,0.02,52
2666.899523,66,92,0.48,26,0.018461538,52
2666.845959,46,65,0.48,19,0.025263158,52
2666.47276,63,95,0.64,32,0.02,52
2666.42094,49,83,0.99,34,0.029117647,52
2665.988527,50,83,0.94,33,0.028484848,52
2665.981419,61,72,0.3,11,0.027272727,52
2665.962868,35,63,0.99,28,0.035357143,52
2665.87361,35,68,0.33,33,0.01,52
2665.835728,62,72,0.27,10,0.027,52
2665.762865,56,86,0.69,30,0.023,52
2665.760815,58,90,0.88,32,0.0275,52
2665.609061,61,90,0.76,29,0.026206897,52
2665.187543,61,77,0.38,16,0.02375,52
2665.006176,61,80,0.44,19,0.023157895,52
2664.843036,48,56,0.22,8,0.0275,52
2664.657666,40,49,0.34,9,0.037777778,52
2664.312117,60,98,0.76,38,0.02,52
2664.224928,62,97,0.66,35,0.018857143,52
2664.158657,42,49,0.26,7,0.037142857,52
2664.117653,33,61,0.94,28,0.033571429,52
2663.750362,65,79,0.4,14,0.028571429,52
2663.704101,69,76,0.2,7,0.028571429,52
2663.638597,57,72,0.42,15,0.028,52
2663.277852,57,65,0.29,8,0.03625,52
2663.277852,54,68,0.51,14,0.036428571,52
2663.277852,51,72,0.76,21,0.036190476,52
2663.151364,52,88,0.83,36,0.023055556,52
2663.151364,51,89,0.88,38,0.023157895,52
2662.937631,55,88,0.87,33,0.026363636,52
2662.937631,53,91,0.99,38,0.026052632,52
2662.797364,61,96,0.81,35,0.023142857,52
2662.769833,59,64,0.18,5,0.036,52
2662.517632,40,52,0.44,12,0.036666667,52
2662.270395,63,89,0.67,26,0.025769231,52
2662.223114,57,85,0.64,28,0.022857143,52
2662.168454,59,79,0.6,20,0.03,52
2661.876759,51,90,0.91,39,0.023333333,52
2661.852852,53,70,0.61,17,0.035882353,52
2661.800357,27,86,0.39,59,0.006610169,52
2661.579412,67,76,0.26,9,0.028888889,52
2661.576042,52,89,0.84,37,0.022702703,52
2661.557096,37,71,0.11,34,0.003235294,52
2661.523473,58,86,0.57,28,0.020357143,52
2661.520023,33,60,0.99,27,0.036666667,52
2661.320564,63,90,0.66,27,0.024444444,52
2661.232143,65,84,0.36,19,0.018947368,52
2660.850058,60,93,0.83,33,0.025151515,52
2660.727229,49,56,0.19,7,0.027142857,52
2660.452866,32,71,0.42,39,0.010769231,52
2660.242178,52,78,0.81,26,0.031153846,52
2660.206928,56,88,0.64,32,0.02,52
2660.121713,58,70,0.34,12,0.028333333,52
2659.852984,61,99,0.71,38,0.018684211,52
2659.284144,42,49,0.23,7,0.032857143,52
2658.876033,60,82,0.49,22,0.022272727,52
2658.8272,70,85,0.31,15,0.020666667,52
2658.730679,59,84,0.55,25,0.022,52
2658.646634,49,60,0.28,11,0.025454545,52
2658.545258,62,79,0.36,17,0.021176471,52
2658.454192,61,93,0.78,32,0.024375,52
2658.41003,65,82,0.47,17,0.027647059,52
2658.259101,45,60,0.41,15,0.027333333,52
2657.974581,62,74,0.32,12,0.026666667,52
2657.926612,69,87,0.36,18,0.02,52
2657.926612,68,88,0.4,20,0.02,52
2657.834516,71,80,0.23,9,0.025555556,52
2657.834516,66,86,0.51,20,0.0255,52
2657.313384,39,52,0.43,13,0.033076923,52
2657.261917,54,89,0.93,35,0.026571429,52
2657.17819,61,95,0.8,34,0.023529412,52
2657.17819,60,96,0.85,36,0.023611111,52
2657.121584,48,83,0.79,35,0.022571429,52
2656.892067,49,58,0.24,9,0.026666667,52
2656.769709,37,54,0.56,17,0.032941176,52
2656.658422,60,82,0.5,22,0.022727273,52
2656.445745,36,56,0.75,20,0.0375,52
2656.435482,61,99,0.72,38,0.018947368,52
2656.268926,45,69,0.59,24,0.024583333,52
2656.032068,74,79,0.12,5,0.024,52
2655.965303,69,82,0.33,13,0.025384615,52
2655.723478,32,71,0.39,39,0.01,52
2655.555408,37,58,0.76,21,0.036190476,52
2655.526168,65,77,0.25,12,0.020833333,52
2655.407448,53,76,0.72,23,0.031304348,52
2655.388361,71,78,0.18,7,0.025714286,52
2655.254036,60,88,0.76,28,0.027142857,52
2654.703159,43,60,0.55,17,0.032352941,52
2654.631705,60,87,0.76,27,0.028148148,52
2654.481325,64,94,0.58,30,0.019333333,52
2654.481325,63,95,0.62,32,0.019375,52
2654.481325,62,96,0.66,34,0.019411765,52
2654.481325,62,97,0.67,35,0.019142857,52
2654.481325,61,98,0.71,37,0.019189189,52
2654.328734,38,69,0.98,31,0.031612903,52
2654.20597,58,70,0.28,12,0.023333333,52
2654.189258,34,75,0.29,41,0.007073171,52
2654.187347,62,80,0.41,18,0.022777778,52
2654.170593,61,97,0.71,36,0.019722222,52
2654.170593,61,98,0.72,37,0.019459459,52
2654.170593,60,99,0.76,39,0.019487179,52
2654.076633,59,84,0.51,25,0.0204,52
2653.909995,65,71,0.16,6,0.026666667,52
2653.768412,42,69,0.83,27,0.030740741,52
2653.310991,75,77,0.05,2,0.025,52
2653.310991,74,78,0.1,4,0.025,52
2653.310991,73,79,0.15,6,0.025,52
2653.310991,72,80,0.2,8,0.025,52
2653.310991,71,81,0.25,10,0.025,52
2653.169644,58,83,0.55,25,0.022,52
2653.142745,61,74,0.35,13,0.026923077,52
2653.142745,59,76,0.46,17,0.027058824,52
2653.142745,57,79,0.59,22,0.026818182,52
2653.084811,46,62,0.42,16,0.02625,52
2653.042575,41,49,0.31,8,0.03875,52
2653.032869,58,95,0.95,37,0.025675676,52
2652.744128,51,79,0.87,28,0.031071429,52
2652.612907,66,85,0.49,19,0.025789474,52
2652.558918,46,56,0.07,10,0.007,52
2652.499656,58,84,0.59,26,0.022692308,52
2652.050655,55,90,0.7,35,0.02,52
2651.791302,57,66,0.32,9,0.035555556,52
2651.737125,53,69,0.58,16,0.03625,52
2651.706696,47,84,0.84,37,0.022702703,52
2651.613206,57,78,0.57,21,0.027142857,52
2651.613206,55,80,0.68,25,0.0272,52
2651.416348,68,88,0.41,20,0.0205,52
2651.379658,49,58,0.25,9,0.027777778,52
2651.333905,61,75,0.38,14,0.027142857,52
2651.317803,45,64,0.49,19,0.025789474,52
2651.296017,61,86,0.7,25,0.028,52
2651.296017,57,91,0.95,34,0.027941176,52
2651.269064,70,81,0.28,11,0.025454545,52
2651.240423,7,9,0.12,2,0.06,52
2650.867286,61,79,0.42,18,0.023333333,52
2650.865147,58,89,0.88,31,0.028387097,52
2650.839078,32,72,0.38,40,0.0095,52
2650.754498,51,63,0.29,12,0.024166667,52
2650.62827,38,67,0.19,29,0.006551724,52
2650.485831,57,77,0.55,20,0.0275,52
2650.196722,56,76,0.57,20,0.0285,52
2650.044479,40,52,0.39,12,0.0325,52
2650.029543,59,80,0.61,21,0.029047619,52
2649.961823,72,79,0.18,7,0.025714286,52
2649.909339,31,98,0.25,67,0.003731343,52
2649.900484,67,81,0.26,14,0.018571429,52
2649.865052,52,73,0.74,21,0.035238095,52
2649.842306,31,74,0.4,43,0.009302326,52
2649.661834,41,50,0.32,9,0.035555556,52
2649.628891,64,80,0.45,16,0.028125,52
2649.473927,62,90,0.71,28,0.025357143,52
2649.085126,49,81,0.73,32,0.0228125,52
2649.085126,48,82,0.78,34,0.022941176,52
2648.819888,34,70,0.28,36,0.007777778,52
2648.782076,52,79,0.83,27,0.030740741,52
2648.705472,33,99,0.2,66,0.003030303,52
2648.695452,70,82,0.3,12,0.025,52
2648.695452,69,83,0.35,14,0.025,52
2648.695452,68,84,0.4,16,0.025,52
2648.690044,54,89,0.74,35,0.021142857,52
2648.503343,57,64,0.26,7,0.037142857,52
2648.466661,47,64,0.43,17,0.025294118,52
2648.390241,60,81,0.46,21,0.021904762,52
2648.38974,63,95,0.6,32,0.01875,52
2648.384278,65,76,0.23,11,0.020909091,52
2648.310133,51,80,0.9,29,0.031034483,52
2648.13172,67,87,0.39,20,0.0195,52
2648.13172,66,88,0.43,22,0.019545455,52
2648.13172,65,89,0.47,24,0.019583333,52
2648.014416,60,99,0.77,39,0.01974359,52
2647.582647,57,74,0.49,17,0.028823529,52
2647.488089,59,83,0.5,24,0.020833333,52
2647.370344,69,75,0.17,6,0.028333333,52
2647.326183,57,86,0.66,29,0.022758621,52
2647.323033,62,94,0.75,32,0.0234375,52
2647.302547,39,87,0.07,48,0.001458333,52
2647.057331,62,87,0.48,25,0.0192,52
2647.045215,34,58,0.9,24,0.0375,52
2646.876307,66,87,0.53,21,0.025238095,52
2646.867604,60,83,0.5,23,0.02173913,52
2646.862119,62,97,0.68,35,0.019428571,52
2646.817523,52,85,0.87,33,0.026363636,52
2646.475309,55,75,0.62,20,0.031,52
2646.236763,50,64,0.34,14,0.024285714,52
2646.217974,51,93,0.93,42,0.022142857,52
2646.210784,62,81,0.39,19,0.020526316,52
2646.027601,49,82,0.75,33,0.022727273,52
2645.890892,38,56,0.69,18,0.038333333,52
2645.647605,51,86,0.93,35,0.026571429,52
2645.567022,56,75,0.55,19,0.028947368,52
2645.564419,40,72,0.98,32,0.030625,52
2645.329667,33,77,0.3,44,0.006818182,52
2644.829428,63,89,0.65,26,0.025,52
2644.791935,36,61,0.89,25,0.0356,52
2644.678958,36,72,0.16,36,0.004444444,52
2643.780623,58,84,0.55,26,0.021153846,52
2643.668111,61,98,0.73,37,0.01972973,52
2643.615397,58,75,0.47,17,0.027647059,52
2643.539224,56,81,0.66,25,0.0264,52
2643.539224,52,86,0.89,34,0.026176471,52
2643.498929,36,73,0.13,37,0.003513514,52
2643.49735,44,70,0.64,26,0.024615385,52
2643.399049,43,66,0.74,23,0.032173913,52
2643.229465,62,96,0.64,34,0.018823529,52
2642.976099,44,71,0.66,27,0.024444444,52
2642.90482,52,77,0.78,25,0.0312,52
2642.819149,55,76,0.61,21,0.029047619,52
2642.798233,57,95,0.78,38,0.020526316,52
2642.793792,61,92,0.77,31,0.02483871,52
2642.793792,60,93,0.82,33,0.024848485,52
2642.793792,58,96,0.94,38,0.024736842,52
2642.707039,50,73,0.84,23,0.036521739,52
2642.599878,50,59,0.23,9,0.025555556,52
2642.597048,60,88,0.77,28,0.0275,52
2642.575013,35,67,0.32,32,0.01,52
2642.541175,59,99,0.92,40,0.023,52
2642.237248,60,99,0.75,39,0.019230769,52
2641.91694,61,91,0.75,30,0.025,52
2641.817918,40,51,0.41,11,0.037272727,52
2641.798025,34,59,0.82,25,0.0328,52
2641.633981,64,74,0.3,10,0.03,52
2641.569694,24,88,0.64,64,0.01,52
2641.510651,50,94,0.98,44,0.022272727,52
2641.506908,71,84,0.27,13,0.020769231,52
2641.026954,59,85,0.53,26,0.020384615,52
2640.941911,56,87,0.65,31,0.020967742,52
2640.932432,55,67,0.44,12,0.036666667,52
2640.883309,48,79,0.97,31,0.031290323,52
2640.787299,36,66,0.3,30,0.01,52
2640.740254,55,88,0.68,33,0.020606061,52
2640.701545,63,78,0.32,15,0.021333333,52
2640.65979,46,69,0.56,23,0.024347826,52
2640.351883,66,86,0.42,20,0.021,52
2640.225933,37,52,0.53,15,0.035333333,52
2640.122596,38,67,0.92,29,0.031724138,52
2640.029312,64,88,0.6,24,0.025,52
2640.013428,33,70,0.35,37,0.009459459,52
2639.883463,59,94,0.87,35,0.024857143,52
2639.879772,50,81,0.96,31,0.030967742,52
2639.829957,40,49,0.35,9,0.038888889,52
2639.749566,56,66,0.36,10,0.036,52
2639.682719,42,69,0.84,27,0.031111111,52
2639.430206,42,51,0.33,9,0.036666667,52
2639.240716,54,86,0.73,32,0.0228125,52
2639.2299,63,94,0.62,31,0.02,52
2639.180512,65,69,0.11,4,0.0275,52
2639.180512,63,71,0.22,8,0.0275,52
2639.180512,61,73,0.33,12,0.0275,52
2639.180512,59,75,0.44,16,0.0275,52
2639.112649,60,79,0.55,19,0.028947368,52
2639.023814,59,97,0.91,38,0.023947368,52
2638.95693,54,76,0.68,22,0.030909091,52
2638.906367,69,85,0.34,16,0.02125,52
2638.906367,64,91,0.57,27,0.021111111,52
2638.87093,57,82,0.74,25,0.0296,52
2638.87093,56,83,0.8,27,0.02962963,52
2638.813666,50,56,0.16,6,0.026666667,52
2638.79522,64,77,0.3,13,0.023076923,52
2638.713572,63,73,0.27,10,0.027,52
2638.604513,59,83,0.55,24,0.022916667,52
2638.527767,60,76,0.43,16,0.026875,52
2638.527767,55,82,0.72,27,0.026666667,52
2638.50198,59,77,0.49,18,0.027222222,52
2638.397799,54,82,0.75,28,0.026785714,52
2638.397799,52,84,0.86,32,0.026875,52
2638.273857,59,98,0.76,39,0.019487179,52
2638.088362,59,83,0.51,24,0.02125,52
2637.947458,63,92,0.69,29,0.023793103,52
2637.947458,62,93,0.74,31,0.023870968,52
2637.947458,61,94,0.79,33,0.023939394,52
2637.881129,37,59,0.79,22,0.035909091,52
2637.736918,4,16,0.61,12,0.050833333,52
2637.663864,63,84,0.58,21,0.027619048,52
2637.459278,36,54,0.7,18,0.038888889,52
2637.413696,34,95,0.21,61,0.003442623,52
2637.390348,65,87,0.55,22,0.025,52
2637.380862,63,84,0.59,21,0.028095238,52
2637.374791,66,72,0.16,6,0.026666667,52
2637.368582,60,73,0.36,13,0.027692308,52
2637.093921,40,51,0.37,11,0.033636364,52
2637.029399,35,69,0.26,34,0.007647059,52
2637.009841,36,90,0.45,54,0.008333333,52
2636.763851,53,77,0.73,24,0.030416667,52
2636.614122,62,78,0.35,16,0.021875,52
2636.549272,70,80,0.19,10,0.019,52
2636.218746,31,99,0.24,68,0.003529412,52
2636.158998,61,91,0.78,30,0.026,52
2636.158998,58,95,0.96,37,0.025945946,52
2636.101334,53,92,0.99,39,0.025384615,52
2636.058731,55,87,0.74,32,0.023125,52
2636.008089,64,69,0.14,5,0.028,52
2635.960235,43,68,0.64,25,0.0256,52
2635.916925,58,98,0.96,40,0.024,52
2635.916925,58,99,0.97,41,0.023658537,52
2635.712838,37,68,0.21,31,0.006774194,52
2635.591419,67,75,0.17,8,0.02125,52
2635.49825,65,92,0.53,27,0.01962963,52
2635.336503,5,12,0.4,7,0.057142857,52
2635.327576,66,91,0.49,25,0.0196,52
2635.067109,64,78,0.31,14,0.022142857,52
2635.067109,62,80,0.4,18,0.022222222,52
2634.904929,64,82,0.51,18,0.028333333,52
2634.73947,58,72,0.42,14,0.03,52
2634.73947,57,73,0.48,16,0.03,52
2634.490142,42,62,0.64,20,0.032,52
2634.468497,33,98,0.19,65,0.002923077,52
2634.462498,45,57,0.39,12,0.0325,52
2634.212426,65,76,0.25,11,0.022727273,52
2634.159483,60,69,0.28,9,0.031111111,52
2634.159483,59,70,0.34,11,0.030909091,52
2634.159483,56,73,0.53,17,0.031176471,52
2634.159483,55,74,0.59,19,0.031052632,52
2634.143853,61,93,0.81,32,0.0253125,52
2634.070607,64,77,0.28,13,0.021538462,52
2634.061728,59,94,0.89,35,0.025428571,52
2634.057384,39,52,0.45,13,0.034615385,52
2634.032411,60,80,0.44,20,0.022,52
2633.989381,62,68,0.18,6,0.03,52
2633.987098,67,77,0.28,10,0.028,52
2633.901803,63,93,0.61,30,0.020333333,52
2633.806082,66,89,0.47,23,0.020434783,52
2633.730001,55,81,0.7,26,0.026923077,52
2633.697415,44,59,0.1,15,0.006666667,52
2633.621419,48,77,0.86,29,0.029655172,52
2633.555931,55,87,0.68,32,0.02125,52
2633.544898,58,90,0.9,32,0.028125,52
2633.523761,60,93,0.85,33,0.025757576,52
2633.347579,53,66,0.42,13,0.032307692,52
2633.232588,57,85,0.59,28,0.021071429,52
2633.176143,49,63,0.47,14,0.033571429,52
2633.145897,63,96,0.61,33,0.018484848,52
2633.093816,49,75,0.94,26,0.036153846,52
2632.990708,39,54,0.58,15,0.038666667,52
2632.926437,52,62,0.24,10,0.024,52
2632.92459,71,79,0.21,8,0.02625,52
2632.92459,64,87,0.6,23,0.026086957,52
2632.721408,38,57,0.68,19,0.035789474,52
2632.593923,50,79,0.67,29,0.023103448,52
2632.570788,52,79,0.82,27,0.03037037,52
2632.570788,51,80,0.88,29,0.030344828,52
2632.520533,53,56,0.08,3,0.026666667,52
2632.455293,58,99,0.84,41,0.020487805,52
2632.211314,36,69,0.22,33,0.006666667,52
2631.944492,37,56,0.69,19,0.036315789,52
2631.903711,32,98,0.22,66,0.003333333,52
2631.875086,35,57,0.81,22,0.036818182,52
2631.840286,53,78,0.75,25,0.03,52
2631.613844,58,79,0.56,21,0.026666667,52
2631.596494,58,96,0.95,38,0.025,52
2631.53898,37,91,0.17,54,0.003148148,52
2631.365075,59,71,0.36,12,0.03,52
2631.069782,57,90,0.94,33,0.028484848,52
2631.026302,62,96,0.67,34,0.019705882,52
2630.938147,55,85,0.7,30,0.023333333,52
2630.822771,36,56,0.73,20,0.0365,52
2630.747987,56,84,0.65,28,0.023214286,52
2630.657185,63,90,0.67,27,0.024814815,52
2630.645873,36,89,0.5,53,0.009433962,52
2630.598474,59,95,0.89,36,0.024722222,52
2630.476049,68,83,0.38,15,0.025333333,52
2630.435679,28,83,0.39,55,0.007090909,52
2630.419097,46,61,0.4,15,0.026666667,52
2630.274586,46,63,0.45,17,0.026470588,52
2630.206155,59,78,0.51,19,0.026842105,52
2630.003092,65,87,0.56,22,0.025454545,52
2630.003092,64,88,0.61,24,0.025416667,52
2630.003092,64,89,0.63,25,0.0252,52
2629.777513,53,90,0.98,37,0.026486486,52
2629.745387,51,80,0.89,29,0.030689655,52
2629.71056,37,55,0.66,18,0.036666667,52
2629.65707,42,52,0.36,10,0.036,52
2629.655035,33,99,0.18,66,0.002727273,52
2629.620537,38,54,0.59,16,0.036875,52
2629.600337,46,57,0.32,11,0.029090909,52
2629.600337,45,58,0.38,13,0.029230769,52
2629.600337,44,59,0.44,15,0.029333333,52
2629.448895,63,77,0.31,14,0.022142857,52
2629.420143,64,78,0.3,14,0.021428571,52
2629.418863,35,74,0.25,39,0.006410256,52
2629.37251,67,88,0.41,21,0.01952381,52
2629.37251,66,89,0.45,23,0.019565217,52
2629.37251,65,90,0.49,25,0.0196,52
2629.342327,31,77,0.36,46,0.007826087,52
2629.226359,58,71,0.4,13,0.030769231,52
2629.226359,57,72,0.46,15,0.030666667,52
2629.153755,63,94,0.63,31,0.020322581,52
2629.029331,53,83,0.8,30,0.026666667,52
2629.004297,63,91,0.55,28,0.019642857,52
2628.908315,40,52,0.47,12,0.039166667,52
2628.819103,54,91,0.74,37,0.02,52
2628.652349,62,82,0.58,20,0.029,52
2628.643751,59,81,0.57,22,0.025909091,52
2628.620316,62,64,0.07,2,0.035,52
2628.620316,61,65,0.14,4,0.035,52
2628.620316,60,66,0.21,6,0.035,52
2628.620316,59,67,0.28,8,0.035,52
2628.620316,58,68,0.35,10,0.035,52
2628.620316,57,69,0.42,12,0.035,52
2628.606017,63,80,0.38,17,0.022352941,52
2628.600639,39,55,0.58,16,0.03625,52
2628.480057,51,78,0.84,27,0.031111111,52
2628.394136,61,69,0.24,8,0.03,52
2628.394136,60,70,0.3,10,0.03,52
2628.380647,33,73,0.28,40,0.007,52
2628.208618,62,81,0.4,19,0.021052632,52
2628.144269,50,83,0.92,33,0.027878788,52
2628.130817,65,90,0.51,25,0.0204,52
2628.130817,62,94,0.65,32,0.0203125,52
2628.130817,61,95,0.69,34,0.020294118,52
2628.094042,64,94,0.59,30,0.019666667,52
2628.094042,63,95,0.63,32,0.0196875,52
2628.054055,63,89,0.66,26,0.025384615,52
2628.051143,63,82,0.53,19,0.027894737,52
2628.012136,53,78,0.76,25,0.0304,52
2628.012136,50,81,0.95,31,0.030645161,52
2627.846286,67,85,0.45,18,0.025,52
2627.846286,66,86,0.5,20,0.025,52
2627.784526,54,76,0.67,22,0.030454545,52
2627.784526,50,81,0.94,31,0.030322581,52
2627.753846,63,83,0.57,20,0.0285,52
2627.739106,50,59,0.24,9,0.026666667,52
2627.654767,54,77,0.69,23,0.03,52
2627.650649,37,67,0.21,30,0.007,52
2627.465822,24,95,0.62,71,0.008732394,52
2627.35539,36,57,0.77,21,0.036666667,52
2627.340105,68,87,0.37,19,0.019473684,52
2627.246426,48,79,0.96,31,0.030967742,52
2627.103913,4,15,0.6,11,0.054545455,52
2627.000256,65,82,0.46,17,0.027058824,52
2627.000022,57,87,0.61,30,0.020333333,52
2626.986632,34,60,0.85,26,0.032692308,52
2626.899943,65,85,0.51,20,0.0255,52
2626.800908,64,81,0.47,17,0.027647059,52
2626.715401,55,69,0.43,14,0.030714286,52
2626.649726,49,65,0.39,16,0.024375,52
2626.605999,59,74,0.42,15,0.028,52
2626.592569,40,75,0.96,35,0.027428571,52
2626.476753,62,75,0.35,13,0.026923077,52
2626.46333,45,68,0.57,23,0.024782609,52
2626.353884,60,80,0.52,20,0.026,52
2626.33879,69,83,0.36,14,0.025714286,52
2626.33879,64,88,0.62,24,0.025833333,52
2626.33879,64,89,0.64,25,0.0256,52
2626.33879,63,90,0.69,27,0.025555556,52
2626.32295,47,58,0.3,11,0.027272727,52
2626.317632,38,58,0.7,20,0.035,52
2626.119619,47,55,0.04,8,0.005,52
2626.092128,46,64,0.47,18,0.026111111,52
2625.922039,63,69,0.17,6,0.028333333,52
2625.7432,72,81,0.22,9,0.024444444,52
2625.668356,67,89,0.44,22,0.02,52
2625.667751,55,74,0.44,19,0.023157895,52
2625.519094,54,89,0.73,35,0.020857143,52
2625.485241,62,84,0.42,22,0.019090909,52
2625.434018,38,65,0.19,27,0.007037037,52
2625.426625,63,90,0.68,27,0.025185185,52
2625.426625,62,91,0.73,29,0.025172414,52
2625.426625,61,92,0.78,31,0.02516129,52
2625.371692,59,77,0.48,18,0.026666667,52
2625.289579,38,51,0.49,13,0.037692308,52
2625.216412,54,87,0.92,33,0.027878788,52
2624.964074,50,80,0.93,30,0.031,52
2624.677025,42,47,0.21,5,0.042,52
2624.568043,66,76,0.29,10,0.029,52
2624.531814,67,82,0.4,15,0.026666667,52
2624.501189,70,85,0.29,15,0.019333333,52
2624.501189,69,86,0.33,17,0.019411765,52
2624.501189,65,91,0.5,26,0.019230769,52
2624.501189,64,92,0.54,28,0.019285714,52
2624.501189,63,93,0.58,30,0.019333333,52
2624.501189,62,94,0.62,32,0.019375,52
2624.501189,61,96,0.67,35,0.019142857,52
2624.501189,60,97,0.71,37,0.019189189,52
2624.495473,48,80,0.93,32,0.0290625,52
2624.393563,62,79,0.37,17,0.021764706,52
2624.176534,67,87,0.43,20,0.0215,52
2624.085067,67,83,0.42,16,0.02625,52
2624.085067,64,86,0.58,22,0.026363636,52
2624.071037,34,58,0.89,24,0.037083333,52
2624.070293,39,64,0.17,25,0.0068,52
2624.051784,65,80,0.31,15,0.020666667,52
2624.023879,57,87,0.62,30,0.020666667,52
2623.822361,55,88,0.69,33,0.020909091,52
2623.785529,57,83,0.6,26,0.023076923,52
2623.754805,34,99,0.16,65,0.002461538,52
2623.735023,55,81,0.69,26,0.026538462,52
2623.488312,53,78,0.73,25,0.0292,52
2623.488312,52,79,0.79,27,0.029259259,52
2623.345195,64,95,0.55,31,0.017741935,52
2623.301327,61,95,0.7,34,0.020588235,52
2623.268007,57,80,0.61,23,0.026521739,52
2623.257724,62,95,0.61,33,0.018484848,52
2623.233859,52,78,0.8,26,0.030769231,52
2623.233859,51,79,0.86,28,0.030714286,52
2623.233859,50,80,0.92,30,0.030666667,52
2623.21796,51,73,0.79,22,0.035909091,52
2622.902936,62,71,0.25,9,0.027777778,52
2622.862747,40,66,0.82,26,0.031538462,52
2622.804819,50,77,0.96,27,0.035555556,52
2622.523984,28,84,0.37,56,0.006607143,52
2622.440663,59,94,0.9,35,0.025714286,52
2622.185511,63,92,0.59,29,0.020344828,52
2622.178297,50,93,0.97,43,0.02255814,52
2621.965314,59,81,0.49,22,0.022272727,52
2621.927525,50,76,0.82,26,0.031538462,52
2621.731574,55,73,0.62,18,0.034444444,52
2621.616167,60,81,0.45,21,0.021428571,52
2621.614825,53,85,0.84,32,0.02625,52
2621.552838,70,84,0.3,14,0.021428571,52
2621.413461,49,61,0.31,12,0.025833333,52
2621.380178,37,54,0.64,17,0.037647059,52
2621.136598,64,89,0.62,25,0.0248,52
2620.979376,65,86,0.53,21,0.025238095,52
2620.979376,64,87,0.58,23,0.025217391,52
2620.969259,67,86,0.47,19,0.024736842,52
2620.969259,66,87,0.52,21,0.024761905,52
2620.969259,65,88,0.57,23,0.024782609,52
2620.799528,51,75,0.75,24,0.03125,52
2620.574672,45,62,0.47,17,0.027647059,52
2620.474614,56,87,0.7,31,0.022580645,52
2620.390857,61,92,0.79,31,0.025483871,52
2620.390013,51,94,0.94,43,0.021860465,52
2620.304878,57,86,0.65,29,0.022413793,52
2620.271765,55,75,0.61,20,0.0305,52
2620.126693,52,57,0.13,5,0.026,52
2619.847784,37,60,0.81,23,0.035217391,52
2619.826644,66,77,0.32,11,0.029090909,52
2619.826644,65,78,0.38,13,0.029230769,52
2619.817662,41,69,0.9,28,0.032142857,52
2619.795215,57,76,0.53,19,0.027894737,52
2619.733595,69,86,0.35,17,0.020588235,52
2619.730755,62,84,0.63,22,0.028636364,52
2619.728115,64,81,0.49,17,0.028823529,52
2619.728115,63,82,0.55,19,0.028947368,52
2619.552965,65,75,0.22,10,0.022,52
2619.506402,60,96,0.73,36,0.020277778,52
2619.428981,58,90,0.89,32,0.0278125,52
2619.276127,50,61,0.37,11,0.033636364,52
2619.15547,65,88,0.58,23,0.025217391,52
2619.118533,61,93,0.79,32,0.0246875,52
2619.118533,60,94,0.84,34,0.024705882,52
2619.118533,58,97,0.96,39,0.024615385,52
2619.083341,55,68,0.47,13,0.036153846,52
2618.994416,53,89,0.99,36,0.0275,52
2618.951318,62,92,0.74,30,0.024666667,52
2618.767956,50,93,0.98,43,0.022790698,52
2618.596842,39,52,0.49,13,0.037692308,52
2618.434624,52,70,0.66,18,0.036666667,52
2618.411255,38,58,0.71,20,0.0355,52
2618.374742,26,88,0.6,62,0.009677419,52
2618.352025,65,91,0.47,26,0.018076923,52
2618.242325,64,94,0.54,30,0.018,52
2618.182743,56,74,0.54,18,0.03,52
2618.182743,55,75,0.6,20,0.03,52
2618.039711,41,76,0.93,35,0.026571429,52
2618.020092,42,72,0.83,30,0.027666667,52
2618.015135,67,73,0.14,6,0.023333333,52
2617.993398,61,87,0.7,26,0.026923077,52
2617.889617,52,78,0.79,26,0.030384615,52
2617.790882,70,79,0.17,9,0.018888889,52
2617.737897,59,70,0.23,11,0.020909091,52
2617.582021,60,83,0.49,23,0.021304348,52
2617.407794,49,74,0.91,25,0.0364,52
2617.389006,61,79,0.4,18,0.022222222,52
2617.320423,40,55,0.54,15,0.036,52
2617.200122,62,63,0.03,1,0.03,52
2617.200122,61,64,0.09,3,0.03,52
2617.200122,60,65,0.15,5,0.03,52
2617.187694,51,76,0.88,25,0.0352,52
2617.171469,40,63,0.16,23,0.006956522,52
2617.157107,64,93,0.59,29,0.020344828,52
2617.044758,57,83,0.74,26,0.028461538,52
2616.818373,62,93,0.64,31,0.020645161,52
2616.818373,59,97,0.78,38,0.020526316,52
2616.55461,60,72,0.34,12,0.028333333,52
2616.554519,47,56,0.26,9,0.028888889,52
2616.410415,58,65,0.25,7,0.035714286,52
2616.410415,52,72,0.71,20,0.0355,52
2616.394632,66,71,0.12,5,0.024,52
2616.386084,69,86,0.36,17,0.021176471,52
2616.21954,72,77,0.13,5,0.026,52
2616.173066,7,9,0.13,2,0.065,52
2615.870783,56,72,0.5,16,0.03125,52
2615.809751,41,63,0.71,22,0.032272727,52
2615.721733,41,47,0.23,6,0.038333333,52
2615.658568,59,98,0.79,39,0.02025641,52
2615.622544,48,61,0.33,13,0.025384615,52
2615.421271,53,90,0.99,37,0.026756757,52
2615.389972,69,83,0.29,14,0.020714286,52
2615.311636,52,91,0.87,39,0.022307692,52
2615.311636,51,92,0.92,41,0.022439024,52
2615.18568,31,73,0.4,42,0.00952381,52
2615.01833,60,77,0.45,17,0.026470588,52
2614.996877,27,84,0.39,57,0.006842105,52
2614.943262,59,89,0.84,30,0.028,52
2614.887426,67,80,0.35,13,0.026923077,52
2614.55124,57,73,0.49,16,0.030625,52
2614.55124,56,74,0.55,18,0.030555556,52
2614.407373,63,75,0.32,12,0.026666667,52
2614.351815,56,72,0.55,16,0.034375,52
2614.283028,58,95,0.98,37,0.026486486,52
2614.27831,62,94,0.76,32,0.02375,52
2614.274217,63,80,0.35,17,0.020588235,52
2614.067737,53,74,0.59,21,0.028095238,52
2614.067737,52,75,0.65,23,0.02826087,52
2613.924718,55,87,0.87,32,0.0271875,52
2613.858123,59,95,0.92,36,0.025555556,52
2613.858123,58,97,0.99,39,0.025384615,52
2613.810192,65,85,0.52,20,0.026,52
2613.760527,66,83,0.37,17,0.021764706,52
2613.4658,72,82,0.21,10,0.021,52
2613.43496,60,96,0.86,36,0.023888889,52
2613.38166,68,85,0.35,17,0.020588235,52
2613.38166,67,86,0.39,19,0.020526316,52
2613.317173,58,85,0.56,27,0.020740741,52
2612.955025,30,75,0.42,45,0.009333333,52
2612.931518,56,71,0.52,15,0.034666667,52
2612.931518,55,72,0.59,17,0.034705882,52
2612.931518,54,73,0.66,19,0.034736842,52
2612.893551,49,81,0.98,32,0.030625,52
2612.831563,44,67,0.59,23,0.025652174,52
2612.498628,40,70,0.95,30,0.031666667,52
2612.270681,54,75,0.65,21,0.030952381,52
2612.270681,53,77,0.74,24,0.030833333,52
2612.225975,62,97,0.65,35,0.018571429,52
2612.157994,53,90,0.78,37,0.021081081,52
2612.141763,65,90,0.53,25,0.0212,52
2612.135411,51,91,0.91,40,0.02275,52
2612.093179,69,85,0.3,16,0.01875,52
2612.087986,65,91,0.53,26,0.020384615,52
2611.926921,36,61,0.88,25,0.0352,52
2611.876031,66,89,0.46,23,0.02,52
2611.876031,65,90,0.5,25,0.02,52
2611.876031,64,91,0.54,27,0.02,52
2611.843605,36,60,0.86,24,0.035833333,52
2611.736863,26,87,0.4,61,0.006557377,52
2611.668269,57,81,0.63,24,0.02625,52
2611.659187,61,96,0.65,35,0.018571429,52
2611.658814,56,88,0.65,32,0.0203125,52
2611.655137,29,78,0.45,49,0.009183673,52
2611.58447,52,79,0.81,27,0.03,52
2611.561783,52,83,0.85,31,0.027419355,52
2611.50494,61,92,0.61,31,0.019677419,52
2611.492531,67,83,0.41,16,0.025625,52
2611.492531,66,84,0.46,18,0.025555556,52
2611.446634,63,78,0.33,15,0.022,52
2611.399855,54,84,0.79,30,0.026333333,52
2611.345967,35,69,0.23,34,0.006764706,52
2611.308874,45,70,0.61,25,0.0244,52
2611.082155,53,91,0.98,38,0.025789474,52
2611.077145,55,71,0.47,16,0.029375,52
2610.987242,56,88,0.66,32,0.020625,52
2610.908376,34,98,0.16,64,0.0025,52
2610.775479,53,84,0.82,31,0.026451613,52
2610.772646,49,54,0.14,5,0.028,52
2610.478084,59,87,0.81,28,0.028928571,52
2610.448852,67,86,0.38,19,0.02,52
2609.826069,64,80,0.46,16,0.02875,52
2609.77819,63,91,0.68,28,0.024285714,52
2609.77819,62,92,0.73,30,0.024333333,52
2609.643542,28,80,0.47,52,0.009038462,52
2609.60081,63,76,0.34,13,0.026153846,52
2609.485303,51,77,0.89,26,0.034230769,52
2609.481618,62,89,0.69,27,0.025555556,52
2609.481618,61,91,0.76,30,0.025333333,52
2609.481618,60,92,0.81,32,0.0253125,52
2609.388691,64,79,0.31,15,0.020666667,52
2609.377875,66,76,0.21,10,0.021,52
2609.369948,61,78,0.4,17,0.023529412,52
2609.341352,65,90,0.6,25,0.024,52
2609.320058,64,95,0.56,31,0.018064516,52
2609.237561,63,79,0.34,16,0.02125,52
2608.94394,57,62,0.16,5,0.032,52
2608.920741,55,69,0.5,14,0.035714286,52
2608.920741,54,71,0.6,17,0.035294118,52
2608.920741,50,75,0.89,25,0.0356,52
2608.524671,40,65,0.83,25,0.0332,52
2608.409801,52,71,0.69,19,0.036315789,52
2608.31701,28,84,0.38,56,0.006785714,52
2608.256084,61,94,0.65,33,0.01969697,52
2608.236066,38,51,0.5,13,0.038461538,52
2608.171309,54,90,0.93,36,0.025833333,52
2608.161213,67,86,0.48,19,0.025263158,52
2608.087241,63,86,0.46,23,0.02,52
2608.062427,56,80,0.64,24,0.026666667,52
2607.924035,58,70,0.42,12,0.035,52
2607.917369,54,72,0.64,18,0.035555556,52
2607.824595,28,85,0.25,57,0.004385965,52
2607.768549,62,91,0.72,29,0.024827586,52
2607.768549,59,96,0.9,37,0.024324324,52
2607.716198,61,81,0.42,20,0.021,52
2607.698429,37,58,0.77,21,0.036666667,52
2607.689548,56,91,0.76,35,0.021714286,52
2607.64575,50,65,0.36,15,0.024,52
2607.612175,58,85,0.59,27,0.021851852,52
2607.5732,26,87,0.41,61,0.006721311,52
2607.393981,69,83,0.28,14,0.02,52
2607.393981,68,84,0.32,16,0.02,52
2607.324318,59,99,0.81,40,0.02025,52
2607.157891,62,87,0.55,25,0.022,52
2607.148376,67,70,0.08,3,0.026666667,52
2607.148376,64,73,0.24,9,0.026666667,52
2607.128983,27,87,0.28,60,0.004666667,52
2607.090217,26,86,0.41,60,0.006833333,52
2607.021641,63,82,0.41,19,0.021578947,52
2606.930254,66,88,0.45,22,0.020454545,52
2606.930254,65,89,0.49,24,0.020416667,52
2606.864538,39,61,0.24,22,0.010909091,52
2606.822679,52,82,0.83,30,0.027666667,52
2606.622223,65,80,0.32,15,0.021333333,52
2606.586755,57,86,0.6,29,0.020689655,52
2606.508801,52,90,0.86,38,0.022631579,52
2606.460114,62,90,0.72,28,0.025714286,52
2606.457597,52,89,0.86,37,0.023243243,52
2606.39572,54,60,0.13,6,0.021666667,52
2606.365781,49,81,0.99,32,0.0309375,52
2606.362061,46,67,0.67,21,0.031904762,52
2606.357312,55,89,0.69,34,0.020294118,52
2606.280449,52,82,0.66,30,0.022,52
2606.095266,63,90,0.65,27,0.024074074,52
2606.055359,62,80,0.38,18,0.021111111,52
2605.779102,54,71,0.61,17,0.035882353,52
2605.736668,48,64,0.54,16,0.03375,52
2605.575619,58,69,0.38,11,0.034545455,52
2605.575619,57,70,0.45,13,0.034615385,52
2605.469114,4,16,0.62,12,0.051666667,52
2605.382148,42,49,0.25,7,0.035714286,52
2605.350082,57,61,0.13,4,0.0325,52
2605.231356,55,92,0.81,37,0.021891892,52
2605.092031,54,77,0.67,23,0.029130435,52
2605.06813,66,88,0.53,22,0.024090909,52
2605.036258,63,87,0.52,24,0.021666667,52
2605.036258,61,89,0.61,28,0.021785714,52
2604.971425,60,89,0.64,29,0.022068966,52
2604.926793,34,70,0.26,36,0.007222222,52
2604.867742,57,94,0.79,37,0.021351351,52
2604.832329,46,62,0.43,16,0.026875,52
2604.811271,63,65,0.07,2,0.035,52
2604.811271,62,66,0.14,4,0.035,52
2604.811271,61,67,0.21,6,0.035,52
2604.811271,60,68,0.28,8,0.035,52
2604.811271,59,69,0.35,10,0.035,52
2604.811271,56,73,0.59,17,0.034705882,52
2604.811271,55,74,0.66,19,0.034736842,52
2604.811271,54,75,0.73,21,0.034761905,52
2604.67668,44,61,0.47,17,0.027647059,52
2604.617188,36,55,0.63,19,0.033157895,52
2604.588408,67,87,0.48,20,0.024,52
2604.559127,47,73,0.04,26,0.001538462,52
2604.320203,50,60,0.26,10,0.026,52
2604.226232,64,85,0.46,21,0.021904762,52
2604.104842,41,64,0.73,23,0.03173913,52
2603.994334,52,89,0.85,37,0.022972973,52
2603.865367,60,96,0.7,36,0.019444444,52
2603.850781,47,72,0.87,25,0.0348,52
2603.84753,63,85,0.45,22,0.020454545,52
2603.805689,58,86,0.58,28,0.020714286,52
2603.728329,66,86,0.48,20,0.024,52
2603.514463,39,50,0.42,11,0.038181818,52
2603.488551,55,88,0.76,33,0.023030303,52
2603.295873,70,82,0.25,12,0.020833333,52
2603.107019,59,86,0.53,27,0.01962963,52
2603.107019,58,87,0.57,29,0.019655172,52
2602.9995,45,58,0.42,13,0.032307692,52
2602.987877,67,90,0.41,23,0.017826087,52
2602.973321,59,87,0.55,28,0.019642857,52
2602.769104,66,87,0.5,21,0.023809524,52
2602.758597,62,91,0.57,29,0.019655172,52
2602.741412,63,87,0.51,24,0.02125,52
2602.74113,58,87,0.56,29,0.019310345,52
2602.725866,25,93,0.42,68,0.006176471,52
2602.620095,43,60,0.12,17,0.007058824,52
2602.400358,53,74,0.73,21,0.034761905,52
2602.400358,52,75,0.8,23,0.034782609,52
2602.382135,57,71,0.49,14,0.035,52
2602.382135,56,72,0.56,16,0.035,52
2602.342107,45,48,0.11,3,0.036666667,52
2602.323953,38,69,0.11,31,0.003548387,52
2602.242181,34,59,0.85,25,0.034,52
2602.199726,34,69,0.33,35,0.009428571,52
2602.19956,69,78,0.17,9,0.018888889,52
2602.09825,58,99,0.83,41,0.020243902,52
2601.923114,61,91,0.77,30,0.025666667,52
2601.897112,64,89,0.6,25,0.024,52
2601.855759,28,85,0.22,57,0.003859649,52
2601.845265,66,90,0.5,24,0.020833333,52
2601.818404,36,54,0.69,18,0.038333333,52
2601.752325,49,53,0.13,4,0.0325,52
2601.752325,47,55,0.26,8,0.0325,52
2601.738988,43,56,0.43,13,0.033076923,52
2601.731466,35,60,0.92,25,0.0368,52
2601.696328,54,58,0.1,4,0.025,52
2601.696328,53,59,0.15,6,0.025,52
2601.52058,68,86,0.43,18,0.023888889,52
2601.514446,59,79,0.53,20,0.0265,52
2601.483834,67,85,0.43,18,0.023888889,52
2601.460673,64,83,0.53,19,0.027894737,52
2601.448379,65,91,0.54,26,0.020769231,52
2601.302965,67,89,0.45,22,0.020454545,52
2601.302965,66,90,0.49,24,0.020416667,52
2601.289409,68,77,0.19,9,0.021111111,52
2601.170773,70,80,0.26,10,0.026,52
2601.170773,69,80,0.29,11,0.026363636,52
2601.170773,66,84,0.47,18,0.026111111,52
2601.128635,61,96,0.82,35,0.023428571,52
2601.069042,48,62,0.36,14,0.025714286,52
2601.055235,48,58,0.27,10,0.027,52
2600.989783,47,60,0.36,13,0.027692308,52
2600.86546,57,85,0.61,28,0.021785714,52
2600.843097,56,85,0.64,29,0.022068966,52
2600.688374,60,83,0.48,23,0.020869565,52
2600.627985,49,73,0.89,24,0.037083333,52
2600.618701,49,79,0.86,30,0.028666667,52
2600.605657,31,80,0.2,49,0.004081633,52
2600.575552,66,79,0.27,13,0.020769231,52
2600.510344,55,71,0.56,16,0.035,52
2600.510344,54,72,0.63,18,0.035,52
2600.490135,53,76,0.79,23,0.034347826,52
2600.477511,24,93,0.62,69,0.008985507,52
2600.471023,42,60,0.14,18,0.007777778,52
2600.395415,56,87,0.71,31,0.022903226,52
2600.297161,71,85,0.27,14,0.019285714,52
2600.162057,61,85,0.69,24,0.02875,52
2600.086657,41,49,0.27,8,0.03375,52
2600.037471,43,69,0.66,26,0.025384615,52
2599.941746,50,81,0.93,31,0.03,52
2599.831245,33,99,0.19,66,0.002878788,52
2599.821342,64,92,0.55,28,0.019642857,52
2599.821342,63,93,0.59,30,0.019666667,52
2599.818638,39,61,0.73,22,0.033181818,52
2599.756674,54,57,0.1,3,0.033333333,52
2599.756674,51,60,0.3,9,0.033333333,52
2599.739368,60,95,0.72,35,0.020571429,52
2599.715581,36,65,0.99,29,0.034137931,52
2599.615827,61,89,0.56,28,0.02,52
2599.593452,33,98,0.21,65,0.003230769,52
2599.573366,67,89,0.46,22,0.020909091,52
2599.554239,59,96,0.91,37,0.024594595,52
2599.549858,48,75,0.99,27,0.036666667,52
2599.537321,64,93,0.53,29,0.018275862,52
2599.439638,57,91,0.96,34,0.028235294,52
2599.310003,64,91,0.55,27,0.02037037,52
2599.275742,53,76,0.8,23,0.034782609,52
2599.255643,52,60,0.26,8,0.0325,52
2599.227216,60,86,0.75,26,0.028846154,52
2599.215493,67,87,0.41,20,0.0205,52
2599.147993,59,95,0.9,36,0.025,52
2599.085016,52,55,0.08,3,0.026666667,52
2599.071957,65,86,0.55,21,0.026190476,52
2599.069378,33,97,0.21,64,0.00328125,52
2598.949489,56,74,0.56,18,0.031111111,52
2598.94812,60,92,0.85,32,0.0265625,52
2598.621057,59,86,0.52,27,0.019259259,52
2598.473293,4,16,0.6,12,0.05,52
2598.407497,60,96,0.74,36,0.020555556,52
2598.306394,61,96,0.64,35,0.018285714,52
2598.286406,72,84,0.23,12,0.019166667,52
2598.251087,31,73,0.42,42,0.01,52
2598.201093,76,78,0.04,2,0.02,52
2598.201093,75,79,0.08,4,0.02,52
2598.201093,74,80,0.12,6,0.02,52
2598.201093,73,81,0.16,8,0.02,52
2598.201093,72,82,0.2,10,0.02,52
2598.201093,71,83,0.24,12,0.02,52
2598.201093,70,84,0.28,14,0.02,52
2598.201093,69,85,0.32,16,0.02,52
2598.152699,67,79,0.23,12,0.019166667,52
2598.086825,28,82,0.39,54,0.007222222,52
2598.040814,59,66,0.21,7,0.03,52
2598.040814,58,67,0.27,9,0.03,52
2597.851971,55,73,0.63,18,0.035,52
2597.84546,61,76,0.4,15,0.026666667,52
2597.755675,57,68,0.39,11,0.035454545,52
2597.749391,59,88,0.56,29,0.019310345,52
2597.726853,60,87,0.52,27,0.019259259,52
2597.65366,51,80,0.87,29,0.03,52
2597.577569,65,75,0.26,10,0.026,52
2597.517921,50,95,0.99,45,0.022,52
2597.486459,61,95,0.81,34,0.023823529,52
2597.44183,51,84,0.91,33,0.027575758,52
2597.127477,37,99,0.1,62,0.001612903,52
2596.992527,60,68,0.25,8,0.03125,52
2596.965894,68,84,0.41,16,0.025625,52
2596.868447,64,89,0.52,25,0.0208,52
2596.851769,56,75,0.56,19,0.029473684,52
2596.851769,55,76,0.62,21,0.02952381,52
2596.851769,54,76,0.66,22,0.03,52
2596.851769,54,77,0.68,23,0.029565217,52
2596.851769,53,77,0.72,24,0.03,52
2596.746769,50,82,0.94,32,0.029375,52
