% profit,ema1,ema2,threshold,diff,thresh / diff,ID
3773.401945,60,70,0.32,10,0.032,47
3768.921929,62,65,0.1,3,0.033333333,47
3745.776869,63,67,0.13,4,0.0325,47
3745.776869,61,69,0.26,8,0.0325,47
3745.776869,59,71,0.39,12,0.0325,47
3745.172989,55,72,0.57,17,0.033529412,47
3743.80054,59,68,0.3,9,0.033333333,47
3743.80054,56,71,0.5,15,0.033333333,47
3730.828465,63,66,0.1,3,0.033333333,47
3730.828465,60,69,0.3,9,0.033333333,47
3730.107964,57,71,0.47,14,0.033571429,47
3725.08224,58,72,0.46,14,0.032857143,47
3718.370486,57,72,0.5,15,0.033333333,47
3717.880727,58,72,0.45,14,0.032142857,47
3716.380851,57,70,0.44,13,0.033846154,47
3710.306492,59,69,0.33,10,0.033,47
3710.306492,57,72,0.49,15,0.032666667,47
3707.257016,53,78,0.81,25,0.0324,47
3706.566066,61,67,0.2,6,0.033333333,47
3703.356466,62,70,0.25,8,0.03125,47
3703.310628,58,73,0.48,15,0.032,47
3703.310628,55,77,0.7,22,0.031818182,47
3702.438142,54,74,0.67,20,0.0335,47
3700.868984,58,68,0.34,10,0.034,47
3700.112734,52,77,0.83,25,0.0332,47
3699.800633,55,73,0.6,18,0.033333333,47
3698.756368,53,76,0.76,23,0.033043478,47
3698.444379,56,72,0.53,16,0.033125,47
3696.604481,56,75,0.61,19,0.032105263,47
3694.900734,58,71,0.43,13,0.033076923,47
3694.900734,55,74,0.63,19,0.033157895,47
3693.546228,61,68,0.23,7,0.032857143,47
3692.52498,53,75,0.74,22,0.033636364,47
3691.997592,54,77,0.75,23,0.032608696,47
3690.644123,57,74,0.55,17,0.032352941,47
3690.644123,55,76,0.68,21,0.032380952,47
3690.644123,54,78,0.77,24,0.032083333,47
3690.17995,58,70,0.4,12,0.033333333,47
3689.539865,57,73,0.52,16,0.0325,47
3689.539865,55,75,0.65,20,0.0325,47
3689.539865,54,76,0.72,22,0.032727273,47
3687.224623,60,70,0.33,10,0.033,47
3685.443043,56,74,0.59,18,0.032777778,47
3681.117974,60,71,0.35,11,0.031818182,47
3679.45634,58,69,0.37,11,0.033636364,47
3679.45634,54,73,0.64,19,0.033684211,47
3679.45634,53,74,0.71,21,0.033809524,47
3678.055053,57,73,0.53,16,0.033125,47
3677.216159,59,70,0.36,11,0.032727273,47
3677.216159,56,73,0.56,17,0.032941176,47
3674.561584,59,73,0.44,14,0.031428571,47
3671.051077,54,75,0.69,21,0.032857143,47
3669.864006,54,75,0.7,21,0.033333333,47
3668.249927,53,78,0.82,25,0.0328,47
3662.928793,56,75,0.62,19,0.032631579,47
3656.890464,53,77,0.79,24,0.032916667,47
3656.424489,55,75,0.66,20,0.033,47
3654.521506,52,75,0.78,23,0.033913043,47
3652.630676,57,75,0.58,18,0.032222222,47
3652.075259,63,68,0.16,5,0.032,47
3651.291258,56,76,0.64,20,0.032,47
3651.291258,55,77,0.71,22,0.032272727,47
3651.291258,53,80,0.86,27,0.031851852,47
3648.244612,53,76,0.77,23,0.033478261,47
3642.208689,53,79,0.84,26,0.032307692,47
3638.903198,54,76,0.73,22,0.033181818,47
3635.339099,52,81,0.93,29,0.032068966,47
3633.22553,61,72,0.34,11,0.030909091,47
3631.860505,60,74,0.43,14,0.030714286,47
3630.058615,61,70,0.29,9,0.032222222,47
3630.058615,59,72,0.42,13,0.032307692,47
3630.058615,58,74,0.51,16,0.031875,47
3629.893092,60,72,0.39,12,0.0325,47
3628.965728,52,79,0.89,27,0.032962963,47
3626.34939,64,68,0.13,4,0.0325,47
3623.04611,62,70,0.26,8,0.0325,47
3622.957346,51,79,0.93,28,0.033214286,47
3619.26398,63,69,0.19,6,0.031666667,47
3616.8861,58,75,0.53,17,0.031176471,47
3615.864575,60,71,0.36,11,0.032727273,47
3614.847495,52,80,0.91,28,0.0325,47
3613.75697,51,81,0.98,30,0.032666667,47
3613.469251,60,72,0.38,12,0.031666667,47
3610.225786,57,78,0.65,21,0.030952381,47
3609.250757,62,69,0.23,7,0.032857143,47
3603.854053,63,70,0.22,7,0.031428571,47
3603.854053,60,73,0.41,13,0.031538462,47
3603.854053,57,76,0.6,19,0.031578947,47
3603.606913,62,71,0.28,9,0.031111111,47
3602.786256,58,73,0.49,15,0.032666667,47
3601.726164,51,78,0.9,27,0.033333333,47
3600.225105,57,75,0.57,18,0.031666667,47
3598.700689,52,76,0.81,24,0.03375,47
3598.605367,52,79,0.88,27,0.032592593,47
3597.054871,59,75,0.5,16,0.03125,47
3597.054871,56,78,0.69,22,0.031363636,47
3596.808185,61,73,0.37,12,0.030833333,47
3589.763558,58,76,0.57,18,0.031666667,47
3587.985009,52,80,0.92,28,0.032857143,47
3585.886579,55,76,0.69,21,0.032857143,47
3582.120364,61,71,0.32,10,0.032,47
3582.120364,59,73,0.45,14,0.032142857,47
3582.120364,55,78,0.73,23,0.03173913,47
3581.97443,62,72,0.31,10,0.031,47
3581.97443,57,77,0.62,20,0.031,47
3577.468379,55,77,0.72,22,0.032727273,47
3575.444615,52,78,0.86,26,0.033076923,47
3575.361079,58,75,0.54,17,0.031764706,47
3575.361079,54,80,0.82,26,0.031538462,47
3571.562979,51,80,0.95,29,0.032758621,47
3570.485838,54,81,0.84,27,0.031111111,47
3565.519511,56,75,0.63,19,0.033157895,47
3556.143286,61,72,0.35,11,0.031818182,47
3556.143286,57,77,0.63,20,0.0315,47
3556.143286,55,79,0.76,24,0.031666667,47
3555.193135,54,77,0.76,23,0.033043478,47
3553.598046,58,75,0.55,17,0.032352941,47
3553.598046,56,77,0.68,21,0.032380952,47
3553.598046,54,79,0.81,25,0.0324,47
3553.010108,60,75,0.46,15,0.030666667,47
3552.670271,59,74,0.47,15,0.031333333,47
3552.670271,56,77,0.66,21,0.031428571,47
3550.300619,59,72,0.43,13,0.033076923,47
3548.788385,58,77,0.59,19,0.031052632,47
3548.408604,57,77,0.64,20,0.032,47
3547.334033,59,76,0.52,17,0.030588235,47
3547.162857,55,79,0.77,24,0.032083333,47
3545.965047,58,76,0.56,18,0.031111111,47
3545.965047,55,79,0.75,24,0.03125,47
3544.855434,55,80,0.78,25,0.0312,47
3541.133454,53,81,0.9,28,0.032142857,47
3539.205959,53,79,0.85,26,0.032692308,47
3538.808232,61,74,0.4,13,0.030769231,47
3538.080009,52,82,0.96,30,0.032,47
3536.359633,56,76,0.65,20,0.0325,47
3535.714389,57,74,0.56,17,0.032941176,47
3534.556485,54,78,0.79,24,0.032916667,47
3532.631562,64,69,0.16,5,0.032,47
3529.639592,62,68,0.2,6,0.033333333,47
3529.41136,59,74,0.48,15,0.032,47
3528.599779,53,82,0.91,29,0.03137931,47
3528.144883,56,79,0.72,23,0.031304348,47
3519.126149,58,74,0.52,16,0.0325,47
3516.982612,56,77,0.67,21,0.031904762,47
3515.867138,67,69,0.06,2,0.03,47
3515.867138,66,70,0.12,4,0.03,47
3515.867138,65,71,0.18,6,0.03,47
3515.867138,64,72,0.24,8,0.03,47
3515.867138,63,73,0.3,10,0.03,47
3515.867138,62,74,0.36,12,0.03,47
3515.867138,61,75,0.42,14,0.03,47
3514.05754,62,71,0.29,9,0.032222222,47
3512.474468,60,73,0.42,13,0.032307692,47
3511.644355,63,71,0.25,8,0.03125,47
3507.861628,54,79,0.8,25,0.032,47
3506.153464,53,80,0.87,27,0.032222222,47
3505.094848,52,81,0.94,29,0.032413793,47
3504.367972,51,76,0.85,25,0.034,47
3500.166343,61,73,0.38,12,0.031666667,47
3497.809498,52,81,0.95,29,0.032758621,47
3497.41086,54,78,0.78,24,0.0325,47
3495.517315,56,78,0.7,22,0.031818182,47
3495.517315,54,80,0.83,26,0.031923077,47
3490.45174,60,74,0.44,14,0.031428571,47
3488.996778,53,81,0.89,28,0.031785714,47
3488.991163,59,71,0.4,12,0.033333333,47
3483.908116,59,75,0.51,16,0.031875,47
3480.456377,56,79,0.71,23,0.030869565,47
3476.414599,57,75,0.59,18,0.032777778,47
3474.198049,51,73,0.8,22,0.036363636,47
3467.53809,53,80,0.88,27,0.032592593,47
3462.755794,57,76,0.61,19,0.032105263,47
3462.755794,55,78,0.74,23,0.032173913,47
3457.308695,67,89,0.39,22,0.017727273,47
3456.663765,55,78,0.75,23,0.032608696,47
3441.02602,53,70,0.62,17,0.036470588,47
3439.266321,75,80,0.09,5,0.018,47
3436.430795,49,76,0.97,27,0.035925926,47
3436.126196,56,67,0.4,11,0.036363636,47
3435.586329,52,72,0.72,20,0.036,47
3433.479358,59,73,0.46,14,0.032857143,47
3427.120475,62,73,0.34,11,0.030909091,47
3422.628574,57,79,0.67,22,0.030454545,47
3418.702263,66,91,0.44,25,0.0176,47
3416.576729,69,81,0.23,12,0.019166667,47
3415.930156,63,72,0.28,9,0.031111111,47
3415.581653,53,71,0.65,18,0.036111111,47
3415.519919,54,70,0.57,16,0.035625,47
3410.153187,60,63,0.11,3,0.036666667,47
3407.902111,50,75,0.89,25,0.0356,47
3395.855646,68,80,0.23,12,0.019166667,47
3391.129009,54,79,0.82,25,0.0328,47
3385.745345,68,82,0.27,14,0.019285714,47
3385.226947,57,76,0.62,19,0.032631579,47
3382.868655,59,77,0.55,18,0.030555556,47
3382.868655,58,78,0.61,20,0.0305,47
3381.322068,51,73,0.79,22,0.035909091,47
3378.827505,49,76,0.96,27,0.035555556,47
3374.597736,59,74,0.49,15,0.032666667,47
3372.480111,50,75,0.88,25,0.0352,47
3367.422795,56,76,0.66,20,0.033,47
3366.454009,69,87,0.32,18,0.017777778,47
3364.222382,66,90,0.43,24,0.017916667,47
3363.81307,59,76,0.53,17,0.031176471,47
3353.72587,69,79,0.19,10,0.019,47
3353.601472,56,70,0.48,14,0.034285714,47
3353.601472,55,71,0.55,16,0.034375,47
3347.24937,61,71,0.33,10,0.033,47
3343.726022,64,70,0.19,6,0.031666667,47
3342.908222,50,74,0.87,24,0.03625,47
3323.039453,67,81,0.27,14,0.019285714,47
3318.803374,38,66,0.91,28,0.0325,47
3302.968675,41,48,0.26,7,0.037142857,47
3297.867695,37,53,0.59,16,0.036875,47
3296.340017,47,53,0.2,6,0.033333333,47
3290.951877,66,82,0.31,16,0.019375,47
3288.853397,56,83,0.78,27,0.028888889,47
3287.325287,55,84,0.84,29,0.028965517,47
3286.884454,62,72,0.32,10,0.032,47
3277.816462,57,82,0.72,25,0.0288,47
3277.292798,49,76,0.95,27,0.035185185,47
3275.393759,63,75,0.35,12,0.029166667,47
3271.589322,65,83,0.35,18,0.019444444,47
3270.232504,39,50,0.41,11,0.037272727,47
3269.354549,54,72,0.62,18,0.034444444,47
3266.993701,72,83,0.2,11,0.018181818,47
3264.474999,55,85,0.87,30,0.029,47
3264.474999,54,86,0.93,32,0.0290625,47
3262.597565,56,84,0.81,28,0.028928571,47
3260.753389,56,82,0.76,26,0.029230769,47
3258.878032,54,85,0.9,31,0.029032258,47
3257.309767,56,83,0.77,27,0.028518519,47
3253.364438,72,73,0.02,1,0.02,47
3253.364438,71,74,0.06,3,0.02,47
3253.364438,70,75,0.1,5,0.02,47
3253.364438,69,76,0.14,7,0.02,47
3253.364438,68,77,0.18,9,0.02,47
3253.296828,41,60,0.63,19,0.033157895,47
3245.754712,35,56,0.77,21,0.036666667,47
3243.112884,54,86,0.9,32,0.028125,47
3242.785518,53,73,0.69,20,0.0345,47
3242.785518,52,74,0.76,22,0.034545455,47
3242.785518,51,75,0.83,24,0.034583333,47
3239.62858,60,79,0.55,19,0.028947368,47
3235.300886,53,87,0.97,34,0.028529412,47
3233.594638,68,88,0.36,20,0.018,47
3233.352013,42,62,0.65,20,0.0325,47
3232.684684,65,79,0.29,14,0.020714286,47
3232.123368,65,92,0.48,27,0.017777778,47
3231.551007,49,77,0.99,28,0.035357143,47
3230.700153,53,87,0.99,34,0.029117647,47
3228.879097,61,78,0.49,17,0.028823529,47
3226.769915,56,71,0.51,15,0.034,47
3226.712273,44,56,0.4,12,0.033333333,47
3226.5089,39,63,0.79,24,0.032916667,47
3225.379489,55,85,0.86,30,0.028666667,47
3224.3637,61,66,0.17,5,0.034,47
3223.838939,59,67,0.27,8,0.03375,47
3219.062272,51,85,0.92,34,0.027058824,47
3217.051235,62,77,0.43,15,0.028666667,47
3216.714338,54,81,0.74,27,0.027407407,47
3215.036932,53,87,0.96,34,0.028235294,47
3214.369596,60,65,0.17,5,0.034,47
3214.176091,60,68,0.27,8,0.03375,47
3213.712141,55,83,0.82,28,0.029285714,47
3213.712141,54,84,0.88,30,0.029333333,47
3213.652603,58,81,0.67,23,0.029130435,47
3213.564062,56,84,0.8,28,0.028571429,47
3213.295554,60,65,0.18,5,0.036,47
3213.295554,56,69,0.47,13,0.036153846,47
3212.85194,53,83,0.81,30,0.027,47
3211.905117,44,57,0.43,13,0.033076923,47
3211.863034,53,86,0.96,33,0.029090909,47
3211.803529,59,80,0.61,21,0.029047619,47
3211.699718,52,73,0.74,21,0.035238095,47
3211.699718,49,77,0.98,28,0.035,47
3209.993796,50,86,0.98,36,0.027222222,47
3209.402603,51,74,0.81,23,0.035217391,47
3207.333888,55,86,0.89,31,0.028709677,47
3207.29054,55,84,0.83,29,0.02862069,47
3205.842536,54,87,0.95,33,0.028787879,47
3205.420094,63,84,0.42,21,0.02,47
3204.085762,57,68,0.39,11,0.035454545,47
3203.800432,52,84,0.87,32,0.0271875,47
3203.714195,50,75,0.9,25,0.036,47
3203.232441,66,79,0.26,13,0.02,47
3202.772332,57,83,0.74,26,0.028461538,47
3202.716735,58,67,0.32,9,0.035555556,47
3201.512491,40,63,0.75,23,0.032608696,47
3201.205847,68,78,0.2,10,0.02,47
3201.205847,67,79,0.24,12,0.02,47
3201.205847,66,80,0.28,14,0.02,47
3200.125725,57,83,0.73,26,0.028076923,47
3199.940903,51,85,0.93,34,0.027352941,47
3198.827241,49,52,0.1,3,0.033333333,47
3198.216793,46,55,0.3,9,0.033333333,47
3198.092294,50,76,0.92,26,0.035384615,47
3198.062035,64,83,0.38,19,0.02,47
3196.088895,44,55,0.37,11,0.033636364,47
3196.032255,63,76,0.37,13,0.028461538,47
3196.032255,58,82,0.68,24,0.028333333,47
3195.340054,50,76,0.9,26,0.034615385,47
3193.543162,55,75,0.67,20,0.0335,47
3193.412761,51,75,0.86,24,0.035833333,47
3193.075507,57,69,0.41,12,0.034166667,47
3191.525458,44,60,0.51,16,0.031875,47
3190.169115,53,88,0.99,35,0.028285714,47
3190.070691,50,86,0.99,36,0.0275,47
3189.618683,66,83,0.33,17,0.019411765,47
3189.19067,50,76,0.91,26,0.035,47
3187.45287,65,84,0.37,19,0.019473684,47
3187.45287,64,85,0.41,21,0.01952381,47
3187.134769,58,82,0.67,24,0.027916667,47
3187.134769,54,87,0.92,33,0.027878788,47
3186.699762,39,64,0.82,25,0.0328,47
3185.794126,40,64,0.78,24,0.0325,47
3185.509309,37,57,0.71,20,0.0355,47
3185.126724,54,87,0.93,33,0.028181818,47
3184.284643,67,78,0.22,11,0.02,47
3184.237041,57,67,0.36,10,0.036,47
3184.237041,56,68,0.43,12,0.035833333,47
3184.237041,52,73,0.75,21,0.035714286,47
3184.237041,51,74,0.82,23,0.035652174,47
3184.040938,50,79,0.98,29,0.033793103,47
3184.037587,54,73,0.65,19,0.034210526,47
3183.874819,53,73,0.7,20,0.035,47
3182.876239,51,75,0.85,24,0.035416667,47
3182.835385,61,83,0.46,22,0.020909091,47
3181.473741,52,74,0.77,22,0.035,47
3181.473741,51,75,0.84,24,0.035,47
3180.705116,59,66,0.24,7,0.034285714,47
3179.964858,61,72,0.36,11,0.032727273,47
3179.165798,55,69,0.51,14,0.036428571,47
3179.054686,43,57,0.47,14,0.033571429,47
3178.682653,54,86,0.92,32,0.02875,47
3178.682653,53,87,0.98,34,0.028823529,47
3178.214231,55,70,0.53,15,0.035333333,47
3178.214231,54,71,0.6,17,0.035294118,47
3178.214231,53,72,0.67,19,0.035263158,47
3177.552594,72,74,0.04,2,0.02,47
3177.552594,71,75,0.08,4,0.02,47
3177.552594,70,76,0.12,6,0.02,47
3177.552594,69,77,0.16,8,0.02,47
3175.980348,51,78,0.91,27,0.033703704,47
3175.500457,50,87,0.99,37,0.026756757,47
3174.705099,55,86,0.86,31,0.027741935,47
3171.557274,59,88,0.79,29,0.027241379,47
3170.47941,63,82,0.53,19,0.027894737,47
3169.974244,53,82,0.8,29,0.027586207,47
3169.689098,41,61,0.66,20,0.033,47
3168.443734,51,76,0.74,25,0.0296,47
3167.610251,62,83,0.43,21,0.02047619,47
3167.597228,54,85,0.89,31,0.028709677,47
3167.597228,53,86,0.95,33,0.028787879,47
3166.4431,55,69,0.5,14,0.035714286,47
3165.944407,56,69,0.46,13,0.035384615,47
3165.470937,55,86,0.88,31,0.028387097,47
3165.470937,54,87,0.94,33,0.028484848,47
3164.584998,60,79,0.54,19,0.028421053,47
3163.913635,44,54,0.34,10,0.034,47
3163.710664,45,53,0.27,8,0.03375,47
3162.184694,62,85,0.46,23,0.02,47
3161.482396,58,66,0.29,8,0.03625,47
3161.314754,56,72,0.54,16,0.03375,47
3160.131022,55,70,0.54,15,0.036,47
3159.617878,51,86,0.94,35,0.026857143,47
3159.186507,60,87,0.73,27,0.027037037,47
3158.532872,56,90,0.96,34,0.028235294,47
3158.137266,50,76,0.93,26,0.035769231,47
3157.747304,52,73,0.76,21,0.036190476,47
3157.747304,51,74,0.83,23,0.036086957,47
3157.374643,59,81,0.63,22,0.028636364,47
3157.374643,58,82,0.69,24,0.02875,47
3157.190987,66,78,0.25,12,0.020833333,47
3157.190987,64,81,0.35,17,0.020588235,47
3156.593486,43,58,0.5,15,0.033333333,47
3156.218361,53,78,0.83,25,0.0332,47
3155.905819,57,83,0.75,26,0.028846154,47
3154.84847,65,81,0.32,16,0.02,47
3154.84847,64,82,0.36,18,0.02,47
3154.801876,54,74,0.68,20,0.034,47
3154.070801,67,82,0.29,15,0.019333333,47
3153.783516,56,84,0.79,28,0.028214286,47
3153.541912,58,93,0.73,35,0.020857143,47
3153.541912,57,94,0.77,37,0.020810811,47
3153.337,51,76,0.73,25,0.0292,47
3153.161954,67,89,0.4,22,0.018181818,47
3152.354908,56,73,0.57,17,0.033529412,47
3152.354908,55,73,0.61,18,0.033888889,47
3152.354908,52,77,0.84,25,0.0336,47
3152.142545,56,95,0.82,39,0.021025641,47
3151.917757,60,86,0.71,26,0.027307692,47
3151.259233,50,78,0.81,28,0.028928571,47
3150.955542,50,78,0.82,28,0.029285714,47
3150.955542,49,79,0.88,30,0.029333333,47
3150.669922,52,79,0.9,27,0.033333333,47
3150.250657,50,77,0.8,27,0.02962963,47
3150.240906,51,81,0.99,30,0.033,47
3150.190683,63,82,0.39,19,0.020526316,47
3149.747528,59,80,0.6,21,0.028571429,47
3149.747528,58,81,0.66,23,0.028695652,47
3149.515152,61,85,0.49,24,0.020416667,47
3147.346725,63,94,0.56,31,0.018064516,47
3146.640879,49,57,0.21,8,0.02625,47
3146.474315,39,54,0.54,15,0.036,47
3145.903805,48,81,0.96,33,0.029090909,47
3145.299712,64,84,0.39,20,0.0195,47
3144.583649,40,63,0.76,23,0.033043478,47
3144.454093,53,84,0.83,31,0.026774194,47
3144.249355,53,77,0.8,24,0.033333333,47
3144.249355,52,78,0.87,26,0.033461538,47
3143.837079,56,94,0.81,38,0.021315789,47
3143.367851,55,88,0.92,33,0.027878788,47
3142.751314,60,81,0.59,21,0.028095238,47
3141.916065,51,84,0.98,33,0.02969697,47
3141.82241,49,75,0.94,26,0.036153846,47
3141.576724,52,75,0.67,23,0.029130435,47
3140.974987,55,85,0.84,30,0.028,47
3140.974987,53,88,0.98,35,0.028,47
3139.506469,51,77,0.75,26,0.028846154,47
3139.342252,56,86,0.84,30,0.028,47
3137.960837,60,80,0.57,20,0.0285,47
3137.364546,60,67,0.24,7,0.034285714,47
3137.151347,59,82,0.65,23,0.02826087,47
3136.549597,54,70,0.58,16,0.03625,47
3134.914335,56,70,0.41,14,0.029285714,47
3134.914335,55,71,0.47,16,0.029375,47
3134.914335,54,72,0.53,18,0.029444444,47
3134.890868,42,58,0.54,16,0.03375,47
3134.428025,67,78,0.3,11,0.027272727,47
3134.069152,34,57,0.85,23,0.036956522,47
3133.894476,66,73,0.2,7,0.028571429,47
3133.748172,55,87,0.9,32,0.028125,47
3133.748172,54,88,0.96,34,0.028235294,47
3133.401659,55,85,0.85,30,0.028333333,47
3133.401659,54,86,0.91,32,0.0284375,47
3132.843058,54,71,0.61,17,0.035882353,47
3132.56413,59,92,0.68,33,0.020606061,47
3131.72578,54,73,0.55,19,0.028947368,47
3130.892716,64,75,0.32,11,0.029090909,47
3130.731898,59,66,0.25,7,0.035714286,47
3130.731898,52,74,0.78,22,0.035454545,47
3130.682942,51,79,0.94,28,0.033571429,47
3130.494725,56,85,0.82,29,0.028275862,47
3129.712587,66,80,0.38,14,0.027142857,47
3129.041801,52,83,0.86,31,0.027741935,47
3129.041801,51,84,0.92,33,0.027878788,47
3128.655528,70,86,0.29,16,0.018125,47
3128.451272,73,74,0.02,1,0.02,47
3128.451272,72,75,0.06,3,0.02,47
3128.451272,71,76,0.1,5,0.02,47
3128.369676,53,72,0.68,19,0.035789474,47
3128.188884,55,74,0.64,19,0.033684211,47
3128.188884,54,75,0.71,21,0.033809524,47
3127.443548,59,69,0.34,10,0.034,47
3126.837132,56,85,0.79,29,0.027241379,47
3126.519211,55,72,0.58,17,0.034117647,47
3125.954806,46,61,0.39,15,0.026,47
3125.73053,57,84,0.77,27,0.028518519,47
3125.73053,56,85,0.83,29,0.02862069,47
3125.633183,43,62,0.6,19,0.031578947,47
3125.548534,53,82,0.86,29,0.029655172,47
3125.018762,33,96,0.12,63,0.001904762,47
3124.823494,59,87,0.77,28,0.0275,47
3123.829212,54,89,0.98,35,0.028,47
3123.557313,41,59,0.6,18,0.033333333,47
3123.433657,51,82,0.93,31,0.03,47
3123.04872,54,89,0.97,35,0.027714286,47
3122.20863,60,85,0.71,25,0.0284,47
3122.197655,69,76,0.19,7,0.027142857,47
3122.197655,63,83,0.54,20,0.027,47
3122.197655,61,85,0.65,24,0.027083333,47
3122.123073,65,80,0.42,15,0.028,47
3122.009403,57,90,0.92,33,0.027878788,47
3122.009403,56,91,0.98,35,0.028,47
3121.863395,62,83,0.59,21,0.028095238,47
3121.790189,48,80,0.95,32,0.0296875,47
3120.991234,60,85,0.7,25,0.028,47
3120.410583,61,84,0.65,23,0.02826087,47
3120.376917,69,75,0.17,6,0.028333333,47
3120.22624,55,80,0.69,25,0.0276,47
3120.023614,53,74,0.72,21,0.034285714,47
3120.023614,52,75,0.79,23,0.034347826,47
3119.540635,46,56,0.33,10,0.033,47
3118.767306,41,64,0.73,23,0.03173913,47
3118.162225,66,91,0.45,25,0.018,47
3117.605547,53,74,0.61,21,0.029047619,47
3117.39328,60,80,0.56,20,0.028,47
3117.39328,59,81,0.62,22,0.028181818,47
3117.39328,56,85,0.81,29,0.027931034,47
3116.814288,64,81,0.47,17,0.027647059,47
3116.026098,47,56,0.29,9,0.032222222,47
3115.384654,53,81,0.79,28,0.028214286,47
3114.269166,58,83,0.71,25,0.0284,47
3113.40117,62,63,0.03,1,0.03,47
3113.40117,61,64,0.09,3,0.03,47
3113.40117,60,65,0.15,5,0.03,47
3113.40117,59,66,0.21,7,0.03,47
3113.295407,55,87,0.91,32,0.0284375,47
3112.551783,57,85,0.78,28,0.027857143,47
3111.809214,64,82,0.49,18,0.027222222,47
3111.473839,57,91,0.92,34,0.027058824,47
3110.674527,68,77,0.25,9,0.027777778,47
3110.674527,65,81,0.44,16,0.0275,47
3110.674527,63,83,0.55,20,0.0275,47
3110.221959,65,67,0.06,2,0.03,47
3110.221959,64,68,0.12,4,0.03,47
3110.221959,63,69,0.18,6,0.03,47
3109.825048,53,74,0.62,21,0.02952381,47
3109.572875,59,91,0.68,32,0.02125,47
3109.572875,57,94,0.78,37,0.021081081,47
3108.455324,54,90,0.98,36,0.027222222,47
3107.984941,56,91,0.96,35,0.027428571,47
3107.708709,67,90,0.41,23,0.017826087,47
3106.871718,42,65,0.6,23,0.026086957,47
3106.356548,54,90,0.99,36,0.0275,47
3106.270589,41,62,0.69,21,0.032857143,47
3106.162386,51,76,0.86,25,0.0344,47
3105.338889,65,69,0.11,4,0.0275,47
3105.338889,63,71,0.22,8,0.0275,47
3105.305222,54,91,0.94,37,0.025405405,47
3105.227324,57,84,0.75,27,0.027777778,47
3104.990055,64,93,0.52,29,0.017931034,47
3103.794367,52,84,0.88,32,0.0275,47
3103.794367,51,85,0.94,34,0.027647059,47
3103.742496,51,80,0.97,29,0.033448276,47
3103.279284,61,79,0.51,18,0.028333333,47
3103.045266,62,78,0.45,16,0.028125,47
3103.036195,51,80,0.96,29,0.033103448,47
3102.901751,52,83,0.92,31,0.029677419,47
3102.770296,55,86,0.87,31,0.028064516,47
3102.007654,43,65,0.57,22,0.025909091,47
3101.703026,56,74,0.6,18,0.033333333,47
3101.599107,52,75,0.68,23,0.029565217,47
3100.097072,52,82,0.85,30,0.028333333,47
3099.912226,61,80,0.53,19,0.027894737,47
3099.505865,60,80,0.58,20,0.029,47
3098.587529,56,92,0.98,36,0.027222222,47
3098.112078,40,62,0.73,22,0.033181818,47
3097.464082,51,77,0.88,26,0.033846154,47
3097.359892,50,85,0.98,35,0.028,47
3097.324399,65,91,0.47,26,0.018076923,47
3096.822215,68,87,0.34,19,0.017894737,47
3096.52544,50,78,0.95,28,0.033928571,47
3095.45141,48,55,0.23,7,0.032857143,47
3094.875861,62,77,0.4,15,0.026666667,47
3093.872963,55,88,0.91,33,0.027575758,47
3093.360398,67,78,0.23,11,0.020909091,47
3092.609936,54,88,0.94,34,0.027647059,47
3092.101307,60,90,0.63,30,0.021,47
3091.892467,58,88,0.85,30,0.028333333,47
3091.762668,56,79,0.63,23,0.027391304,47
3091.5852,58,76,0.5,18,0.027777778,47
3091.357779,53,75,0.75,22,0.034090909,47
3091.000087,46,54,0.27,8,0.03375,47
3090.517999,55,96,0.86,41,0.02097561,47
3089.948604,54,97,0.91,43,0.021162791,47
3089.490135,57,84,0.76,27,0.028148148,47
3089.465792,57,77,0.56,20,0.028,47
3089.465792,54,80,0.73,26,0.028076923,47
3089.465792,54,81,0.75,27,0.027777778,47
3089.465792,53,82,0.81,29,0.027931034,47
3088.73521,62,73,0.3,11,0.027272727,47
3088.73521,60,75,0.41,15,0.027333333,47
3088.73521,58,77,0.52,19,0.027368421,47
3088.339535,57,95,0.79,38,0.020789474,47
3088.301199,50,77,0.93,27,0.034444444,47
3087.384358,52,83,0.87,31,0.028064516,47
3087.278315,59,70,0.37,11,0.033636364,47
3086.725068,56,95,0.83,39,0.021282051,47
3086.137571,65,75,0.28,10,0.028,47
3086.137571,59,82,0.64,23,0.027826087,47
3086.137571,58,84,0.72,26,0.027692308,47
3086.120111,73,82,0.16,9,0.017777778,47
3085.472775,59,68,0.31,9,0.034444444,47
3084.813734,42,57,0.51,15,0.034,47
3084.665997,58,70,0.25,12,0.020833333,47
3084.324045,63,82,0.42,19,0.022105263,47
3083.188554,53,73,0.6,20,0.03,47
3083.111064,42,66,0.62,24,0.025833333,47
3082.961074,58,92,0.73,34,0.021470588,47
3082.579743,58,92,0.72,34,0.021176471,47
3082.313657,47,52,0.17,5,0.034,47
3082.262205,52,76,0.82,24,0.034166667,47
3081.869663,54,88,0.97,34,0.028529412,47
3081.74509,60,73,0.37,13,0.028461538,47
3081.725561,56,78,0.62,22,0.028181818,47
3080.428089,64,74,0.27,10,0.027,47
3080.428089,60,79,0.51,19,0.026842105,47
3079.851639,39,52,0.47,13,0.036153846,47
3079.388783,55,89,0.92,34,0.027058824,47
3078.191465,33,58,0.93,25,0.0372,47
3077.960559,52,84,0.94,32,0.029375,47
3077.907336,56,92,0.99,36,0.0275,47
3077.322261,58,93,0.72,35,0.020571429,47
3077.239496,59,81,0.61,22,0.027727273,47
3077.15263,58,90,0.86,32,0.026875,47
3076.989765,52,85,0.89,33,0.026969697,47
3076.349379,45,61,0.42,16,0.02625,47
3076.279534,36,54,0.67,18,0.037222222,47
3075.762945,58,88,0.83,30,0.027666667,47
3075.686407,53,85,0.94,32,0.029375,47
3075.571169,56,80,0.65,24,0.027083333,47
3075.571169,54,82,0.76,28,0.027142857,47
3074.355829,55,71,0.48,16,0.03,47
3074.355829,54,72,0.54,18,0.03,47
3074.294469,53,80,0.78,27,0.028888889,47
3074.167001,70,74,0.11,4,0.0275,47
3074.167001,65,80,0.41,15,0.027333333,47
3074.167001,63,82,0.52,19,0.027368421,47
3074.089802,62,79,0.47,17,0.027647059,47
3074.089802,59,83,0.66,24,0.0275,47
3074.089802,57,85,0.77,28,0.0275,47
3074.089802,57,86,0.79,29,0.027241379,47
3074.089802,56,86,0.83,30,0.027666667,47
3074.089802,56,87,0.85,31,0.027419355,47
3074.089802,55,88,0.9,33,0.027272727,47
3074.089802,54,89,0.96,35,0.027428571,47
3072.876546,49,79,0.89,30,0.029666667,47
3072.807537,57,69,0.42,12,0.035,47
3072.807537,56,70,0.49,14,0.035,47
3072.496684,61,84,0.64,23,0.027826087,47
3072.449756,54,88,0.95,34,0.027941176,47
3071.937602,58,89,0.85,31,0.027419355,47
3071.723232,57,79,0.6,22,0.027272727,47
3071.656643,58,83,0.7,25,0.028,47
3071.656643,55,87,0.89,32,0.0278125,47
3071.378486,56,77,0.6,21,0.028571429,47
3070.867185,54,73,0.66,19,0.034736842,47
3070.867185,53,74,0.73,21,0.034761905,47
3070.867185,52,75,0.8,23,0.034782609,47
3069.954749,65,74,0.26,9,0.028888889,47
3069.203479,43,56,0.44,13,0.033846154,47
3068.972786,67,83,0.31,16,0.019375,47
3068.820433,54,87,0.9,33,0.027272727,47
3068.820433,53,89,0.97,36,0.026944444,47
3068.792858,64,94,0.54,30,0.018,47
3068.573761,34,55,0.79,21,0.037619048,47
3068.413569,55,72,0.49,17,0.028823529,47
3067.912991,68,75,0.2,7,0.028571429,47
3067.912991,64,79,0.43,15,0.028666667,47
3067.805298,57,84,0.62,27,0.022962963,47
3067.573573,64,80,0.45,16,0.028125,47
3067.527536,52,81,0.85,29,0.029310345,47
3066.942238,55,81,0.71,26,0.027307692,47
3066.942238,53,83,0.82,30,0.027333333,47
3066.604649,54,76,0.74,22,0.033636364,47
3066.145242,63,81,0.51,18,0.028333333,47
3066.145242,60,84,0.68,24,0.028333333,47
3065.17868,69,73,0.11,4,0.0275,47
3065.153379,57,91,0.89,34,0.026176471,47
3064.494242,58,89,0.81,31,0.026129032,47
3064.274042,58,93,0.74,35,0.021142857,47
3064.274042,56,96,0.84,40,0.021,47
3063.209558,64,86,0.46,22,0.020909091,47
3062.947517,61,85,0.67,24,0.027916667,47
3062.90707,53,88,0.96,35,0.027428571,47
3062.385584,55,87,0.88,32,0.0275,47
3062.133992,56,93,0.95,37,0.025675676,47
3061.864695,51,87,0.96,36,0.026666667,47
3061.599382,51,77,0.89,26,0.034230769,47
3061.599382,50,78,0.96,28,0.034285714,47
3061.521272,64,81,0.48,17,0.028235294,47
3060.932233,58,68,0.35,10,0.035,47
3060.672459,48,80,0.94,32,0.029375,47
3060.377681,66,78,0.34,12,0.028333333,47
3059.276163,62,83,0.58,21,0.027619048,47
3059.055878,47,57,0.32,10,0.032,47
3059.032393,63,80,0.36,17,0.021176471,47
3059.032393,60,83,0.49,23,0.021304348,47
3058.719395,67,75,0.22,8,0.0275,47
3058.719395,65,77,0.33,12,0.0275,47
3058.379941,53,98,0.96,45,0.021333333,47
3057.996045,55,76,0.7,21,0.033333333,47
3057.469828,52,85,0.9,33,0.027272727,47
3057.469828,51,86,0.96,35,0.027428571,47
3057.078078,68,79,0.22,11,0.02,47
3057.023894,70,74,0.09,4,0.0225,47
3057.023894,68,76,0.18,8,0.0225,47
3056.960639,36,58,0.79,22,0.035909091,47
3056.64064,66,84,0.35,18,0.019444444,47
3055.681864,59,87,0.79,28,0.028214286,47
3055.602281,58,73,0.5,15,0.033333333,47
3055.052662,62,69,0.24,7,0.034285714,47
3054.844998,69,77,0.21,8,0.02625,47
3054.844998,62,85,0.6,23,0.026086957,47
3054.611482,51,86,0.95,35,0.027142857,47
3054.569159,39,66,0.87,27,0.032222222,47
3054.039179,57,75,0.53,18,0.029444444,47
3053.511952,56,86,0.85,30,0.028333333,47
3053.496002,55,77,0.66,22,0.03,47
3052.946317,65,92,0.49,27,0.018148148,47
3052.759986,56,76,0.59,20,0.0295,47
3052.759986,55,77,0.65,22,0.029545455,47
3052.455252,50,79,0.99,29,0.034137931,47
3052.435025,62,82,0.42,20,0.021,47
3052.403231,55,84,0.82,29,0.028275862,47
3052.198897,53,79,0.86,26,0.033076923,47
3052.198897,52,80,0.93,28,0.033214286,47
3052.137992,55,72,0.6,17,0.035294118,47
3051.736298,54,78,0.72,24,0.03,47
3051.709227,64,82,0.5,18,0.027777778,47
3051.709227,62,84,0.61,22,0.027727273,47
3051.709227,59,88,0.8,29,0.027586207,47
3051.709227,58,89,0.86,31,0.027741935,47
3051.705784,45,61,0.5,16,0.03125,47
3051.33154,68,78,0.27,10,0.027,47
3051.233709,38,51,0.49,13,0.037692308,47
3051.082682,60,74,0.39,14,0.027857143,47
3050.110843,67,82,0.32,15,0.021333333,47
3049.572913,62,85,0.62,23,0.026956522,47
3048.635156,53,89,0.98,36,0.027222222,47
3048.406801,58,90,0.83,32,0.0259375,47
3047.776722,58,69,0.38,11,0.034545455,47
3047.105883,60,86,0.73,26,0.028076923,47
3046.917052,56,85,0.67,29,0.023103448,47
3046.752092,62,70,0.24,8,0.03,47
3046.752092,61,71,0.3,10,0.03,47
3046.545144,56,89,0.94,33,0.028484848,47
3046.062214,42,67,0.64,25,0.0256,47
3045.547387,40,48,0.3,8,0.0375,47
3045.315939,42,60,0.6,18,0.033333333,47
3045.290588,55,71,0.57,16,0.035625,47
3045.290588,52,74,0.79,22,0.035909091,47
3045.089359,52,83,0.91,31,0.029354839,47
3044.547244,55,87,0.73,32,0.0228125,47
3044.520325,56,87,0.8,31,0.025806452,47
3044.520325,55,89,0.87,34,0.025588235,47
3044.214176,67,77,0.28,10,0.028,47
3043.829155,57,69,0.35,12,0.029166667,47
3043.671167,54,80,0.77,26,0.029615385,47
3043.348434,57,78,0.58,21,0.027619048,47
3043.14956,51,82,0.92,31,0.029677419,47
3043.130268,50,83,0.98,33,0.02969697,47
3042.868867,39,68,0.97,29,0.033448276,47
3042.19056,60,87,0.74,27,0.027407407,47
3041.950484,56,86,0.8,30,0.026666667,47
3041.901092,55,87,0.86,32,0.026875,47
3041.901092,53,90,0.99,37,0.026756757,47
3041.56394,50,83,0.99,33,0.03,47
3041.520671,67,80,0.26,13,0.02,47
3041.520671,66,81,0.3,15,0.02,47
3041.520671,65,82,0.34,17,0.02,47
3041.426097,54,82,0.77,28,0.0275,47
3041.399364,52,81,0.84,29,0.028965517,47
3041.293672,51,79,0.95,28,0.033928571,47
3041.019536,53,73,0.72,20,0.036,47
3040.418185,64,93,0.51,29,0.017586207,47
3039.839867,56,87,0.86,31,0.027741935,47
3039.156397,54,77,0.77,23,0.033478261,47
3038.405113,60,85,0.69,25,0.0276,47
3038.405113,57,89,0.88,32,0.0275,47
3038.136488,62,64,0.07,2,0.035,47
3038.136488,61,65,0.14,4,0.035,47
3038.136488,60,66,0.21,6,0.035,47
3038.136488,59,67,0.28,8,0.035,47
3037.919356,65,78,0.37,13,0.028461538,47
3037.567127,63,81,0.5,18,0.027777778,47
3037.327337,54,89,0.99,35,0.028285714,47
3036.998903,38,53,0.55,15,0.036666667,47
3036.964111,51,76,0.75,25,0.03,47
3036.964111,50,77,0.81,27,0.03,47
3036.964111,50,78,0.83,28,0.029642857,47
3036.936774,60,67,0.25,7,0.035714286,47
3036.690772,53,83,0.83,30,0.027666667,47
3036.594379,43,59,0.53,16,0.033125,47
3036.529146,56,84,0.78,28,0.027857143,47
3036.529146,54,87,0.91,33,0.027575758,47
3036.433144,54,75,0.72,21,0.034285714,47
3036.433144,53,76,0.79,23,0.034347826,47
3036.181618,55,71,0.56,16,0.035,47
3036.181618,50,77,0.94,27,0.034814815,47
3036.156582,54,74,0.7,20,0.035,47
3035.884985,54,90,0.92,36,0.025555556,47
3035.884985,53,91,0.97,38,0.025526316,47
3035.884985,53,92,0.99,39,0.025384615,47
3035.720121,59,75,0.45,16,0.028125,47
3035.465463,57,71,0.4,14,0.028571429,47
3035.298355,52,79,0.91,27,0.033703704,47
3035.298355,51,80,0.98,29,0.033793103,47
3035.188848,65,79,0.39,14,0.027857143,47
3035.086713,50,84,0.97,34,0.028529412,47
3034.978267,65,66,0.03,1,0.03,47
3034.702556,51,82,0.91,31,0.029354839,47
3034.702556,50,83,0.97,33,0.029393939,47
3034.453178,52,75,0.81,23,0.035217391,47
3034.263664,51,76,0.87,25,0.0348,47
3033.904499,61,69,0.27,8,0.03375,47
3033.875685,57,93,0.77,36,0.021388889,47
3033.875685,55,96,0.87,41,0.021219512,47
3033.802449,55,80,0.7,25,0.028,47
3033.440465,54,85,0.88,31,0.028387097,47
3033.355577,54,88,0.92,34,0.027058824,47
3033.186948,51,77,0.9,26,0.034615385,47
3033.057237,62,72,0.28,10,0.028,47
3032.962962,63,87,0.5,24,0.020833333,47
3032.945759,52,74,0.67,22,0.030454545,47
3032.687386,58,71,0.44,13,0.033846154,47
3032.622924,55,86,0.85,31,0.027419355,47
3032.43743,55,87,0.85,32,0.0265625,47
3032.390684,62,80,0.5,18,0.027777778,47
3032.257887,66,75,0.25,9,0.027777778,47
3031.918123,54,69,0.55,15,0.036666667,47
3031.681274,57,70,0.46,13,0.035384615,47
3031.681274,56,71,0.53,15,0.035333333,47
3031.443252,40,61,0.7,21,0.033333333,47
3031.237875,54,72,0.63,18,0.035,47
3031.23744,57,78,0.62,21,0.02952381,47
3031.23744,56,79,0.68,23,0.029565217,47
3031.21227,54,76,0.75,22,0.034090909,47
3031.141194,61,74,0.36,13,0.027692308,47
3031.121975,59,76,0.47,17,0.027647059,47
3031.121975,58,77,0.53,19,0.027894737,47
3031.121975,56,79,0.64,23,0.027826087,47
3031.121975,56,80,0.66,24,0.0275,47
3031.121975,55,81,0.72,26,0.027692308,47
3030.48355,64,87,0.44,23,0.019130435,47
3030.215449,53,90,0.98,37,0.026486486,47
3030.194262,53,88,0.97,35,0.027714286,47
3030.007925,55,85,0.82,30,0.027333333,47
3029.72064,51,78,0.92,27,0.034074074,47
3029.578257,52,71,0.71,19,0.037368421,47
3029.458239,57,69,0.43,12,0.035833333,47
3029.227934,60,79,0.52,19,0.027368421,47
3029.118512,39,63,0.8,24,0.033333333,47
3028.749826,35,54,0.71,19,0.037368421,47
3028.652559,55,95,0.86,40,0.0215,47
3028.434365,55,83,0.81,28,0.028928571,47
3028.434365,54,84,0.87,30,0.029,47
3028.348217,59,78,0.55,19,0.028947368,47
3028.077399,49,79,0.9,30,0.03,47
3028.077399,48,80,0.96,32,0.03,47
3028.029269,53,86,0.94,33,0.028484848,47
3027.248767,50,77,0.96,27,0.035555556,47
3026.876098,57,85,0.75,28,0.026785714,47
3026.845164,64,80,0.43,16,0.026875,47
3026.715074,56,95,0.81,39,0.020769231,47
3026.645065,69,74,0.14,5,0.028,47
3026.52077,67,80,0.33,13,0.025384615,47
3026.411962,41,59,0.61,18,0.033888889,47
3026.402182,52,84,0.89,32,0.0278125,47
3026.233362,52,77,0.86,25,0.0344,47
3026.233362,51,78,0.93,27,0.034444444,47
3026.1022,57,91,0.88,34,0.025882353,47
3025.994223,50,74,0.89,24,0.037083333,47
3025.968679,61,90,0.59,29,0.020344828,47
3025.941324,57,83,0.69,26,0.026538462,47
3025.909281,51,78,0.94,27,0.034814815,47
3025.467734,59,87,0.74,28,0.026428571,47
3025.280394,40,51,0.4,11,0.036363636,47
3024.737926,55,79,0.71,24,0.029583333,47
3024.683781,60,91,0.64,31,0.020645161,47
3024.658062,56,87,0.82,31,0.026451613,47
3024.498197,54,73,0.67,19,0.035263158,47
3024.397904,63,78,0.42,15,0.028,47
3024.397904,60,82,0.61,22,0.027727273,47
3024.397904,59,83,0.67,24,0.027916667,47
3024.39693,45,52,0.24,7,0.034285714,47
3024.275065,66,77,0.31,11,0.028181818,47
3023.96361,52,76,0.85,24,0.035416667,47
3023.876898,54,90,0.95,36,0.026388889,47
3023.763649,60,87,0.55,27,0.02037037,47
3023.628603,58,87,0.78,29,0.026896552,47
3023.539839,54,75,0.73,21,0.034761905,47
3023.539839,53,76,0.8,23,0.034782609,47
3023.539839,52,77,0.87,25,0.0348,47
3023.51367,57,72,0.51,15,0.034,47
3023.51367,56,73,0.58,17,0.034117647,47
3023.51367,55,74,0.65,19,0.034210526,47
3023.51367,53,77,0.81,24,0.03375,47
3023.51367,52,78,0.88,26,0.033846154,47
3023.331018,55,93,0.99,38,0.026052632,47
3023.276431,40,67,0.84,27,0.031111111,47
3022.342429,66,80,0.37,14,0.026428571,47
3021.769665,67,73,0.17,6,0.028333333,47
3021.388492,58,72,0.47,14,0.033571429,47
3021.217012,54,91,0.99,37,0.026756757,47
3021.019202,63,76,0.35,13,0.026923077,47
3021.019202,61,78,0.46,17,0.027058824,47
3020.976765,58,89,0.83,31,0.026774194,47
3020.501966,50,78,0.97,28,0.034642857,47
3020.284247,54,88,0.78,34,0.022941176,47
3020.223149,56,84,0.74,28,0.026428571,47
3020.177749,57,84,0.78,27,0.028888889,47
3019.907382,54,83,0.78,29,0.026896552,47
3019.573018,51,76,0.89,25,0.0356,47
3019.484843,58,68,0.29,10,0.029,47
3019.427987,69,80,0.21,11,0.019090909,47
3019.002324,64,76,0.34,12,0.028333333,47
3018.624628,67,76,0.19,9,0.021111111,47
3018.574792,51,83,0.93,32,0.0290625,47
3018.307261,59,88,0.77,29,0.026551724,47
3018.307261,56,92,0.95,36,0.026388889,47
3018.244943,56,71,0.52,15,0.034666667,47
3018.244943,55,72,0.59,17,0.034705882,47
3018.052105,63,83,0.41,20,0.0205,47
3018.047906,56,72,0.57,16,0.035625,47
3017.843536,57,90,0.93,33,0.028181818,47
3017.55277,57,65,0.3,8,0.0375,47
3017.328266,56,88,0.82,32,0.025625,47
3017.318705,56,82,0.75,26,0.028846154,47
3016.652439,40,65,0.8,25,0.032,47
3016.594918,57,89,0.89,32,0.0278125,47
3016.103727,58,89,0.87,31,0.028064516,47
3016.063962,55,90,0.89,35,0.025428571,47
3015.621566,62,85,0.59,23,0.025652174,47
3015.519784,53,88,0.92,35,0.026285714,47
3015.468516,59,68,0.26,9,0.028888889,47
3015.283864,52,76,0.86,24,0.035833333,47
3015.21595,58,71,0.45,13,0.034615385,47
3015.101598,46,60,0.38,14,0.027142857,47
3015.100975,61,82,0.45,21,0.021428571,47
3015.095013,53,90,0.96,37,0.025945946,47
3015.043992,45,59,0.45,14,0.032142857,47
3014.943289,56,70,0.5,14,0.035714286,47
3014.878084,55,73,0.64,18,0.035555556,47
3014.878084,53,76,0.81,23,0.035217391,47
3014.134649,45,59,0.44,14,0.031428571,47
3014.072362,64,81,0.37,17,0.021764706,47
3013.922668,60,83,0.6,23,0.026086957,47
3013.922668,58,85,0.71,27,0.026296296,47
3013.922668,57,87,0.78,30,0.026,47
3013.907973,53,70,0.63,17,0.037058824,47
3013.818267,63,94,0.55,31,0.017741935,47
3013.514357,55,80,0.74,25,0.0296,47
3013.270231,42,64,0.69,22,0.031363636,47
3013.025298,63,79,0.42,16,0.02625,47
3012.612973,60,77,0.49,17,0.028823529,47
3012.329196,61,87,0.66,26,0.025384615,47
3012.329196,59,89,0.77,30,0.025666667,47
3012.31538,62,84,0.6,22,0.027272727,47
3012.205723,58,84,0.69,26,0.026538462,47
3012.156798,54,89,0.93,35,0.026571429,47
3012.116852,54,74,0.71,20,0.0355,47
3012.116852,52,77,0.88,25,0.0352,47
3012.116852,51,78,0.95,27,0.035185185,47
3011.758556,56,90,0.95,34,0.027941176,47
3011.733232,39,70,0.8,31,0.025806452,47
3011.713821,55,89,0.89,34,0.026176471,47
3011.713821,54,91,0.96,37,0.025945946,47
3011.643678,67,71,0.11,4,0.0275,47
3011.597213,50,84,0.98,34,0.028823529,47
3011.000815,51,83,0.91,32,0.0284375,47
3010.913281,51,84,0.93,33,0.028181818,47
3010.884543,47,57,0.31,10,0.031,47
3010.81226,64,82,0.48,18,0.026666667,47
3010.610981,45,61,0.48,16,0.03,47
3010.591294,57,70,0.45,13,0.034615385,47
3010.591294,55,73,0.62,18,0.034444444,47
3010.591294,52,76,0.83,24,0.034583333,47
3010.398391,56,89,0.84,33,0.025454545,47
3010.267203,43,61,0.58,18,0.032222222,47
3009.944946,52,82,0.86,30,0.028666667,47
3009.901688,63,79,0.44,16,0.0275,47
3009.872097,61,77,0.47,16,0.029375,47
3009.733024,62,82,0.57,20,0.0285,47
3009.733024,58,86,0.8,28,0.028571429,47
3009.733024,57,88,0.88,31,0.028387097,47
3009.570223,57,92,0.89,35,0.025428571,47
3009.565123,51,78,0.96,27,0.035555556,47
3009.39984,59,86,0.76,27,0.028148148,47
3009.254848,56,91,0.92,35,0.026285714,47
3009.160088,54,75,0.74,21,0.035238095,47
3009.148505,55,86,0.72,31,0.023225806,47
3009.06209,59,89,0.76,30,0.025333333,47
3008.824221,50,78,0.98,28,0.035,47
3008.763263,38,65,0.89,27,0.032962963,47
3008.616005,60,68,0.28,8,0.035,47
3008.557543,57,72,0.52,15,0.034666667,47
3008.304562,69,78,0.18,9,0.02,47
3008.15145,61,86,0.66,25,0.0264,47
3007.997741,59,85,0.74,26,0.028461538,47
3007.997741,58,87,0.82,29,0.028275862,47
3007.897339,70,75,0.14,5,0.028,47
3007.657773,54,88,0.98,34,0.028823529,47
3007.556912,54,78,0.71,24,0.029583333,47
3007.556912,53,79,0.77,26,0.029615385,47
3007.527486,70,77,0.14,7,0.02,47
3007.251506,61,84,0.48,23,0.020869565,47
3007.170987,52,78,0.59,26,0.022692308,47
3006.881999,59,86,0.75,27,0.027777778,47
3006.706014,58,88,0.82,30,0.027333333,47
3006.706014,56,91,0.95,35,0.027142857,47
3006.575644,53,75,0.77,22,0.035,47
3006.575644,52,76,0.84,24,0.035,47
3006.575644,51,77,0.91,26,0.035,47
3006.547901,53,79,0.78,26,0.03,47
3006.547901,52,80,0.84,28,0.03,47
3006.547901,51,81,0.9,30,0.03,47
3006.528834,50,82,0.96,32,0.03,47
3006.476216,51,76,0.88,25,0.0352,47
3006.476216,50,77,0.95,27,0.035185185,47
3006.403925,51,79,0.98,28,0.035,47
3006.228132,50,84,0.99,34,0.029117647,47
3006.055521,59,84,0.54,25,0.0216,47
3005.923648,55,87,0.92,32,0.02875,47
3005.860325,59,69,0.35,10,0.035,47
3005.860325,58,70,0.42,12,0.035,47
3005.860325,57,71,0.49,14,0.035,47
3005.860325,56,72,0.56,16,0.035,47
3005.775894,62,67,0.17,5,0.034,47
3005.389788,59,80,0.56,21,0.026666667,47
3005.387675,53,90,0.97,37,0.026216216,47
3005.315718,51,80,0.65,29,0.022413793,47
3005.257075,50,85,0.99,35,0.028285714,47
3005.063647,40,66,0.82,26,0.031538462,47
3004.88493,70,85,0.27,15,0.018,47
3004.525472,54,69,0.56,15,0.037333333,47
3004.210443,53,74,0.74,21,0.035238095,47
3004.175181,54,86,0.88,32,0.0275,47
3004.023044,53,75,0.78,22,0.035454545,47
3003.423644,60,71,0.33,11,0.03,47
3003.423644,59,72,0.39,13,0.03,47
3003.327726,39,48,0.42,9,0.046666667,47
3003.095432,61,83,0.62,22,0.028181818,47
3003.057417,52,78,0.89,26,0.034230769,47
3003.057417,51,79,0.96,28,0.034285714,47
3003.011261,33,96,0.13,63,0.002063492,47
3002.897312,44,60,0.49,16,0.030625,47
3002.47703,56,73,0.59,17,0.034705882,47
3002.47703,55,74,0.66,19,0.034736842,47
3002.222386,65,73,0.22,8,0.0275,47
3002.172238,56,67,0.41,11,0.037272727,47
3002.13994,63,79,0.46,16,0.02875,47
3002.082895,68,81,0.26,13,0.02,47
3001.996147,51,77,0.93,26,0.035769231,47
3001.899232,60,85,0.52,25,0.0208,47
3001.829246,59,73,0.41,14,0.029285714,47
3001.629809,61,89,0.59,28,0.021071429,47
3001.45028,56,85,0.8,29,0.027586207,47
3001.45028,54,88,0.93,34,0.027352941,47
3001.45028,53,89,0.99,36,0.0275,47
3001.380043,61,87,0.51,26,0.019615385,47
3001.266234,54,79,0.74,25,0.0296,47
3000.96278,52,81,0.86,29,0.029655172,47
3000.875318,53,91,0.86,38,0.022631579,47
3000.468038,57,86,0.8,29,0.027586207,47
3000.462628,57,77,0.59,20,0.0295,47
3000.399477,61,66,0.18,5,0.036,47
3000.321839,55,96,0.88,41,0.021463415,47
3000.276908,42,59,0.57,17,0.033529412,47
3000.265231,35,55,0.75,20,0.0375,47
3000.088089,60,82,0.58,22,0.026363636,47
2999.869563,64,67,0.09,3,0.03,47
2999.869563,63,68,0.15,5,0.03,47
2999.869563,62,69,0.21,7,0.03,47
2999.869563,61,70,0.27,9,0.03,47
2999.85701,59,87,0.58,28,0.020714286,47
2999.831304,54,79,0.72,25,0.0288,47
2999.831304,51,83,0.92,32,0.02875,47
2999.825051,59,67,0.29,8,0.03625,47
2999.814542,52,82,0.89,30,0.029666667,47
2999.814542,51,83,0.95,32,0.0296875,47
2999.68921,55,85,0.8,30,0.026666667,47
2999.583345,54,81,0.8,27,0.02962963,47
2999.331551,65,80,0.31,15,0.020666667,47
2999.255097,60,72,0.35,12,0.029166667,47
2999.255097,58,75,0.49,17,0.028823529,47
2999.255097,57,76,0.55,19,0.028947368,47
2999.255097,56,77,0.61,21,0.029047619,47
2999.255097,55,78,0.67,23,0.029130435,47
2999.137981,51,73,0.82,22,0.037272727,47
2999.066365,53,80,0.8,27,0.02962963,47
2999.006572,63,81,0.38,18,0.021111111,47
2998.83661,55,89,0.93,34,0.027352941,47
2998.763624,53,77,0.82,24,0.034166667,47
2998.630755,60,89,0.63,29,0.021724138,47
2998.516763,50,77,0.97,27,0.035925926,47
2998.431342,59,86,0.72,27,0.026666667,47
2998.431342,57,89,0.85,32,0.0265625,47
2998.431342,56,90,0.9,34,0.026470588,47
2998.431342,55,92,0.97,37,0.026216216,47
2998.297253,56,81,0.67,25,0.0268,47
2998.251024,48,56,0.25,8,0.03125,47
2997.93118,53,84,0.84,31,0.027096774,47
2997.881809,46,59,0.41,13,0.031538462,47
2997.778266,58,70,0.41,12,0.034166667,47
2997.778266,57,71,0.48,14,0.034285714,47
2997.778266,56,72,0.55,16,0.034375,47
2997.724191,34,94,0.11,60,0.001833333,47
2997.587775,57,86,0.75,29,0.025862069,47
2997.587746,61,79,0.5,18,0.027777778,47
2997.587746,57,84,0.74,27,0.027407407,47
2997.587746,55,87,0.87,32,0.0271875,47
2997.185161,33,58,0.94,25,0.0376,47
2997.121079,57,73,0.33,16,0.020625,47
2997.077163,55,72,0.61,17,0.035882353,47
2996.927112,67,78,0.29,11,0.026363636,47
2996.813378,62,81,0.49,19,0.025789474,47
2996.764406,53,89,0.96,36,0.026666667,47
2996.514502,59,84,0.68,25,0.0272,47
2996.514502,58,85,0.74,27,0.027407407,47
2996.199935,54,81,0.79,27,0.029259259,47
2996.199935,53,82,0.85,29,0.029310345,47
2996.199935,51,85,0.99,34,0.029117647,47
2996.084516,53,81,0.81,28,0.028928571,47
2996.084516,52,82,0.87,30,0.029,47
2996.066696,65,80,0.4,15,0.026666667,47
2996.066696,62,84,0.58,22,0.026363636,47
2996.066696,60,86,0.69,26,0.026538462,47
2996.066696,60,87,0.71,27,0.026296296,47
2996.066696,59,88,0.76,29,0.026206897,47
2996.066696,57,90,0.87,33,0.026363636,47
2996.022198,64,78,0.39,14,0.027857143,47
2995.936707,63,77,0.39,14,0.027857143,47
2995.782462,56,93,0.82,37,0.022162162,47
2995.759966,55,73,0.63,18,0.035,47
2995.340059,62,81,0.41,19,0.021578947,47
2995.114694,43,61,0.57,18,0.031666667,47
2995.024066,39,54,0.55,15,0.036666667,47
2994.938247,58,83,0.68,25,0.0272,47
2994.649858,57,72,0.53,15,0.035333333,47
2994.649858,56,73,0.6,17,0.035294118,47
2994.415373,58,87,0.81,29,0.027931034,47
2994.366287,52,86,0.98,34,0.028823529,47
2994.237911,61,77,0.44,16,0.0275,47
2994.173627,56,76,0.6,20,0.03,47
2993.92866,54,73,0.68,19,0.035789474,47
2993.654259,55,78,0.68,23,0.029565217,47
2993.140799,55,79,0.68,24,0.028333333,47
2993.126601,33,57,0.89,24,0.037083333,47
2992.946397,55,75,0.7,20,0.035,47
2992.946397,54,76,0.77,22,0.035,47
2992.828248,50,74,0.88,24,0.036666667,47
2992.811841,56,92,0.94,36,0.026111111,47
2992.777807,63,79,0.35,16,0.021875,47
2992.748513,54,74,0.69,20,0.0345,47
2992.748513,53,75,0.76,22,0.034545455,47
2992.743282,51,73,0.81,22,0.036818182,47
2992.648132,54,79,0.73,25,0.0292,47
2992.633039,60,78,0.53,18,0.029444444,47
2992.633039,59,79,0.59,20,0.0295,47
2992.633039,58,80,0.65,22,0.029545455,47
2992.633039,56,83,0.79,27,0.029259259,47
2992.633039,55,84,0.85,29,0.029310345,47
2992.073882,56,88,0.83,32,0.0259375,47
2992.073882,55,90,0.9,35,0.025714286,47
2992.069803,62,82,0.56,20,0.028,47
2992.065485,58,89,0.82,31,0.026451613,47
2992.065485,56,91,0.93,35,0.026571429,47
2991.955798,58,85,0.7,27,0.025925926,47
2991.756532,61,83,0.61,22,0.027727273,47
2991.741997,58,74,0.47,16,0.029375,47
2991.648058,62,71,0.26,9,0.028888889,47
2991.573089,54,72,0.65,18,0.036111111,47
2991.503823,52,78,0.91,26,0.035,47
2991.381138,70,79,0.18,9,0.02,47
2991.381138,69,80,0.22,11,0.02,47
2991.35761,40,60,0.68,20,0.034,47
2991.241013,58,81,0.61,23,0.026521739,47
2991.182809,57,87,0.77,30,0.025666667,47
2991.069437,56,78,0.64,22,0.029090909,47
2990.862525,51,80,0.99,29,0.034137931,47
2990.754785,53,78,0.84,25,0.0336,47
2990.712943,58,68,0.36,10,0.036,47
2990.701783,57,85,0.74,28,0.026428571,47
2990.701783,56,87,0.81,31,0.026129032,47
2990.701783,55,88,0.86,33,0.026060606,47
2990.701783,55,88,0.87,33,0.026363636,47
2990.701783,54,89,0.92,35,0.026285714,47
2990.701783,54,90,0.93,36,0.025833333,47
2990.316877,56,71,0.54,15,0.036,47
2990.200447,57,74,0.57,17,0.033529412,47
2989.997271,68,76,0.22,8,0.0275,47
2989.929108,59,84,0.65,25,0.026,47
2989.929108,58,86,0.72,28,0.025714286,47
2989.929108,57,86,0.76,29,0.026206897,47
2989.929108,55,89,0.88,34,0.025882353,47
2989.929108,54,91,0.95,37,0.025675676,47
2989.88786,61,81,0.44,20,0.022,47
2989.8722,57,74,0.51,17,0.03,47
2989.799653,52,87,0.94,35,0.026857143,47
2989.75734,55,79,0.69,24,0.02875,47
2989.723668,61,86,0.68,25,0.0272,47
2989.704131,53,73,0.71,20,0.0355,47
2989.298635,62,76,0.41,14,0.029285714,47
2988.558344,60,78,0.5,18,0.027777778,47
2988.557804,59,80,0.57,21,0.027142857,47
2988.52646,56,78,0.65,22,0.029545455,47
2988.509408,53,91,0.99,38,0.026052632,47
2988.504217,54,80,0.75,26,0.028846154,47
2988.48526,53,82,0.83,29,0.02862069,47
2988.48526,52,83,0.89,31,0.028709677,47
2988.48526,51,84,0.95,33,0.028787879,47
2988.336516,52,87,0.93,35,0.026571429,47
2988.036097,51,83,0.94,32,0.029375,47
2987.870658,55,92,0.98,37,0.026486486,47
2987.73728,54,90,0.94,36,0.026111111,47
2987.653832,61,67,0.21,6,0.035,47
2987.535858,59,74,0.43,15,0.028666667,47
2987.516907,54,80,0.74,26,0.028461538,47
2987.516907,53,81,0.8,28,0.028571429,47
2987.427827,64,82,0.47,18,0.026111111,47
2987.427827,61,85,0.63,24,0.02625,47
2987.305168,58,81,0.63,23,0.027391304,47
2987.305168,56,83,0.74,27,0.027407407,47
2987.28296,52,78,0.9,26,0.034615385,47
2987.28296,51,79,0.97,28,0.034642857,47
2987.155835,67,88,0.38,21,0.018095238,47
2986.941936,60,72,0.36,12,0.03,47
2986.941936,59,73,0.42,14,0.03,47
2986.941936,58,74,0.48,16,0.03,47
2986.900899,57,93,0.79,36,0.021944444,47
2986.581336,55,85,0.79,30,0.026333333,47
2986.579061,57,75,0.54,18,0.03,47
2986.518467,64,80,0.33,16,0.020625,47
2986.277139,53,84,0.94,31,0.030322581,47
2986.259215,54,88,0.91,34,0.026764706,47
2986.085319,64,79,0.32,15,0.021333333,47
2985.964819,56,88,0.86,32,0.026875,47
2985.664674,56,93,0.98,37,0.026486486,47
2985.628714,51,84,0.94,33,0.028484848,47
2985.567707,63,70,0.2,7,0.028571429,47
2984.98308,67,82,0.3,15,0.02,47
2984.98308,66,83,0.34,17,0.02,47
2984.98308,65,84,0.38,19,0.02,47
2984.847856,44,47,0.11,3,0.036666667,47
2984.795744,53,85,0.93,32,0.0290625,47
2984.795744,52,86,0.99,34,0.029117647,47
2984.016405,64,83,0.49,19,0.025789474,47
2983.709036,53,76,0.78,23,0.033913043,47
2983.626741,58,72,0.49,14,0.035,47
2983.458958,60,81,0.58,21,0.027619048,47
2983.458958,60,82,0.6,22,0.027272727,47
2983.423963,51,84,0.97,33,0.029393939,47
2982.951906,54,83,0.79,29,0.027241379,47
2982.662176,56,77,0.62,21,0.02952381,47
2982.662176,55,79,0.7,24,0.029166667,47
2982.662176,54,80,0.76,26,0.029230769,47
2982.636616,68,73,0.14,5,0.028,47
2982.571819,53,80,0.79,27,0.029259259,47
2982.361634,66,77,0.23,11,0.020909091,47
2982.252288,54,72,0.64,18,0.035555556,47
2982.184141,47,58,0.34,11,0.030909091,47
2982.091176,66,78,0.27,12,0.0225,47
2982.033578,53,81,0.83,28,0.029642857,47
2982.010227,52,53,0.03,1,0.03,47
2982.010227,51,54,0.09,3,0.03,47
2982.010227,50,55,0.15,5,0.03,47
2982.010227,49,56,0.21,7,0.03,47
2981.877211,58,89,0.84,31,0.027096774,47
2981.568506,64,83,0.39,19,0.020526316,47
2981.562569,60,69,0.31,9,0.034444444,47
2981.562569,59,70,0.38,11,0.034545455,47
2981.242488,71,75,0.11,4,0.0275,47
2981.242488,69,77,0.22,8,0.0275,47
2981.242488,67,79,0.33,12,0.0275,47
2981.242488,64,83,0.52,19,0.027368421,47
2981.096458,63,72,0.25,9,0.027777778,47
2981.093237,65,80,0.32,15,0.021333333,47
2981.027082,67,79,0.31,12,0.025833333,47
2981.010605,61,79,0.52,18,0.028888889,47
2980.984924,63,86,0.45,23,0.019565217,47
2980.980659,62,87,0.49,25,0.0196,47
2980.900965,61,72,0.32,11,0.029090909,47
2980.592394,57,82,0.68,25,0.0272,47
2980.475503,53,81,0.82,28,0.029285714,47
2980.475503,52,82,0.88,30,0.029333333,47
2980.280695,65,85,0.39,20,0.0195,47
2980.280695,64,86,0.43,22,0.019545455,47
2980.280695,63,87,0.47,24,0.019583333,47
2980.161019,52,86,0.91,34,0.026764706,47
2980.161019,51,87,0.97,36,0.026944444,47
2980.046582,52,78,0.6,26,0.023076923,47
2980.008982,52,77,0.85,25,0.034,47
2979.957584,58,76,0.51,18,0.028333333,47
2979.496989,50,78,0.99,28,0.035357143,47
2979.302155,45,55,0.34,10,0.034,47
2979.009878,59,63,0.15,4,0.0375,47
2978.808052,54,86,0.87,32,0.0271875,47
2978.473606,55,97,0.89,42,0.021190476,47
2978.313038,64,81,0.46,17,0.027058824,47
2978.313038,62,83,0.57,21,0.027142857,47
2978.313038,62,84,0.59,22,0.026818182,47
2978.313038,60,86,0.7,26,0.026923077,47
2978.313038,59,87,0.76,28,0.027142857,47
2978.254502,45,60,0.45,15,0.03,47
2978.074073,57,82,0.69,25,0.0276,47
2978.074014,57,77,0.57,20,0.0285,47
2978.074014,56,78,0.63,22,0.028636364,47
2978.055121,54,81,0.76,27,0.028148148,47
2978.055121,53,82,0.82,29,0.028275862,47
2978.055121,52,83,0.88,31,0.028387097,47
2977.847597,55,82,0.73,27,0.027037037,47
2977.817814,40,50,0.37,10,0.037,47
2977.817814,38,52,0.52,14,0.037142857,47
2977.713132,54,89,0.91,35,0.026,47
2977.640983,59,88,0.81,29,0.027931034,47
2977.476201,55,78,0.66,23,0.028695652,47
2977.336904,34,62,0.97,28,0.034642857,47
2977.249729,35,60,0.87,25,0.0348,47
2977.224285,61,75,0.41,14,0.029285714,47
2976.918886,54,88,0.88,34,0.025882353,47
2976.910174,59,76,0.49,17,0.028823529,47
2976.794438,57,94,0.79,37,0.021351351,47
2976.722551,62,84,0.62,22,0.028181818,47
2976.334231,53,87,0.95,34,0.027941176,47
2976.330808,46,57,0.35,11,0.031818182,47
2976.191191,52,75,0.82,23,0.035652174,47
2976.181458,62,79,0.46,17,0.027058824,47
2976.127575,52,84,0.93,32,0.0290625,47
2975.837368,56,89,0.93,33,0.028181818,47
2975.729992,55,82,0.78,27,0.028888889,47
2975.602389,63,75,0.33,12,0.0275,47
2975.495443,71,84,0.24,13,0.018461538,47
2975.38341,56,83,0.75,27,0.027777778,47
2975.328739,57,66,0.33,9,0.036666667,47
2975.328739,55,68,0.48,13,0.036923077,47
2974.977109,58,77,0.56,19,0.029473684,47
2974.973016,62,97,0.63,35,0.018,47
2974.67457,60,81,0.48,21,0.022857143,47
2974.342733,63,84,0.56,21,0.026666667,47
2974.137383,60,87,0.7,27,0.025925926,47
2974.01371,60,85,0.67,25,0.0268,47
2973.840373,37,53,0.6,16,0.0375,47
2973.783984,52,85,0.96,33,0.029090909,47
2973.744313,60,78,0.48,18,0.026666667,47
2973.680298,59,79,0.54,20,0.027,47
2973.581915,62,76,0.39,14,0.027857143,47
2973.179104,59,82,0.53,23,0.023043478,47
2972.984187,59,68,0.32,9,0.035555556,47
2972.984187,58,69,0.39,11,0.035454545,47
2972.984187,53,74,0.75,21,0.035714286,47
2972.945801,60,81,0.6,21,0.028571429,47
2972.748431,65,86,0.4,21,0.019047619,47
2972.741447,43,49,0.22,6,0.036666667,47
2972.626854,49,76,0.98,27,0.036296296,47
2972.460444,61,70,0.3,9,0.033333333,47
2972.452998,60,73,0.38,13,0.029230769,47
2972.452998,59,74,0.44,15,0.029333333,47
2972.414728,54,83,0.84,29,0.028965517,47
2972.088934,58,83,0.69,25,0.0276,47
2972.088934,56,86,0.82,30,0.027333333,47
2971.972038,59,92,0.69,33,0.020909091,47
2971.899489,56,81,0.72,25,0.0288,47
2971.596601,57,78,0.61,21,0.029047619,47
2971.589538,63,83,0.52,20,0.026,47
2971.464114,64,77,0.36,13,0.027692308,47
2971.412267,57,90,0.86,33,0.026060606,47
2971.384375,62,83,0.56,21,0.026666667,47
2971.320912,58,84,0.71,26,0.027307692,47
2971.320912,56,87,0.84,31,0.027096774,47
2971.320912,54,89,0.95,35,0.027142857,47
2971.262971,58,73,0.45,15,0.03,47
2971.186071,54,85,0.91,31,0.029354839,47
2971.147544,59,76,0.5,17,0.029411765,47
2970.786497,51,85,0.95,34,0.027941176,47
2970.64381,58,79,0.61,21,0.029047619,47
2970.643703,64,85,0.45,21,0.021428571,47
2970.643703,63,87,0.51,24,0.02125,47
2970.643703,62,88,0.55,26,0.021153846,47
2970.638041,64,73,0.28,9,0.031111111,47
2970.355549,56,93,0.99,37,0.026756757,47
2970.323451,60,88,0.75,28,0.026785714,47
2970.075528,51,79,0.65,28,0.023214286,47
2969.941841,70,75,0.13,5,0.026,47
2969.839884,48,80,0.97,32,0.0303125,47
2969.75093,53,77,0.83,24,0.034583333,47
2969.736814,55,77,0.73,22,0.033181818,47
2969.589477,68,74,0.13,6,0.021666667,47
2969.589477,65,77,0.26,12,0.021666667,47
2969.337704,50,53,0.1,3,0.033333333,47
2969.034662,66,79,0.34,13,0.026153846,47
2968.992601,42,58,0.55,16,0.034375,47
2968.747637,62,87,0.54,25,0.0216,47
2968.737547,55,92,0.93,37,0.025135135,47
2968.69388,57,86,0.78,29,0.026896552,47
2968.69388,55,88,0.89,33,0.026969697,47
2968.69388,55,89,0.91,34,0.026764706,47
2968.69388,54,90,0.97,36,0.026944444,47
2968.683078,37,52,0.57,15,0.038,47
2968.475192,72,82,0.18,10,0.018,47
2968.474576,55,75,0.68,20,0.034,47
2968.464252,58,80,0.62,22,0.028181818,47
2968.320688,64,77,0.35,13,0.026923077,47
2968.320688,59,83,0.64,24,0.026666667,47
2968.287482,66,79,0.35,13,0.026923077,47
2968.262966,61,80,0.52,19,0.027368421,47
2968.262966,59,82,0.63,23,0.027391304,47
2968.262966,57,85,0.76,28,0.027142857,47
2968.212439,57,71,0.5,14,0.035714286,47
2968.162294,68,89,0.37,21,0.017619048,47
2967.996142,61,87,0.7,26,0.026923077,47
2967.814691,60,81,0.57,21,0.027142857,47
2967.717563,42,63,0.67,21,0.031904762,47
2967.715739,55,87,0.83,32,0.0259375,47
2967.715739,53,89,0.94,36,0.026111111,47
2967.715739,52,90,0.99,38,0.026052632,47
2967.553608,62,80,0.48,18,0.026666667,47
2967.553608,61,81,0.53,20,0.0265,47
2967.553608,60,82,0.59,22,0.026818182,47
2967.553608,59,84,0.66,25,0.0264,47
2967.537217,55,95,0.99,40,0.02475,47
2967.4959,63,78,0.41,15,0.027333333,47
2967.389291,64,78,0.32,14,0.022857143,47
2967.132492,43,55,0.41,12,0.034166667,47
2967.132492,42,56,0.48,14,0.034285714,47
2966.660653,58,79,0.63,21,0.03,47
2966.660653,57,81,0.71,24,0.029583333,47
2966.493533,62,74,0.35,12,0.029166667,47
2966.413845,54,85,0.87,31,0.028064516,47
2966.144188,55,88,0.88,33,0.026666667,47
2965.96218,54,91,0.98,37,0.026486486,47
2965.781837,42,63,0.66,21,0.031428571,47
2965.758414,56,90,0.91,34,0.026764706,47
2965.377652,57,86,0.77,29,0.026551724,47
2965.377652,57,87,0.79,30,0.026333333,47
2965.377652,55,89,0.9,34,0.026470588,47
2965.229728,46,57,0.36,11,0.032727273,47
2965.156479,61,83,0.47,22,0.021363636,47
2965.110223,57,92,0.92,35,0.026285714,47
2964.94866,59,77,0.53,18,0.029444444,47
2964.94866,58,78,0.59,20,0.0295,47
2964.87214,61,81,0.54,20,0.027,47
2964.87214,59,83,0.65,24,0.027083333,47
2964.839462,60,84,0.51,24,0.02125,47
2964.780584,61,82,0.58,21,0.027619048,47
2964.58099,36,54,0.68,18,0.037777778,47
2964.54395,63,82,0.54,19,0.028421053,47
2964.169686,71,74,0.08,3,0.026666667,47
2964.169686,68,77,0.24,9,0.026666667,47
2964.169686,63,83,0.53,20,0.0265,47
2964.13953,59,72,0.4,13,0.030769231,47
2964.096371,58,75,0.5,17,0.029411765,47
2964.096371,57,76,0.56,19,0.029473684,47
2963.986953,68,74,0.17,6,0.028333333,47
2963.986953,65,77,0.34,12,0.028333333,47
2963.716917,58,91,0.82,33,0.024848485,47
2963.688975,61,85,0.66,24,0.0275,47
2963.669867,61,84,0.51,23,0.022173913,47
2963.511914,52,86,0.97,34,0.028529412,47
2963.511839,56,73,0.39,17,0.022941176,47
2963.238367,60,76,0.47,16,0.029375,47
2963.165551,52,83,0.9,31,0.029032258,47
2963.106347,56,90,0.94,34,0.027647059,47
2963.101477,57,91,0.93,34,0.027352941,47
2962.965432,52,86,0.92,34,0.027058824,47
2962.862503,53,84,0.9,31,0.029032258,47
2962.829466,59,87,0.75,28,0.026785714,47
2962.829466,57,90,0.88,33,0.026666667,47
2962.829466,56,91,0.94,35,0.026857143,47
2962.786671,51,84,0.96,33,0.029090909,47
2962.644047,58,88,0.84,30,0.028,47
2962.193507,54,74,0.57,20,0.0285,47
2962.072617,57,82,0.67,25,0.0268,47
2961.761832,57,73,0.54,16,0.03375,47
2961.731458,61,77,0.43,16,0.026875,47
2961.263031,57,89,0.9,32,0.028125,47
2960.890541,56,80,0.7,24,0.029166667,47
2960.890541,55,81,0.76,26,0.029230769,47
2960.890541,54,82,0.82,28,0.029285714,47
2960.890541,53,83,0.88,30,0.029333333,47
2960.855875,62,86,0.47,24,0.019583333,47
2960.852243,54,90,0.96,36,0.026666667,47
2960.768753,60,75,0.44,15,0.029333333,47
2960.521927,57,74,0.58,17,0.034117647,47
2960.521927,56,75,0.65,19,0.034210526,47
2960.521927,55,76,0.72,21,0.034285714,47
2960.367075,55,95,0.98,40,0.0245,47
2960.291243,61,87,0.52,26,0.02,47
2960.192638,54,84,0.8,30,0.026666667,47
2960.192638,53,85,0.86,32,0.026875,47
2960.097903,56,88,0.88,32,0.0275,47
2959.92493,66,80,0.36,14,0.025714286,47
2959.824408,61,97,0.68,36,0.018888889,47
2959.57256,54,86,0.84,32,0.02625,47
2959.57256,52,88,0.95,36,0.026388889,47
2959.54553,54,77,0.79,23,0.034347826,47
2959.466675,55,74,0.67,19,0.035263158,47
2959.410025,44,61,0.54,17,0.031764706,47
2959.157756,51,85,0.96,34,0.028235294,47
2959.15337,58,76,0.52,18,0.028888889,47
2959.15337,57,77,0.58,20,0.029,47
2959.031353,59,79,0.56,20,0.028,47
2958.931288,63,65,0.07,2,0.035,47
2958.74456,52,72,0.73,20,0.0365,47
2958.728927,50,81,0.71,31,0.022903226,47
2958.559261,53,87,0.94,34,0.027647059,47
2958.522447,41,50,0.33,9,0.036666667,47
2958.36136,66,81,0.38,15,0.025333333,47
2958.36136,65,82,0.43,17,0.025294118,47
2958.242389,61,81,0.55,20,0.0275,47
2958.110987,65,75,0.23,10,0.023,47
2958.036529,54,78,0.8,24,0.033333333,47
2957.964685,46,59,0.4,13,0.030769231,47
2957.964685,45,60,0.46,15,0.030666667,47
2957.82976,44,60,0.5,16,0.03125,47
2957.80472,58,84,0.7,26,0.026923077,47
2957.80472,56,86,0.81,30,0.027,47
2957.80472,54,89,0.94,35,0.026857143,47
2957.433079,48,58,0.27,10,0.027,47
2957.212412,62,84,0.57,22,0.025909091,47
2957.207592,66,76,0.27,10,0.027,47
2957.175877,41,65,0.76,24,0.031666667,47
2957.040269,58,85,0.72,27,0.026666667,47
2957.040269,56,87,0.83,31,0.026774194,47
2957.040269,56,88,0.85,32,0.0265625,47
2956.966029,64,66,0.07,2,0.035,47
2956.966029,63,67,0.14,4,0.035,47
2956.966029,62,68,0.21,6,0.035,47
2956.966029,61,69,0.28,8,0.035,47
2956.966029,60,70,0.35,10,0.035,47
2956.966029,59,71,0.42,12,0.035,47
2956.6878,57,80,0.67,23,0.029130435,47
2956.412651,51,77,0.92,26,0.035384615,47
2956.301753,65,72,0.19,7,0.027142857,47
2956.301753,63,74,0.3,11,0.027272727,47
2956.24645,56,74,0.61,18,0.033888889,47
2955.650228,65,81,0.41,16,0.025625,47
2955.650228,64,83,0.48,19,0.025263158,47
2955.60983,64,78,0.37,14,0.026428571,47
2955.60983,61,82,0.55,21,0.026190476,47
2955.60983,58,86,0.73,28,0.026071429,47
2955.560808,61,81,0.56,20,0.028,47
2955.30947,56,81,0.73,25,0.0292,47
2955.30947,55,82,0.79,27,0.029259259,47
2955.30947,54,83,0.85,29,0.029310345,47
2955.183685,58,87,0.8,29,0.027586207,47
2955.183685,56,90,0.93,34,0.027352941,47
2955.183685,55,91,0.99,36,0.0275,47
2954.908918,59,71,0.41,12,0.034166667,47
2954.806101,62,80,0.41,18,0.022777778,47
2954.429489,43,60,0.55,17,0.032352941,47
2954.397649,51,80,0.66,29,0.022758621,47
2954.350381,68,87,0.35,19,0.018421053,47
2954.34301,63,84,0.54,21,0.025714286,47
2954.13065,60,98,0.74,38,0.019473684,47
2953.982322,65,82,0.46,17,0.027058824,47
2953.982322,63,84,0.57,21,0.027142857,47
2953.834133,59,99,0.78,40,0.0195,47
2953.810384,64,83,0.51,19,0.026842105,47
2953.759649,66,76,0.28,10,0.028,47
2953.752898,47,58,0.3,11,0.027272727,47
2953.711153,61,86,0.67,25,0.0268,47
2953.711153,59,88,0.78,29,0.026896552,47
2953.691622,51,77,0.76,26,0.029230769,47
2953.610417,56,86,0.68,30,0.022666667,47
2953.482716,62,86,0.6,24,0.025,47
2953.482716,61,87,0.65,26,0.025,47
2953.482716,59,88,0.74,29,0.025517241,47
2953.482716,57,91,0.86,34,0.025294118,47
2953.442346,56,88,0.84,32,0.02625,47
2953.442346,55,90,0.91,35,0.026,47
2953.442346,54,91,0.97,37,0.026216216,47
2953.139414,66,77,0.25,11,0.022727273,47
2953.132607,55,73,0.52,18,0.028888889,47
2953.10134,55,96,0.89,41,0.021707317,47
2953.025104,39,68,0.91,29,0.03137931,47
2952.918667,51,87,0.98,36,0.027222222,47
2952.884347,53,73,0.59,20,0.0295,47
2952.854337,63,82,0.51,19,0.026842105,47
2952.854337,61,85,0.64,24,0.026666667,47
2952.676581,55,88,0.93,33,0.028181818,47
2952.617473,53,84,0.85,31,0.027419355,47
2952.615653,68,74,0.16,6,0.026666667,47
2952.574155,59,75,0.46,16,0.02875,47
2952.489985,57,90,0.9,33,0.027272727,47
2952.449753,58,80,0.61,22,0.027727273,47
2952.423722,57,73,0.55,16,0.034375,47
2952.423722,56,74,0.62,18,0.034444444,47
2952.089623,49,54,0.16,5,0.032,47
2952.00312,46,58,0.38,12,0.031666667,47
2951.762147,59,87,0.78,28,0.027857143,47
2951.722267,57,75,0.6,18,0.033333333,47
2951.659392,66,79,0.27,13,0.020769231,47
2951.635441,59,88,0.75,29,0.025862069,47
2951.635441,58,90,0.82,32,0.025625,47
2951.635441,56,92,0.93,36,0.025833333,47
2951.635441,56,93,0.94,37,0.025405405,47
2951.635441,55,93,0.98,38,0.025789474,47
2951.423422,58,74,0.53,16,0.033125,47
2951.375197,63,77,0.4,14,0.028571429,47
2951.076831,66,71,0.14,5,0.028,47
2951.076831,63,74,0.31,11,0.028181818,47
2951.076831,61,76,0.42,15,0.028,47
2951.039519,51,88,0.99,37,0.026756757,47
2950.939096,70,87,0.3,17,0.017647059,47
2950.468207,61,80,0.54,19,0.028421053,47
2950.302063,59,85,0.67,26,0.025769231,47
2949.794184,55,81,0.75,26,0.028846154,47
2949.714243,34,57,0.86,23,0.037391304,47
2949.695115,59,75,0.47,16,0.029375,47
2949.695115,58,76,0.53,18,0.029444444,47
2949.536923,55,84,0.77,29,0.026551724,47
2949.503388,58,78,0.58,20,0.029,47
2949.332129,41,51,0.37,10,0.037,47
2949.165276,44,61,0.53,17,0.031176471,47
2949.165276,43,62,0.59,19,0.031052632,47
2949.096641,42,63,0.63,21,0.03,47
2949.073001,44,56,0.41,12,0.034166667,47
2948.905387,56,94,0.82,38,0.021578947,47
2948.899512,54,97,0.92,43,0.021395349,47
2948.793994,61,68,0.24,7,0.034285714,47
2948.784883,60,90,0.64,30,0.021333333,47
2948.784883,59,92,0.7,33,0.021212121,47
2948.750736,62,76,0.38,14,0.027142857,47
2948.693842,32,58,0.97,26,0.037307692,47
2948.416568,57,88,0.87,31,0.028064516,47
2948.292059,43,63,0.63,20,0.0315,47
2948.20741,57,90,0.89,33,0.026969697,47
2947.94723,60,83,0.63,23,0.027391304,47
2947.931402,48,55,0.22,7,0.031428571,47
2947.912548,57,92,0.88,35,0.025142857,47
2947.912548,56,93,0.93,37,0.025135135,47
2947.912548,55,94,0.98,39,0.025128205,47
2947.788295,53,77,0.55,24,0.022916667,47
2947.764072,58,84,0.73,26,0.028076923,47
2947.722342,39,65,0.85,26,0.032692308,47
2947.642956,46,57,0.37,11,0.033636364,47
2947.567459,62,72,0.29,10,0.029,47
2947.340084,53,91,0.98,38,0.025789474,47
2947.24766,41,64,0.71,23,0.030869565,47
2947.242348,58,91,0.72,33,0.021818182,47
2947.10467,58,80,0.66,22,0.03,47
2947.098017,56,94,0.94,38,0.024736842,47
2947.019202,64,74,0.29,10,0.029,47
2946.919626,48,84,0.81,36,0.0225,47
2946.847866,57,81,0.64,24,0.026666667,47
2946.600729,60,88,0.72,28,0.025714286,47
2946.60053,49,78,0.88,29,0.030344828,47
2946.216393,57,79,0.64,22,0.029090909,47
2945.899527,55,75,0.69,20,0.0345,47
2945.609352,65,76,0.31,11,0.028181818,47
2945.570512,36,55,0.7,19,0.036842105,47
2945.281203,60,86,0.54,26,0.020769231,47
2945.241304,56,84,0.75,28,0.026785714,47
2945.213659,58,69,0.32,11,0.029090909,47
2945.177686,61,86,0.64,25,0.0256,47
2945.177686,60,87,0.69,27,0.025555556,47
2945.005659,56,83,0.72,27,0.026666667,47
2944.963549,56,68,0.42,12,0.035,47
2944.824952,55,71,0.49,16,0.030625,47
2944.403517,55,84,0.86,29,0.029655172,47
2944.352422,56,85,0.76,29,0.026206897,47
2944.229362,53,99,0.99,46,0.021521739,47
2944.192518,53,83,0.87,30,0.029,47
2944.160626,53,79,0.87,26,0.033461538,47
2944.160626,52,80,0.94,28,0.033571429,47
2944.116689,58,90,0.81,32,0.0253125,47
2943.823878,54,96,0.91,42,0.021666667,47
2943.818718,51,88,0.98,37,0.026486486,47
2943.750344,35,56,0.78,21,0.037142857,47
2943.667032,39,51,0.44,12,0.036666667,47
2943.522807,61,89,0.6,28,0.021428571,47
2943.313748,68,79,0.28,11,0.025454545,47
2943.303172,59,90,0.77,31,0.02483871,47
2942.99298,54,89,0.79,35,0.022571429,47
2942.916253,63,84,0.43,21,0.02047619,47
2942.778344,60,77,0.48,17,0.028235294,47
2942.675457,51,54,0.08,3,0.026666667,47
2942.545336,60,86,0.72,26,0.027692308,47
2942.545336,57,90,0.91,33,0.027575758,47
2942.545336,56,91,0.97,35,0.027714286,47
2942.461389,61,82,0.57,21,0.027142857,47
2942.461389,57,87,0.81,30,0.027,47
2942.461389,56,88,0.87,32,0.0271875,47
2942.377168,65,81,0.33,16,0.020625,47
2942.325255,60,70,0.34,10,0.034,47
2942.259653,72,82,0.19,10,0.019,47
2942.255106,55,83,0.75,28,0.026785714,47
2942.255106,54,85,0.82,31,0.026451613,47
2941.963232,56,79,0.66,23,0.028695652,47
2941.963232,55,80,0.72,25,0.0288,47
2941.963232,54,81,0.78,27,0.028888889,47
2941.760167,35,55,0.74,20,0.037,47
2941.719514,62,83,0.44,21,0.020952381,47
2941.552461,53,75,0.63,22,0.028636364,47
2941.552461,52,76,0.69,24,0.02875,47
2941.46156,53,78,0.85,25,0.034,47
2941.46156,52,79,0.92,27,0.034074074,47
2941.031431,61,73,0.34,12,0.028333333,47
2941.031431,60,74,0.4,14,0.028571429,47
2941.031431,56,79,0.65,23,0.02826087,47
2941.012765,57,78,0.59,21,0.028095238,47
2941.012765,55,80,0.71,25,0.0284,47
2941.012765,54,81,0.77,27,0.028518519,47
2941.012765,53,83,0.84,30,0.028,47
2940.986124,34,57,0.84,23,0.036521739,47
2940.947579,56,92,0.97,36,0.026944444,47
2940.760144,37,56,0.7,19,0.036842105,47
2940.732323,67,74,0.2,7,0.028571429,47
2940.732323,58,84,0.74,26,0.028461538,47
2940.533336,62,79,0.48,17,0.028235294,47
2940.415676,54,85,0.83,31,0.026774194,47
2940.415676,54,86,0.85,32,0.0265625,47
2940.415676,53,87,0.9,34,0.026470588,47
2940.415676,52,88,0.96,36,0.026666667,47
2940.300166,63,69,0.2,6,0.033333333,47
2940.300166,60,72,0.4,12,0.033333333,47
2940.298232,50,81,0.7,31,0.022580645,47
2940.227045,60,88,0.7,28,0.025,47
2940.227045,59,89,0.75,30,0.025,47
2940.227045,58,90,0.8,32,0.025,47
2940.227045,57,92,0.87,35,0.024857143,47
2940.227045,56,93,0.92,37,0.024864865,47
2940.227045,55,94,0.97,39,0.024871795,47
2939.893671,42,63,0.64,21,0.03047619,47
2939.819839,38,55,0.62,17,0.036470588,47
2939.763424,55,86,0.81,31,0.026129032,47
2939.763424,54,87,0.87,33,0.026363636,47
2939.716913,59,86,0.57,27,0.021111111,47
2939.650806,49,75,0.95,26,0.036538462,47
2939.622668,60,88,0.71,28,0.025357143,47
2939.622668,58,89,0.8,31,0.025806452,47
2939.622668,57,91,0.87,34,0.025588235,47
2939.622668,56,92,0.92,36,0.025555556,47
2939.622668,55,94,0.99,39,0.025384615,47
2939.494003,56,72,0.46,16,0.02875,47
2939.397427,69,86,0.32,17,0.018823529,47
2939.361188,63,78,0.43,15,0.028666667,47
2939.290718,57,88,0.86,31,0.027741935,47
2939.193469,49,82,0.75,33,0.022727273,47
2939.141282,59,78,0.51,19,0.026842105,47
2938.901701,52,87,0.99,35,0.028285714,47
2938.859223,61,73,0.35,12,0.029166667,47
2938.859223,60,74,0.41,14,0.029285714,47
2938.802016,68,71,0.08,3,0.026666667,47
2938.802016,65,74,0.24,9,0.026666667,47
2938.783364,60,80,0.53,20,0.0265,47
2938.752044,66,78,0.33,12,0.0275,47
2938.752044,64,80,0.44,16,0.0275,47
2938.752044,61,84,0.63,23,0.027391304,47
2938.752044,59,86,0.74,27,0.027407407,47
2938.635818,71,85,0.25,14,0.017857143,47
2938.473392,55,84,0.81,29,0.027931034,47
2938.415586,57,85,0.79,28,0.028214286,47
2938.411657,54,82,0.78,28,0.027857143,47
2938.387937,68,78,0.26,10,0.026,47
2938.351325,58,90,0.85,32,0.0265625,47
2938.304151,62,66,0.14,4,0.035,47
2937.873956,58,67,0.27,9,0.03,47
2937.873956,57,68,0.33,11,0.03,47
2937.873956,56,69,0.39,13,0.03,47
2937.650999,66,80,0.29,14,0.020714286,47
2937.628235,32,97,0.13,65,0.002,47
2937.308491,49,80,0.89,31,0.028709677,47
2937.29388,68,77,0.19,9,0.021111111,47
2937.261512,41,63,0.72,22,0.032727273,47
2937.120079,63,85,0.44,22,0.02,47
2937.096701,43,63,0.62,20,0.031,47
2936.988308,32,98,0.13,66,0.001969697,47
2936.934746,49,78,0.98,29,0.033793103,47
2936.79072,55,84,0.78,29,0.026896552,47
