% profit,ema1,ema2,threshold,diff,thresh / diff,ID
3829.883135,40,50,0.34,10,0.034,12
3804.503242,35,54,0.66,19,0.034736842,12
3721.206625,34,55,0.73,21,0.034761905,12
3713.286161,32,57,0.88,25,0.0352,12
3704.875655,32,62,0.98,30,0.032666667,12
3684.177395,31,59,0.98,28,0.035,12
3652.711919,34,58,0.8,24,0.033333333,12
3652.507461,34,55,0.74,21,0.035238095,12
3648.673991,34,54,0.72,20,0.036,12
3644.361431,33,60,0.89,27,0.032962963,12
3632.147652,32,62,0.99,30,0.033,12
3625.89537,34,59,0.83,25,0.0332,12
3608.28181,38,50,0.42,12,0.035,12
3599.862589,39,49,0.35,10,0.035,12
3584.949718,39,51,0.41,12,0.034166667,12
3582.931122,33,56,0.81,23,0.035217391,12
3570.966529,40,48,0.28,8,0.035,12
3569.562882,32,58,0.9,26,0.034615385,12
3569.391158,32,57,0.89,25,0.0356,12
3558.426029,32,57,0.9,25,0.036,12
3552.591905,36,55,0.64,19,0.033684211,12
3538.672447,33,60,0.9,27,0.033333333,12
3536.540924,39,50,0.38,11,0.034545455,12
3536.540924,38,51,0.45,13,0.034615385,12
3533.167211,41,47,0.21,6,0.035,12
3532.482562,35,53,0.65,18,0.036111111,12
3523.199216,33,59,0.87,26,0.033461538,12
3522.082998,34,56,0.75,22,0.034090909,12
3515.802099,31,58,0.96,27,0.035555556,12
3514.47304,42,46,0.14,4,0.035,12
3512.506487,36,52,0.57,16,0.035625,12
3504.888671,35,57,0.74,22,0.033636364,12
3504.888671,34,58,0.81,24,0.03375,12
3504.607138,33,60,0.91,27,0.033703704,12
3499.035436,31,58,0.97,27,0.035925926,12
3496.933475,35,53,0.64,18,0.035555556,12
3492.677243,31,59,0.99,28,0.035357143,12
3488.614772,33,57,0.83,24,0.034583333,12
3488.397586,36,55,0.65,19,0.034210526,12
3466.203188,34,58,0.82,24,0.034166667,12
3463.64476,37,52,0.52,15,0.034666667,12
3457.633416,43,45,0.07,2,0.035,12
3452.178579,36,53,0.59,17,0.034705882,12
3450.686709,32,58,0.91,26,0.035,12
3449.565071,32,61,0.96,29,0.033103448,12
3448.999794,39,52,0.43,13,0.033076923,12
3446.072241,32,61,0.97,29,0.033448276,12
3445.642717,38,52,0.48,14,0.034285714,12
3442.498267,40,49,0.31,9,0.034444444,12
3437.612479,37,51,0.49,14,0.035,12
3431.950429,31,58,0.98,27,0.036296296,12
3428.472002,37,53,0.55,16,0.034375,12
3421.368613,35,55,0.68,20,0.034,12
3412.323269,34,60,0.85,26,0.032692308,12
3410.322048,35,56,0.72,21,0.034285714,12
3401.046869,33,56,0.82,23,0.035652174,12
3400.560248,33,60,0.92,27,0.034074074,12
3399.053619,33,56,0.83,23,0.036086957,12
3395.327407,33,59,0.88,26,0.033846154,12
3394.854968,34,54,0.73,20,0.0365,12
3386.55579,33,63,0.96,30,0.032,12
3386.430591,33,55,0.8,22,0.036363636,12
3380.076722,32,59,0.92,27,0.034074074,12
3372.881924,36,54,0.62,18,0.034444444,12
3367.731954,40,44,0.15,4,0.0375,12
3367.684214,33,56,0.8,23,0.034782609,12
3367.644451,40,47,0.25,7,0.035714286,12
3362.153714,37,51,0.5,14,0.035714286,12
3359.707032,34,55,0.72,21,0.034285714,12
3355.054441,33,61,0.92,28,0.032857143,12
3351.802761,35,55,0.69,20,0.0345,12
3348.02423,32,61,0.98,29,0.033793103,12
3347.074853,33,62,0.94,29,0.032413793,12
3346.815757,34,61,0.88,27,0.032592593,12
3345.701007,33,62,0.95,29,0.032758621,12
3342.405568,36,52,0.56,16,0.035,12
3339.186212,34,55,0.75,21,0.035714286,12
3334.166567,35,98,0.15,63,0.002380952,12
3329.214056,36,49,0.48,13,0.036923077,12
3328.976886,41,49,0.27,8,0.03375,12
3325.435781,37,48,0.41,11,0.037272727,12
3323.319891,32,60,0.94,28,0.033571429,12
3320.060709,35,56,0.71,21,0.033809524,12
3316.329606,34,59,0.84,25,0.0336,12
3314.741765,41,53,0.38,12,0.031666667,12
3314.350673,33,61,0.93,28,0.033214286,12
3309.729071,35,59,0.79,24,0.032916667,12
3308.613628,40,54,0.44,14,0.031428571,12
3308.48002,36,56,0.67,20,0.0335,12
3305.54188,40,49,0.32,9,0.035555556,12
3300.263611,38,56,0.57,18,0.031666667,12
3297.964505,36,58,0.7,22,0.031818182,12
3296.088663,44,48,0.13,4,0.0325,12
3296.061068,33,59,0.89,26,0.034230769,12
3295.727509,37,58,0.66,21,0.031428571,12
3295.081796,35,58,0.76,23,0.033043478,12
3294.810543,37,54,0.58,17,0.034117647,12
3290.653719,44,49,0.18,5,0.036,12
3289.558314,32,57,0.91,25,0.0364,12
3288.081145,37,55,0.6,18,0.033333333,12
3281.606905,61,70,0.28,9,0.031111111,12
3281.510363,35,55,0.7,20,0.035,12
3277.078593,34,57,0.79,23,0.034347826,12
3276.869108,44,49,0.16,5,0.032,12
3276.746127,39,56,0.53,17,0.031176471,12
3275.814644,34,57,0.78,23,0.033913043,12
3274.104419,38,55,0.56,17,0.032941176,12
3272.506999,31,58,0.99,27,0.036666667,12
3268.273861,38,54,0.51,16,0.031875,12
3264.687141,38,57,0.6,19,0.031578947,12
3262.782351,34,56,0.76,22,0.034545455,12
3261.645401,34,98,0.18,64,0.0028125,12
3260.90319,62,68,0.19,6,0.031666667,12
3260.40841,35,59,0.8,24,0.033333333,12
3256.755759,36,98,0.11,62,0.001774194,12
3256.253571,34,60,0.86,26,0.033076923,12
3256.242511,32,61,0.99,29,0.034137931,12
3255.809062,36,59,0.73,23,0.03173913,12
3252.767575,57,73,0.51,16,0.031875,12
3250.239293,59,71,0.38,12,0.031666667,12
3250.239293,58,73,0.47,15,0.031333333,12
3249.474289,39,51,0.42,12,0.035,12
3249.474289,38,52,0.49,14,0.035,12
3249.363036,35,99,0.15,64,0.00234375,12
3247.954094,31,60,0.99,29,0.034137931,12
3247.268438,35,50,0.56,15,0.037333333,12
3246.794786,32,60,0.95,28,0.033928571,12
3246.626346,38,48,0.36,10,0.036,12
3246.300349,34,52,0.66,18,0.036666667,12
3245.958648,37,57,0.64,20,0.032,12
3245.815994,38,46,0.3,8,0.0375,12
3245.019518,32,60,0.96,28,0.034285714,12
3241.4055,36,52,0.58,16,0.03625,12
3240.135665,33,58,0.86,25,0.0344,12
3234.365508,39,46,0.26,7,0.037142857,12
3232.505607,37,56,0.63,19,0.033157895,12
3232.328055,42,45,0.11,3,0.036666667,12
3229.395086,36,59,0.72,23,0.031304348,12
3225.946782,38,49,0.39,11,0.035454545,12
3223.744669,36,98,0.1,62,0.001612903,12
3222.62964,33,58,0.85,25,0.034,12
3221.878035,34,59,0.82,25,0.0328,12
3221.439045,33,61,0.94,28,0.033571429,12
3221.017106,61,68,0.23,7,0.032857143,12
3220.646781,40,52,0.39,12,0.0325,12
3216.758027,33,57,0.82,24,0.034166667,12
3216.045728,35,60,0.79,25,0.0316,12
3214.077779,42,48,0.2,6,0.033333333,12
3212.777894,36,55,0.66,19,0.034736842,12
3212.715844,60,70,0.32,10,0.032,12
3212.715844,58,72,0.45,14,0.032142857,12
3210.60092,56,74,0.58,18,0.032222222,12
3208.704776,65,73,0.23,8,0.02875,12
3208.661124,40,51,0.37,11,0.033636364,12
3207.343909,42,50,0.26,8,0.0325,12
3206.372552,38,53,0.5,15,0.033333333,12
3205.342941,56,75,0.6,19,0.031578947,12
3204.200383,35,98,0.16,63,0.002539683,12
3203.405824,34,56,0.77,22,0.035,12
3202.73892,58,72,0.46,14,0.032857143,12
3202.03449,36,95,0.17,59,0.002881356,12
3200.931627,37,55,0.59,18,0.032777778,12
3200.00456,38,50,0.43,12,0.035833333,12
3199.945668,56,74,0.59,18,0.032777778,12
3199.479778,39,55,0.51,16,0.031875,12
3199.030954,59,71,0.39,12,0.0325,12
3199.030954,57,73,0.52,16,0.0325,12
3199.030954,54,77,0.74,23,0.032173913,12
3199.030954,53,78,0.81,25,0.0324,12
3198.858077,54,77,0.73,23,0.03173913,12
3197.89784,33,99,0.21,66,0.003181818,12
3197.759401,55,75,0.64,20,0.032,12
3196.570262,34,99,0.19,65,0.002923077,12
3194.529238,52,79,0.88,27,0.032592593,12
3189.595571,55,76,0.67,21,0.031904762,12
3189.595571,53,78,0.8,25,0.032,12
3188.890107,35,98,0.14,63,0.002222222,12
3188.204522,39,54,0.5,15,0.033333333,12
3187.944154,36,53,0.61,17,0.035882353,12
3187.3996,43,47,0.13,4,0.0325,12
3186.882788,35,58,0.74,23,0.032173913,12
3185.471766,35,99,0.11,64,0.00171875,12
3184.144844,52,78,0.84,26,0.032307692,12
3183.537695,33,55,0.81,22,0.036818182,12
3181.471216,39,47,0.29,8,0.03625,12
3180.490385,41,44,0.11,3,0.036666667,12
3178.412005,51,80,0.95,29,0.032758621,12
3176.408558,32,63,0.99,31,0.031935484,12
3176.215136,42,51,0.3,9,0.033333333,12
3175.400379,39,49,0.36,10,0.036,12
3175.294377,36,58,0.72,22,0.032727273,12
3175.003657,59,72,0.41,13,0.031538462,12
3173.626488,33,99,0.19,66,0.002878788,12
3173.104662,35,54,0.67,19,0.035263158,12
3173.033034,32,62,0.97,30,0.032333333,12
3172.91281,55,77,0.69,22,0.031363636,12
3172.666391,40,53,0.43,13,0.033076923,12
3170.795151,35,60,0.81,25,0.0324,12
3169.405375,38,56,0.65,18,0.036111111,12
3169.28057,39,50,0.39,11,0.035454545,12
3169.104197,40,53,0.42,13,0.032307692,12
3168.884649,32,60,0.97,28,0.034642857,12
3168.749607,56,75,0.61,19,0.032105263,12
3168.749607,55,76,0.68,21,0.032380952,12
3167.748619,45,48,0.11,3,0.036666667,12
3166.90654,35,99,0.14,64,0.0021875,12
3166.529856,61,67,0.2,6,0.033333333,12
3166.529856,58,71,0.43,13,0.033076923,12
3166.529856,55,74,0.63,19,0.033157895,12
3166.138118,32,56,0.88,24,0.036666667,12
3166.072623,60,71,0.35,11,0.031818182,12
3166.072623,58,73,0.48,15,0.032,12
3164.401651,33,55,0.78,22,0.035454545,12
3163.091279,52,79,0.87,27,0.032222222,12
3162.935652,36,53,0.6,17,0.035294118,12
3161.660129,34,62,0.87,28,0.031071429,12
3161.552619,36,56,0.65,20,0.0325,12
3160.121195,37,54,0.55,17,0.032352941,12
3159.508708,40,46,0.22,6,0.036666667,12
3159.40083,54,78,0.76,24,0.031666667,12
3158.198615,32,59,0.93,27,0.034444444,12
3157.679217,33,61,0.91,28,0.0325,12
3157.435569,35,60,0.9,25,0.036,12
3157.344186,55,75,0.65,20,0.0325,12
3156.931837,34,54,0.71,20,0.0355,12
3156.284566,54,76,0.71,22,0.032272727,12
3154.964035,40,52,0.4,12,0.033333333,12
3152.626022,55,74,0.62,19,0.032631579,12
3152.370169,40,54,0.5,14,0.035714286,12
3152.231037,57,74,0.54,17,0.031764706,12
3152.149564,33,63,0.94,30,0.031333333,12
3150.832166,39,52,0.42,13,0.032307692,12
3150.549461,57,72,0.49,15,0.032666667,12
3150.218298,37,56,0.64,19,0.033684211,12
3149.215025,45,48,0.1,3,0.033333333,12
3148.796731,36,56,0.68,20,0.034,12
3147.24338,62,69,0.22,7,0.031428571,12
3147.185333,39,48,0.32,9,0.035555556,12
3146.130159,43,49,0.2,6,0.033333333,12
3145.804132,53,77,0.79,24,0.032916667,12
3145.687228,35,59,0.77,24,0.032083333,12
3145.436236,36,97,0.14,61,0.002295082,12
3143.28259,55,66,0.28,11,0.025454545,12
3142.723792,34,60,0.81,26,0.031153846,12
3141.870848,36,98,0.09,62,0.001451613,12
3141.719008,33,56,0.84,23,0.036521739,12
3140.715226,33,57,0.84,24,0.035,12
3140.5584,37,51,0.51,14,0.036428571,12
3140.476569,54,76,0.72,22,0.032727273,12
3139.542315,41,50,0.29,9,0.032222222,12
3139.368859,63,67,0.13,4,0.0325,12
3139.368859,61,69,0.26,8,0.0325,12
3137.789072,42,50,0.27,8,0.03375,12
3137.039555,36,97,0.1,61,0.001639344,12
3136.166817,37,55,0.61,18,0.033888889,12
3135.536981,32,59,0.95,27,0.035185185,12
3135.196677,55,75,0.66,20,0.033,12
3134.312749,41,53,0.43,12,0.035833333,12
3133.761413,33,62,0.92,29,0.031724138,12
3133.139817,52,80,0.89,28,0.031785714,12
3133.139817,51,81,0.96,30,0.032,12
3132.530395,38,55,0.57,17,0.033529412,12
3132.348499,57,71,0.47,14,0.033571429,12
3132.348499,54,75,0.7,21,0.033333333,12
3131.866048,37,49,0.44,12,0.036666667,12
3131.010106,42,73,0.98,31,0.031612903,12
3130.860486,43,48,0.17,5,0.034,12
3129.87774,34,99,0.18,65,0.002769231,12
3127.48168,36,58,0.73,22,0.033181818,12
3126.822958,43,49,0.23,6,0.038333333,12
3125.419268,36,51,0.54,15,0.036,12
3125.253773,58,70,0.4,12,0.033333333,12
3125.253773,56,73,0.56,17,0.032941176,12
3124.86624,42,51,0.29,9,0.032222222,12
3124.559573,35,57,0.75,22,0.034090909,12
3124.359763,59,70,0.36,11,0.032727273,12
3124.359763,54,75,0.69,21,0.032857143,12
3124.359763,53,77,0.78,24,0.0325,12
3123.481889,34,54,0.74,20,0.037,12
3122.8033,37,54,0.57,17,0.033529412,12
3121.191875,40,51,0.36,11,0.032727273,12
3119.959941,53,76,0.76,23,0.033043478,12
3119.954464,37,57,0.63,20,0.0315,12
3117.066396,34,57,0.8,23,0.034782609,12
3117.020918,35,61,0.81,26,0.031153846,12
3116.809944,56,65,0.23,9,0.025555556,12
3116.677507,41,52,0.4,11,0.036363636,12
3115.362374,33,98,0.22,65,0.003384615,12
3115.04937,36,96,0.15,60,0.0025,12
3114.190654,39,52,0.44,13,0.033846154,12
3114.190654,38,53,0.51,15,0.034,12
3112.91023,33,58,0.87,25,0.0348,12
3112.125437,35,57,0.72,22,0.032727273,12
3111.839652,52,78,0.86,26,0.033076923,12
3110.287291,33,61,0.9,28,0.032142857,12
3109.621262,35,98,0.17,63,0.002698413,12
3107.580042,34,99,0.16,65,0.002461538,12
3106.802579,34,58,0.83,24,0.034583333,12
3106.757408,36,59,0.82,23,0.035652174,12
3106.50066,32,57,0.92,25,0.0368,12
3104.852342,37,52,0.53,15,0.035333333,12
3104.277071,35,57,0.73,22,0.033181818,12
3103.901604,52,78,0.85,26,0.032692308,12
3103.901604,51,80,0.94,29,0.032413793,12
3102.462011,36,56,0.64,20,0.032,12
3102.368038,33,59,0.9,26,0.034615385,12
3101.948798,35,99,0.12,64,0.001875,12
3100.402585,60,72,0.37,12,0.030833333,12
3099.944363,33,99,0.2,66,0.003030303,12
3099.529697,51,79,0.92,28,0.032857143,12
3099.244575,41,52,0.37,11,0.033636364,12
3099.071313,35,99,0.13,64,0.00203125,12
3099.05717,34,62,0.88,28,0.031428571,12
3098.793677,32,58,0.92,26,0.035384615,12
3097.599611,33,55,0.82,22,0.037272727,12
3097.12342,39,53,0.47,14,0.033571429,12
3094.962751,38,56,0.59,18,0.032777778,12
3094.962751,37,57,0.66,20,0.033,12
3094.956199,41,48,0.25,7,0.035714286,12
3094.754124,35,96,0.18,61,0.00295082,12
3091.754022,32,55,0.84,23,0.036521739,12
3090.347125,51,79,0.91,28,0.0325,12
3088.450662,42,72,0.97,30,0.032333333,12
3087.927065,39,55,0.57,16,0.035625,12
3087.927065,37,58,0.74,21,0.035238095,12
3087.168905,36,96,0.16,60,0.002666667,12
3086.865033,32,56,0.89,24,0.037083333,12
3086.70042,41,51,0.32,10,0.032,12
3086.545047,52,77,0.83,25,0.0332,12
3086.223602,34,99,0.17,65,0.002615385,12
3085.336175,35,56,0.73,21,0.034761905,12
3084.228651,37,55,0.58,18,0.032222222,12
3083.72312,42,47,0.18,5,0.036,12
3082.584486,36,50,0.51,14,0.036428571,12
3082.395398,40,77,0.94,37,0.025405405,12
3082.188804,36,56,0.66,20,0.033,12
3081.884503,33,57,0.85,24,0.035416667,12
3080.906723,39,53,0.46,14,0.032857143,12
3080.480649,43,72,0.91,29,0.03137931,12
3079.250281,39,45,0.23,6,0.038333333,12
3078.807391,38,47,0.33,9,0.036666667,12
3078.743384,35,61,0.83,26,0.031923077,12
3077.763192,32,59,0.94,27,0.034814815,12
3076.917928,44,50,0.19,6,0.031666667,12
3076.673864,41,52,0.35,11,0.031818182,12
3076.038508,39,54,0.48,15,0.032,12
3075.845253,35,52,0.61,17,0.035882353,12
3073.036417,36,96,0.18,60,0.003,12
3071.170773,55,73,0.61,18,0.033888889,12
3071.154633,60,68,0.27,8,0.03375,12
3071.154633,56,72,0.54,16,0.03375,12
3069.346309,35,52,0.62,17,0.036470588,12
3069.058731,63,66,0.1,3,0.033333333,12
3069.058731,60,69,0.3,9,0.033333333,12
3068.696715,41,46,0.18,5,0.036,12
3067.96055,34,61,0.86,27,0.031851852,12
3066.570277,43,50,0.26,7,0.037142857,12
3066.172242,36,94,0.19,58,0.003275862,12
3065.780377,38,51,0.46,13,0.035384615,12
3065.536769,38,54,0.54,16,0.03375,12
3064.685964,33,53,0.74,20,0.037,12
3064.360542,44,50,0.2,6,0.033333333,12
3063.669763,36,51,0.55,15,0.036666667,12
3062.695412,33,64,0.98,31,0.031612903,12
3061.348617,37,53,0.56,16,0.035,12
3060.729677,36,97,0.15,61,0.002459016,12
3060.062173,34,98,0.17,64,0.00265625,12
3058.537449,33,55,0.83,22,0.037727273,12
3058.537449,32,57,0.93,25,0.0372,12
3058.287471,41,52,0.41,11,0.037272727,12
3058.258457,36,58,0.69,22,0.031363636,12
3057.826623,35,58,0.77,23,0.033478261,12
3057.553641,35,96,0.19,61,0.003114754,12
3057.257024,40,54,0.46,14,0.032857143,12
3055.566316,43,73,0.93,30,0.031,12
3055.190521,35,58,0.73,23,0.03173913,12
3054.768893,42,49,0.24,7,0.034285714,12
3054.441943,42,50,0.31,8,0.03875,12
3054.024865,53,76,0.77,23,0.033478261,12
3053.555049,36,57,0.7,21,0.033333333,12
3052.976448,42,52,0.33,10,0.033,12
3052.700514,36,98,0.13,62,0.002096774,12
3052.565407,38,55,0.55,17,0.032352941,12
3052.295229,34,60,0.87,26,0.033461538,12
3051.902249,37,96,0.09,59,0.001525424,12
3051.734667,54,76,0.73,22,0.033181818,12
3051.076046,35,54,0.68,19,0.035789474,12
3050.731416,62,72,0.3,10,0.03,12
3050.518234,35,56,0.74,21,0.035238095,12
3049.439061,35,99,0.16,64,0.0025,12
3048.157255,42,74,0.99,32,0.0309375,12
3048.008526,32,58,0.93,26,0.035769231,12
3047.027258,41,49,0.26,8,0.0325,12
3046.935,38,53,0.49,15,0.032666667,12
3046.505805,52,77,0.82,25,0.0328,12
3046.505805,50,80,0.98,30,0.032666667,12
3046.437581,32,59,0.91,27,0.033703704,12
3046.215692,38,48,0.37,10,0.037,12
3045.826162,57,75,0.56,18,0.031111111,12
3043.936233,57,72,0.5,15,0.033333333,12
3043.454893,41,51,0.34,10,0.034,12
3043.259174,34,98,0.19,64,0.00296875,12
3042.557499,36,58,0.71,22,0.032272727,12
3042.540243,37,59,0.68,22,0.030909091,12
3041.491343,33,56,0.79,23,0.034347826,12
3041.443623,35,58,0.78,23,0.033913043,12
3041.291171,33,64,0.96,31,0.030967742,12
3040.45714,35,95,0.2,60,0.003333333,12
3038.892908,36,61,0.82,25,0.0328,12
3038.580731,33,61,0.88,28,0.031428571,12
3037.614838,34,63,0.92,29,0.031724138,12
3037.420488,41,76,0.88,35,0.025142857,12
3035.489074,37,54,0.56,17,0.032941176,12
3035.406301,36,54,0.61,18,0.033888889,12
3034.539188,59,69,0.34,10,0.034,12
3034.210826,36,96,0.17,60,0.002833333,12
3033.824473,52,77,0.84,25,0.0336,12
3033.481961,40,48,0.29,8,0.03625,12
3032.689586,37,53,0.54,16,0.03375,12
3032.160234,38,58,0.66,20,0.033,12
3031.853067,51,80,0.96,29,0.033103448,12
3031.164845,54,75,0.71,21,0.033809524,12
3031.164845,51,79,0.94,28,0.033571429,12
3031.063136,36,98,0.14,62,0.002258065,12
3030.649035,37,53,0.57,16,0.035625,12
3030.588047,34,56,0.78,22,0.035454545,12
3029.805127,37,96,0.1,59,0.001694915,12
3028.991156,36,95,0.18,59,0.003050847,12
3028.987495,35,53,0.66,18,0.036666667,12
3027.807658,31,59,0.96,28,0.034285714,12
3027.552213,36,57,0.68,21,0.032380952,12
3027.376866,33,63,0.97,30,0.032333333,12
3026.73082,41,53,0.4,12,0.033333333,12
3026.721887,40,54,0.47,14,0.033571429,12
3025.749574,58,70,0.41,12,0.034166667,12
3025.322546,66,68,0.06,2,0.03,12
3025.322546,65,69,0.12,4,0.03,12
3025.322546,64,70,0.18,6,0.03,12
3025.322546,63,71,0.24,8,0.03,12
3024.652463,53,76,0.78,23,0.033913043,12
3024.652463,52,77,0.85,25,0.034,12
3023.825175,35,60,0.8,25,0.032,12
3023.784557,51,79,0.93,28,0.033214286,12
3023.078576,40,53,0.47,13,0.036153846,12
3022.837988,50,78,0.95,28,0.033928571,12
3022.485463,36,57,0.67,21,0.031904762,12
3022.275275,50,80,0.99,30,0.033,12
3021.195535,35,58,0.75,23,0.032608696,12
3021.142681,41,50,0.33,9,0.036666667,12
3020.274962,33,61,0.89,28,0.031785714,12
3019.705454,37,50,0.47,13,0.036153846,12
3019.299058,34,57,0.81,23,0.035217391,12
3018.750308,36,50,0.52,14,0.037142857,12
3017.933589,37,47,0.38,10,0.038,12
3017.895943,40,55,0.47,15,0.031333333,12
3017.599372,51,78,0.89,27,0.032962963,12
3017.489295,34,98,0.2,64,0.003125,12
3017.356863,33,54,0.76,21,0.036190476,12
3017.19688,41,54,0.42,13,0.032307692,12
3016.983905,40,50,0.35,10,0.035,12
3016.915494,34,61,0.87,27,0.032222222,12
3016.83507,37,54,0.59,17,0.034705882,12
3014.443689,51,78,0.9,27,0.033333333,12
3014.443689,50,79,0.97,29,0.033448276,12
3013.068872,51,79,0.95,28,0.033928571,12
3013.028847,54,74,0.68,20,0.034,12
3012.869062,35,98,0.12,63,0.001904762,12
3012.760809,33,62,0.96,29,0.033103448,12
3009.450475,35,95,0.21,60,0.0035,12
3006.963009,37,97,0.08,60,0.001333333,12
3006.373101,36,97,0.09,61,0.00147541,12
3005.747258,32,75,0.29,43,0.006744186,12
3005.472848,41,50,0.3,9,0.033333333,12
3004.245874,39,51,0.4,12,0.033333333,12
3004.245874,38,52,0.47,14,0.033571429,12
3004.177522,53,79,0.83,26,0.031923077,12
3004.025517,34,60,0.82,26,0.031538462,12
3003.775013,31,57,0.97,26,0.037307692,12
3002.967406,34,62,0.9,28,0.032142857,12
3002.501395,34,59,0.79,25,0.0316,12
3001.949119,34,61,0.89,27,0.032962963,12
3001.876098,54,77,0.75,23,0.032608696,12
3001.181525,35,96,0.2,61,0.003278689,12
2999.697953,38,57,0.59,19,0.031052632,12
2998.710314,52,80,0.9,28,0.032142857,12
2997.783852,44,47,0.11,3,0.036666667,12
2997.100956,55,74,0.64,19,0.033684211,12
2997.100956,52,78,0.87,26,0.033461538,12
2997.085193,56,73,0.57,17,0.033529412,12
2997.085193,53,77,0.8,24,0.033333333,12
2996.869309,36,95,0.15,59,0.002542373,12
2996.38303,34,59,0.85,25,0.034,12
2995.76394,36,97,0.18,61,0.00295082,12
2994.224412,51,76,0.86,25,0.0344,12
2993.277068,51,78,0.91,27,0.033703704,12
2992.968175,59,72,0.42,13,0.032307692,12
2992.641047,39,48,0.33,9,0.036666667,12
2992.207086,32,56,0.95,24,0.039583333,12
2991.498579,35,99,0.17,64,0.00265625,12
2991.226209,41,50,0.31,9,0.034444444,12
2991.109622,55,72,0.58,17,0.034117647,12
2991.109622,54,73,0.65,19,0.034210526,12
2990.808255,61,74,0.39,13,0.03,12
2990.808255,60,75,0.45,15,0.03,12
2990.808255,59,76,0.51,17,0.03,12
2988.860294,50,79,0.98,29,0.033793103,12
2988.592724,32,55,0.85,23,0.036956522,12
2988.235479,40,52,0.41,12,0.034166667,12
2988.200973,40,53,0.44,13,0.033846154,12
2987.979576,41,48,0.24,7,0.034285714,12
2987.596021,39,51,0.39,12,0.0325,12
2987.15113,51,78,0.92,27,0.034074074,12
2985.250862,36,49,0.49,13,0.037692308,12
2985.005542,33,74,0.28,41,0.006829268,12
2984.68055,53,74,0.72,21,0.034285714,12
2984.488883,38,55,0.54,17,0.031764706,12
2984.414582,60,74,0.43,14,0.030714286,12
2984.007123,35,57,0.71,22,0.032272727,12
2983.668243,34,63,0.89,29,0.030689655,12
2981.97206,36,55,0.63,19,0.033157895,12
2980.246912,36,60,0.74,24,0.030833333,12
2978.790756,34,98,0.16,64,0.0025,12
2978.18085,37,52,0.54,15,0.036,12
2978.124153,44,61,0.51,17,0.03,12
2977.906015,36,97,0.11,61,0.001803279,12
2977.839855,34,59,0.8,25,0.032,12
2977.824362,34,59,0.81,25,0.0324,12
2977.538287,33,54,0.77,21,0.036666667,12
2977.106813,37,57,0.67,20,0.0335,12
2977.079969,36,59,0.83,23,0.036086957,12
2976.572649,36,97,0.16,61,0.002622951,12
2975.608654,45,67,0.71,22,0.032272727,12
2975.44102,57,78,0.64,21,0.03047619,12
2974.647258,51,81,0.97,30,0.032333333,12
2974.560497,33,55,0.79,22,0.035909091,12
2974.387816,42,52,0.32,10,0.032,12
2974.22706,55,81,0.79,26,0.030384615,12
2973.602676,34,60,0.84,26,0.032307692,12
2973.551185,50,72,0.56,22,0.025454545,12
2971.844137,36,58,0.74,22,0.033636364,12
2971.521369,37,46,0.35,9,0.038888889,12
2968.05075,31,59,0.95,28,0.033928571,12
2967.625081,36,99,0.11,63,0.001746032,12
2966.872941,57,79,0.66,22,0.03,12
2965.21016,37,58,0.68,21,0.032380952,12
2965.126935,35,59,0.78,24,0.0325,12
2965.039129,35,99,0.1,64,0.0015625,12
2964.680903,36,54,0.63,18,0.035,12
2964.098415,36,57,0.71,21,0.033809524,12
2963.526756,33,60,0.87,27,0.032222222,12
2963.267538,63,74,0.32,11,0.029090909,12
2963.165836,58,77,0.58,19,0.030526316,12
2962.828047,33,64,0.99,31,0.031935484,12
2962.798466,39,54,0.54,15,0.036,12
2962.705191,35,98,0.13,63,0.002063492,12
2961.825568,36,60,0.75,24,0.03125,12
2961.602163,38,68,0.13,30,0.004333333,12
2961.264737,44,70,0.83,26,0.031923077,12
2961.24043,35,99,0.18,64,0.0028125,12
2960.887322,35,55,0.71,20,0.0355,12
2960.825651,36,99,0.12,63,0.001904762,12
2960.461316,37,94,0.12,57,0.002105263,12
2959.423911,36,99,0.1,63,0.001587302,12
2958.941465,34,99,0.15,65,0.002307692,12
2958.144461,56,87,0.82,31,0.026451613,12
2957.831857,31,59,0.97,28,0.034642857,12
2957.808164,57,74,0.55,17,0.032352941,12
2957.409924,32,57,0.87,25,0.0348,12
2956.978792,36,57,0.76,21,0.036190476,12
2956.544477,58,71,0.44,13,0.033846154,12
2955.64014,35,54,0.65,19,0.034210526,12
2955.606001,61,72,0.34,11,0.030909091,12
2955.542119,36,59,0.75,23,0.032608696,12
2955.532511,37,96,0.11,59,0.001864407,12
2953.581078,36,95,0.16,59,0.002711864,12
2952.825104,39,53,0.51,14,0.036428571,12
2952.694476,35,52,0.64,17,0.037647059,12
2952.156436,43,52,0.27,9,0.03,12
2951.970952,34,52,0.67,18,0.037222222,12
2951.585978,33,62,0.93,29,0.032068966,12
2951.18264,42,63,0.63,21,0.03,12
2949.956776,36,98,0.15,62,0.002419355,12
2949.911337,35,53,0.63,18,0.035,12
2949.685604,33,60,0.93,27,0.034444444,12
2949.358255,44,48,0.15,4,0.0375,12
2949.015478,57,76,0.59,19,0.031052632,12
2948.48996,35,57,0.7,22,0.031818182,12
2948.1072,44,68,0.78,24,0.0325,12
2946.797801,36,97,0.17,61,0.002786885,12
2946.716253,60,73,0.4,13,0.030769231,12
2946.716253,58,76,0.55,18,0.030555556,12
2946.716253,57,77,0.61,20,0.0305,12
2946.456749,37,59,0.69,22,0.031363636,12
2946.436239,51,59,0.26,8,0.0325,12
2946.355709,33,65,0.98,32,0.030625,12
2945.702327,52,75,0.79,23,0.034347826,12
2944.821734,32,54,0.9,22,0.040909091,12
2944.754557,56,87,0.81,31,0.026129032,12
2944.754557,53,91,0.99,38,0.026052632,12
2944.635564,34,99,0.2,65,0.003076923,12
2944.043148,39,53,0.45,14,0.032142857,12
2943.0421,37,56,0.69,19,0.036315789,12
2942.67343,33,63,0.95,30,0.031666667,12
2941.82116,33,73,0.28,40,0.007,12
2941.791811,38,56,0.6,18,0.033333333,12
2941.70087,38,55,0.62,17,0.036470588,12
2941.002936,35,62,0.94,27,0.034814815,12
2940.995798,45,69,0.76,24,0.031666667,12
2940.067519,35,60,0.78,25,0.0312,12
2938.867737,36,95,0.19,59,0.003220339,12
2938.189702,67,68,0.03,1,0.03,12
2938.189702,66,69,0.09,3,0.03,12
2938.189702,65,70,0.15,5,0.03,12
2938.189702,64,71,0.21,7,0.03,12
2938.189702,63,72,0.27,9,0.03,12
2937.773627,49,73,0.61,24,0.025416667,12
2937.227324,36,94,0.17,58,0.002931034,12
2937.027738,49,60,0.36,11,0.032727273,12
2936.772333,35,59,0.76,24,0.031666667,12
2936.427842,59,74,0.47,15,0.031333333,12
2936.427842,56,77,0.66,21,0.031428571,12
2936.314819,36,61,0.76,25,0.0304,12
2936.033925,37,50,0.46,13,0.035384615,12
2936.006125,35,97,0.17,62,0.002741935,12
2934.79866,50,79,0.99,29,0.034137931,12
2934.777789,56,86,0.8,30,0.026666667,12
2934.777789,53,90,0.98,37,0.026486486,12
2934.244939,56,78,0.68,22,0.030909091,12
2934.244939,53,81,0.87,28,0.031071429,12
2934.180341,55,79,0.74,24,0.030833333,12
2933.885469,54,88,0.91,34,0.026764706,12
2933.700656,37,56,0.61,19,0.032105263,12
2933.49912,62,73,0.33,11,0.03,12
2933.088304,34,61,0.84,27,0.031111111,12
2932.963966,38,68,0.12,30,0.004,12
2932.616204,43,71,0.9,28,0.032142857,12
2932.313582,46,65,0.62,19,0.032631579,12
2932.069071,39,55,0.53,16,0.033125,12
2930.069762,54,88,0.95,34,0.027941176,12
2929.833967,40,50,0.33,10,0.033,12
2929.762446,32,56,0.87,24,0.03625,12
2929.748529,62,71,0.28,9,0.031111111,12
2929.748529,58,75,0.53,17,0.031176471,12
2929.301607,48,62,0.46,14,0.032857143,12
2928.546219,33,58,0.88,25,0.0352,12
2928.346459,45,67,0.7,22,0.031818182,12
2927.54695,57,82,0.72,25,0.0288,12
2927.400202,33,62,0.9,29,0.031034483,12
2927.214718,62,70,0.25,8,0.03125,12
2926.977154,38,52,0.46,14,0.032857143,12
2926.714946,44,60,0.48,16,0.03,12
2926.182535,35,62,0.84,27,0.031111111,12
2925.709876,33,74,0.27,41,0.006585366,12
2925.515197,32,56,0.9,24,0.0375,12
2925.136497,59,70,0.37,11,0.033636364,12
2924.755058,35,57,0.81,22,0.036818182,12
2924.500173,38,54,0.52,16,0.0325,12
2923.89768,54,75,0.46,21,0.021904762,12
2923.451655,63,69,0.19,6,0.031666667,12
2923.451655,60,72,0.38,12,0.031666667,12
2922.430359,34,60,0.88,26,0.033846154,12
2922.146206,59,75,0.49,16,0.030625,12
2921.042597,35,58,0.84,23,0.036521739,12
2920.998324,54,80,0.81,26,0.031153846,12
2920.856847,57,85,0.77,28,0.0275,12
2920.856847,56,86,0.83,30,0.027666667,12
2920.856847,55,87,0.88,32,0.0275,12
2920.856847,54,89,0.96,35,0.027428571,12
2920.602022,51,58,0.23,7,0.032857143,12
2919.932773,59,74,0.46,15,0.030666667,12
2919.49892,37,95,0.12,58,0.002068966,12
2919.464427,33,62,0.97,29,0.033448276,12
2918.317471,33,75,0.28,42,0.006666667,12
2918.176449,54,90,0.93,36,0.025833333,12
2917.794188,42,52,0.36,10,0.036,12
2917.672043,41,51,0.38,10,0.038,12
2916.815284,34,53,0.69,19,0.036315789,12
2916.800886,55,78,0.72,23,0.031304348,12
2916.320568,54,82,0.85,28,0.030357143,12
2916.070876,37,56,0.62,19,0.032631579,12
2916.003037,52,81,0.92,29,0.031724138,12
2915.421983,55,87,0.89,32,0.0278125,12
2914.925363,54,62,0.23,8,0.02875,12
2914.460282,35,97,0.16,62,0.002580645,12
2914.218967,34,58,0.79,24,0.032916667,12
2914.169846,38,55,0.61,17,0.035882353,12
2914.154675,33,58,0.84,25,0.0336,12
2913.540028,36,51,0.53,15,0.035333333,12
2913.396969,33,99,0.22,66,0.003333333,12
2912.991362,35,51,0.59,16,0.036875,12
2912.717208,33,53,0.75,20,0.0375,12
2912.174729,48,65,0.45,17,0.026470588,12
2911.69927,48,82,0.76,34,0.022352941,12
2911.588012,41,49,0.28,8,0.035,12
2911.46039,35,98,0.11,63,0.001746032,12
2911.43414,47,64,0.55,17,0.032352941,12
2910.860787,36,97,0.13,61,0.002131148,12
2910.833632,42,50,0.29,8,0.03625,12
2910.072095,59,80,0.6,21,0.028571429,12
2910.072095,58,81,0.66,23,0.028695652,12
2910.072095,55,85,0.85,30,0.028333333,12
2910.072095,54,86,0.91,32,0.0284375,12
2910.072095,54,87,0.93,33,0.028181818,12
2910.072095,53,87,0.97,34,0.028529412,12
2910.072095,53,88,0.99,35,0.028285714,12
2909.790038,45,46,0.04,1,0.04,12
2909.790038,44,47,0.12,3,0.04,12
2909.790038,43,48,0.2,5,0.04,12
2909.775466,54,81,0.83,27,0.030740741,12
2909.477872,32,56,0.91,24,0.037916667,12
2909.400231,55,87,0.86,32,0.026875,12
2909.400231,53,89,0.97,36,0.026944444,12
2908.898544,55,78,0.73,23,0.03173913,12
2908.225483,57,75,0.57,18,0.031666667,12
2907.420246,52,76,0.55,24,0.022916667,12
2907.356252,37,95,0.11,58,0.001896552,12
2907.163136,34,97,0.19,63,0.003015873,12
2906.918428,56,79,0.7,23,0.030434783,12
2906.658528,57,76,0.6,19,0.031578947,12
2906.613322,43,49,0.21,6,0.035,12
2906.613322,42,50,0.28,8,0.035,12
2906.324422,32,63,0.98,31,0.031612903,12
2906.054489,33,65,0.97,32,0.0303125,12
2905.962603,37,52,0.5,15,0.033333333,12
2905.924496,61,66,0.17,5,0.034,12
2905.379674,34,97,0.21,63,0.003333333,12
2905.025249,35,62,0.83,27,0.030740741,12
2904.996805,37,53,0.53,16,0.033125,12
2904.702576,55,88,0.87,33,0.026363636,12
2904.702576,54,89,0.92,35,0.026285714,12
2904.619843,52,79,0.9,27,0.033333333,12
2904.619843,51,80,0.97,29,0.033448276,12
2904.60455,53,78,0.83,25,0.0332,12
2904.451473,36,98,0.08,62,0.001290323,12
2904.063741,55,73,0.6,18,0.033333333,12
2904.040606,52,84,0.99,32,0.0309375,12
2903.8191,54,89,0.93,35,0.026571429,12
2903.738659,55,88,0.9,33,0.027272727,12
2903.731064,59,78,0.56,19,0.029473684,12
2903.264484,52,82,0.94,30,0.031333333,12
2902.522744,40,75,0.9,35,0.025714286,12
2902.406806,57,84,0.75,27,0.027777778,12
2902.406806,54,87,0.92,33,0.027878788,12
2902.369051,35,96,0.17,61,0.002786885,12
2902.00842,54,81,0.84,27,0.031111111,12
2902.00842,52,83,0.97,31,0.031290323,12
2901.557916,41,76,0.89,35,0.025428571,12
2901.40686,61,71,0.31,10,0.031,12
2901.364266,51,53,0.06,2,0.03,12
2901.342943,34,54,0.7,20,0.035,12
2900.941258,34,97,0.2,63,0.003174603,12
2900.803929,57,83,0.73,26,0.028076923,12
2900.334934,59,82,0.63,23,0.027391304,12
2899.9731,39,55,0.54,16,0.03375,12
2899.395078,38,53,0.52,15,0.034666667,12
2899.163593,47,48,0.03,1,0.03,12
2899.163593,46,49,0.09,3,0.03,12
2899.163593,45,50,0.15,5,0.03,12
2899.163593,44,51,0.21,7,0.03,12
2898.172759,38,54,0.53,16,0.033125,12
2898.007966,35,57,0.76,22,0.034545455,12
2897.290366,32,56,0.86,24,0.035833333,12
2897.25601,56,68,0.28,12,0.023333333,12
2896.893643,54,88,0.94,34,0.027647059,12
2896.761073,35,98,0.19,63,0.003015873,12
2896.635678,57,77,0.62,20,0.031,12
2896.306549,53,83,0.92,30,0.030666667,12
2895.926964,51,81,0.99,30,0.033,12
2895.49433,37,56,0.6,19,0.031578947,12
2895.362118,56,77,0.65,21,0.030952381,12
2895.338916,45,59,0.42,14,0.03,12
2894.632919,33,60,0.86,27,0.031851852,12
2894.588599,36,98,0.12,62,0.001935484,12
2894.251994,63,68,0.16,5,0.032,12
2894.234506,53,90,0.97,37,0.026216216,12
2893.669658,40,76,0.92,36,0.025555556,12
2893.521996,36,56,0.69,20,0.0345,12
2893.506016,34,62,0.99,28,0.035357143,12
2893.004149,35,98,0.18,63,0.002857143,12
2892.936741,59,73,0.44,14,0.031428571,12
2892.936741,56,76,0.63,20,0.0315,12
2892.869367,37,55,0.66,18,0.036666667,12
2891.830319,37,58,0.67,21,0.031904762,12
2891.501891,55,86,0.87,31,0.028064516,12
2891.393511,51,82,0.99,31,0.031935484,12
2891.35578,42,47,0.17,5,0.034,12
2891.2826,56,84,0.79,28,0.028214286,12
2891.2826,56,85,0.81,29,0.027931034,12
2891.2826,54,86,0.9,32,0.028125,12
2891.2826,53,87,0.96,34,0.028235294,12
2891.2826,53,88,0.98,35,0.028,12
2890.991352,64,74,0.29,10,0.029,12
2890.494434,38,45,0.27,7,0.038571429,12
2890.48372,55,80,0.77,25,0.0308,12
2890.174854,32,60,0.93,28,0.033214286,12
2889.78067,37,69,0.13,32,0.0040625,12
2889.372342,35,97,0.19,62,0.003064516,12
2889.119101,39,54,0.49,15,0.032666667,12
2888.914801,50,54,0.12,4,0.03,12
2888.914801,49,55,0.18,6,0.03,12
2888.914801,48,56,0.24,8,0.03,12
2886.72564,53,78,0.82,25,0.0328,12
2886.399453,37,56,0.65,19,0.034210526,12
2886.306509,42,49,0.23,7,0.032857143,12
2886.300376,43,62,0.57,19,0.03,12
2886.274356,42,51,0.31,9,0.034444444,12
2885.614259,38,57,0.68,19,0.035789474,12
2885.506628,53,79,0.84,26,0.032307692,12
2885.431369,47,57,0.3,10,0.03,12
2885.340874,58,79,0.62,21,0.02952381,12
2885.274273,42,53,0.33,11,0.03,12
2885.196531,32,61,0.95,29,0.032758621,12
2885.177387,60,67,0.24,7,0.034285714,12
2885.162463,41,74,0.85,33,0.025757576,12
2884.39286,57,66,0.22,9,0.024444444,12
2884.014471,55,79,0.75,24,0.03125,12
2884.014471,53,81,0.88,28,0.031428571,12
2883.988191,55,77,0.7,22,0.031818182,12
2883.988191,54,79,0.79,25,0.0316,12
2883.988191,53,80,0.85,27,0.031481481,12
2883.89475,34,58,0.78,24,0.0325,12
2883.399107,61,63,0.06,2,0.03,12
2883.399107,60,64,0.12,4,0.03,12
2883.135662,53,75,0.49,22,0.022272727,12
2883.08947,47,63,0.52,16,0.0325,12
2882.942117,44,47,0.1,3,0.033333333,12
2882.677455,48,58,0.26,10,0.026,12
2881.970878,32,62,0.95,30,0.031666667,12
2881.746395,52,80,0.91,28,0.0325,12
2881.116487,37,96,0.08,59,0.001355932,12
2881.075435,33,60,0.99,27,0.036666667,12
2880.947936,32,56,0.96,24,0.04,12
2880.884132,37,69,0.14,32,0.004375,12
2880.558022,56,67,0.27,11,0.024545455,12
2880.558022,55,68,0.32,13,0.024615385,12
2880.301846,40,54,0.52,14,0.037142857,12
2879.930083,38,56,0.67,18,0.037222222,12
2879.911245,53,89,0.99,36,0.0275,12
2879.576515,53,90,0.99,37,0.026756757,12
2879.467922,50,67,0.48,17,0.028235294,12
2878.953376,36,57,0.72,21,0.034285714,12
2878.891869,49,64,0.34,15,0.022666667,12
2878.732666,58,74,0.51,16,0.031875,12
2878.732666,56,76,0.64,20,0.032,12
2878.732666,54,78,0.77,24,0.032083333,12
2877.779406,35,61,0.92,26,0.035384615,12
2877.766728,51,81,0.98,30,0.032666667,12
2877.459153,56,72,0.36,16,0.0225,12
2876.992537,37,58,0.75,21,0.035714286,12
2876.726735,54,69,0.37,15,0.024666667,12
2876.674973,54,79,0.78,25,0.0312,12
2876.632473,34,53,0.7,19,0.036842105,12
2876.4614,52,82,0.95,30,0.031666667,12
2876.30679,34,62,0.91,28,0.0325,12
2876.08456,43,50,0.24,7,0.034285714,12
2875.702673,46,67,0.68,21,0.032380952,12
2875.594933,36,98,0.16,62,0.002580645,12
2875.351077,40,54,0.51,14,0.036428571,12
2875.322724,58,65,0.17,7,0.024285714,12
2874.186508,38,93,0.15,55,0.002727273,12
2873.910153,58,74,0.5,16,0.03125,12
2873.614278,36,71,0.16,35,0.004571429,12
2872.632474,55,85,0.86,30,0.028666667,12
2872.387668,56,87,0.83,31,0.026774194,12
2871.947053,50,78,0.63,28,0.0225,12
2871.550564,43,63,0.59,20,0.0295,12
2871.550564,42,64,0.65,22,0.029545455,12
2870.728531,37,93,0.18,56,0.003214286,12
2870.637599,41,50,0.36,9,0.04,12
2870.601057,57,85,0.76,28,0.027142857,12
2870.601057,56,86,0.82,30,0.027333333,12
2870.601057,55,88,0.89,33,0.026969697,12
2870.127287,61,70,0.29,9,0.032222222,12
2869.859735,57,71,0.48,14,0.034285714,12
2869.733427,36,55,0.67,19,0.035263158,12
2869.567832,49,61,0.39,12,0.0325,12
2869.49116,32,55,0.93,23,0.040434783,12
2869.376223,48,61,0.43,13,0.033076923,12
2869.283898,58,82,0.67,24,0.027916667,12
2868.90092,31,57,0.99,26,0.038076923,12
2868.67773,46,58,0.36,12,0.03,12
2868.665379,36,99,0.09,63,0.001428571,12
2868.653868,36,57,0.69,21,0.032857143,12
2868.355421,33,59,0.92,26,0.035384615,12
2868.271315,42,70,0.91,28,0.0325,12
2868.156956,35,97,0.22,62,0.003548387,12
2868.107975,38,58,0.62,20,0.031,12
2867.800914,51,78,0.6,27,0.022222222,12
2867.380434,58,69,0.38,11,0.034545455,12
2867.22123,37,96,0.07,59,0.001186441,12
2866.98236,41,75,0.87,34,0.025588235,12
2866.841338,36,55,0.61,19,0.032105263,12
2866.799842,54,80,0.82,26,0.031538462,12
2866.55464,40,53,0.49,13,0.037692308,12
2866.446299,31,76,0.33,45,0.007333333,12
2866.389373,52,83,0.96,31,0.030967742,12
2865.751061,36,55,0.62,19,0.032631579,12
2865.569391,53,57,0.13,4,0.0325,12
2865.536787,35,59,0.81,24,0.03375,12
2865.079952,33,51,0.7,18,0.038888889,12
2864.561085,55,88,0.86,33,0.026060606,12
2864.465429,44,49,0.17,5,0.034,12
2864.287972,33,76,0.29,43,0.006744186,12
2864.099816,40,77,0.93,37,0.025135135,12
2863.850402,48,63,0.35,15,0.023333333,12
2863.831556,61,79,0.5,18,0.027777778,12
2863.831556,58,83,0.69,25,0.0276,12
2863.831556,56,85,0.8,29,0.027586207,12
2863.823726,36,54,0.64,18,0.035555556,12
2863.17983,35,50,0.57,15,0.038,12
2863.162165,44,68,0.77,24,0.032083333,12
2863.14262,36,98,0.17,62,0.002741935,12
2863.079657,31,57,0.98,26,0.037692308,12
2863.000699,35,71,0.24,36,0.006666667,12
2862.676469,53,75,0.75,22,0.034090909,12
2862.534028,43,50,0.23,7,0.032857143,12
2861.85253,47,67,0.63,20,0.0315,12
2861.417399,39,53,0.48,14,0.034285714,12
2861.217002,57,64,0.18,7,0.025714286,12
2861.197215,47,66,0.61,19,0.032105263,12
2861.17556,54,89,0.95,35,0.027142857,12
2861.166298,39,53,0.55,14,0.039285714,12
2860.987372,35,95,0.23,60,0.003833333,12
2860.758454,45,66,0.68,21,0.032380952,12
2860.673473,32,63,0.96,31,0.030967742,12
2860.592775,35,60,0.82,25,0.0328,12
2860.573442,36,60,0.85,24,0.035416667,12
2860.358013,52,79,0.89,27,0.032962963,12
2860.241215,49,68,0.54,19,0.028421053,12
2859.950079,53,82,0.9,29,0.031034483,12
2859.639894,53,80,0.86,27,0.031851852,12
2859.414901,33,53,0.81,20,0.0405,12
2858.780988,57,68,0.26,11,0.023636364,12
2858.282415,60,80,0.56,20,0.028,12
2858.160287,50,65,0.45,15,0.03,12
2858.048632,54,89,0.94,35,0.026857143,12
2857.975389,58,69,0.25,11,0.022727273,12
2857.675934,32,75,0.3,43,0.006976744,12
2857.573639,36,94,0.18,58,0.003103448,12
2857.570521,55,89,0.88,34,0.025882353,12
2857.570521,54,90,0.94,36,0.026111111,12
2856.603087,43,69,0.85,26,0.032692308,12
2856.552095,44,46,0.07,2,0.035,12
2856.552095,43,47,0.14,4,0.035,12
2856.390568,50,74,0.6,24,0.025,12
2855.960627,33,59,0.91,26,0.035,12
2855.901098,34,96,0.22,62,0.003548387,12
2855.220604,37,95,0.1,58,0.001724138,12
2855.220244,32,55,0.92,23,0.04,12
2855.032406,54,90,0.95,36,0.026388889,12
2854.551948,55,87,0.87,32,0.0271875,12
2854.467907,43,68,0.82,25,0.0328,12
2854.427538,55,86,0.86,31,0.027741935,12
2854.252902,35,96,0.22,61,0.003606557,12
2853.578802,54,86,0.92,32,0.02875,12
2853.430916,37,95,0.16,58,0.002758621,12
2853.15423,34,73,0.26,39,0.006666667,12
2852.483072,36,97,0.12,61,0.001967213,12
2852.137778,63,75,0.35,12,0.029166667,12
2851.802931,46,65,0.61,19,0.032105263,12
2851.180101,35,53,0.68,18,0.037777778,12
2851.177862,55,82,0.81,27,0.03,12
2850.795443,54,87,0.94,33,0.028484848,12
2850.711025,58,78,0.6,20,0.03,12
2850.660279,59,68,0.31,9,0.034444444,12
2850.332257,38,95,0.05,57,0.000877193,12
2850.11577,38,94,0.09,56,0.001607143,12
2850.095182,56,75,0.62,19,0.032631579,12
2849.57548,42,48,0.21,6,0.035,12
2849.399653,34,64,0.92,30,0.030666667,12
2849.363621,36,93,0.2,57,0.003508772,12
2849.314476,38,49,0.41,11,0.037272727,12
2848.817706,49,56,0.2,7,0.028571429,12
2848.765526,34,61,0.85,27,0.031481481,12
2848.531921,36,52,0.59,16,0.036875,12
2848.525406,42,51,0.34,9,0.037777778,12
2848.500259,34,64,0.91,30,0.030333333,12
2848.202145,31,56,0.93,25,0.0372,12
2848.145499,40,51,0.4,11,0.036363636,12
2847.735893,37,57,0.73,20,0.0365,12
2847.709639,35,61,0.91,26,0.035,12
2847.673083,53,88,0.97,35,0.027714286,12
2847.555349,43,70,0.86,27,0.031851852,12
2847.392598,36,93,0.21,57,0.003684211,12
2847.03651,57,84,0.74,27,0.027407407,12
2846.940049,33,61,0.95,28,0.033928571,12
2846.513958,32,58,0.89,26,0.034230769,12
2846.15776,55,76,0.69,21,0.032857143,12
2845.975164,45,66,0.69,21,0.032857143,12
2845.59586,35,59,0.75,24,0.03125,12
2845.244155,34,63,0.9,29,0.031034483,12
2845.134162,42,45,0.12,3,0.04,12
2845.134162,41,46,0.2,5,0.04,12
2845.107559,54,73,0.44,19,0.023157895,12
2845.053654,59,65,0.18,6,0.03,12
2844.72531,49,66,0.51,17,0.03,12
2844.693125,53,70,0.43,17,0.025294118,12
2844.439813,32,64,0.98,32,0.030625,12
2844.146542,37,49,0.43,12,0.035833333,12
2843.885526,39,55,0.59,16,0.036875,12
2843.82657,42,57,0.48,15,0.032,12
2843.57284,56,72,0.55,16,0.034375,12
2842.629844,41,54,0.39,13,0.03,12
2842.602409,52,78,0.88,26,0.033846154,12
2842.387527,35,95,0.22,60,0.003666667,12
2842.177315,55,86,0.85,31,0.027419355,12
2841.970647,47,66,0.51,19,0.026842105,12
2841.857889,37,95,0.14,58,0.002413793,12
2841.841774,36,52,0.55,16,0.034375,12
2841.654913,57,70,0.45,13,0.034615385,12
2841.318596,34,59,0.86,25,0.0344,12
2841.292083,42,63,0.62,21,0.02952381,12
2841.011991,34,72,0.26,38,0.006842105,12
2841.006492,37,50,0.49,13,0.037692308,12
2840.790679,40,49,0.33,9,0.036666667,12
2840.724624,35,97,0.18,62,0.002903226,12
2840.37063,54,77,0.76,23,0.033043478,12
2840.298953,54,87,0.91,33,0.027575758,12
2839.986945,41,53,0.44,12,0.036666667,12
2839.891519,34,54,0.79,20,0.0395,12
2839.891519,33,55,0.87,22,0.039545455,12
2839.888755,45,47,0.07,2,0.035,12
2839.888755,44,48,0.14,4,0.035,12
2839.750028,34,51,0.64,17,0.037647059,12
2839.669877,35,96,0.23,61,0.003770492,12
2839.472667,35,70,0.25,35,0.007142857,12
2839.283621,43,46,0.1,3,0.033333333,12
2838.91724,40,55,0.49,15,0.032666667,12
2838.487612,32,62,0.96,30,0.032,12
2838.354628,57,67,0.24,10,0.024,12
2837.842246,36,60,0.77,24,0.032083333,12
2837.833852,35,61,0.84,26,0.032307692,12
2837.831613,58,84,0.7,26,0.026923077,12
2837.685782,54,88,0.93,34,0.027352941,12
2837.680532,54,88,0.92,34,0.027058824,12
2837.680532,53,89,0.98,36,0.027222222,12
2837.585427,62,78,0.45,16,0.028125,12
2837.313934,43,50,0.25,7,0.035714286,12
2837.212341,45,60,0.45,15,0.03,12
2837.016294,35,97,0.21,62,0.003387097,12
2836.944441,35,51,0.64,16,0.04,12
2836.851627,50,79,0.96,29,0.033103448,12
2836.756592,89,92,0.01,3,0.003333333,12
2836.15161,42,71,0.93,29,0.032068966,12
2835.882478,40,74,0.88,34,0.025882353,12
2835.563953,49,63,0.32,14,0.022857143,12
2835.345246,37,60,0.7,23,0.030434783,12
2835.327316,33,63,0.98,30,0.032666667,12
2835.319138,41,54,0.46,13,0.035384615,12
2834.71528,37,57,0.65,20,0.0325,12
2834.620601,34,99,0.13,65,0.002,12
2834.46028,43,61,0.54,18,0.03,12
2834.372945,40,47,0.28,7,0.04,12
2833.663846,32,57,0.94,25,0.0376,12
2833.341736,33,53,0.76,20,0.038,12
2833.327724,36,60,0.84,24,0.035,12
2833.014017,35,61,0.93,26,0.035769231,12
2832.974261,54,72,0.42,18,0.023333333,12
2832.885325,35,53,0.7,18,0.038888889,12
2832.844376,49,67,0.53,18,0.029444444,12
2832.833686,36,61,0.77,25,0.0308,12
2832.786855,32,60,0.98,28,0.035,12
2832.451811,34,97,0.25,63,0.003968254,12
2832.129111,47,69,0.65,22,0.029545455,12
2832.020368,57,69,0.28,12,0.023333333,12
2831.879591,33,65,0.99,32,0.0309375,12
2831.393727,60,68,0.18,8,0.0225,12
2831.393727,58,70,0.27,12,0.0225,12
2830.849725,37,51,0.48,14,0.034285714,12
2830.601967,44,67,0.75,23,0.032608696,12
2830.541576,43,69,0.84,26,0.032307692,12
2830.400446,38,57,0.67,19,0.035263158,12
2830.208805,41,64,0.69,23,0.03,12
2829.739329,35,51,0.58,16,0.03625,12
2829.651622,50,66,0.47,16,0.029375,12
2829.345378,51,77,0.58,26,0.022307692,12
2829.15063,38,49,0.4,11,0.036363636,12
2829.107636,36,94,0.21,58,0.00362069,12
2828.79813,38,50,0.44,12,0.036666667,12
2828.608526,48,75,0.68,27,0.025185185,12
2828.040821,43,56,0.41,13,0.031538462,12
2827.976012,45,69,0.64,24,0.026666667,12
2827.626634,57,88,0.67,31,0.021612903,12
2827.409699,39,66,0.12,27,0.004444444,12
2826.837041,52,76,0.81,24,0.03375,12
2826.740033,38,68,0.11,30,0.003666667,12
2826.609854,37,51,0.52,14,0.037142857,12
2826.47681,35,53,0.67,18,0.037222222,12
2826.261289,52,76,0.82,24,0.034166667,12
2826.261289,51,77,0.89,26,0.034230769,12
2826.117824,61,82,0.46,21,0.021904762,12
2826.117824,58,86,0.61,28,0.021785714,12
2826.002695,49,80,0.69,31,0.022258065,12
2825.870535,41,51,0.35,10,0.035,12
2825.855808,48,68,0.59,20,0.0295,12
2825.818681,61,79,0.51,18,0.028333333,12
2825.510796,34,97,0.27,63,0.004285714,12
2825.253356,56,68,0.29,12,0.024166667,12
2824.783581,36,70,0.23,34,0.006764706,12
2824.745368,37,59,0.74,22,0.033636364,12
2824.669447,46,67,0.56,21,0.026666667,12
2824.338462,31,56,0.95,25,0.038,12
2824.173903,34,60,0.83,26,0.031923077,12
2823.84349,58,66,0.19,8,0.02375,12
2823.373619,38,51,0.47,13,0.036153846,12
2822.892899,49,74,0.63,25,0.0252,12
2822.254992,37,95,0.17,58,0.002931034,12
2822.155026,38,88,0.1,50,0.002,12
2821.847355,46,68,0.7,22,0.031818182,12
2820.677815,53,75,0.5,22,0.022727273,12
2820.253615,51,77,0.88,26,0.033846154,12
2820.080477,36,60,0.86,24,0.035833333,12
2819.819225,32,58,0.85,26,0.032692308,12
2819.425969,35,54,0.69,19,0.036315789,12
2819.323191,33,54,0.84,21,0.04,12
2819.190798,55,88,0.88,33,0.026666667,12
2818.990094,34,67,0.98,33,0.02969697,12
2818.094395,39,56,0.58,17,0.034117647,12
2817.899464,33,55,0.88,22,0.04,12
2817.70298,57,73,0.53,16,0.033125,12
2817.497864,57,70,0.3,13,0.023076923,12
2817.442521,57,88,0.66,31,0.021290323,12
2817.312753,57,87,0.65,30,0.021666667,12
2817.258104,42,53,0.39,11,0.035454545,12
2817.072061,37,96,0.14,59,0.002372881,12
2816.608125,45,63,0.46,18,0.025555556,12
2816.539445,37,49,0.45,12,0.0375,12
2816.371575,42,51,0.33,9,0.036666667,12
2816.371575,39,55,0.58,16,0.03625,12
2816.162634,34,50,0.62,16,0.03875,12
2815.737305,53,63,0.29,10,0.029,12
2815.205952,32,55,0.81,23,0.035217391,12
2815.093624,32,61,0.94,29,0.032413793,12
2815.037082,36,52,0.6,16,0.0375,12
2814.972597,40,49,0.3,9,0.033333333,12
2814.414201,33,63,0.93,30,0.031,12
2813.914602,36,99,0.13,63,0.002063492,12
2813.749424,36,63,0.81,27,0.03,12
2813.616782,40,47,0.26,7,0.037142857,12
2813.526392,45,68,0.73,23,0.03173913,12
2813.01979,56,86,0.81,30,0.027,12
2813.00993,32,63,0.97,31,0.031290323,12
2812.528256,35,65,0.9,30,0.03,12
2812.519188,39,75,0.95,36,0.026388889,12
2812.238667,51,59,0.19,8,0.02375,12
2812.182932,50,64,0.31,14,0.022142857,12
2812.067647,61,73,0.37,12,0.030833333,12
2812.009434,33,73,0.27,40,0.00675,12
2811.657535,41,51,0.39,10,0.039,12
2811.261865,59,85,0.56,26,0.021538462,12
2811.23711,54,74,0.67,20,0.0335,12
2810.897921,53,75,0.74,22,0.033636364,12
2810.179452,54,90,0.97,36,0.026944444,12
2810.133201,45,49,0.13,4,0.0325,12
2809.613647,34,62,0.89,28,0.031785714,12
2809.572328,40,55,0.51,15,0.034,12
2809.253031,35,49,0.54,14,0.038571429,12
2808.458127,54,90,0.8,36,0.022222222,12
2808.211373,38,59,0.67,21,0.031904762,12
2807.55263,51,65,0.41,14,0.029285714,12
2807.279845,45,65,0.66,20,0.033,12
2807.278897,60,67,0.16,7,0.022857143,12
2807.065071,56,85,0.82,29,0.028275862,12
2806.934495,35,96,0.21,61,0.003442623,12
2806.547611,38,58,0.65,20,0.0325,12
2806.200758,34,54,0.75,20,0.0375,12
2806.200758,33,56,0.85,23,0.036956522,12
2806.11595,58,83,0.68,25,0.0272,12
2805.922933,44,70,0.84,26,0.032307692,12
2805.875905,52,72,0.48,20,0.024,12
2805.720587,56,89,0.71,33,0.021515152,12
2804.822556,41,73,0.84,32,0.02625,12
2804.742155,52,64,0.35,12,0.029166667,12
2804.740629,45,61,0.47,16,0.029375,12
2804.740629,44,62,0.53,18,0.029444444,12
2804.380168,45,86,0.92,41,0.022439024,12
2804.342004,47,51,0.13,4,0.0325,12
2804.273228,38,49,0.43,11,0.039090909,12
2804.273228,37,50,0.51,13,0.039230769,12
2804.273228,36,51,0.59,15,0.039333333,12
2803.981294,50,79,0.64,29,0.022068966,12
2803.876187,40,52,0.42,12,0.035,12
2803.713358,39,56,0.56,17,0.032941176,12
2803.126374,37,48,0.42,11,0.038181818,12
2803.001556,31,57,0.95,26,0.036538462,12
2802.96355,31,56,0.94,25,0.0376,12
2802.825842,35,70,0.85,35,0.024285714,12
2802.810735,52,77,0.56,25,0.0224,12
2802.068237,40,74,0.89,34,0.026176471,12
2802.066803,34,58,0.77,24,0.032083333,12
2801.979832,37,60,0.74,23,0.032173913,12
2801.937049,38,54,0.63,16,0.039375,12
2801.749684,38,56,0.58,18,0.032222222,12
2801.73763,48,69,0.6,21,0.028571429,12
2801.735332,54,69,0.38,15,0.025333333,12
2801.513159,52,77,0.55,25,0.022,12
2801.444312,47,83,0.81,36,0.0225,12
2801.212536,35,72,0.24,37,0.006486486,12
2800.667108,45,69,0.77,24,0.032083333,12
2800.219912,46,64,0.49,18,0.027222222,12
2799.5739,34,94,0.28,60,0.004666667,12
2799.378207,50,78,0.96,28,0.034285714,12
2799.245039,58,83,0.7,25,0.028,12
2799.098976,37,70,0.12,33,0.003636364,12
2798.993802,41,55,0.45,14,0.032142857,12
2798.588197,60,77,0.51,17,0.03,12
2798.461836,54,82,0.86,28,0.030714286,12
2798.048674,37,95,0.15,58,0.002586207,12
2798.047695,62,75,0.38,13,0.029230769,12
2797.975266,39,52,0.45,13,0.034615385,12
2797.891277,42,49,0.28,7,0.04,12
2797.884743,31,57,0.96,26,0.036923077,12
2797.798547,39,56,0.55,17,0.032352941,12
2797.795776,36,48,0.46,12,0.038333333,12
2797.755134,58,67,0.21,9,0.023333333,12
2797.618143,50,57,0.18,7,0.025714286,12
2797.245726,44,71,0.85,27,0.031481481,12
2796.823273,57,84,0.76,27,0.028148148,12
2796.586989,53,72,0.57,19,0.03,12
2796.586989,52,73,0.63,21,0.03,12
2796.399483,32,60,0.99,28,0.035357143,12
2796.166151,36,49,0.5,13,0.038461538,12
2796.12635,39,54,0.57,15,0.038,12
2796.107161,53,71,0.43,18,0.023888889,12
2796.086946,38,92,0.17,54,0.003148148,12
2795.96536,34,55,0.78,21,0.037142857,12
2795.96536,33,56,0.86,23,0.037391304,12
2795.909008,46,67,0.67,21,0.031904762,12
2795.787667,37,96,0.15,59,0.002542373,12
2795.701799,34,74,0.26,40,0.0065,12
2795.546843,36,71,0.14,35,0.004,12
2795.458849,46,64,0.59,18,0.032777778,12
2795.383999,40,52,0.47,12,0.039166667,12
2795.225857,35,58,0.79,23,0.034347826,12
2794.782103,34,98,0.28,64,0.004375,12
2794.733329,32,59,0.96,27,0.035555556,12
2794.720688,39,55,0.6,16,0.0375,12
2794.582368,35,51,0.6,16,0.0375,12
2794.309918,39,56,0.61,17,0.035882353,12
2794.139771,35,53,0.71,18,0.039444444,12
2793.53159,35,61,0.97,26,0.037307692,12
2793.264186,35,61,0.8,26,0.030769231,12
2792.444208,44,69,0.8,25,0.032,12
2792.020391,47,87,0.85,40,0.02125,12
2791.944976,50,81,0.68,31,0.021935484,12
2791.931469,33,96,0.29,63,0.004603175,12
2791.876946,51,71,0.51,20,0.0255,12
2791.658341,35,65,0.89,30,0.029666667,12
2791.658341,34,67,0.97,33,0.029393939,12
2791.513376,58,84,0.69,26,0.026538462,12
2791.392235,34,64,0.94,30,0.031333333,12
2791.264693,44,52,0.25,8,0.03125,12
2791.263488,60,81,0.57,21,0.027142857,12
2790.939935,53,76,0.51,23,0.022173913,12
2790.801088,37,52,0.51,15,0.034,12
2790.783456,37,98,0.1,61,0.001639344,12
2790.716523,33,52,0.73,19,0.038421053,12
2790.655872,37,61,0.73,24,0.030416667,12
2790.589066,44,73,0.86,29,0.029655172,12
2790.589024,39,68,0.11,29,0.003793103,12
2790.574992,40,66,0.76,26,0.029230769,12
2790.402699,33,64,0.97,31,0.031290323,12
2790.101515,39,54,0.51,15,0.034,12
2790.042542,37,94,0.18,57,0.003157895,12
2789.961656,33,60,0.88,27,0.032592593,12
2789.926674,54,74,0.46,20,0.023,12
2789.693866,58,73,0.32,15,0.021333333,12
2789.627364,35,49,0.53,14,0.037857143,12
2789.463201,54,78,0.78,24,0.0325,12
2788.932845,37,96,0.17,59,0.002881356,12
2788.852404,61,76,0.44,15,0.029333333,12
2788.791429,33,57,0.86,24,0.035833333,12
2788.62812,39,76,0.97,37,0.026216216,12
2788.478834,61,74,0.4,13,0.030769231,12
2788.423115,40,65,0.75,25,0.03,12
2788.372674,35,60,0.83,25,0.0332,12
2788.258472,35,55,0.67,20,0.0335,12
2788.160558,59,75,0.5,16,0.03125,12
2788.089833,40,75,0.91,35,0.026,12
2787.641687,55,72,0.39,17,0.022941176,12
2787.451981,38,94,0.1,56,0.001785714,12
2787.215925,43,72,0.92,29,0.031724138,12
2787.11784,35,96,0.24,61,0.003934426,12
2786.75351,48,69,0.61,21,0.029047619,12
2786.75351,47,70,0.67,23,0.029130435,12
2786.490268,36,71,0.15,35,0.004285714,12
2786.414252,51,79,0.62,28,0.022142857,12
2785.92936,52,81,0.94,29,0.032413793,12
2785.811847,43,70,0.87,27,0.032222222,12
2785.048052,44,65,0.6,21,0.028571429,12
2784.65366,38,51,0.44,13,0.033846154,12
2784.515889,49,81,0.7,32,0.021875,12
2784.427063,51,72,0.53,21,0.025238095,12
2784.419949,40,66,0.11,26,0.004230769,12
2784.03124,38,54,0.55,16,0.034375,12
2784.018141,34,56,0.74,22,0.033636364,12
2783.964461,45,60,0.43,15,0.028666667,12
2783.860212,35,97,0.15,62,0.002419355,12
2783.433564,38,55,0.58,17,0.034117647,12
2783.08379,52,71,0.48,19,0.025263158,12
2783.03969,54,76,0.48,22,0.021818182,12
2782.945158,38,56,0.61,18,0.033888889,12
2782.822557,34,99,0.22,65,0.003384615,12
2782.70089,55,72,0.4,17,0.023529412,12
2782.515926,61,64,0.07,3,0.023333333,12
2782.372919,57,71,0.31,14,0.022142857,12
2782.15645,43,44,0.04,1,0.04,12
2782.036702,54,79,0.8,25,0.032,12
2781.829513,47,58,0.33,11,0.03,12
2781.53902,43,71,0.88,28,0.031428571,12
2781.471282,34,53,0.68,19,0.035789474,12
2780.701353,31,55,0.99,24,0.04125,12
2780.70089,41,65,0.09,24,0.00375,12
2780.6027,40,55,0.45,15,0.03,12
2780.571159,45,51,0.2,6,0.033333333,12
2780.563442,37,50,0.48,13,0.036923077,12
2780.229424,33,54,0.78,21,0.037142857,12
2780.155696,36,94,0.2,58,0.003448276,12
2779.947697,39,66,0.11,27,0.004074074,12
2779.935241,37,96,0.13,59,0.00220339,12
2779.903081,45,66,0.57,21,0.027142857,12
2779.886744,51,78,0.61,27,0.022592593,12
2779.643686,32,99,0.25,67,0.003731343,12
2779.594105,56,69,0.31,13,0.023846154,12
2779.422221,42,50,0.3,8,0.0375,12
2778.469189,35,70,0.24,35,0.006857143,12
2778.365414,40,52,0.43,12,0.035833333,12
2778.360102,34,55,0.77,21,0.036666667,12
2778.267564,34,97,0.28,63,0.004444444,12
2778.114688,54,90,0.96,36,0.026666667,12
2777.907379,34,99,0.14,65,0.002153846,12
2777.830031,56,68,0.36,12,0.03,12
2777.830031,55,69,0.42,14,0.03,12
2777.136344,41,53,0.39,12,0.0325,12
2776.829054,35,99,0.09,64,0.00140625,12
2776.515747,39,54,0.52,15,0.034666667,12
2776.302587,41,55,0.49,14,0.035,12
2776.24653,59,81,0.62,22,0.028181818,12
2776.211052,51,74,0.69,23,0.03,12
2776.034809,35,99,0.08,64,0.00125,12
2775.927334,58,66,0.24,8,0.03,12
2775.927334,57,67,0.3,10,0.03,12
2775.725733,60,80,0.57,20,0.0285,12
2775.65257,51,80,0.63,29,0.021724138,12
2775.61477,39,53,0.44,14,0.031428571,12
2775.478393,59,82,0.64,23,0.027826087,12
2775.228289,51,55,0.01,4,0.0025,12
2775.12187,33,54,0.74,21,0.035238095,12
2774.966566,46,59,0.39,13,0.03,12
2774.665885,41,65,0.71,24,0.029583333,12
2774.514396,43,52,0.32,9,0.035555556,12
2774.163127,32,96,0.51,64,0.00796875,12
2774.029651,38,50,0.41,12,0.034166667,12
2774.003274,37,57,0.68,20,0.034,12
2773.948615,31,76,0.32,45,0.007111111,12
2773.775098,40,51,0.35,11,0.031818182,12
2773.77105,41,54,0.43,13,0.033076923,12
2773.095879,55,68,0.4,13,0.030769231,12
2773.014504,39,76,0.98,37,0.026486486,12
2772.899078,41,74,0.86,33,0.026060606,12
2772.852925,33,55,0.84,22,0.038181818,12
2772.703635,34,55,0.76,21,0.036190476,12
2772.678819,54,82,0.77,28,0.0275,12
2772.57353,35,63,0.86,28,0.030714286,12
2772.258983,39,66,0.8,27,0.02962963,12
2772.220008,63,77,0.39,14,0.027857143,12
2772.045893,38,94,0.11,56,0.001964286,12
2771.902456,53,80,0.87,27,0.032222222,12
2771.722932,57,85,0.75,28,0.026785714,12
2771.513716,56,64,0.21,8,0.02625,12
2771.485978,47,86,0.84,39,0.021538462,12
2771.291509,40,55,0.46,15,0.030666667,12
2771.178827,39,67,0.82,28,0.029285714,12
2771.135974,54,70,0.48,16,0.03,12
2770.989561,39,58,0.59,19,0.031052632,12
2770.953509,33,90,0.49,57,0.008596491,12
2770.947872,55,75,0.67,20,0.0335,12
2770.947872,54,76,0.74,22,0.033636364,12
2770.914054,40,77,0.95,37,0.025675676,12
2770.893841,43,55,0.39,12,0.0325,12
2770.799577,34,69,0.49,35,0.014,12
2770.263289,52,57,0.12,5,0.024,12
2770.239877,41,64,0.68,23,0.029565217,12
2770.097655,40,74,0.9,34,0.026470588,12
2769.968979,35,99,0.19,64,0.00296875,12
2769.902103,39,48,0.36,9,0.04,12
2769.902103,38,49,0.44,11,0.04,12
2769.711558,54,70,0.4,16,0.025,12
2769.711558,53,71,0.45,18,0.025,12
2769.468359,49,68,0.55,19,0.028947368,12
2769.054712,66,73,0.2,7,0.028571429,12
2769.054712,63,76,0.37,13,0.028461538,12
2768.634516,33,53,0.82,20,0.041,12
2768.53749,32,55,0.86,23,0.037391304,12
2768.522626,33,94,0.47,61,0.007704918,12
2768.414751,40,51,0.38,11,0.034545455,12
2768.359314,55,69,0.34,14,0.024285714,12
2768.276387,42,64,0.08,22,0.003636364,12
2768.146263,37,97,0.06,60,0.001,12
2768.142076,42,55,0.4,13,0.030769231,12
2767.925114,57,72,0.51,15,0.034,12
2767.923789,34,51,0.65,17,0.038235294,12
2767.86277,36,51,0.6,15,0.04,12
2767.633113,53,78,0.54,25,0.0216,12
2767.584052,34,52,0.73,18,0.040555556,12
2767.320649,43,54,0.34,11,0.030909091,12
2767.302492,35,52,0.68,17,0.04,12
2767.251228,39,50,0.37,11,0.033636364,12
2766.952828,35,97,0.12,62,0.001935484,12
2766.820371,35,98,0.2,63,0.003174603,12
2766.631414,55,77,0.71,22,0.032272727,12
2766.004801,34,73,0.25,39,0.006410256,12
2765.912865,52,58,0.14,6,0.023333333,12
2765.701069,36,54,0.6,18,0.033333333,12
2765.700348,50,82,0.69,32,0.0215625,12
2765.659256,35,71,0.25,36,0.006944444,12
2765.589173,46,52,0.19,6,0.031666667,12
2765.441971,37,94,0.17,57,0.002982456,12
2765.300831,47,64,0.46,17,0.027058824,12
2765.243178,33,66,0.99,33,0.03,12
2765.206342,58,77,0.59,19,0.031052632,12
2765.150249,37,96,0.16,59,0.002711864,12
2764.976705,53,77,0.81,24,0.03375,12
2764.975894,59,65,0.14,6,0.023333333,12
2764.700309,60,62,0.05,2,0.025,12
2764.700309,59,63,0.1,4,0.025,12
2764.700309,58,64,0.15,6,0.025,12
2764.378807,41,52,0.36,11,0.032727273,12
2764.25996,40,56,0.52,16,0.0325,12
2764.25996,39,57,0.59,18,0.032777778,12
2764.030318,56,86,0.84,30,0.028,12
2763.888057,59,78,0.57,19,0.03,12
2763.764874,35,61,0.82,26,0.031538462,12
2763.694321,35,94,0.24,59,0.004067797,12
2763.597682,34,57,0.82,23,0.035652174,12
2763.554673,41,50,0.34,9,0.037777778,12
2763.504459,39,91,0.12,52,0.002307692,12
2763.460041,39,48,0.34,9,0.037777778,12
2762.919783,52,72,0.61,20,0.0305,12
2762.891113,35,54,0.7,19,0.036842105,12
2762.884976,39,56,0.54,17,0.031764706,12
2762.824497,42,71,0.94,29,0.032413793,12
2762.52995,42,71,0.96,29,0.033103448,12
2762.072645,53,73,0.47,20,0.0235,12
2761.871464,54,70,0.38,16,0.02375,12
2760.403474,52,76,0.56,24,0.023333333,12
2760.395389,43,63,0.57,20,0.0285,12
2760.03665,36,53,0.62,17,0.036470588,12
2759.951414,62,77,0.43,15,0.028666667,12
2759.951414,58,82,0.68,24,0.028333333,12
2759.951414,57,83,0.74,26,0.028461538,12
2759.951414,56,84,0.8,28,0.028571429,12
2759.869578,36,59,0.76,23,0.033043478,12
2759.869578,34,62,0.92,28,0.032857143,12
2759.756209,33,62,0.91,29,0.03137931,12
2759.642087,45,63,0.5,18,0.027777778,12
2759.360838,53,79,0.55,26,0.021153846,12
2759.201596,37,95,0.13,58,0.002241379,12
2759.166423,36,96,0.14,60,0.002333333,12
2759.133477,43,53,0.31,10,0.031,12
2759.118426,42,62,0.6,20,0.03,12
2758.900637,35,97,0.25,62,0.004032258,12
2758.306231,46,48,0.06,2,0.03,12
2758.065089,43,74,0.93,31,0.03,12
2757.835197,44,70,0.68,26,0.026153846,12
2757.679135,51,81,0.64,30,0.021333333,12
2756.930955,35,61,0.85,26,0.032692308,12
2756.887912,44,70,0.82,26,0.031538462,12
2756.807382,37,97,0.05,60,0.000833333,12
2756.774162,52,80,0.6,28,0.021428571,12
2756.615495,35,98,0.21,63,0.003333333,12
2756.433232,59,76,0.52,17,0.030588235,12
2756.397901,45,68,0.62,23,0.026956522,12
2756.313551,37,94,0.16,57,0.002807018,12
2756.204813,43,74,0.96,31,0.030967742,12
2756.091586,45,49,0.12,4,0.03,12
2756.062086,32,99,0.27,67,0.004029851,12
2755.365507,33,64,0.95,31,0.030645161,12
2754.596413,40,54,0.45,14,0.032142857,12
2754.452031,54,83,0.79,29,0.027241379,12
2754.452031,52,85,0.9,33,0.027272727,12
2754.452031,52,86,0.92,34,0.027058824,12
2754.452031,51,86,0.96,35,0.027428571,12
2754.407621,38,54,0.56,16,0.035,12
2754.335928,55,86,0.88,31,0.028387097,12
2754.320831,57,71,0.32,14,0.022857143,12
2754.290759,32,74,0.31,42,0.007380952,12
2754.06441,51,70,0.49,19,0.025789474,12
2753.943059,32,75,0.31,43,0.007209302,12
2753.926628,60,77,0.5,17,0.029411765,12
2753.750956,35,95,0.25,60,0.004166667,12
2753.436901,40,53,0.45,13,0.034615385,12
2753.328215,52,81,0.93,29,0.032068966,12
2753.233766,43,74,0.94,31,0.030322581,12
2753.189207,35,97,0.23,62,0.003709677,12
2752.953668,55,69,0.33,14,0.023571429,12
2752.935662,37,65,0.82,28,0.029285714,12
2752.914665,42,71,0.97,29,0.033448276,12
2752.843004,53,70,0.42,17,0.024705882,12
2752.74067,50,83,0.7,33,0.021212121,12
2752.470062,54,69,0.36,15,0.024,12
2752.374881,35,64,0.88,29,0.030344828,12
2752.046161,32,58,0.94,26,0.036153846,12
2752.039591,42,74,0.82,32,0.025625,12
2751.970175,42,72,0.94,30,0.031333333,12
2751.834661,43,74,0.78,31,0.02516129,12
2751.460387,34,56,0.79,22,0.035909091,12
2751.452441,40,76,0.93,36,0.025833333,12
2751.357567,35,52,0.63,17,0.037058824,12
2751.33495,35,95,0.19,60,0.003166667,12
2751.301997,53,79,0.85,26,0.032692308,12
2751.301997,52,80,0.92,28,0.032857143,12
2751.261088,63,70,0.22,7,0.031428571,12
2750.489528,57,65,0.2,8,0.025,12
2750.378697,41,77,0.9,36,0.025,12
2750.347776,32,52,0.78,20,0.039,12
2750.245275,39,53,0.49,14,0.035,12
2750.090595,54,73,0.45,19,0.023684211,12
2749.890786,44,50,0.18,6,0.03,12
2749.890786,43,51,0.24,8,0.03,12
2749.890786,42,52,0.3,10,0.03,12
2749.829868,42,49,0.25,7,0.035714286,12
2749.816621,41,66,0.7,25,0.028,12
2749.405508,43,71,0.74,28,0.026428571,12
2749.362032,43,71,0.89,28,0.031785714,12
2749.303958,42,53,0.34,11,0.030909091,12
2749.194185,41,51,0.33,10,0.033,12
2749.061902,57,78,0.65,21,0.030952381,12
2748.782961,45,61,0.06,16,0.00375,12
2748.775402,42,73,0.97,31,0.031290323,12
2748.584391,37,55,0.62,18,0.034444444,12
2748.554095,60,66,0.14,6,0.023333333,12
2748.381075,40,52,0.46,12,0.038333333,12
2748.208929,52,79,0.58,27,0.021481481,12
2747.849975,39,58,0.6,19,0.031578947,12
2747.82123,34,96,0.27,62,0.004354839,12
2747.698962,36,64,0.97,28,0.034642857,12
2747.237544,44,54,0.32,10,0.032,12
2747.203252,40,72,0.85,32,0.0265625,12
2747.028406,36,58,0.75,22,0.034090909,12
2747.00483,52,84,0.89,32,0.0278125,12
2746.815782,34,68,0.99,34,0.029117647,12
2746.260645,60,73,0.41,13,0.031538462,12
2745.860414,48,81,0.75,33,0.022727273,12
2745.816509,37,59,0.65,22,0.029545455,12
2745.764866,35,94,0.23,59,0.003898305,12
2745.476196,50,78,0.64,28,0.022857143,12
2745.232396,59,81,0.63,22,0.028636364,12
2744.922897,34,99,0.28,65,0.004307692,12
2744.845472,45,81,0.88,36,0.024444444,12
2744.728883,58,68,0.23,10,0.023,12
2744.642947,85,97,0.04,12,0.003333333,12
2744.327326,35,73,0.17,38,0.004473684,12
2744.316217,41,52,0.38,11,0.034545455,12
2744.307732,58,70,0.26,12,0.021666667,12
2744.300244,88,94,0.02,6,0.003333333,12
2744.284175,36,62,0.82,26,0.031538462,12
2744.204409,46,60,0.05,14,0.003571429,12
2744.18331,34,65,0.94,31,0.030322581,12
2744.030599,48,64,0.51,16,0.031875,12
2744.003778,32,58,0.86,26,0.033076923,12
2743.85821,36,58,0.79,22,0.035909091,12
2743.762769,34,97,0.24,63,0.003809524,12
2743.411399,49,62,0.35,13,0.026923077,12
2743.195075,61,67,0.13,6,0.021666667,12
2743.104758,38,67,0.12,29,0.004137931,12
2743.034756,41,67,0.72,26,0.027692308,12
2742.772077,37,58,0.79,21,0.037619048,12
2742.246485,48,62,0.38,14,0.027142857,12
2742.074564,39,92,0.09,53,0.001698113,12
2742.03777,39,52,0.49,13,0.037692308,12
2741.898856,38,93,0.16,55,0.002909091,12
2741.754414,58,75,0.54,17,0.031764706,12
2741.620827,37,50,0.52,13,0.04,12
2741.506872,51,54,0.09,3,0.03,12
2741.506872,50,55,0.15,5,0.03,12
2741.506872,49,56,0.21,7,0.03,12
2741.506872,48,57,0.27,9,0.03,12
2741.470879,53,83,0.83,30,0.027666667,12
2741.470879,53,84,0.85,31,0.027419355,12
2741.470879,51,87,0.98,36,0.027222222,12
2741.37693,34,61,0.9,27,0.033333333,12
2741.231795,36,59,0.81,23,0.035217391,12
2741.137344,37,97,0.09,60,0.0015,12
2740.594849,43,60,0.08,17,0.004705882,12
2740.472785,58,72,0.47,14,0.033571429,12
2740.472785,55,76,0.7,21,0.033333333,12
2740.468247,39,75,0.96,36,0.026666667,12
2740.461601,34,99,0.27,65,0.004153846,12
2740.398658,49,79,0.69,30,0.023,12
2740.339329,38,69,0.12,31,0.003870968,12
2740.284226,37,69,0.15,32,0.0046875,12
2740.249777,39,56,0.51,17,0.03,12
2740.07319,40,68,0.78,28,0.027857143,12
2739.497997,42,72,0.96,30,0.032,12
2739.449585,41,73,0.85,32,0.0265625,12
2739.288517,40,74,0.91,34,0.026764706,12
2739.076527,44,51,0.25,7,0.035714286,12
2739.000565,50,86,0.75,36,0.020833333,12
2738.996135,54,89,0.97,35,0.027714286,12
2738.724883,42,75,0.83,33,0.025151515,12
2738.716157,48,82,0.75,34,0.022058824,12
2738.587605,35,93,0.41,58,0.007068966,12
2738.527519,39,47,0.3,8,0.0375,12
2738.403498,46,60,0.41,14,0.029285714,12
2738.301207,50,56,0.02,6,0.003333333,12
2738.177956,37,97,0.1,60,0.001666667,12
2738.07986,42,73,0.99,31,0.031935484,12
2737.91941,55,74,0.41,19,0.021578947,12
2737.870159,34,74,0.27,40,0.00675,12
2737.679502,37,58,0.69,21,0.032857143,12
2737.592364,34,98,0.27,64,0.00421875,12
2737.582404,41,65,0.1,24,0.004166667,12
2737.556624,33,90,0.48,57,0.008421053,12
2737.28182,40,51,0.41,11,0.037272727,12
2737.259446,43,53,0.32,10,0.032,12
2736.981845,42,72,0.79,30,0.026333333,12
2736.88424,39,54,0.53,15,0.035333333,12
2736.805098,34,65,0.93,31,0.03,12
2736.568384,55,73,0.41,18,0.022777778,12
2736.485879,35,58,0.8,23,0.034782609,12
2736.362933,35,72,0.18,37,0.004864865,12
2736.207341,41,54,0.41,13,0.031538462,12
2736.104932,38,57,0.63,19,0.033157895,12
2736.068249,42,52,0.34,10,0.034,12
2735.917119,34,99,0.21,65,0.003230769,12
2735.866011,48,81,0.74,33,0.022424242,12
2735.787721,33,73,0.29,40,0.00725,12
2735.757967,36,58,0.85,22,0.038636364,12
2735.66399,56,73,0.58,17,0.034117647,12
2735.435202,36,99,0.08,63,0.001269841,12
2735.409983,34,62,0.86,28,0.030714286,12
2735.407733,61,73,0.34,12,0.028333333,12
2735.202651,34,66,0.96,32,0.03,12
2735.122921,34,58,0.84,24,0.035,12
2735.094828,49,57,0.21,8,0.02625,12
2735.066704,36,50,0.53,14,0.037857143,12
2735.024751,54,66,0.32,12,0.026666667,12
2734.884001,44,69,0.67,25,0.0268,12
2734.710414,39,56,0.52,17,0.030588235,12
2734.70357,37,97,0.07,60,0.001166667,12
2734.673412,34,98,0.29,64,0.00453125,12
2734.63832,43,51,0.26,8,0.0325,12
2734.203942,37,57,0.76,20,0.038,12
2733.984778,34,95,0.25,61,0.004098361,12
2733.835498,35,63,0.85,28,0.030357143,12
2733.762142,53,71,0.44,18,0.024444444,12
2733.607074,38,56,0.56,18,0.031111111,12
2733.494419,62,72,0.31,10,0.031,12
2733.493156,59,77,0.55,18,0.030555556,12
2733.355733,46,62,0.41,16,0.025625,12
2733.224337,39,67,0.12,28,0.004285714,12
2732.892799,42,71,0.78,29,0.026896552,12
2732.885811,43,49,0.22,6,0.036666667,12
2732.780535,59,64,0.12,5,0.024,12
2732.780055,44,61,0.07,17,0.004117647,12
2732.729068,46,59,0.05,13,0.003846154,12
2732.717013,33,96,0.27,63,0.004285714,12
2732.458935,35,94,0.26,59,0.00440678,12
2732.380475,44,62,0.51,18,0.028333333,12
2732.334543,35,61,0.86,26,0.033076923,12
2731.993922,42,48,0.22,6,0.036666667,12
2731.989024,40,75,0.92,35,0.026285714,12
2731.878687,37,57,0.71,20,0.0355,12
2731.825732,62,74,0.36,12,0.03,12
2731.825732,61,75,0.42,14,0.03,12
2731.825732,60,76,0.48,16,0.03,12
2731.825732,59,77,0.54,18,0.03,12
2731.813978,48,64,0.37,16,0.023125,12
2731.602225,63,71,0.25,8,0.03125,12
2731.576343,62,73,0.34,11,0.030909091,12
2731.553864,33,97,0.26,64,0.0040625,12
2731.378154,85,98,0.04,13,0.003076923,12
2731.365152,51,73,0.67,22,0.030454545,12
2730.929781,41,53,0.37,12,0.030833333,12
2730.793069,37,58,0.78,21,0.037142857,12
2730.56918,35,95,0.24,60,0.004,12
2730.093411,37,68,0.14,31,0.004516129,12
2729.409159,46,55,0.28,9,0.031111111,12
2729.351127,55,78,0.68,23,0.029565217,12
2729.32519,59,69,0.22,10,0.022,12
2729.267675,38,93,0.13,55,0.002363636,12
2729.264172,40,90,0.09,50,0.0018,12
2728.730664,61,71,0.32,10,0.032,12
2728.52569,54,57,0.07,3,0.023333333,12
2728.137165,36,70,0.21,34,0.006176471,12
2727.765322,62,67,0.17,5,0.034,12
2727.64961,51,82,0.65,31,0.020967742,12
2727.535553,36,60,0.71,24,0.029583333,12
2727.299663,46,59,0.38,13,0.029230769,12
2727.285989,49,80,0.7,31,0.022580645,12
2727.210973,46,70,0.72,24,0.03,12
2727.135157,52,75,0.53,23,0.023043478,12
2726.908955,46,60,0.37,14,0.026428571,12
2726.860876,37,70,0.13,33,0.003939394,12
2726.800168,34,97,0.26,63,0.004126984,12
2726.201317,33,90,0.5,57,0.00877193,12
2726.067245,36,59,0.87,23,0.037826087,12
2725.340665,33,95,0.47,62,0.007580645,12
2725.325536,42,73,0.81,31,0.026129032,12
2725.130179,44,69,0.79,25,0.0316,12
2725.004528,36,96,0.19,60,0.003166667,12
2724.832653,51,76,0.58,25,0.0232,12
2724.814819,38,56,0.64,18,0.035555556,12
2724.301178,31,57,0.91,26,0.035,12
2724.264603,55,76,0.45,21,0.021428571,12
2723.994692,39,92,0.1,53,0.001886792,12
2723.899997,33,63,0.99,30,0.033,12
2723.541428,38,55,0.59,17,0.034705882,12
2723.170768,39,53,0.5,14,0.035714286,12
2722.980415,51,86,0.95,35,0.027142857,12
2722.946709,42,49,0.26,7,0.037142857,12
2722.89825,40,56,0.56,16,0.035,12
2722.854474,44,59,0.46,15,0.030666667,12
2722.820451,43,51,0.27,8,0.03375,12
2722.700472,58,76,0.56,18,0.031111111,12
2722.570371,45,64,0.48,19,0.025263158,12
2722.421529,44,46,0.08,2,0.04,12
2722.421529,43,47,0.16,4,0.04,12
2722.421529,42,48,0.24,6,0.04,12
2722.370286,36,53,0.57,17,0.033529412,12
2722.205909,56,80,0.66,24,0.0275,12
2722.174339,47,58,0.32,11,0.029090909,12
2722.129076,50,83,0.72,33,0.021818182,12
2722.01814,58,78,0.55,20,0.0275,12
2721.947767,51,72,0.54,21,0.025714286,12
2721.79176,52,78,0.57,26,0.021923077,12
2721.637103,39,91,0.16,52,0.003076923,12
2721.523103,49,89,0.81,40,0.02025,12
2721.501887,56,74,0.39,18,0.021666667,12
2721.325559,34,95,0.28,61,0.004590164,12
2720.697141,39,55,0.52,16,0.0325,12
2720.58917,43,48,0.18,5,0.036,12
2720.469723,35,97,0.24,62,0.003870968,12
2720.411381,33,72,0.53,39,0.013589744,12
2720.277224,37,96,0.12,59,0.002033898,12
2720.240465,34,69,0.48,35,0.013714286,12
2720.138305,40,57,0.52,17,0.030588235,12
2720.105185,33,97,0.45,64,0.00703125,12
2719.369194,44,59,0.07,15,0.004666667,12
2719.320744,59,85,0.57,26,0.021923077,12
2719.320744,58,85,0.6,27,0.022222222,12
2719.320744,57,87,0.66,30,0.022,12
