% profit,ema1,ema2,threshold,diff,thresh / diff,ID
3698.196063,41,48,0.25,7,0.035714286,28
3688.794957,40,49,0.32,9,0.035555556,28
3683.329388,36,51,0.58,15,0.038666667,28
3673.040502,62,65,0.1,3,0.033333333,28
3673.040502,59,68,0.3,9,0.033333333,28
3668.995547,54,71,0.59,17,0.034705882,28
3668.995547,53,72,0.66,19,0.034736842,28
3668.995547,52,73,0.73,21,0.034761905,28
3668.441839,35,52,0.66,17,0.038823529,28
3663.577396,35,53,0.64,18,0.035555556,28
3660.707162,59,69,0.33,10,0.033,28
3660.424998,34,52,0.72,18,0.04,28
3657.423889,58,68,0.34,10,0.034,28
3649.760648,55,70,0.52,15,0.034666667,28
3648.682897,59,66,0.24,7,0.034285714,28
3648.4842,59,67,0.27,8,0.03375,28
3646.180416,58,67,0.31,9,0.034444444,28
3646.180416,57,68,0.38,11,0.034545455,28
3646.180416,56,69,0.45,13,0.034615385,28
3621.168358,38,49,0.4,11,0.036363636,28
3612.77919,40,48,0.29,8,0.03625,28
3598.043849,33,54,0.82,21,0.039047619,28
3592.656945,37,53,0.56,16,0.035,28
3585.378442,48,66,0.44,18,0.024444444,28
3584.279464,34,54,0.77,20,0.0385,28
3581.737024,53,59,0.16,6,0.026666667,28
3579.681927,40,47,0.27,7,0.038571429,28
3571.436373,49,65,0.39,16,0.024375,28
3571.436373,47,67,0.49,20,0.0245,28
3569.852264,36,55,0.66,19,0.034736842,28
3566.831156,35,56,0.73,21,0.034761905,28
3562.673837,56,72,0.53,16,0.033125,28
3557.554714,35,55,0.71,20,0.0355,28
3555.57877,57,69,0.41,12,0.034166667,28
3554.083462,51,75,0.83,24,0.034583333,28
3544.968371,46,49,0.11,3,0.036666667,28
3544.798037,55,71,0.55,16,0.034375,28
3544.798037,54,72,0.62,18,0.034444444,28
3543.728578,39,51,0.42,12,0.035,28
3542.608804,34,53,0.74,19,0.038947368,28
3540.153617,60,71,0.35,11,0.031818182,28
3536.209081,63,67,0.13,4,0.0325,28
3536.209081,61,69,0.26,8,0.0325,28
3535.778492,56,70,0.48,14,0.034285714,28
3535.435011,53,73,0.69,20,0.0345,28
3535.435011,52,74,0.76,22,0.034545455,28
3534.500015,58,69,0.37,11,0.033636364,28
3531.606325,36,50,0.55,14,0.039285714,28
3526.684343,63,68,0.16,5,0.032,28
3524.318096,33,55,0.85,22,0.038636364,28
3524.271478,50,63,0.34,13,0.026153846,28
3524.092946,33,54,0.83,21,0.03952381,28
3523.481813,44,52,0.29,8,0.03625,28
3522.885562,57,70,0.44,13,0.033846154,28
3521.641852,42,51,0.33,9,0.036666667,28
3521.575139,37,50,0.47,13,0.036153846,28
3520.625039,36,54,0.67,18,0.037222222,28
3520.167057,51,76,0.86,25,0.0344,28
3519.485853,35,57,0.72,22,0.032727273,28
3517.912108,41,58,0.59,17,0.034705882,28
3514.510723,48,65,0.46,17,0.027058824,28
3513.978573,50,77,0.93,27,0.034444444,28
3513.433849,34,53,0.75,19,0.039473684,28
3510.859902,32,56,0.86,24,0.035833333,28
3510.738304,34,56,0.78,22,0.035454545,28
3508.626631,39,50,0.39,11,0.035454545,28
3508.626631,38,51,0.46,13,0.035384615,28
3508.51763,60,72,0.38,12,0.031666667,28
3508.51763,57,75,0.57,18,0.031666667,28
3507.321416,37,49,0.47,12,0.039166667,28
3506.38261,58,74,0.51,16,0.031875,28
3503.104696,59,71,0.39,12,0.0325,28
3502.604719,58,73,0.48,15,0.032,28
3502.386962,47,65,0.48,18,0.026666667,28
3501.973326,62,71,0.28,9,0.031111111,28
3500.630801,56,71,0.51,15,0.034,28
3500.48286,37,51,0.51,14,0.036428571,28
3497.484429,36,53,0.61,17,0.035882353,28
3497.484429,35,54,0.68,19,0.035789474,28
3496.105217,56,75,0.61,19,0.032105263,28
3493.979463,43,54,0.39,11,0.035454545,28
3490.860662,58,70,0.4,12,0.033333333,28
3488.992957,56,67,0.4,11,0.036363636,28
3488.024805,37,55,0.58,18,0.032222222,28
3486.462348,49,63,0.37,14,0.026428571,28
3486.245576,55,72,0.58,17,0.034117647,28
3486.245576,54,73,0.65,19,0.034210526,28
3485.790777,51,61,0.27,10,0.027,28
3485.590628,34,65,0.92,31,0.029677419,28
3483.526628,36,54,0.63,18,0.035,28
3482.850758,37,52,0.53,15,0.035333333,28
3481.767544,55,73,0.6,18,0.033333333,28
3481.767544,54,74,0.67,20,0.0335,28
3481.433693,53,74,0.72,21,0.034285714,28
3476.854035,59,74,0.47,15,0.031333333,28
3476.424529,51,62,0.27,11,0.024545455,28
3476.188047,38,50,0.44,12,0.036666667,28
3475.985264,52,75,0.79,23,0.034347826,28
3475.754278,57,75,0.58,18,0.032222222,28
3475.754278,54,79,0.8,25,0.032,28
3474.808231,52,59,0.19,7,0.027142857,28
3474.123434,55,78,0.73,23,0.03173913,28
3474.097685,42,56,0.49,14,0.035,28
3472.795401,35,52,0.67,17,0.039411765,28
3471.140972,38,52,0.49,14,0.035,28
3470.40099,57,76,0.6,19,0.031578947,28
3468.521555,52,81,0.94,29,0.032413793,28
3467.732303,63,69,0.19,6,0.031666667,28
3466.850093,35,63,0.84,28,0.03,28
3465.59979,61,70,0.29,9,0.032222222,28
3465.59979,59,72,0.42,13,0.032307692,28
3465.59979,57,74,0.55,17,0.032352941,28
3464.826088,32,56,0.93,24,0.03875,28
3460.501552,38,68,0.99,30,0.033,28
3458.810908,50,61,0.3,11,0.027272727,28
3457.541788,34,59,0.8,25,0.032,28
3457.161769,33,66,0.98,33,0.02969697,28
3456.313048,39,52,0.43,13,0.033076923,28
3456.131562,39,57,0.55,18,0.030555556,28
3454.107194,32,57,0.89,25,0.0356,28
3454.03641,44,53,0.32,9,0.035555556,28
3453.764938,53,80,0.87,27,0.032222222,28
3453.156349,47,66,0.5,19,0.026315789,28
3450.247593,35,55,0.7,20,0.035,28
3448.389734,61,66,0.17,5,0.034,28
3447.384714,32,55,0.91,23,0.039565217,28
3446.349739,37,50,0.49,13,0.037692308,28
3446.175783,51,62,0.29,11,0.026363636,28
3446.036051,40,50,0.37,10,0.037,28
3445.842482,38,51,0.49,13,0.037692308,28
3444.833551,54,78,0.78,24,0.0325,28
3442.790803,37,54,0.59,17,0.034705882,28
3442.509058,48,65,0.45,17,0.026470588,28
3441.657705,53,79,0.85,26,0.032692308,28
3441.470734,41,51,0.32,10,0.032,28
3441.445317,55,77,0.71,22,0.032272727,28
3441.445317,53,79,0.84,26,0.032307692,28
3439.830121,56,76,0.64,20,0.032,28
3439.830121,54,78,0.77,24,0.032083333,28
3439.64997,33,56,0.81,23,0.035217391,28
3437.450189,39,48,0.35,9,0.038888889,28
3437.450189,38,49,0.43,11,0.039090909,28
3436.223417,59,73,0.45,14,0.032142857,28
3436.223417,56,77,0.67,21,0.031904762,28
3434.217608,34,55,0.76,21,0.036190476,28
3432.502683,56,76,0.65,20,0.0325,28
3429.674952,40,59,0.67,19,0.035263158,28
3428.608799,53,79,0.86,26,0.033076923,28
3427.164557,51,77,0.88,26,0.033846154,28
3426.769328,37,52,0.54,15,0.036,28
3423.20168,38,53,0.5,15,0.033333333,28
3422.919794,51,81,0.98,30,0.032666667,28
3422.806312,55,76,0.68,21,0.032380952,28
3422.47756,35,53,0.69,18,0.038333333,28
3422.295022,55,76,0.69,21,0.032857143,28
3422.148435,37,50,0.51,13,0.039230769,28
3420.881257,38,52,0.52,14,0.037142857,28
3419.138738,36,51,0.57,15,0.038,28
3417.608554,46,66,0.54,20,0.027,28
3417.268847,60,70,0.33,10,0.033,28
3416.871342,57,71,0.47,14,0.033571429,28
3416.583539,56,75,0.62,19,0.032631579,28
3416.353105,45,68,0.6,23,0.026086957,28
3416.038933,53,75,0.74,22,0.033636364,28
3414.77288,55,87,0.86,32,0.026875,28
3414.171276,33,55,0.79,22,0.035909091,28
3413.914533,52,61,0.22,9,0.024444444,28
3413.219733,53,60,0.17,7,0.024285714,28
3411.968221,44,69,0.66,25,0.0264,28
3411.11711,58,73,0.49,15,0.032666667,28
3410.982904,46,68,0.57,22,0.025909091,28
3409.111185,40,51,0.36,11,0.032727273,28
3408.715108,60,71,0.36,11,0.032727273,28
3408.388306,46,68,0.59,22,0.026818182,28
3408.192132,46,67,0.55,21,0.026190476,28
3407.828467,52,80,0.93,28,0.033214286,28
3406.326,42,55,0.47,13,0.036153846,28
3406.296093,32,56,0.94,24,0.039166667,28
3406.21527,46,68,0.55,22,0.025,28
3405.840418,54,70,0.56,16,0.035,28
3405.443167,55,76,0.7,21,0.033333333,28
3404.443826,53,91,0.98,38,0.025789474,28
3403.826815,55,73,0.61,18,0.033888889,28
3403.826815,54,74,0.68,20,0.034,28
3403.826815,53,75,0.75,22,0.034090909,28
3403.122586,55,69,0.49,14,0.035,28
3401.737255,61,71,0.32,10,0.032,28
3401.529061,59,64,0.18,5,0.036,28
3400.950153,44,54,0.35,10,0.035,28
3400.950153,43,55,0.42,12,0.035,28
3400.877446,37,54,0.56,17,0.032941176,28
3399.733734,55,77,0.72,22,0.032727273,28
3399.671527,58,72,0.46,14,0.032857143,28
3399.059428,49,64,0.4,15,0.026666667,28
3398.888903,58,74,0.52,16,0.0325,28
3398.496449,52,76,0.82,24,0.034166667,28
3398.496449,51,77,0.89,26,0.034230769,28
3398.496449,50,78,0.96,28,0.034285714,28
3398.453929,56,72,0.54,16,0.03375,28
3397.998826,32,58,0.98,26,0.037692308,28
3397.594991,32,64,0.99,32,0.0309375,28
3396.384929,46,66,0.53,20,0.0265,28
3395.168922,35,52,0.62,17,0.036470588,28
3394.919476,52,76,0.81,24,0.03375,28
3394.031271,36,51,0.59,15,0.039333333,28
3393.999076,56,75,0.63,19,0.033157895,28
3393.999076,54,78,0.79,24,0.032916667,28
3392.046157,41,57,0.57,16,0.035625,28
3391.243587,38,58,0.61,20,0.0305,28
3390.879881,54,77,0.75,23,0.032608696,28
3390.273382,41,58,0.6,17,0.035294118,28
3389.328454,50,63,0.35,13,0.026923077,28
3388.574201,36,56,0.65,20,0.0325,28
3388.439032,33,57,0.9,24,0.0375,28
3388.334861,34,59,0.95,25,0.038,28
3386.704247,34,59,0.94,25,0.0376,28
3386.456092,54,77,0.77,23,0.033478261,28
3386.195956,53,78,0.82,25,0.0328,28
3386.195956,52,80,0.91,28,0.0325,28
3384.310493,58,73,0.5,15,0.033333333,28
3382.849617,48,64,0.42,16,0.02625,28
3382.753444,45,52,0.25,7,0.035714286,28
3382.753444,41,56,0.54,15,0.036,28
3382.019399,45,68,0.61,23,0.026521739,28
3381.841977,49,63,0.38,14,0.027142857,28
3381.777586,39,66,0.91,27,0.033703704,28
3380.128113,34,53,0.69,19,0.036315789,28
3380.021278,52,79,0.89,27,0.032962963,28
3379.650993,33,54,0.77,21,0.036666667,28
3379.542284,48,64,0.44,16,0.0275,28
3378.996224,57,74,0.57,17,0.033529412,28
3378.637713,34,57,0.85,23,0.036956522,28
3375.709085,50,62,0.33,12,0.0275,28
3375.038114,48,66,0.47,18,0.026111111,28
3373.933981,44,48,0.15,4,0.0375,28
3373.124981,56,71,0.52,15,0.034666667,28
3372.774441,52,79,0.9,27,0.033333333,28
3372.774441,51,80,0.97,29,0.033448276,28
3372.485285,45,67,0.59,22,0.026818182,28
3371.409495,57,73,0.53,16,0.033125,28
3371.295726,46,69,0.59,23,0.025652174,28
3370.75022,50,64,0.34,14,0.024285714,28
3370.626911,33,57,0.85,24,0.035416667,28
3370.502946,55,75,0.68,20,0.034,28
3368.840004,37,57,0.72,20,0.036,28
3368.405227,39,60,0.75,21,0.035714286,28
3366.154182,57,74,0.56,17,0.032941176,28
3365.610839,50,62,0.32,12,0.026666667,28
3365.160374,62,67,0.17,5,0.034,28
3365.160374,61,69,0.27,8,0.03375,28
3365.160374,57,73,0.54,16,0.03375,28
3364.927788,56,87,0.81,31,0.026129032,28
3364.927788,55,88,0.86,33,0.026060606,28
3364.927788,54,89,0.92,35,0.026285714,28
3364.927788,54,90,0.93,36,0.025833333,28
3364.662314,45,66,0.57,21,0.027142857,28
3362.466483,59,68,0.31,9,0.034444444,28
3362.466483,58,69,0.38,11,0.034545455,28
3361.586568,34,57,0.8,23,0.034782609,28
3361.081609,41,52,0.4,11,0.036363636,28
3360.776369,51,63,0.29,12,0.024166667,28
3360.42674,31,59,0.99,28,0.035357143,28
3359.568116,53,91,0.99,38,0.026052632,28
3359.178514,35,59,0.86,24,0.035833333,28
3358.67131,58,72,0.47,14,0.033571429,28
3358.100195,35,54,0.69,19,0.036315789,28
3357.623378,47,66,0.51,19,0.026842105,28
3357.439424,52,80,0.92,28,0.032857143,28
3357.439424,51,81,0.99,30,0.033,28
3357.236458,36,68,0.9,32,0.028125,28
3356.708064,49,64,0.39,15,0.026,28
3356.509264,34,56,0.77,22,0.035,28
3355.997945,45,69,0.63,24,0.02625,28
3355.961358,47,67,0.52,20,0.026,28
3354.611802,45,70,0.65,25,0.026,28
3354.213395,43,70,0.73,27,0.027037037,28
3353.465788,62,69,0.23,7,0.032857143,28
3353.012503,34,58,0.83,24,0.034583333,28
3352.461229,58,83,0.68,25,0.0272,28
3351.640231,59,76,0.48,17,0.028235294,28
3351.640231,58,77,0.54,19,0.028421053,28
3350.940542,53,90,0.99,37,0.026756757,28
3350.848511,36,69,0.92,33,0.027878788,28
3350.792406,38,52,0.5,14,0.035714286,28
3349.169866,53,78,0.83,25,0.0332,28
3347.095909,54,88,0.92,34,0.027058824,28
3345.50687,37,52,0.57,15,0.038,28
3345.061989,60,67,0.24,7,0.034285714,28
3345.057623,42,56,0.5,14,0.035714286,28
3344.849973,52,79,0.91,27,0.033703704,28
3344.849973,51,80,0.98,29,0.033793103,28
3344.612478,53,78,0.84,25,0.0336,28
3344.515802,57,72,0.49,15,0.032666667,28
3343.674335,59,72,0.43,13,0.033076923,28
3343.39857,62,68,0.2,6,0.033333333,28
3343.39857,59,71,0.4,12,0.033333333,28
3343.335729,40,53,0.48,13,0.036923077,28
3343.218204,34,61,0.96,27,0.035555556,28
3341.852739,41,48,0.27,7,0.038571429,28
3341.366533,35,50,0.62,15,0.041333333,28
3338.537174,56,74,0.6,18,0.033333333,28
3338.537174,51,80,0.96,29,0.033103448,28
3338.497493,56,79,0.68,23,0.029565217,28
3338.497493,55,80,0.74,25,0.0296,28
3337.44219,57,70,0.45,13,0.034615385,28
3337.315336,39,47,0.31,8,0.03875,28
3337.061132,57,78,0.6,21,0.028571429,28
3336.256577,56,86,0.8,30,0.026666667,28
3336.256577,55,88,0.87,33,0.026363636,28
3336.256577,54,89,0.93,35,0.026571429,28
3336.256577,53,90,0.98,37,0.026486486,28
3336.240086,37,54,0.57,17,0.033529412,28
3336.078534,35,69,0.96,34,0.028235294,28
3336.053389,53,90,0.97,37,0.026216216,28
3335.502938,48,63,0.41,15,0.027333333,28
3334.385112,52,84,0.94,32,0.029375,28
3333.671546,38,67,0.98,29,0.033793103,28
3333.403079,31,58,0.96,27,0.035555556,28
3332.947442,34,56,0.83,22,0.037727273,28
3332.622882,33,55,0.86,22,0.039090909,28
3332.614039,40,49,0.34,9,0.037777778,28
3331.744566,56,79,0.66,23,0.028695652,28
3331.235305,33,59,0.86,26,0.033076923,28
3331.103086,47,68,0.51,21,0.024285714,28
3331.0716,40,58,0.64,18,0.035555556,28
3331.057002,34,55,0.8,21,0.038095238,28
3330.401198,46,67,0.56,21,0.026666667,28
3330.257737,34,51,0.71,17,0.041764706,28
3329.885886,54,77,0.76,23,0.033043478,28
3329.68413,54,77,0.78,23,0.033913043,28
3329.672006,42,47,0.19,5,0.038,28
3329.069191,36,56,0.76,20,0.038,28
3328.91695,46,67,0.57,21,0.027142857,28
3327.698631,44,68,0.64,24,0.026666667,28
3327.562978,46,68,0.58,22,0.026363636,28
3327.509247,56,86,0.81,30,0.027,28
3327.194757,59,71,0.41,12,0.034166667,28
3327.031243,40,60,0.69,20,0.0345,28
3324.729394,42,53,0.34,11,0.030909091,28
3323.392547,38,50,0.46,12,0.038333333,28
3322.481312,54,76,0.74,22,0.033636364,28
3322.3009,32,59,0.94,27,0.034814815,28
3321.878934,54,90,0.94,36,0.026111111,28
3321.45178,35,61,0.92,26,0.035384615,28
3320.489313,36,52,0.57,16,0.035625,28
3320.035413,32,56,0.87,24,0.03625,28
3318.965297,39,49,0.38,10,0.038,28
3318.614135,55,75,0.67,20,0.0335,28
3318.364072,56,74,0.61,18,0.033888889,28
3317.628939,50,74,0.86,24,0.035833333,28
3317.371197,35,56,0.74,21,0.035238095,28
3317.244288,44,68,0.65,24,0.027083333,28
3316.671407,45,66,0.58,21,0.027619048,28
3316.552442,39,48,0.34,9,0.037777778,28
3316.343561,42,49,0.23,7,0.032857143,28
3315.979722,65,70,0.14,5,0.028,28
3315.95702,73,91,0.31,18,0.017222222,28
3314.750144,40,50,0.34,10,0.034,28
3313.244554,42,63,0.7,21,0.033333333,28
3311.679932,54,82,0.8,28,0.028571429,28
3311.679932,53,83,0.86,30,0.028666667,28
3311.54664,36,58,0.79,22,0.035909091,28
3311.462603,37,53,0.57,16,0.035625,28
3311.396532,39,61,0.77,22,0.035,28
3311.018219,54,58,0.11,4,0.0275,28
3310.946744,57,84,0.74,27,0.027407407,28
3310.946744,54,89,0.94,35,0.026857143,28
3309.925733,36,57,0.78,21,0.037142857,28
3309.442734,56,79,0.67,23,0.029130435,28
3309.274537,52,72,0.71,20,0.0355,28
3309.060773,33,60,0.92,27,0.034074074,28
3309.012615,47,64,0.46,17,0.027058824,28
3308.739366,35,54,0.72,19,0.037894737,28
3307.798789,53,88,0.96,35,0.027428571,28
3307.798789,53,89,0.97,36,0.026944444,28
3307.576128,34,58,0.79,24,0.032916667,28
3307.024342,54,84,0.83,30,0.027666667,28
3306.993477,41,49,0.27,8,0.03375,28
3306.884144,52,84,0.93,32,0.0290625,28
3306.884144,51,85,0.99,34,0.029117647,28
3305.399212,60,75,0.46,15,0.030666667,28
3305.317562,55,76,0.71,21,0.033809524,28
3304.746738,35,59,0.87,24,0.03625,28
3304.177451,73,94,0.33,21,0.015714286,28
3304.177451,69,99,0.47,30,0.015666667,28
3304.05033,40,45,0.2,5,0.04,28
3303.120106,39,65,0.9,26,0.034615385,28
3303.120106,38,66,0.97,28,0.034642857,28
3302.678384,44,69,0.67,25,0.0268,28
3302.579684,37,53,0.6,16,0.0375,28
3302.408167,46,67,0.53,21,0.025238095,28
3302.374789,44,70,0.7,26,0.026923077,28
3302.086148,32,57,0.88,25,0.0352,28
3301.569882,38,61,0.83,23,0.036086957,28
3300.427869,63,73,0.3,10,0.03,28
3299.955946,58,77,0.55,19,0.028947368,28
3299.947287,57,78,0.61,21,0.029047619,28
3299.903638,38,51,0.47,13,0.036153846,28
3299.230188,36,59,0.82,23,0.035652174,28
3298.901105,44,67,0.63,23,0.027391304,28
3297.626436,47,67,0.53,20,0.0265,28
3296.857654,59,77,0.5,18,0.027777778,28
3296.857654,58,78,0.56,20,0.028,28
3296.83234,40,58,0.65,18,0.036111111,28
3296.665704,55,87,0.87,32,0.0271875,28
3296.380964,44,70,0.67,26,0.025769231,28
3295.433776,45,69,0.62,24,0.025833333,28
3295.320224,41,47,0.23,6,0.038333333,28
3294.925177,54,81,0.8,27,0.02962963,28
3294.429594,38,46,0.34,8,0.0425,28
3293.983596,43,69,0.7,26,0.026923077,28
3293.872775,45,67,0.6,22,0.027272727,28
3292.186447,36,55,0.64,19,0.033684211,28
3291.312341,55,79,0.76,24,0.031666667,28
3290.961644,51,73,0.79,22,0.035909091,28
3290.951741,59,70,0.36,11,0.032727273,28
3290.19879,54,80,0.83,26,0.031923077,28
3290.110936,49,75,0.93,26,0.035769231,28
3289.778203,45,68,0.62,23,0.026956522,28
3289.778203,44,70,0.69,26,0.026538462,28
3288.949397,47,66,0.48,19,0.025263158,28
3288.842665,37,60,0.7,23,0.030434783,28
3288.644208,67,69,0.06,2,0.03,28
3288.644208,66,70,0.12,4,0.03,28
3288.644208,65,71,0.18,6,0.03,28
3288.644208,64,72,0.24,8,0.03,28
3288.597635,63,71,0.25,8,0.03125,28
3288.358185,54,59,0.12,5,0.024,28
3288.247187,41,47,0.22,6,0.036666667,28
3287.385848,53,85,0.89,32,0.0278125,28
3287.385848,52,87,0.97,35,0.027714286,28
3287.305056,56,75,0.64,19,0.033684211,28
3287.198219,61,68,0.24,7,0.034285714,28
3287.061301,55,68,0.47,13,0.036153846,28
3286.260805,38,55,0.62,17,0.036470588,28
3285.387221,54,88,0.91,34,0.026764706,28
3285.386495,60,73,0.42,13,0.032307692,28
3284.482383,45,67,0.58,22,0.026363636,28
3284.407043,59,76,0.52,17,0.030588235,28
3283.132703,34,54,0.75,20,0.0375,28
3283.1161,55,80,0.73,25,0.0292,28
3282.112006,45,70,0.64,25,0.0256,28
3281.318112,34,54,0.72,20,0.036,28
3280.334139,33,59,0.96,26,0.036923077,28
3279.872579,55,83,0.77,28,0.0275,28
3278.802665,54,76,0.75,22,0.034090909,28
3277.596416,40,46,0.24,6,0.04,28
3277.042142,32,58,0.93,26,0.035769231,28
3276.750631,53,71,0.63,18,0.035,28
3276.192522,35,52,0.65,17,0.038235294,28
3274.35658,62,73,0.31,11,0.028181818,28
3273.32775,36,55,0.63,19,0.033157895,28
3273.186738,37,51,0.5,14,0.035714286,28
3272.260138,44,69,0.65,25,0.026,28
3271.226401,61,74,0.4,13,0.030769231,28
3271.226401,60,76,0.49,16,0.030625,28
3271.226401,59,77,0.55,18,0.030555556,28
3271.226401,58,78,0.61,20,0.0305,28
3271.226401,57,78,0.65,21,0.030952381,28
3271.199669,56,78,0.69,22,0.031363636,28
3270.85627,48,64,0.43,16,0.026875,28
3270.548793,61,75,0.39,14,0.027857143,28
3270.548793,57,80,0.64,23,0.027826087,28
3270.168714,36,58,0.8,22,0.036363636,28
3270.115757,52,60,0.21,8,0.02625,28
3269.290053,39,51,0.41,12,0.034166667,28
3269.259132,53,89,0.98,36,0.027222222,28
3269.002317,55,81,0.76,26,0.029230769,28
3269.002317,53,84,0.9,31,0.029032258,28
3268.224876,41,46,0.19,5,0.038,28
3268.041779,80,85,0.08,5,0.016,28
3267.621071,57,79,0.62,22,0.028181818,28
3267.562898,45,69,0.64,24,0.026666667,28
3266.894124,79,86,0.12,7,0.017142857,28
3266.68224,78,88,0.16,10,0.016,28
3266.355748,34,54,0.78,20,0.039,28
3266.154054,40,59,0.68,19,0.035789474,28
3265.690293,42,47,0.18,5,0.036,28
3265.635635,40,48,0.31,8,0.03875,28
3265.386312,32,56,0.95,24,0.039583333,28
3265.144332,62,73,0.34,11,0.030909091,28
3265.144332,58,77,0.59,19,0.031052632,28
3264.994689,38,62,0.85,24,0.035416667,28
3264.492605,57,73,0.52,16,0.0325,28
3263.786646,61,73,0.37,12,0.030833333,28
3263.749409,35,57,0.76,22,0.034545455,28
3263.421864,53,83,0.87,30,0.029,28
3262.911672,59,77,0.52,18,0.028888889,28
3262.79875,46,51,0.18,5,0.036,28
3262.699047,54,88,0.93,34,0.027352941,28
3262.042128,58,85,0.7,27,0.025925926,28
3262.032351,59,80,0.6,21,0.028571429,28
3261.813433,39,66,0.92,27,0.034074074,28
3261.508114,57,78,0.62,21,0.02952381,28
3259.774314,39,66,0.93,27,0.034444444,28
3259.315529,40,66,0.86,26,0.033076923,28
3259.199596,36,55,0.67,19,0.035263158,28
3258.534972,62,72,0.31,10,0.031,28
3258.483931,38,53,0.52,15,0.034666667,28
3258.451709,33,58,0.87,25,0.0348,28
3257.022152,43,69,0.71,26,0.027307692,28
3256.354798,35,56,0.78,21,0.037142857,28
3255.181119,44,71,0.71,27,0.026296296,28
3255.163966,32,62,0.96,30,0.032,28
3255.152938,53,86,0.91,33,0.027575758,28
3254.248836,71,95,0.41,24,0.017083333,28
3253.45687,39,53,0.51,14,0.036428571,28
3252.980115,38,67,0.99,29,0.034137931,28
3252.676962,54,82,0.82,28,0.029285714,28
3252.363649,60,70,0.34,10,0.034,28
3252.289458,53,85,0.9,32,0.028125,28
3252.289458,52,86,0.96,34,0.028235294,28
3252.178138,59,75,0.5,16,0.03125,28
3251.080913,57,81,0.66,24,0.0275,28
3251.080913,56,82,0.72,26,0.027692308,28
3250.824064,35,58,0.86,23,0.037391304,28
3249.999117,55,86,0.85,31,0.027419355,28
3249.945745,62,79,0.46,17,0.027058824,28
3249.945745,60,81,0.57,21,0.027142857,28
3249.85486,80,87,0.11,7,0.015714286,28
3249.700691,33,55,0.83,22,0.037727273,28
3249.295196,54,86,0.9,32,0.028125,28
3249.270325,72,94,0.35,22,0.015909091,28
3249.270325,68,99,0.49,31,0.015806452,28
3249.238891,39,68,0.95,29,0.032758621,28
3248.846021,62,74,0.33,12,0.0275,28
3247.975007,55,89,0.88,34,0.025882353,28
3247.897373,56,85,0.8,29,0.027586207,28
3247.711162,56,82,0.71,26,0.027307692,28
3247.033552,47,65,0.49,18,0.027222222,28
3246.118497,56,80,0.68,24,0.028333333,28
3245.950051,53,83,0.88,30,0.029333333,28
3245.897344,55,83,0.78,28,0.027857143,28
3245.638991,74,92,0.29,18,0.016111111,28
3245.036059,39,50,0.42,11,0.038181818,28
3244.849381,62,82,0.4,20,0.02,28
3244.77061,75,90,0.24,15,0.016,28
3244.210135,63,72,0.28,9,0.031111111,28
3244.210135,59,76,0.53,17,0.031176471,28
3244.210135,56,79,0.72,23,0.031304348,28
3243.758422,35,53,0.67,18,0.037222222,28
3243.113517,37,56,0.7,19,0.036842105,28
3242.605564,60,75,0.47,15,0.031333333,28
3242.605564,58,76,0.57,18,0.031666667,28
3242.605564,57,78,0.66,21,0.031428571,28
3242.377656,54,56,0.05,2,0.025,28
3242.377656,53,57,0.1,4,0.025,28
3242.377656,52,58,0.15,6,0.025,28
3242.342681,51,73,0.78,22,0.035454545,28
3242.260339,58,76,0.56,18,0.031111111,28
3242.208277,42,73,0.82,31,0.026451613,28
3242.182467,53,86,0.95,33,0.028787879,28
3241.538649,56,81,0.7,25,0.028,28
3241.396984,43,69,0.82,26,0.031538462,28
3241.22239,36,52,0.59,16,0.036875,28
3241.111739,52,85,0.97,33,0.029393939,28
3241.101447,77,89,0.19,12,0.015833333,28
3240.440722,46,65,0.52,19,0.027368421,28
3240.101738,43,71,0.75,28,0.026785714,28
3239.881128,33,66,0.99,33,0.03,28
3239.785906,61,74,0.37,13,0.028461538,28
3239.785247,40,64,0.83,24,0.034583333,28
3238.856203,43,55,0.43,12,0.035833333,28
3238.653444,44,70,0.68,26,0.026153846,28
3238.608792,57,80,0.65,23,0.02826087,28
3238.608792,56,81,0.71,25,0.0284,28
3238.608792,55,82,0.77,27,0.028518519,28
3238.476097,60,77,0.47,17,0.027647059,28
3238.476097,58,79,0.58,21,0.027619048,28
3238.476097,58,80,0.6,22,0.027272727,28
3237.904438,32,61,0.99,29,0.034137931,28
3236.959952,70,97,0.43,27,0.015925926,28
3236.954112,32,57,0.93,25,0.0372,28
3236.944337,58,78,0.58,20,0.029,28
3236.944337,57,79,0.64,22,0.029090909,28
3236.944337,56,80,0.7,24,0.029166667,28
3236.944337,54,83,0.84,29,0.028965517,28
3236.652333,49,62,0.36,13,0.027692308,28
3236.503986,51,59,0.2,8,0.025,28
3236.36984,55,82,0.76,27,0.028148148,28
3236.331868,71,97,0.41,26,0.015769231,28
3235.749693,69,98,0.46,29,0.015862069,28
3235.499475,34,61,0.97,27,0.035925926,28
3235.291009,55,81,0.74,26,0.028461538,28
3235.291009,53,84,0.88,31,0.028387097,28
3235.291009,52,85,0.94,33,0.028484848,28
3234.365964,43,68,0.8,25,0.032,28
3233.375067,43,71,0.74,28,0.026428571,28
3233.156665,69,97,0.48,28,0.017142857,28
3233.156665,67,99,0.55,32,0.0171875,28
3233.112706,48,63,0.38,15,0.025333333,28
3232.333286,37,58,0.78,21,0.037142857,28
3231.949543,35,59,0.88,24,0.036666667,28
3231.949543,34,60,0.96,26,0.036923077,28
3231.523197,60,74,0.44,14,0.031428571,28
3231.446273,38,50,0.43,12,0.035833333,28
3231.285862,41,63,0.76,22,0.034545455,28
3231.240868,59,86,0.69,27,0.025555556,28
3231.160784,43,70,0.72,27,0.026666667,28
3231.045238,52,58,0.17,6,0.028333333,28
3230.811984,41,59,0.62,18,0.034444444,28
3230.313482,40,52,0.44,12,0.036666667,28
3229.729011,37,56,0.69,19,0.036315789,28
3229.456515,59,75,0.51,16,0.031875,28
3229.278561,39,67,0.93,28,0.033214286,28
3229.148354,36,51,0.55,15,0.036666667,28
3228.374384,64,80,0.32,16,0.02,28
3228.284195,47,64,0.47,17,0.027647059,28
3228.06412,70,95,0.43,25,0.0172,28
3227.929834,41,71,0.95,30,0.031666667,28
3227.929834,41,72,0.97,31,0.031290323,28
3227.914651,59,83,0.64,24,0.026666667,28
3227.694489,39,54,0.55,15,0.036666667,28
3226.846751,36,51,0.54,15,0.036,28
3226.152596,57,85,0.75,28,0.026785714,28
3226.146383,44,71,0.7,27,0.025925926,28
3226.087988,55,91,0.92,36,0.025555556,28
3226.087988,54,93,0.99,39,0.025384615,28
3225.734674,58,84,0.7,26,0.026923077,28
3225.734674,55,88,0.88,33,0.026666667,28
3225.648102,72,93,0.36,21,0.017142857,28
3225.573897,54,83,0.82,29,0.028275862,28
3225.366967,64,70,0.19,6,0.031666667,28
3225.043067,38,48,0.4,10,0.04,28
3224.895604,39,53,0.45,14,0.032142857,28
3224.645984,76,89,0.21,13,0.016153846,28
3224.645984,73,93,0.32,20,0.016,28
3224.645984,70,96,0.42,26,0.016153846,28
3224.625741,39,49,0.39,10,0.039,28
3224.374983,62,75,0.36,13,0.027692308,28
3224.374983,59,78,0.53,19,0.027894737,28
3224.269202,61,74,0.38,13,0.029230769,28
3224.113772,64,71,0.2,7,0.028571429,28
3223.829528,60,75,0.43,15,0.028666667,28
3223.829528,59,76,0.49,17,0.028823529,28
3223.829528,55,81,0.75,26,0.028846154,28
3223.510004,39,51,0.45,12,0.0375,28
3223.269366,68,97,0.5,29,0.017241379,28
3223.004599,54,83,0.83,29,0.02862069,28
3223.004599,53,84,0.89,31,0.028709677,28
3222.96702,42,45,0.11,3,0.036666667,28
3222.270882,68,99,0.54,31,0.017419355,28
3222.05636,44,71,0.69,27,0.025555556,28
3222.004525,42,50,0.3,8,0.0375,28
3221.793955,36,49,0.54,13,0.041538462,28
3220.961269,49,64,0.41,15,0.027333333,28
3220.564786,39,47,0.32,8,0.04,28
3220.546462,63,81,0.36,18,0.02,28
3220.429792,54,81,0.85,27,0.031481481,28
3220.39051,54,84,0.84,30,0.028,28
3220.096859,35,55,0.75,20,0.0375,28
3219.717769,57,82,0.67,25,0.0268,28
3219.139688,61,73,0.38,12,0.031666667,28
3219.12446,61,81,0.53,20,0.0265,28
3218.799477,38,48,0.39,10,0.039,28
3218.243286,71,93,0.38,22,0.017272727,28
3218.139833,41,62,0.71,21,0.033809524,28
3218.023163,62,80,0.48,18,0.026666667,28
3217.598022,35,53,0.65,18,0.036111111,28
3217.544952,36,49,0.53,13,0.040769231,28
3216.504332,67,75,0.21,8,0.02625,28
3216.489673,33,56,0.88,23,0.03826087,28
3216.19362,33,55,0.84,22,0.038181818,28
3215.632347,49,61,0.34,12,0.028333333,28
3215.379456,57,77,0.63,20,0.0315,28
3215.322277,57,77,0.64,20,0.032,28
3215.220004,31,57,0.94,26,0.036153846,28
3214.447106,44,71,0.66,27,0.024444444,28
3214.290839,56,78,0.7,22,0.031818182,28
3214.145808,57,79,0.63,22,0.028636364,28
3214.145808,56,80,0.69,24,0.02875,28
3214.006509,68,99,0.56,31,0.018064516,28
3213.779803,61,68,0.23,7,0.032857143,28
3213.73559,52,82,0.96,30,0.032,28
3213.594455,43,49,0.22,6,0.036666667,28
3213.276132,38,66,0.98,28,0.035,28
3212.951014,63,73,0.28,10,0.028,28
3212.83189,42,44,0.08,2,0.04,28
3212.83189,41,45,0.16,4,0.04,28
3212.223351,44,68,0.63,24,0.02625,28
3211.819466,60,82,0.59,22,0.026818182,28
3211.345551,51,79,0.93,28,0.033214286,28
3210.554616,34,60,0.82,26,0.031538462,28
3210.539771,39,57,0.65,18,0.036111111,28
3210.418323,45,48,0.11,3,0.036666667,28
3210.351066,60,75,0.44,15,0.029333333,28
3210.09444,35,57,0.73,22,0.033181818,28
3209.97846,59,76,0.5,17,0.029411765,28
3209.767287,42,71,0.78,29,0.026896552,28
3209.746641,37,49,0.48,12,0.04,28
3209.742001,60,76,0.45,16,0.028125,28
3209.663968,61,80,0.52,19,0.027368421,28
3209.663968,59,82,0.63,23,0.027391304,28
3209.663968,57,85,0.76,28,0.027142857,28
3209.619752,36,53,0.65,17,0.038235294,28
3209.614931,50,60,0.28,10,0.028,28
3209.590317,36,57,0.76,21,0.036190476,28
3209.477222,43,72,0.75,29,0.025862069,28
3209.081144,37,51,0.54,14,0.038571429,28
3208.794033,61,83,0.57,22,0.025909091,28
3208.464919,55,80,0.78,25,0.0312,28
3207.922813,46,68,0.54,22,0.024545455,28
3207.824169,54,76,0.72,22,0.032727273,28
3207.77602,55,79,0.77,24,0.032083333,28
3207.419053,72,95,0.39,23,0.016956522,28
3207.22894,33,57,0.86,24,0.035833333,28
3207.062315,37,49,0.49,12,0.040833333,28
3207.024204,72,93,0.34,21,0.016190476,28
3206.947085,52,86,0.97,34,0.028529412,28
3206.902137,52,85,0.95,33,0.028787879,28
3206.641252,38,66,0.95,28,0.033928571,28
3206.286332,40,54,0.51,14,0.036428571,28
3206.176526,63,74,0.3,11,0.027272727,28
3206.07317,66,73,0.2,7,0.028571429,28
3206.07317,63,76,0.37,13,0.028461538,28
3206.07317,61,79,0.51,18,0.028333333,28
3205.646363,38,55,0.63,17,0.037058824,28
3205.621114,36,61,0.76,25,0.0304,28
3205.103552,34,54,0.71,20,0.0355,28
3204.713761,57,81,0.65,24,0.027083333,28
3204.622376,58,79,0.59,21,0.028095238,28
3203.903523,39,55,0.59,16,0.036875,28
3203.903523,38,56,0.67,18,0.037222222,28
3203.846808,45,53,0.23,8,0.02875,28
3203.697967,59,74,0.44,15,0.029333333,28
3203.689553,61,73,0.35,12,0.029166667,28
3203.675875,58,87,0.75,29,0.025862069,28
3203.675875,57,88,0.8,31,0.025806452,28
3203.675875,56,89,0.86,33,0.026060606,28
3203.675875,56,90,0.87,34,0.025588235,28
3203.675875,55,91,0.93,36,0.025833333,28
3203.675875,54,92,0.98,38,0.025789474,28
3202.838837,65,81,0.32,16,0.02,28
3202.534894,40,65,0.84,25,0.0336,28
3202.45917,59,75,0.46,16,0.02875,28
3201.938496,72,94,0.4,22,0.018181818,28
3201.708522,56,74,0.59,18,0.032777778,28
3201.708522,53,77,0.79,24,0.032916667,28
3201.396275,62,71,0.29,9,0.032222222,28
3201.204116,33,56,0.89,23,0.038695652,28
3200.750909,42,57,0.53,15,0.035333333,28
3200.620806,61,75,0.4,14,0.028571429,28
3200.6124,60,76,0.46,16,0.02875,28
3200.497392,39,67,0.94,28,0.033571429,28
3199.459902,80,85,0.09,5,0.018,28
3199.14604,65,77,0.32,12,0.026666667,28
3198.895091,42,60,0.52,18,0.028888889,28
3198.368317,65,71,0.17,6,0.028333333,28
3198.368317,62,74,0.34,12,0.028333333,28
3198.368317,59,77,0.51,18,0.028333333,28
3198.336061,55,86,0.86,31,0.027741935,28
3198.327661,58,82,0.67,24,0.027916667,28
3198.327661,57,83,0.73,26,0.028076923,28
3198.327661,55,85,0.84,30,0.028,28
3198.320576,41,64,0.77,23,0.033478261,28
3198.032044,64,69,0.16,5,0.032,28
3197.840393,36,50,0.57,14,0.040714286,28
3196.725037,49,65,0.4,16,0.025,28
3196.409681,62,72,0.32,10,0.032,28
3196.409681,60,74,0.45,14,0.032142857,28
3196.180866,36,55,0.7,19,0.036842105,28
3196.131901,73,92,0.31,19,0.016315789,28
3196.106688,34,57,0.86,23,0.037391304,28
3195.816001,59,83,0.65,24,0.027083333,28
3195.816001,56,87,0.83,31,0.026774194,28
3195.041609,56,73,0.56,17,0.032941176,28
3195.035166,31,59,0.98,28,0.035,28
3194.860884,49,64,0.38,15,0.025333333,28
3194.810082,52,60,0.22,8,0.0275,28
3194.337541,62,77,0.43,15,0.028666667,28
3193.93912,58,77,0.56,19,0.029473684,28
3193.836569,62,73,0.32,11,0.029090909,28
3193.007655,34,62,0.99,28,0.035357143,28
3192.910311,63,70,0.22,7,0.031428571,28
3192.910311,60,73,0.41,13,0.031538462,28
3192.875573,43,72,0.76,29,0.026206897,28
3192.427322,69,97,0.45,28,0.016071429,28
3192.388956,44,50,0.23,6,0.038333333,28
3191.970769,58,75,0.5,17,0.029411765,28
3191.962385,60,74,0.41,14,0.029285714,28
3191.39993,34,51,0.72,17,0.042352941,28
3191.110513,61,72,0.32,11,0.029090909,28
3190.959181,75,93,0.28,18,0.015555556,28
3190.692749,67,74,0.19,7,0.027142857,28
3190.626099,64,78,0.37,14,0.026428571,28
3190.51629,58,71,0.43,13,0.033076923,28
3190.357713,44,54,0.29,10,0.029,28
3190.039112,57,86,0.77,29,0.026551724,28
3190.039112,54,90,0.95,36,0.026388889,28
3189.677542,51,60,0.25,9,0.027777778,28
3189.158371,76,89,0.24,13,0.018461538,28
3189.064399,35,54,0.73,19,0.038421053,28
3188.949595,55,74,0.63,19,0.033157895,28
3188.656336,34,60,0.93,26,0.035769231,28
3188.510185,58,76,0.52,18,0.028888889,28
3188.475655,64,70,0.17,6,0.028333333,28
3188.377594,36,52,0.62,16,0.03875,28
3188.113459,54,82,0.81,28,0.028928571,28
3188.057116,42,72,0.8,30,0.026666667,28
3187.711762,60,84,0.63,24,0.02625,28
3187.603319,32,62,0.97,30,0.032333333,28
3186.893792,40,44,0.17,4,0.0425,28
3186.741596,63,66,0.1,3,0.033333333,28
3186.741596,60,69,0.3,9,0.033333333,28
3186.741596,57,72,0.5,15,0.033333333,28
3186.576551,57,76,0.56,19,0.029473684,28
3186.576551,56,77,0.62,21,0.02952381,28
3186.25062,38,47,0.37,9,0.041111111,28
3185.890714,33,56,0.82,23,0.035652174,28
3185.694273,79,87,0.13,8,0.01625,28
3185.60843,36,60,0.85,24,0.035416667,28
3185.595121,35,53,0.7,18,0.038888889,28
3184.897231,36,53,0.66,17,0.038823529,28
3184.897231,35,54,0.74,19,0.038947368,28
3184.867862,34,59,0.81,25,0.0324,28
3184.216673,41,55,0.51,14,0.036428571,28
3184.067237,52,77,0.84,25,0.0336,28
3183.95702,67,73,0.17,6,0.028333333,28
3183.95702,64,76,0.34,12,0.028333333,28
3183.548345,37,58,0.76,21,0.036190476,28
3182.829139,39,64,0.71,25,0.0284,28
3182.668385,66,70,0.11,4,0.0275,28
3182.668385,64,72,0.22,8,0.0275,28
3182.609818,58,78,0.57,20,0.0285,28
3182.601458,63,72,0.26,9,0.028888889,28
3182.508629,34,55,0.81,21,0.038571429,28
3182.500646,58,84,0.69,26,0.026538462,28
3182.346052,61,76,0.41,15,0.027333333,28
3182.293263,60,83,0.6,23,0.026086957,28
3182.272261,39,46,0.29,7,0.041428571,28
3182.262446,39,48,0.33,9,0.036666667,28
3182.016994,55,88,0.89,33,0.026969697,28
3182.016994,54,90,0.96,36,0.026666667,28
3181.768125,55,92,0.94,37,0.025405405,28
3181.564355,57,82,0.72,25,0.0288,28
3181.564355,56,83,0.78,27,0.028888889,28
3181.19499,55,84,0.84,29,0.028965517,28
3181.095971,39,50,0.4,11,0.036363636,28
3180.334473,52,78,0.86,26,0.033076923,28
3180.287785,48,67,0.45,19,0.023684211,28
3179.805186,56,87,0.82,31,0.026451613,28
3179.584714,37,50,0.5,13,0.038461538,28
3178.97746,60,74,0.4,14,0.028571429,28
3178.856406,43,47,0.15,4,0.0375,28
3178.5157,40,63,0.78,23,0.033913043,28
3178.141292,33,61,0.89,28,0.031785714,28
3178.055644,62,82,0.41,20,0.0205,28
3177.941994,41,49,0.3,8,0.0375,28
3177.800613,61,67,0.2,6,0.033333333,28
3177.800613,54,75,0.7,21,0.033333333,28
3177.624116,32,57,0.97,25,0.0388,28
3177.493544,55,75,0.66,20,0.033,28
3177.209462,63,71,0.23,8,0.02875,28
3177.073269,57,88,0.81,31,0.026129032,28
3176.708721,52,81,0.95,29,0.032758621,28
3176.701904,53,76,0.77,23,0.033478261,28
3176.676606,35,60,0.89,25,0.0356,28
3176.550774,43,56,0.46,13,0.035384615,28
3176.527746,35,50,0.64,15,0.042666667,28
3176.373538,59,78,0.52,19,0.027368421,28
3176.030526,64,79,0.31,15,0.020666667,28
3175.828689,43,53,0.36,10,0.036,28
3175.828689,42,54,0.43,12,0.035833333,28
3175.828689,40,56,0.58,16,0.03625,28
3175.828689,38,59,0.75,21,0.035714286,28
3173.850566,44,69,0.68,25,0.0272,28
3173.805398,65,72,0.19,7,0.027142857,28
3173.591916,32,57,0.98,25,0.0392,28
3173.56005,77,88,0.2,11,0.018181818,28
3173.56005,74,91,0.31,17,0.018235294,28
3173.192142,37,59,0.81,22,0.036818182,28
3172.798785,57,77,0.58,20,0.029,28
3172.798785,56,78,0.64,22,0.029090909,28
3172.484974,41,55,0.5,14,0.035714286,28
3172.43276,39,57,0.66,18,0.036666667,28
3172.25764,59,79,0.54,20,0.027,28
3172.065034,45,50,0.18,5,0.036,28
3171.96513,38,58,0.73,20,0.0365,28
3171.738531,48,66,0.45,18,0.025,28
3171.738531,47,67,0.5,20,0.025,28
3171.606084,72,95,0.37,23,0.016086957,28
3171.395629,50,75,0.9,25,0.036,28
3171.309188,54,58,0.1,4,0.025,28
3170.387982,52,55,0.08,3,0.026666667,28
3170.339821,70,99,0.45,29,0.015517241,28
3170.310413,35,50,0.63,15,0.042,28
3170.299899,48,65,0.43,17,0.025294118,28
3169.955163,43,72,0.77,29,0.026551724,28
3169.554664,44,68,0.66,24,0.0275,28
3169.378291,36,52,0.6,16,0.0375,28
3168.766333,57,86,0.76,29,0.026206897,28
3168.001384,34,60,0.94,26,0.036153846,28
3167.517769,61,81,0.54,20,0.027,28
3167.517769,58,85,0.72,27,0.026666667,28
3167.517769,57,86,0.78,29,0.026896552,28
3167.261416,61,83,0.45,22,0.020454545,28
3167.106362,42,73,0.96,31,0.030967742,28
3166.707649,59,74,0.49,15,0.032666667,28
3166.476766,32,57,0.96,25,0.0384,28
3166.279234,51,78,0.91,27,0.033703704,28
3166.279234,50,79,0.98,29,0.033793103,28
3165.94494,40,55,0.55,15,0.036666667,28
3165.46649,75,89,0.23,14,0.016428571,28
3165.46649,69,96,0.44,27,0.016296296,28
3165.410498,43,52,0.33,9,0.036666667,28
3164.521396,43,55,0.35,12,0.029166667,28
3164.495425,34,55,0.82,21,0.039047619,28
3164.312405,54,87,0.91,33,0.027575758,28
3164.312405,53,88,0.97,35,0.027714286,28
3164.225969,55,80,0.72,25,0.0288,28
3164.15257,35,53,0.68,18,0.037777778,28
3164.047403,42,58,0.45,16,0.028125,28
3163.940757,36,57,0.67,21,0.031904762,28
3163.857025,61,85,0.48,24,0.02,28
3163.71999,39,62,0.64,23,0.027826087,28
3163.352734,56,89,0.87,33,0.026363636,28
3163.352734,54,92,0.99,38,0.026052632,28
3162.848911,56,86,0.82,30,0.027333333,28
3162.556643,34,64,0.91,30,0.030333333,28
3162.438506,63,79,0.43,16,0.026875,28
3162.354734,53,87,0.97,34,0.028529412,28
3162.136474,61,79,0.5,18,0.027777778,28
3162.13081,46,65,0.53,19,0.027894737,28
3161.929158,68,99,0.53,31,0.017096774,28
3161.79048,59,84,0.66,25,0.0264,28
3161.659919,36,59,0.71,23,0.030869565,28
3161.584771,52,85,0.96,33,0.029090909,28
3161.552054,62,72,0.29,10,0.029,28
3161.552054,60,73,0.38,13,0.029230769,28
3161.070167,54,57,0.08,3,0.026666667,28
3161.011639,63,81,0.37,18,0.020555556,28
3160.390302,32,57,0.9,25,0.036,28
3159.87078,40,49,0.35,9,0.038888889,28
3159.654651,57,89,0.82,32,0.025625,28
3159.090798,54,76,0.73,22,0.033181818,28
3159.026426,32,56,0.92,24,0.038333333,28
3158.896392,33,56,0.9,23,0.039130435,28
3158.675931,65,67,0.06,2,0.03,28
3158.675931,64,68,0.12,4,0.03,28
3158.675931,63,69,0.18,6,0.03,28
3158.339694,58,75,0.54,17,0.031764706,28
3158.238519,54,79,0.81,25,0.0324,28
3158.048618,53,83,0.84,30,0.028,28
3158.010458,50,63,0.32,13,0.024615385,28
3157.815914,52,85,0.91,33,0.027575758,28
3157.815914,51,86,0.97,35,0.027714286,28
3157.614813,38,54,0.59,16,0.036875,28
3157.394498,34,54,0.76,20,0.038,28
3156.935725,38,66,0.79,28,0.028214286,28
3156.790138,65,66,0.03,1,0.03,28
3156.790138,64,67,0.09,3,0.03,28
3156.790138,63,68,0.15,5,0.03,28
3156.790138,62,69,0.21,7,0.03,28
3156.681974,58,85,0.71,27,0.026296296,28
3156.566203,65,78,0.27,13,0.020769231,28
3156.29307,36,54,0.69,18,0.038333333,28
3156.243508,42,43,0.04,1,0.04,28
3156.243508,41,44,0.12,3,0.04,28
3156.183254,59,86,0.55,27,0.02037037,28
3156.101042,55,89,0.89,34,0.026176471,28
3155.830473,56,90,0.88,34,0.025882353,28
3155.658376,25,87,0.61,62,0.00983871,28
3155.500855,62,81,0.52,19,0.027368421,28
3155.482627,74,91,0.28,17,0.016470588,28
3155.132141,33,58,0.88,25,0.0352,28
3154.732903,38,57,0.64,19,0.033684211,28
3154.516254,36,54,0.64,18,0.035555556,28
3154.4904,32,58,0.91,26,0.035,28
3154.343692,64,82,0.36,18,0.02,28
3154.343692,63,83,0.4,20,0.02,28
3154.053993,43,50,0.26,7,0.037142857,28
3154.053993,41,52,0.41,11,0.037272727,28
3153.495244,76,88,0.22,12,0.018333333,28
3153.388356,77,88,0.18,11,0.016363636,28
3153.33627,62,70,0.24,8,0.03,28
3153.33627,61,71,0.3,10,0.03,28
3153.33627,60,72,0.36,12,0.03,28
3152.767327,40,52,0.45,12,0.0375,28
3152.703617,71,96,0.4,25,0.016,28
3152.584761,46,66,0.55,20,0.0275,28
3152.514826,55,57,0.05,2,0.025,28
3152.202274,56,73,0.57,17,0.033529412,28
3152.150681,44,54,0.34,10,0.034,28
3151.706757,37,56,0.71,19,0.037368421,28
3151.512913,52,72,0.72,20,0.036,28
3151.093296,42,69,0.87,27,0.032222222,28
3151.083494,36,57,0.79,21,0.037619048,28
3151.083494,35,58,0.87,23,0.037826087,28
3150.886549,53,81,0.83,28,0.029642857,28
3150.774292,53,87,0.98,34,0.028823529,28
3150.585007,54,87,0.94,33,0.028484848,28
3150.505978,59,75,0.47,16,0.029375,28
3150.505978,58,76,0.53,18,0.029444444,28
3150.408393,54,85,0.9,31,0.029032258,28
3150.406722,46,64,0.51,18,0.028333333,28
3150.326925,53,80,0.88,27,0.032592593,28
3150.064958,54,92,0.97,38,0.025526316,28
3149.964671,70,96,0.47,26,0.018076923,28
3149.964671,69,97,0.51,28,0.018214286,28
3149.790378,53,81,0.89,28,0.031785714,28
3149.78467,38,49,0.42,11,0.038181818,28
3149.562467,34,60,0.95,26,0.036538462,28
3149.308694,34,55,0.77,21,0.036666667,28
3149.245063,38,65,0.77,27,0.028518519,28
3149.196824,54,89,0.95,35,0.027142857,28
3148.560666,53,86,0.96,33,0.029090909,28
3148.48675,55,87,0.88,32,0.0275,28
3148.478477,58,83,0.69,25,0.0276,28
3148.19536,53,82,0.86,29,0.029655172,28
3148.19536,52,83,0.92,31,0.029677419,28
3148.127408,54,91,0.95,37,0.025675676,28
3148.058388,53,82,0.85,29,0.029310345,28
3148.058388,52,83,0.91,31,0.029354839,28
3147.647334,78,86,0.13,8,0.01625,28
3147.414449,45,54,0.3,9,0.033333333,28
3146.817918,41,45,0.15,4,0.0375,28
3146.77291,37,60,0.83,23,0.036086957,28
3146.77291,36,61,0.91,25,0.0364,28
3146.532083,38,58,0.62,20,0.031,28
3146.256694,52,84,0.9,32,0.028125,28
3146.246661,43,73,0.77,30,0.025666667,28
3146.139945,36,54,0.68,18,0.037777778,28
3145.834251,36,65,0.99,29,0.034137931,28
3145.795758,72,94,0.36,22,0.016363636,28
3145.714054,37,53,0.61,16,0.038125,28
3145.686654,35,68,0.94,33,0.028484848,28
3145.607737,51,61,0.25,10,0.025,28
3145.032422,54,80,0.77,26,0.029615385,28
3144.969002,72,94,0.38,22,0.017272727,28
3144.682711,53,81,0.9,28,0.032142857,28
3144.592093,35,61,0.95,26,0.036538462,28
3144.132778,55,78,0.74,23,0.032173913,28
3144.081143,43,60,0.47,17,0.027647059,28
3143.997248,74,90,0.26,16,0.01625,28
3143.690874,62,84,0.44,22,0.02,28
3143.635725,45,53,0.27,8,0.03375,28
3143.512554,38,47,0.38,9,0.042222222,28
3143.512554,36,49,0.55,13,0.042307692,28
3143.249988,36,67,0.89,31,0.028709677,28
3143.056076,37,54,0.63,17,0.037058824,28
3142.819288,71,95,0.39,24,0.01625,28
3142.593354,63,70,0.23,7,0.032857143,28
3142.478644,38,48,0.41,10,0.041,28
3142.198878,55,91,0.94,36,0.026111111,28
3141.81665,32,55,0.93,23,0.040434783,28
3141.474306,48,51,0.1,3,0.033333333,28
3140.700352,59,84,0.65,25,0.026,28
3140.411792,39,65,0.88,26,0.033846154,28
3140.309839,79,85,0.11,6,0.018333333,28
3140.308858,38,51,0.5,13,0.038461538,28
3140.26384,72,94,0.39,22,0.017727273,28
3140.198024,39,65,0.87,26,0.033461538,28
3140.077297,39,64,0.86,25,0.0344,28
3139.682332,41,59,0.63,18,0.035,28
3139.446202,39,50,0.43,11,0.039090909,28
3139.446202,38,51,0.51,13,0.039230769,28
3139.068943,58,75,0.55,17,0.032352941,28
3138.726983,35,60,0.91,25,0.0364,28
3138.644016,33,55,0.8,22,0.036363636,28
3138.247008,58,81,0.66,23,0.028695652,28
3138.227436,76,88,0.2,12,0.016666667,28
3138.227436,71,94,0.38,23,0.016521739,28
3137.942419,60,84,0.49,24,0.020416667,28
3137.933058,78,87,0.15,9,0.016666667,28
3137.622415,44,72,0.71,28,0.025357143,28
3137.470928,53,87,0.96,34,0.028235294,28
3137.44669,37,59,0.73,22,0.033181818,28
3137.418195,75,92,0.27,17,0.015882353,28
3136.896675,57,77,0.59,20,0.0295,28
3136.896675,56,78,0.65,22,0.029545455,28
3136.896675,54,81,0.79,27,0.029259259,28
3136.751339,43,68,0.68,25,0.0272,28
3136.532338,55,79,0.71,24,0.029583333,28
3136.324411,44,54,0.36,10,0.036,28
3136.255066,45,66,0.67,21,0.031904762,28
3136.119774,53,89,0.99,36,0.0275,28
3136.111532,54,88,0.94,34,0.027647059,28
3135.745518,35,58,0.73,23,0.03173913,28
3135.69491,43,59,0.46,16,0.02875,28
3135.635378,43,56,0.37,13,0.028461538,28
3135.628723,38,56,0.65,18,0.036111111,28
3135.491286,74,93,0.3,19,0.015789474,28
3135.491286,70,98,0.44,28,0.015714286,28
3134.882684,54,82,0.78,28,0.027857143,28
3134.769549,34,68,0.98,34,0.028823529,28
3134.652354,53,77,0.81,24,0.03375,28
3134.545545,51,63,0.28,12,0.023333333,28
3134.30702,53,58,0.14,5,0.028,28
3134.169665,64,67,0.1,3,0.033333333,28
3133.711548,53,80,0.89,27,0.032962963,28
3133.449556,37,54,0.58,17,0.034117647,28
3133.406523,55,92,0.95,37,0.025675676,28
3133.377384,71,93,0.41,22,0.018636364,28
3133.003271,56,77,0.68,21,0.032380952,28
3132.983004,52,60,0.2,8,0.025,28
3132.522799,47,63,0.45,16,0.028125,28
3131.672995,35,61,0.96,26,0.036923077,28
3131.627506,56,84,0.8,28,0.028571429,28
3131.627506,55,85,0.86,30,0.028666667,28
3131.617743,60,68,0.27,8,0.03375,28
3131.479147,40,45,0.21,5,0.042,28
3131.303856,42,53,0.4,11,0.036363636,28
3131.091424,49,64,0.37,15,0.024666667,28
3131.091424,48,65,0.42,17,0.024705882,28
3131.091424,47,66,0.47,19,0.024736842,28
3130.868482,52,78,0.87,26,0.033461538,28
3130.7835,37,64,0.79,27,0.029259259,28
3130.775696,61,72,0.35,11,0.031818182,28
3130.517024,54,80,0.82,26,0.031538462,28
3130.373012,62,70,0.26,8,0.0325,28
3130.373012,60,72,0.39,12,0.0325,28
3130.207425,69,98,0.51,29,0.017586207,28
3130.145587,39,65,0.73,26,0.028076923,28
3129.969322,36,59,0.84,23,0.036521739,28
3129.372336,70,97,0.46,27,0.017037037,28
3129.178111,51,78,0.92,27,0.034074074,28
3129.178111,50,79,0.99,29,0.034137931,28
3128.993824,73,91,0.33,18,0.018333333,28
3128.680077,38,65,0.94,27,0.034814815,28
3128.297291,35,60,0.92,25,0.0368,28
3128.132574,45,70,0.66,25,0.0264,28
3127.760881,57,76,0.61,19,0.032105263,28
3127.614507,33,54,0.88,21,0.041904762,28
3127.562686,39,60,0.73,21,0.034761905,28
3127.198646,74,92,0.31,18,0.017222222,28
3127.012303,56,84,0.79,28,0.028214286,28
3126.977258,37,48,0.46,11,0.041818182,28
3126.004691,75,91,0.26,16,0.01625,28
3125.459656,45,67,0.64,22,0.029090909,28
3125.459366,69,97,0.46,28,0.016428571,28
3125.35777,59,73,0.46,14,0.032857143,28
3125.35777,56,76,0.66,20,0.033,28
3125.318474,59,76,0.47,17,0.027647059,28
3124.966722,73,92,0.35,19,0.018421053,28
3124.872111,71,95,0.43,24,0.017916667,28
3124.536798,48,63,0.42,15,0.028,28
3124.418626,50,60,0.26,10,0.026,28
3124.210543,44,55,0.37,11,0.033636364,28
3123.807955,65,79,0.28,14,0.02,28
3123.756052,37,63,0.9,26,0.034615385,28
3123.717594,59,73,0.42,14,0.03,28
3123.717594,58,74,0.48,16,0.03,28
3123.717594,57,75,0.54,18,0.03,28
3123.653609,57,67,0.35,10,0.035,28
3123.347523,36,61,0.77,25,0.0308,28
3123.31506,72,92,0.37,20,0.0185,28
3123.168007,50,61,0.28,11,0.025454545,28
3122.336893,53,71,0.64,18,0.035555556,28
3121.93313,39,77,0.96,38,0.025263158,28
3121.296628,79,85,0.1,6,0.016666667,28
3121.22106,39,55,0.58,16,0.03625,28
3120.538424,45,60,0.5,15,0.033333333,28
3120.538424,44,61,0.57,17,0.033529412,28
3120.383551,40,50,0.35,10,0.035,28
3120.297788,33,61,0.91,28,0.0325,28
3120.249884,51,86,0.98,35,0.028,28
3120.243102,25,87,0.6,62,0.009677419,28
3120.240328,53,77,0.8,24,0.033333333,28
3120.13728,61,82,0.55,21,0.026190476,28
3119.594916,35,67,0.92,32,0.02875,28
3119.461057,51,74,0.82,23,0.035652174,28
3119.461057,49,77,0.99,28,0.035357143,28
3119.193713,37,65,0.81,28,0.028928571,28
3119.190326,70,96,0.46,26,0.017692308,28
3118.953391,37,53,0.58,16,0.03625,28
3118.760986,38,62,0.68,24,0.028333333,28
3118.66106,34,57,0.87,23,0.037826087,28
3118.569033,40,64,0.81,24,0.03375,28
3118.475151,55,77,0.73,22,0.033181818,28
3118.031338,46,53,0.2,7,0.028571429,28
3117.997213,53,71,0.65,18,0.036111111,28
3117.585706,69,98,0.47,29,0.016206897,28
3117.533226,37,62,0.74,25,0.0296,28
3117.451802,40,60,0.7,20,0.035,28
3117.266657,39,58,0.67,19,0.035263158,28
3116.800131,53,72,0.68,19,0.035789474,28
3116.658485,41,62,0.6,21,0.028571429,28
3116.658485,40,63,0.66,23,0.028695652,28
3116.439811,42,70,0.89,28,0.031785714,28
3116.341586,55,81,0.73,26,0.028076923,28
3116.286609,61,70,0.3,9,0.033333333,28
3116.239358,73,90,0.32,17,0.018823529,28
3115.843412,36,60,0.8,24,0.033333333,28
3115.371782,61,72,0.36,11,0.032727273,28
3115.172929,58,73,0.51,15,0.034,28
3114.788414,68,99,0.55,31,0.017741935,28
3114.60473,36,57,0.66,21,0.031428571,28
3114.430271,46,58,0.41,12,0.034166667,28
3114.226243,63,78,0.42,15,0.028,28
3114.138118,53,59,0.15,6,0.025,28
3113.718812,75,90,0.25,15,0.016666667,28
3113.489852,57,78,0.59,21,0.028095238,28
3113.480505,45,55,0.28,10,0.028,28
3113.351546,69,98,0.5,29,0.017241379,28
3113.305054,50,75,0.89,25,0.0356,28
3113.012178,43,70,0.87,27,0.032222222,28
3112.896254,32,59,0.95,27,0.035185185,28
3112.564701,54,79,0.82,25,0.0328,28
3112.403448,36,51,0.56,15,0.037333333,28
3112.263951,40,65,0.85,25,0.034,28
3112.010026,46,53,0.25,7,0.035714286,28
3111.740381,66,80,0.27,14,0.019285714,28
3111.740381,65,81,0.31,16,0.019375,28
3111.466603,46,53,0.23,7,0.032857143,28
3111.36738,64,68,0.13,4,0.0325,28
3111.13207,60,86,0.53,26,0.020384615,28
3111.042185,54,82,0.79,28,0.028214286,28
3110.749071,40,57,0.6,17,0.035294118,28
3110.749071,39,58,0.68,19,0.035789474,28
3110.560845,37,58,0.75,21,0.035714286,28
3110.321917,69,75,0.12,6,0.02,28
3110.321917,68,76,0.16,8,0.02,28
3110.321917,67,77,0.2,10,0.02,28
3110.321917,66,78,0.24,12,0.02,28
3109.939831,38,56,0.66,18,0.036666667,28
3109.939831,37,57,0.74,20,0.037,28
3109.926464,38,67,0.8,29,0.027586207,28
3109.657542,59,70,0.37,11,0.033636364,28
3109.634017,31,58,0.97,27,0.035925926,28
3109.60896,37,60,0.81,23,0.035217391,28
3109.357714,55,74,0.64,19,0.033684211,28
3109.316403,71,94,0.4,23,0.017391304,28
3109.316403,68,98,0.52,30,0.017333333,28
3109.27753,58,70,0.41,12,0.034166667,28
3108.228426,35,64,0.86,29,0.029655172,28
3108.100737,73,91,0.3,18,0.016666667,28
3108.094892,59,74,0.48,15,0.032,28
3107.706958,71,94,0.42,23,0.01826087,28
3107.450446,33,60,0.88,27,0.032592593,28
3107.013912,70,95,0.41,25,0.0164,28
3107.013912,67,99,0.52,32,0.01625,28
3106.951799,59,85,0.69,26,0.026538462,28
3106.851468,78,96,0.27,18,0.015,28
3106.778308,38,54,0.6,16,0.0375,28
3106.757294,36,63,0.8,27,0.02962963,28
3106.268578,42,57,0.51,15,0.034,28
3106.153981,36,58,0.82,22,0.037272727,28
3106.126059,58,85,0.57,27,0.021111111,28
3106.075232,53,83,0.85,30,0.028333333,28
3106.075232,52,84,0.91,32,0.0284375,28
3106.009144,38,66,0.77,28,0.0275,28
3105.952804,33,56,0.84,23,0.036521739,28
3105.663429,39,47,0.3,8,0.0375,28
3105.616993,42,72,0.81,30,0.027,28
3105.578206,42,62,0.69,20,0.0345,28
3105.332421,55,78,0.75,23,0.032608696,28
3104.500396,70,94,0.45,24,0.01875,28
3104.395262,57,71,0.48,14,0.034285714,28
3104.395262,56,72,0.55,16,0.034375,28
3104.077219,41,61,0.58,20,0.029,28
3104.072955,38,64,0.75,26,0.028846154,28
3103.907566,38,56,0.7,18,0.038888889,28
3103.356717,62,78,0.45,16,0.028125,28
3103.356717,59,81,0.62,22,0.028181818,28
3103.246913,35,58,0.74,23,0.032173913,28
3103.105137,40,56,0.57,16,0.035625,28
3103.022251,36,56,0.69,20,0.0345,28
3102.843215,44,68,0.76,24,0.031666667,28
3102.744678,36,50,0.56,14,0.04,28
3102.744678,35,51,0.64,16,0.04,28
3102.638394,75,89,0.26,14,0.018571429,28
3102.239187,46,65,0.51,19,0.026842105,28
3102.146827,54,71,0.61,17,0.035882353,28
3102.070814,56,80,0.66,24,0.0275,28
3102.070814,54,82,0.77,28,0.0275,28
3102.070814,53,83,0.83,30,0.027666667,28
3102.070181,37,66,0.83,29,0.02862069,28
3101.730871,39,62,0.79,23,0.034347826,28
3101.624205,37,51,0.52,14,0.037142857,28
3101.620821,68,74,0.16,6,0.026666667,28
3101.544627,38,62,0.83,24,0.034583333,28
3101.51719,35,66,0.9,31,0.029032258,28
3101.451884,40,65,0.83,25,0.0332,28
3101.305988,54,86,0.92,32,0.02875,28
3101.288997,33,67,0.99,34,0.029117647,28
3100.951076,51,79,0.94,28,0.033571429,28
3100.871103,53,76,0.78,23,0.033913043,28
3100.860209,58,66,0.29,8,0.03625,28
3100.660145,43,68,0.69,25,0.0276,28
3100.591287,70,95,0.42,25,0.0168,28
3100.403869,38,79,0.99,41,0.024146341,28
3100.327708,52,78,0.88,26,0.033846154,28
3100.226252,34,61,0.98,27,0.036296296,28
3100.22138,58,71,0.44,13,0.033846154,28
3100.22138,57,72,0.51,15,0.034,28
3099.783172,57,75,0.59,18,0.032777778,28
3099.727716,59,85,0.7,26,0.026923077,28
3099.534744,35,61,0.93,26,0.035769231,28
3099.506117,43,60,0.58,17,0.034117647,28
3099.38612,39,77,0.94,38,0.024736842,28
3099.204307,66,98,0.71,32,0.0221875,28
3099.172775,74,89,0.28,15,0.018666667,28
3099.159978,42,61,0.54,19,0.028421053,28
3099.011964,32,57,0.91,25,0.0364,28
3098.935014,36,64,0.97,28,0.034642857,28
3098.81313,59,65,0.21,6,0.035,28
3098.81313,58,66,0.28,8,0.035,28
3098.649514,26,89,0.22,63,0.003492063,28
3098.632946,76,92,0.25,16,0.015625,28
3098.580447,59,87,0.56,28,0.02,28
3098.462311,44,69,0.8,25,0.032,28
3098.378192,54,87,0.93,33,0.028181818,28
3098.32444,64,79,0.39,15,0.026,28
3098.284896,39,78,0.94,39,0.024102564,28
3098.126846,42,58,0.53,16,0.033125,28
3097.883847,42,71,0.94,29,0.032413793,28
3097.826356,39,50,0.41,11,0.037272727,28
3097.613033,46,69,0.55,23,0.023913043,28
3097.454081,38,63,0.89,25,0.0356,28
3097.332977,51,74,0.81,23,0.035217391,28
3097.315682,67,99,0.57,32,0.0178125,28
3097.200099,36,50,0.53,14,0.037857143,28
3097.14463,38,62,0.86,24,0.035833333,28
3097.072065,48,62,0.36,14,0.025714286,28
3097.052117,63,79,0.34,16,0.02125,28
3096.98859,54,85,0.64,31,0.020645161,28
3096.916877,41,50,0.3,9,0.033333333,28
3096.754573,63,80,0.35,17,0.020588235,28
3096.728166,43,57,0.46,14,0.032857143,28
3096.67382,38,50,0.45,12,0.0375,28
3096.596842,50,60,0.27,10,0.027,28
3096.551754,72,91,0.36,19,0.018947368,28
3096.504801,68,97,0.53,29,0.018275862,28
3096.504019,38,68,0.81,30,0.027,28
3096.488521,37,58,0.73,21,0.034761905,28
3096.348595,65,74,0.26,9,0.028888889,28
3096.333071,55,73,0.62,18,0.034444444,28
3096.310042,77,88,0.19,11,0.017272727,28
3096.310042,70,96,0.45,26,0.017307692,28
3096.244367,55,81,0.72,26,0.027692308,28
3096.112954,74,90,0.27,16,0.016875,28
3096.001623,52,77,0.85,25,0.034,28
3095.986385,77,86,0.17,9,0.018888889,28
3095.714781,39,66,0.74,27,0.027407407,28
3095.48889,36,56,0.66,20,0.033,28
3095.486817,58,74,0.53,16,0.033125,28
3095.447481,35,60,0.9,25,0.036,28
3095.352889,56,73,0.58,17,0.034117647,28
3095.352889,55,74,0.65,19,0.034210526,28
3095.281189,36,48,0.52,12,0.043333333,28
3095.211401,38,59,0.76,21,0.036190476,28
3095.130985,63,68,0.17,5,0.034,28
3095.130985,59,73,0.47,14,0.033571429,28
3095.014295,67,78,0.22,11,0.02,28
3094.747898,61,74,0.36,13,0.027692308,28
3094.6976,39,49,0.37,10,0.037,28
3094.268617,47,62,0.45,15,0.03,28
3094.215218,37,58,0.77,21,0.036666667,28
3094.118493,60,85,0.51,25,0.0204,28
3093.739036,57,79,0.6,22,0.027272727,28
3093.739036,55,81,0.71,26,0.027307692,28
3093.714288,65,76,0.3,11,0.027272727,28
3093.714288,63,78,0.41,15,0.027333333,28
3093.655024,45,65,0.58,20,0.029,28
3093.406908,56,68,0.42,12,0.035,28
3093.359229,37,57,0.73,20,0.0365,28
3093.192706,47,61,0.46,14,0.032857143,28
3093.037913,51,79,0.95,28,0.033928571,28
3093.032142,43,58,0.53,15,0.035333333,28
3092.794945,56,88,0.83,32,0.0259375,28
3092.750836,33,52,0.81,19,0.042631579,28
3092.630587,40,62,0.64,22,0.029090909,28
3092.629802,73,92,0.33,19,0.017368421,28
3092.628877,37,48,0.45,11,0.040909091,28
3092.628877,35,51,0.65,16,0.040625,28
3092.495584,38,59,0.74,21,0.035238095,28
3092.456175,45,69,0.6,24,0.025,28
3092.453444,68,73,0.14,5,0.028,28
3092.354094,40,59,0.66,19,0.034736842,28
3092.331851,44,60,0.55,16,0.034375,28
3092.33038,59,72,0.44,13,0.033846154,28
3092.116434,75,90,0.27,15,0.018,28
3092.001496,54,86,0.93,32,0.0290625,28
3091.919352,56,88,0.84,32,0.02625,28
3091.902492,40,56,0.6,16,0.0375,28
3091.804932,56,89,0.85,33,0.025757576,28
3091.423539,47,58,0.37,11,0.033636364,28
3091.17656,44,51,0.26,7,0.037142857,28
3091.145116,53,57,0.11,4,0.0275,28
3091.077323,36,53,0.62,17,0.036470588,28
3091.055405,51,59,0.22,8,0.0275,28
3090.851829,70,95,0.45,25,0.018,28
3090.81504,41,62,0.72,21,0.034285714,28
3090.81504,40,63,0.79,23,0.034347826,28
3090.64444,45,59,0.48,14,0.034285714,28
3090.625716,54,75,0.51,21,0.024285714,28
3090.544312,40,65,0.67,25,0.0268,28
3090.485092,42,57,0.43,15,0.028666667,28
3090.481364,37,61,0.86,24,0.035833333,28
3090.463463,37,49,0.5,12,0.041666667,28
3090.447915,36,59,0.85,23,0.036956522,28
3090.260782,42,60,0.63,18,0.035,28
3089.953551,61,80,0.53,19,0.027894737,28
3089.826743,56,77,0.69,21,0.032857143,28
3089.745375,43,62,0.64,19,0.033684211,28
3089.726254,43,51,0.31,8,0.03875,28
3089.216079,51,60,0.24,9,0.026666667,28
3089.194743,64,82,0.35,18,0.019444444,28
3089.188328,33,54,0.84,21,0.04,28
3088.968769,37,65,0.78,28,0.027857143,28
3088.703034,49,62,0.35,13,0.026923077,28
3088.530964,39,54,0.56,15,0.037333333,28
3088.477206,61,86,0.5,25,0.02,28
3088.392513,60,75,0.42,15,0.028,28
3088.287994,59,69,0.34,10,0.034,28
3088.205066,54,87,0.92,33,0.027878788,28
3088.205066,53,88,0.98,35,0.028,28
3088.095076,33,61,0.95,28,0.033928571,28
3088.074426,54,75,0.72,21,0.034285714,28
3087.958807,34,53,0.7,19,0.036842105,28
3087.838806,57,67,0.36,10,0.036,28
3087.694228,51,62,0.28,11,0.025454545,28
3087.681457,44,68,0.79,24,0.032916667,28
3086.951658,69,96,0.5,27,0.018518519,28
3086.806035,59,85,0.67,26,0.025769231,28
3086.699074,40,62,0.6,22,0.027272727,28
3086.656985,33,60,0.93,27,0.034444444,28
3086.620629,43,52,0.34,9,0.037777778,28
3086.393103,42,71,0.79,29,0.027241379,28
3086.385105,35,61,0.94,26,0.036153846,28
3086.302029,42,72,0.96,30,0.032,28
3086.275232,33,56,0.85,23,0.036956522,28
3086.247353,43,70,0.74,27,0.027407407,28
3086.233526,78,86,0.15,8,0.01875,28
3085.976309,39,56,0.57,17,0.033529412,28
3085.817942,53,79,0.87,26,0.033461538,28
3085.572154,36,70,0.94,34,0.027647059,28
3085.146925,44,67,0.74,23,0.032173913,28
3085.115191,39,68,0.96,29,0.033103448,28
3084.975053,61,71,0.33,10,0.033,28
3084.968186,72,93,0.35,21,0.016666667,28
3084.87025,72,73,0.02,1,0.02,28
3084.87025,71,74,0.06,3,0.02,28
3084.87025,70,75,0.1,5,0.02,28
3084.636096,38,52,0.47,14,0.033571429,28
3084.490916,70,95,0.44,25,0.0176,28
3084.490916,67,99,0.56,32,0.0175,28
3084.340481,51,60,0.23,9,0.025555556,28
3084.113137,73,93,0.33,20,0.0165,28
3083.965321,40,65,0.68,25,0.0272,28
3082.861231,38,61,0.68,23,0.029565217,28
3082.769313,41,63,0.6,22,0.027272727,28
3082.761816,43,71,0.76,28,0.027142857,28
3082.399516,63,72,0.25,9,0.027777778,28
3081.848791,39,66,0.73,27,0.027037037,28
3081.690726,37,60,0.82,23,0.035652174,28
3081.671292,32,56,0.97,24,0.040416667,28
3081.590826,60,83,0.61,23,0.026521739,28
3081.590826,55,89,0.9,34,0.026470588,28
3081.518369,38,67,0.79,29,0.027241379,28
3081.451946,68,99,0.5,31,0.016129032,28
3081.32262,69,96,0.49,27,0.018148148,28
3081.135602,55,86,0.88,31,0.028387097,28
3081.103745,45,69,0.59,24,0.024583333,28
3081.066355,39,67,0.95,28,0.033928571,28
3081.043776,33,59,0.97,26,0.037307692,28
3080.971363,52,80,0.94,28,0.033571429,28
3080.836328,44,55,0.39,11,0.035454545,28
3080.827235,43,57,0.47,14,0.033571429,28
3080.712963,37,56,0.6,19,0.031578947,28
3080.654909,47,65,0.46,18,0.025555556,28
3080.584661,40,64,0.66,24,0.0275,28
3080.542626,34,60,0.97,26,0.037307692,28
3080.495904,65,75,0.28,10,0.028,28
3080.495904,62,79,0.47,17,0.027647059,28
3080.495904,59,82,0.64,23,0.027826087,28
3080.495904,59,83,0.66,24,0.0275,28
3080.23124,80,84,0.07,4,0.0175,28
3080.23124,78,86,0.14,8,0.0175,28
3080.23124,76,88,0.21,12,0.0175,28
3080.141277,39,64,0.87,25,0.0348,28
3079.936546,54,75,0.71,21,0.033809524,28
3079.773871,71,73,0.04,2,0.02,28
3079.773871,70,74,0.08,4,0.02,28
3079.691067,75,90,0.26,15,0.017333333,28
3079.597162,69,96,0.45,27,0.016666667,28
3079.562213,69,95,0.48,26,0.018461538,28
3079.409737,51,86,0.96,35,0.027428571,28
3079.36137,70,97,0.47,27,0.017407407,28
3078.811803,38,53,0.59,15,0.039333333,28
3078.668124,37,68,0.87,31,0.028064516,28
3078.664616,31,57,0.96,26,0.036923077,28
3078.599315,35,62,0.99,27,0.036666667,28
3078.58185,45,57,0.41,12,0.034166667,28
3078.58185,44,58,0.48,14,0.034285714,28
3078.58185,43,59,0.55,16,0.034375,28
3078.430881,72,96,0.38,24,0.015833333,28
3078.39814,33,58,0.93,25,0.0372,28
3078.221841,54,86,0.91,32,0.0284375,28
3078.133857,46,54,0.28,8,0.035,28
3078.103979,58,87,0.6,29,0.020689655,28
3077.963958,36,57,0.77,21,0.036666667,28
3077.838842,61,78,0.49,17,0.028823529,28
3077.713303,70,96,0.43,26,0.016538462,28
3077.708627,60,84,0.64,24,0.026666667,28
3077.708627,58,86,0.75,28,0.026785714,28
3077.603483,50,76,0.93,26,0.035769231,28
3077.403467,38,66,0.78,28,0.027857143,28
3077.398781,68,98,0.54,30,0.018,28
3077.036023,41,55,0.52,14,0.037142857,28
3077.032268,33,56,0.86,23,0.037391304,28
3076.462575,48,62,0.45,14,0.032142857,28
3076.379016,42,61,0.65,19,0.034210526,28
3076.36059,42,72,0.95,30,0.031666667,28
3076.336412,60,80,0.57,20,0.0285,28
3076.240228,48,63,0.4,15,0.026666667,28
3075.864296,59,84,0.67,25,0.0268,28
3075.864296,56,88,0.85,32,0.0265625,28
3075.828216,76,91,0.24,15,0.016,28
3075.624263,49,51,0.07,2,0.035,28
3075.624263,48,52,0.14,4,0.035,28
3075.55219,58,87,0.76,29,0.026206897,28
3075.428998,38,49,0.41,11,0.037272727,28
3075.402272,42,62,0.55,20,0.0275,28
3075.211554,60,83,0.48,23,0.020869565,28
3075.209181,62,81,0.5,19,0.026315789,28
3075.209181,60,84,0.62,24,0.025833333,28
3074.915903,34,52,0.74,18,0.041111111,28
3074.901393,42,72,0.87,30,0.029,28
3074.886218,41,64,0.78,23,0.033913043,28
3074.884655,35,54,0.7,19,0.036842105,28
3074.840874,57,83,0.74,26,0.028461538,28
3074.581489,48,66,0.43,18,0.023888889,28
3074.565013,36,64,0.99,28,0.035357143,28
3074.409861,67,98,0.57,31,0.018387097,28
3074.334767,45,58,0.44,13,0.033846154,28
3074.334767,44,59,0.51,15,0.034,28
3074.241842,35,70,0.99,35,0.028285714,28
3074.216429,41,59,0.61,18,0.033888889,28
3074.197494,50,76,0.91,26,0.035,28
3074.197494,49,77,0.98,28,0.035,28
3074.154664,55,77,0.74,22,0.033636364,28
3074.132543,39,78,0.93,39,0.023846154,28
3074.035934,74,90,0.3,16,0.01875,28
3073.898911,34,53,0.77,19,0.040526316,28
3073.831702,25,87,0.59,62,0.009516129,28
3073.669446,40,62,0.77,22,0.035,28
3073.613316,36,53,0.6,17,0.035294118,28
3073.601414,39,61,0.62,22,0.028181818,28
3073.442642,72,92,0.34,20,0.017,28
3073.344996,52,86,0.93,34,0.027352941,28
3073.344996,51,87,0.99,36,0.0275,28
3073.220195,37,55,0.59,18,0.032777778,28
3073.207095,49,63,0.35,14,0.025,28
3073.198225,62,83,0.42,21,0.02,28
3073.063195,61,84,0.46,23,0.02,28
3072.986893,33,60,0.87,27,0.032222222,28
3072.97748,52,73,0.75,21,0.035714286,28
3072.97748,50,76,0.92,26,0.035384615,28
3072.948665,35,52,0.64,17,0.037647059,28
3072.731285,39,69,0.98,30,0.032666667,28
3072.278884,42,60,0.62,18,0.034444444,28
3072.188878,57,76,0.62,19,0.032631579,28
3072.18539,60,84,0.5,24,0.020833333,28
3072.100598,47,68,0.52,21,0.024761905,28
3072.100598,46,69,0.57,23,0.024782609,28
3072.008144,33,59,0.89,26,0.034230769,28
3071.984853,33,62,0.92,29,0.031724138,28
3071.873116,43,71,0.89,28,0.031785714,28
3071.859851,45,56,0.35,11,0.031818182,28
3071.76737,52,57,0.13,5,0.026,28
3071.741457,44,56,0.39,12,0.0325,28
3071.72504,53,88,0.99,35,0.028285714,28
3071.720586,58,77,0.53,19,0.027894737,28
3071.441268,42,70,0.77,28,0.0275,28
3071.433536,70,95,0.46,25,0.0184,28
3071.324632,35,51,0.63,16,0.039375,28
3071.236534,39,59,0.7,20,0.035,28
3071.137935,41,59,0.51,18,0.028333333,28
3071.077901,73,93,0.35,20,0.0175,28
3070.992146,35,69,0.97,34,0.028529412,28
3070.862407,59,66,0.25,7,0.035714286,28
3070.840887,33,60,0.89,27,0.032962963,28
3070.686608,46,55,0.31,9,0.034444444,28
3070.458303,35,60,0.93,25,0.0372,28
3070.403145,64,75,0.32,11,0.029090909,28
3070.360965,33,64,0.94,31,0.030322581,28
3070.350137,39,48,0.36,9,0.04,28
3070.297656,59,85,0.68,26,0.026153846,28
3070.297656,58,86,0.73,28,0.026071429,28
3070.297656,55,90,0.91,35,0.026,28
3070.286683,46,57,0.3,11,0.027272727,28
3069.843466,59,81,0.63,22,0.028636364,28
3069.843466,58,82,0.69,24,0.02875,28
3069.759234,38,61,0.8,23,0.034782609,28
3069.713348,33,59,0.92,26,0.035384615,28
3069.552525,34,59,0.85,25,0.034,28
3069.514006,42,59,0.47,17,0.027647059,28
3069.190997,35,55,0.77,20,0.0385,28
3069.107891,67,99,0.53,32,0.0165625,28
3069.093887,53,86,0.9,33,0.027272727,28
3068.951625,41,61,0.7,20,0.035,28
3068.899827,43,55,0.36,12,0.03,28
3068.839479,68,98,0.49,30,0.016333333,28
3068.81802,60,80,0.56,20,0.028,28
3068.672779,60,87,0.54,27,0.02,28
3068.672779,59,88,0.58,29,0.02,28
3068.663358,50,62,0.3,12,0.025,28
3068.488334,41,61,0.69,20,0.0345,28
3068.377544,56,81,0.69,25,0.0276,28
3068.377544,52,86,0.94,34,0.027647059,28
3068.370883,35,58,0.75,23,0.032608696,28
3068.370883,34,59,0.82,25,0.0328,28
3068.25083,43,56,0.44,13,0.033846154,28
3068.220898,43,72,0.71,29,0.024482759,28
3068.12804,54,70,0.57,16,0.035625,28
3068.12804,52,73,0.74,21,0.035238095,28
3068.081783,39,64,0.85,25,0.034,28
3068.081783,38,65,0.92,27,0.034074074,28
3067.825411,59,82,0.65,23,0.02826087,28
3067.825411,54,88,0.96,34,0.028235294,28
3067.612006,68,97,0.51,29,0.017586207,28
3067.581557,69,76,0.14,7,0.02,28
3067.581557,68,77,0.18,9,0.02,28
3067.536858,48,62,0.38,14,0.027142857,28
3067.476778,26,89,0.24,63,0.003809524,28
3067.46171,72,93,0.37,21,0.017619048,28
3067.198188,38,60,0.77,22,0.035,28
3066.970762,40,61,0.72,21,0.034285714,28
3066.910359,56,68,0.43,12,0.035833333,28
3066.322648,42,62,0.67,20,0.0335,28
3066.241046,34,52,0.73,18,0.040555556,28
3066.161375,44,50,0.22,6,0.036666667,28
3066.141391,55,86,0.87,31,0.028064516,28
3066.008542,58,67,0.32,9,0.035555556,28
3065.966182,35,52,0.71,17,0.041764706,28
3065.952968,44,68,0.7,24,0.029166667,28
3065.916522,37,61,0.85,24,0.035416667,28
3065.916522,36,62,0.93,26,0.035769231,28
3065.878963,33,52,0.8,19,0.042105263,28
3065.60132,68,96,0.52,28,0.018571429,28
3065.405816,33,62,0.91,29,0.03137931,28
3065.245764,49,61,0.31,12,0.025833333,28
3065.22109,41,61,0.68,20,0.034,28
3064.816067,40,52,0.46,12,0.038333333,28
3064.805034,43,71,0.88,28,0.031428571,28
3064.460503,70,94,0.44,24,0.018333333,28
3064.374397,36,50,0.59,14,0.042142857,28
3064.191822,52,87,0.96,35,0.027428571,28
3063.892183,63,77,0.39,14,0.027857143,28
3063.889688,43,69,0.83,26,0.031923077,28
3063.887438,57,87,0.78,30,0.026,28
3063.724632,61,84,0.47,23,0.020434783,28
3063.374908,71,93,0.39,22,0.017727273,28
3063.135392,73,99,0.39,26,0.015,28
3063.043738,40,65,0.86,25,0.0344,28
3062.90553,44,69,0.81,25,0.0324,28
3062.793631,38,54,0.52,16,0.0325,28
3062.648843,46,65,0.49,19,0.025789474,28
3062.647423,63,82,0.38,19,0.02,28
3062.469129,78,92,0.24,14,0.017142857,28
3062.307076,37,47,0.43,10,0.043,28
3062.111215,76,98,0.33,22,0.015,28
3062.110615,77,87,0.18,10,0.018,28
3061.874543,55,69,0.5,14,0.035714286,28
3061.716366,57,79,0.61,22,0.027727273,28
3061.685779,68,98,0.5,30,0.016666667,28
3061.669842,38,64,0.92,26,0.035384615,28
3061.590903,44,66,0.71,22,0.032272727,28
3061.589601,57,88,0.82,31,0.026451613,28
3061.545841,33,53,0.83,20,0.0415,28
3061.507677,27,87,0.23,60,0.003833333,28
3061.301497,42,59,0.6,17,0.035294118,28
3061.299188,66,99,0.61,33,0.018484848,28
3060.97416,57,68,0.39,11,0.035454545,28
3060.97416,56,69,0.46,13,0.035384615,28
3060.97416,54,72,0.63,18,0.035,28
3060.97416,53,73,0.7,20,0.035,28
3060.97416,52,74,0.77,22,0.035,28
3060.97416,51,75,0.84,24,0.035,28
3060.697942,45,56,0.38,11,0.034545455,28
3060.697942,44,57,0.45,13,0.034615385,28
3060.682921,34,57,0.88,23,0.03826087,28
3060.60376,67,99,0.58,32,0.018125,28
3060.540352,32,58,0.94,26,0.036153846,28
3060.460528,41,51,0.38,10,0.038,28
3060.349577,49,76,0.97,27,0.035925926,28
3060.34479,34,53,0.79,19,0.041578947,28
3060.316011,38,66,0.94,28,0.033571429,28
3060.190953,37,68,0.83,31,0.026774194,28
3060.039095,57,87,0.79,30,0.026333333,28
3060.039095,54,91,0.97,37,0.026216216,28
3059.982037,40,76,0.87,36,0.024166667,28
3059.894552,42,68,0.85,26,0.032692308,28
3059.850575,42,52,0.37,10,0.037,28
3059.845446,60,86,0.52,26,0.02,28
3059.549024,39,65,0.71,26,0.027307692,28
3059.353559,54,85,0.84,31,0.027096774,28
3059.275974,46,66,0.57,20,0.0285,28
3059.194577,36,69,0.91,33,0.027575758,28
3059.121384,71,98,0.42,27,0.015555556,28
3058.993427,54,91,0.96,37,0.025945946,28
3058.90065,62,80,0.49,18,0.027222222,28
3058.793504,56,76,0.67,20,0.0335,28
3058.739884,48,61,0.42,13,0.032307692,28
3058.739884,46,63,0.55,17,0.032352941,28
3058.539333,42,71,0.91,29,0.03137931,28
3058.425764,40,50,0.38,10,0.038,28
3058.31511,52,57,0.14,5,0.028,28
3058.158941,41,71,0.86,30,0.028666667,28
3057.991642,40,78,0.83,38,0.021842105,28
3057.980715,39,67,0.75,28,0.026785714,28
3057.879914,35,56,0.71,21,0.033809524,28
3057.850618,34,58,0.84,24,0.035,28
3057.747778,37,69,0.87,32,0.0271875,28
3057.686079,40,54,0.49,14,0.035,28
3057.653697,57,88,0.64,31,0.020645161,28
3057.399399,52,85,0.9,33,0.027272727,28
3057.373168,56,77,0.6,21,0.028571429,28
3057.277625,41,57,0.56,16,0.035,28
3057.277625,40,58,0.63,18,0.035,28
3057.13786,62,78,0.46,16,0.02875,28
3057.13786,61,79,0.52,18,0.028888889,28
3057.126097,34,57,0.81,23,0.035217391,28
3057.072248,35,67,0.89,32,0.0278125,28
3057.003999,58,88,0.61,30,0.020333333,28
3056.973648,63,75,0.35,12,0.029166667,28
3056.737078,33,59,0.91,26,0.035,28
3056.7349,35,63,0.99,28,0.035357143,28
3056.707103,41,63,0.74,22,0.033636364,28
3056.580523,63,77,0.4,14,0.028571429,28
3056.580523,58,83,0.71,25,0.0284,28
3056.580523,57,84,0.77,27,0.028518519,28
3056.580092,67,98,0.56,31,0.018064516,28
3056.156914,55,74,0.45,19,0.023684211,28
3055.97733,47,65,0.59,18,0.032777778,28
3055.884671,75,89,0.25,14,0.017857143,28
3055.876832,36,58,0.81,22,0.036818182,28
3055.755452,50,64,0.33,14,0.023571429,28
3055.559368,57,85,0.77,28,0.0275,28
3055.417877,70,97,0.44,27,0.016296296,28
3055.383035,51,54,0.1,3,0.033333333,28
3055.383035,48,57,0.3,9,0.033333333,28
3055.301046,74,91,0.3,17,0.017647059,28
3055.249641,40,62,0.75,22,0.034090909,28
3055.208473,73,91,0.32,18,0.017777778,28
3055.198782,38,63,0.7,25,0.028,28
3055.18937,33,58,0.94,25,0.0376,28
3055.174763,34,56,0.79,22,0.035909091,28
3054.929991,55,70,0.53,15,0.035333333,28
3054.929991,54,71,0.6,17,0.035294118,28
3054.929991,53,72,0.67,19,0.035263158,28
3054.923913,58,82,0.68,24,0.028333333,28
3054.923913,57,84,0.76,27,0.028148148,28
3054.887817,49,61,0.33,12,0.0275,28
3054.75546,43,59,0.56,16,0.035,28
3054.671446,36,59,0.83,23,0.036086957,28
3054.488232,50,81,0.71,31,0.022903226,28
3054.224337,73,93,0.36,20,0.018,28
3053.882703,42,55,0.46,13,0.035384615,28
3053.882703,41,56,0.53,15,0.035333333,28
3053.882703,40,57,0.61,17,0.035882353,28
3053.596147,34,64,0.9,30,0.03,28
3053.567642,58,86,0.58,28,0.020714286,28
3053.553886,39,59,0.71,20,0.0355,28
3053.553886,38,60,0.78,22,0.035454545,28
3053.522121,36,68,0.91,32,0.0284375,28
3053.44127,58,84,0.71,26,0.027307692,28
3053.44127,56,87,0.84,31,0.027096774,28
3053.301629,42,54,0.44,12,0.036666667,28
3053.187822,64,77,0.36,13,0.027692308,28
3053.102261,58,78,0.55,20,0.0275,28
3053.024367,54,83,0.8,29,0.027586207,28
3053.024367,53,84,0.86,31,0.027741935,28
3053.024367,52,85,0.92,33,0.027878788,28
3053.012718,44,56,0.4,12,0.033333333,28
3052.952733,46,64,0.58,18,0.032222222,28
3052.918037,68,99,0.51,31,0.016451613,28
3052.907012,40,77,0.89,37,0.024054054,28
3052.901736,66,74,0.23,8,0.02875,28
3052.901736,59,82,0.66,23,0.028695652,28
3052.901736,58,83,0.72,25,0.0288,28
3052.796894,38,68,0.79,30,0.026333333,28
3052.744093,57,84,0.75,27,0.027777778,28
3052.627675,61,63,0.07,2,0.035,28
3052.627675,60,64,0.14,4,0.035,28
3052.496415,41,73,0.87,32,0.0271875,28
3052.468563,37,53,0.59,16,0.036875,28
3052.270831,32,56,0.98,24,0.040833333,28
3052.206936,34,55,0.78,21,0.037142857,28
3052.159552,65,79,0.29,14,0.020714286,28
3052.130383,39,51,0.46,12,0.038333333,28
3052.084824,37,62,0.88,25,0.0352,28
3052.057292,42,72,0.78,30,0.026,28
3052.053591,64,81,0.34,17,0.02,28
3051.962997,67,80,0.25,13,0.019230769,28
3051.949327,44,58,0.49,14,0.035,28
3051.827258,65,99,0.76,34,0.022352941,28
3051.706247,34,59,0.96,25,0.0384,28
3051.544338,56,73,0.4,17,0.023529412,28
3051.437797,37,62,0.87,25,0.0348,28
3051.404357,37,66,0.99,29,0.034137931,28
3051.386255,63,69,0.2,6,0.033333333,28
3051.386255,60,72,0.4,12,0.033333333,28
3051.237257,35,56,0.75,21,0.035714286,28
3051.078504,72,93,0.38,21,0.018095238,28
3050.949921,52,84,0.92,32,0.02875,28
3050.949921,51,85,0.98,34,0.028823529,28
3050.856524,54,78,0.8,24,0.033333333,28
3050.791237,77,92,0.23,15,0.015333333,28
3050.753986,42,69,0.86,27,0.031851852,28
3050.673061,67,98,0.55,31,0.017741935,28
3050.65414,60,81,0.58,21,0.027619048,28
3050.641228,45,65,0.59,20,0.0295,28
3050.605723,38,52,0.51,14,0.036428571,28
3050.531444,72,92,0.36,20,0.018,28
3050.531444,69,96,0.48,27,0.017777778,28
3050.531444,68,97,0.52,29,0.017931034,28
3050.490247,56,74,0.4,18,0.022222222,28
3050.449543,38,48,0.42,10,0.042,28
3050.296172,36,57,0.72,21,0.034285714,28
3050.259023,40,55,0.47,15,0.031333333,28
3050.045412,51,75,0.85,24,0.035416667,28
3050.030113,39,60,0.61,21,0.029047619,28
3050.01474,32,54,0.92,22,0.041818182,28
3049.905776,37,63,0.91,26,0.035,28
3049.905776,36,64,0.98,28,0.035,28
3049.776346,35,52,0.63,17,0.037058824,28
3049.717049,59,80,0.61,21,0.029047619,28
3049.530944,40,49,0.33,9,0.036666667,28
3049.401891,42,73,0.83,31,0.026774194,28
3049.314263,42,63,0.71,21,0.033809524,28
3049.290788,42,62,0.54,20,0.027,28
3049.254469,36,54,0.66,18,0.036666667,28
3049.157479,59,85,0.54,26,0.020769231,28
3048.80656,60,79,0.55,19,0.028947368,28
3048.409518,55,82,0.74,27,0.027407407,28
3048.405907,42,53,0.42,11,0.038181818,28
3048.253639,55,78,0.66,23,0.028695652,28
3048.139737,41,51,0.37,10,0.037,28
3048.139737,39,53,0.52,14,0.037142857,28
3048.11837,36,69,0.9,33,0.027272727,28
3047.767562,56,89,0.93,33,0.028181818,28
3047.675885,40,70,0.87,30,0.029,28
3047.62919,38,79,0.98,41,0.023902439,28
3047.525625,56,84,0.57,28,0.020357143,28
3047.332673,41,64,0.61,23,0.026521739,28
3047.197334,35,59,0.9,24,0.0375,28
3047.195606,62,82,0.52,20,0.026,28
3047.117689,66,81,0.29,15,0.019333333,28
3047.117689,65,82,0.33,17,0.019411765,28
3047.059219,62,79,0.48,17,0.028235294,28
3046.858182,62,81,0.4,19,0.021052632,28
3046.847111,36,61,0.9,25,0.036,28
3046.847111,35,62,0.98,27,0.036296296,28
3046.366926,57,85,0.79,28,0.028214286,28
3046.217729,50,59,0.23,9,0.025555556,28
3046.178419,33,61,0.9,28,0.032142857,28
3046.164126,34,60,0.88,26,0.033846154,28
3046.081707,52,87,0.95,35,0.027142857,28
3046.081707,52,88,0.97,36,0.026944444,28
3045.938854,55,82,0.75,27,0.027777778,28
3045.938854,54,83,0.81,29,0.027931034,28
3045.928001,66,99,0.6,33,0.018181818,28
3045.816935,68,97,0.48,29,0.016551724,28
3045.413833,77,87,0.17,10,0.017,28
3045.254468,66,75,0.25,9,0.027777778,28
3045.200602,42,48,0.2,6,0.033333333,28
3045.139734,39,61,0.78,22,0.035454545,28
3045.121337,39,66,0.9,27,0.033333333,28
3045.046109,40,61,0.59,21,0.028095238,28
3044.986757,55,90,0.9,35,0.025714286,28
3044.8594,39,63,0.82,24,0.034166667,28
3044.819756,46,65,0.56,19,0.029473684,28
3044.800856,38,52,0.53,14,0.037857143,28
3044.769068,58,86,0.74,28,0.026428571,28
3044.769068,55,90,0.92,35,0.026285714,28
3044.67885,76,87,0.19,11,0.017272727,28
3044.599616,43,57,0.41,14,0.029285714,28
3044.494325,43,67,0.77,24,0.032083333,28
3044.492263,35,52,0.69,17,0.040588235,28
3044.399771,55,93,0.95,38,0.025,28
3044.326369,56,80,0.67,24,0.027916667,28
3044.21564,37,48,0.44,11,0.04,28
3043.953765,67,75,0.17,8,0.02125,28
3043.904268,39,59,0.6,20,0.03,28
3043.869333,34,68,0.96,34,0.028235294,28
3043.838275,54,84,0.82,30,0.027333333,28
3043.838275,53,85,0.88,32,0.0275,28
3043.75927,57,83,0.75,26,0.028846154,28
3043.75927,54,87,0.95,33,0.028787879,28
3043.665973,45,51,0.22,6,0.036666667,28
3043.578418,43,67,0.78,24,0.0325,28
3043.516127,74,90,0.28,16,0.0175,28
3043.494418,39,65,0.72,26,0.027692308,28
3043.384117,38,64,0.9,26,0.034615385,28
3043.382383,34,53,0.78,19,0.041052632,28
3043.339152,36,61,0.89,25,0.0356,28
3043.302308,55,85,0.83,30,0.027666667,28
3043.222201,34,60,0.83,26,0.031923077,28
3042.827313,57,84,0.78,27,0.028888889,28
3042.722591,57,72,0.35,15,0.023333333,28
3042.622129,37,50,0.48,13,0.036923077,28
3042.471951,26,89,0.23,63,0.003650794,28
3042.410506,71,96,0.41,25,0.0164,28
3042.359163,47,53,0.21,6,0.035,28
3042.327414,59,86,0.7,27,0.025925926,28
3042.30338,66,77,0.29,11,0.026363636,28
3042.109367,32,56,0.99,24,0.04125,28
3042.078715,38,52,0.48,14,0.034285714,28
3041.979197,33,53,0.82,20,0.041,28
3041.723394,58,83,0.7,25,0.028,28
3041.531256,67,79,0.24,12,0.02,28
3041.531256,66,80,0.28,14,0.02,28
3041.335088,52,78,0.61,26,0.023461538,28
3041.114176,36,55,0.71,19,0.037368421,28
3041.071861,43,71,0.7,28,0.025,28
3040.870436,50,52,0.07,2,0.035,28
3040.870436,49,53,0.14,4,0.035,28
3040.553241,56,85,0.82,29,0.028275862,28
3040.546168,56,76,0.59,20,0.0295,28
3040.37555,57,87,0.82,30,0.027333333,28
3040.294634,38,66,0.96,28,0.034285714,28
3040.173937,38,65,0.74,27,0.027407407,28
3040.137849,49,62,0.33,13,0.025384615,28
3040.03498,40,46,0.25,6,0.041666667,28
3039.880614,63,80,0.45,17,0.026470588,28
3039.833484,34,58,0.8,24,0.033333333,28
3039.733376,39,78,0.95,39,0.024358974,28
3039.709229,61,82,0.59,21,0.028095238,28
3039.677064,62,83,0.43,21,0.02047619,28
3039.54232,69,96,0.47,27,0.017407407,28
3039.54232,67,98,0.54,31,0.017419355,28
3039.373819,42,54,0.45,12,0.0375,28
3039.366224,35,51,0.67,16,0.041875,28
3039.366224,33,54,0.87,21,0.041428571,28
3039.318666,37,55,0.67,18,0.037222222,28
3039.24348,60,79,0.42,19,0.022105263,28
3039.202132,48,54,0.21,6,0.035,28
3039.157384,79,84,0.09,5,0.018,28
3039.082755,38,67,0.97,29,0.033448276,28
3038.948663,67,79,0.23,12,0.019166667,28
3038.788873,76,94,0.31,18,0.017222222,28
3038.788873,74,96,0.38,22,0.017272727,28
3038.776454,36,70,0.93,34,0.027352941,28
3038.758605,34,63,0.95,29,0.032758621,28
3038.721292,38,49,0.44,11,0.04,28
3038.721292,37,50,0.52,13,0.04,28
3038.484771,70,94,0.43,24,0.017916667,28
3038.429463,31,58,0.98,27,0.036296296,28
3038.293014,33,53,0.81,20,0.0405,28
3038.216052,44,69,0.71,25,0.0284,28
3037.849719,39,63,0.84,24,0.035,28
3037.734104,71,94,0.41,23,0.017826087,28
3037.724167,72,99,0.45,27,0.016666667,28
3037.442755,63,81,0.47,18,0.026111111,28
3037.412307,60,82,0.6,22,0.027272727,28
3037.236398,35,63,0.98,28,0.035,28
3037.153835,71,95,0.42,24,0.0175,28
3037.096592,37,67,0.85,30,0.028333333,28
3036.952953,32,55,0.96,23,0.04173913,28
3036.798579,36,50,0.58,14,0.041428571,28
3036.773598,62,75,0.29,13,0.022307692,28
3036.679955,32,55,0.95,23,0.041304348,28
3036.6331,41,64,0.79,23,0.034347826,28
3036.48165,69,97,0.49,28,0.0175,28
3036.454871,78,95,0.28,17,0.016470588,28
3036.421324,47,64,0.45,17,0.026470588,28
3036.130741,37,55,0.62,18,0.034444444,28
3036.104763,60,81,0.6,21,0.028571429,28
3036.034723,46,55,0.25,9,0.027777778,28
3035.691863,77,97,0.3,20,0.015,28
3035.64035,37,61,0.84,24,0.035,28
3035.632325,37,70,0.9,33,0.027272727,28
3035.229152,76,99,0.34,23,0.014782609,28
3035.198208,61,80,0.54,19,0.028421053,28
3035.195843,64,78,0.4,14,0.028571429,28
3035.187709,51,85,0.95,34,0.027941176,28
3035.064929,64,80,0.33,16,0.020625,28
3035.062141,37,60,0.84,23,0.036521739,28
3035.015541,33,57,0.87,24,0.03625,28
3034.69136,50,83,0.98,33,0.02969697,28
3034.543632,48,61,0.34,13,0.026153846,28
3034.392604,39,52,0.48,13,0.036923077,28
3034.254425,38,61,0.82,23,0.035652174,28
3034.141354,35,60,0.84,25,0.0336,28
3033.956972,35,57,0.86,22,0.039090909,28
3033.944596,77,86,0.16,9,0.017777778,28
3033.893978,45,66,0.56,21,0.026666667,28
3033.865546,36,63,0.95,27,0.035185185,28
3033.832531,69,95,0.47,26,0.018076923,28
3033.818884,60,81,0.59,21,0.028095238,28
3033.818884,57,85,0.78,28,0.027857143,28
3033.755065,41,75,0.81,34,0.023823529,28
3033.73135,37,68,0.85,31,0.027419355,28
3033.723107,35,56,0.76,21,0.036190476,28
3033.70322,45,55,0.33,10,0.033,28
3033.479493,42,48,0.21,6,0.035,28
3033.479493,41,49,0.28,8,0.035,28
3033.381064,51,84,0.98,33,0.02969697,28
3033.262526,43,70,0.89,27,0.032962963,28
3033.255139,40,61,0.62,21,0.02952381,28
3033.232394,46,66,0.58,20,0.029,28
3033.177008,76,90,0.25,14,0.017857143,28
3033.161058,66,99,0.59,33,0.017878788,28
3033.061368,35,58,0.85,23,0.036956522,28
3032.692018,38,54,0.55,16,0.034375,28
3032.645039,74,90,0.29,16,0.018125,28
3032.49027,74,88,0.32,14,0.022857143,28
3032.485206,71,93,0.4,22,0.018181818,28
3032.33506,42,61,0.53,19,0.027894737,28
3032.306648,36,65,0.82,29,0.028275862,28
3032.242206,41,60,0.56,19,0.029473684,28
3032.207892,40,57,0.62,17,0.036470588,28
3031.682438,39,59,0.72,20,0.036,28
3031.629896,38,56,0.56,18,0.031111111,28
3031.540078,54,76,0.51,22,0.023181818,28
3031.489114,69,98,0.52,29,0.017931034,28
3031.45151,35,57,0.87,22,0.039545455,28
3031.416918,39,77,0.92,38,0.024210526,28
3031.391573,36,62,0.94,26,0.036153846,28
3031.284636,35,63,0.83,28,0.029642857,28
3031.265004,49,55,0.16,6,0.026666667,28
3031.003119,69,97,0.5,28,0.017857143,28
3030.957879,56,85,0.83,29,0.02862069,28
3030.957879,56,86,0.85,30,0.028333333,28
3030.957879,55,87,0.91,32,0.0284375,28
3030.957879,54,88,0.97,34,0.028529412,28
3030.94183,55,89,0.91,34,0.026764706,28
3030.605465,55,86,0.89,31,0.028709677,28
3030.59943,49,60,0.33,11,0.03,28
3030.59943,48,61,0.39,13,0.03,28
3030.576842,35,55,0.72,20,0.036,28
3030.321052,41,54,0.4,13,0.030769231,28
3030.134119,39,63,0.69,24,0.02875,28
3029.911572,37,68,0.84,31,0.027096774,28
3029.871168,76,90,0.23,14,0.016428571,28
3029.852232,58,84,0.68,26,0.026153846,28
3029.792309,61,82,0.44,21,0.020952381,28
3029.754639,33,54,0.86,21,0.040952381,28
3029.70087,39,79,0.88,40,0.022,28
3029.676959,60,83,0.65,23,0.02826087,28
3029.668877,41,60,0.55,19,0.028947368,28
3029.371894,38,53,0.55,15,0.036666667,28
3029.31872,39,61,0.76,22,0.034545455,28
3029.273883,40,75,0.86,35,0.024571429,28
3029.267062,52,88,0.98,36,0.027222222,28
3029.204131,78,85,0.13,7,0.018571429,28
3029.14931,37,62,0.89,25,0.0356,28
3029.098662,38,67,0.78,29,0.026896552,28
3028.905651,43,53,0.37,10,0.037,28
3028.857945,45,50,0.19,5,0.038,28
3028.632115,33,62,0.9,29,0.031034483,28
3028.512458,52,86,0.95,34,0.027941176,28
3028.237483,44,65,0.69,21,0.032857143,28
3028.120835,40,62,0.76,22,0.034545455,28
3027.862329,41,60,0.67,19,0.035263158,28
3027.765665,52,88,0.99,36,0.0275,28
3027.627282,38,62,0.84,24,0.035,28
3027.530098,44,67,0.64,23,0.027826087,28
3027.477392,58,87,0.77,29,0.026551724,28
3027.41285,56,86,0.84,30,0.028,28
3027.41285,55,87,0.9,32,0.028125,28
3027.363102,39,45,0.26,6,0.043333333,28
3027.263886,41,52,0.43,11,0.039090909,28
3027.123104,33,59,0.93,26,0.035769231,28
3026.970155,35,61,0.86,26,0.033076923,28
3026.94162,63,70,0.2,7,0.028571429,28
3026.873542,60,78,0.4,18,0.022222222,28
3026.75041,49,61,0.32,12,0.026666667,28
3026.647968,70,76,0.12,6,0.02,28
3026.647968,69,77,0.16,8,0.02,28
3026.647968,68,78,0.2,10,0.02,28
3026.409751,61,82,0.58,21,0.027619048,28
3026.409751,59,85,0.71,26,0.027307692,28
3026.27597,79,83,0.09,4,0.0225,28
3026.27597,77,85,0.18,8,0.0225,28
3026.27597,75,87,0.27,12,0.0225,28
3026.27597,68,95,0.61,27,0.022592593,28
3026.225948,38,63,0.87,25,0.0348,28
3026.099701,48,64,0.4,16,0.025,28
3025.850703,46,56,0.27,10,0.027,28
3025.741401,65,76,0.31,11,0.028181818,28
3025.662957,36,66,0.83,30,0.027666667,28
3025.519858,60,85,0.64,25,0.0256,28
3025.392984,40,62,0.61,22,0.027727273,28
3025.373072,60,71,0.37,11,0.033636364,28
3025.328662,34,58,0.85,24,0.035416667,28
3025.180074,39,65,0.7,26,0.026923077,28
3025.017843,68,98,0.53,30,0.017666667,28
3024.930367,57,75,0.6,18,0.033333333,28
3024.571323,66,77,0.23,11,0.020909091,28
3024.507675,70,97,0.48,27,0.017777778,28
3024.503553,55,84,0.8,29,0.027586207,28
3024.476392,39,60,0.76,21,0.036190476,28
3024.446235,55,84,0.6,29,0.020689655,28
3024.420744,35,70,0.96,35,0.027428571,28
3024.414094,57,87,0.84,30,0.028,28
3024.397151,38,68,0.8,30,0.026666667,28
3024.244207,48,63,0.44,15,0.029333333,28
3024.244207,47,64,0.5,17,0.029411765,28
3024.178332,35,69,0.98,34,0.028823529,28
3024.147838,51,86,0.99,35,0.028285714,28
3023.972215,39,64,0.68,25,0.0272,28
3023.948875,61,81,0.55,20,0.0275,28
3023.927106,35,49,0.6,14,0.042857143,28
3023.868957,41,74,0.85,33,0.025757576,28
3023.852046,43,58,0.52,15,0.034666667,28
3023.789261,54,88,0.95,34,0.027941176,28
3023.728095,77,91,0.22,14,0.015714286,28
3023.713189,51,86,0.95,35,0.027142857,28
3023.628127,42,72,0.79,30,0.026333333,28
3023.469407,58,81,0.67,23,0.029130435,28
3023.295684,37,50,0.54,13,0.041538462,28
3023.295684,35,53,0.74,18,0.041111111,28
3023.247019,56,84,0.81,28,0.028928571,28
3023.247019,55,85,0.87,30,0.029,28
3023.19086,38,67,0.81,29,0.027931034,28
3023.028267,40,75,0.91,35,0.026,28
3023.022364,32,55,0.94,23,0.040869565,28
3022.989873,40,51,0.37,11,0.033636364,28
3022.989838,36,51,0.6,15,0.04,28
3022.980355,63,82,0.39,19,0.020526316,28
3022.58102,35,57,0.8,22,0.036363636,28
3022.578767,46,59,0.44,13,0.033846154,28
3022.026789,42,63,0.72,21,0.034285714,28
3022.017536,51,79,0.67,28,0.023928571,28
3021.998399,36,51,0.62,15,0.041333333,28
3021.987528,35,69,0.99,34,0.029117647,28
3021.974954,36,48,0.51,12,0.0425,28
3021.728034,37,69,0.86,32,0.026875,28
3021.489617,57,91,0.85,34,0.025,28
3021.489617,56,92,0.9,36,0.025,28
3021.489617,55,93,0.96,38,0.025263158,28
3021.050431,57,80,0.67,23,0.029130435,28
3020.781017,37,55,0.68,18,0.037777778,28
3020.699133,56,81,0.73,25,0.0292,28
3020.661327,66,78,0.31,12,0.025833333,28
3020.442635,76,87,0.2,11,0.018181818,28
3020.434907,53,77,0.56,24,0.023333333,28
3020.430402,75,99,0.37,24,0.015416667,28
3020.326372,52,58,0.16,6,0.026666667,28
3020.32292,39,66,0.72,27,0.026666667,28
3020.024145,41,65,0.8,24,0.033333333,28
3020.024145,40,66,0.87,26,0.033461538,28
3020.018863,58,86,0.77,28,0.0275,28
3020.018863,56,89,0.9,33,0.027272727,28
3020.018863,55,90,0.95,35,0.027142857,28
3020.018863,55,90,0.96,35,0.027428571,28
3019.81711,43,70,0.71,27,0.026296296,28
3019.746887,45,54,0.32,9,0.035555556,28
3019.659398,60,69,0.21,9,0.023333333,28
3019.633952,38,65,0.93,27,0.034444444,28
3019.554127,40,61,0.61,21,0.029047619,28
3019.351879,60,82,0.62,22,0.028181818,28
3019.302699,44,72,0.72,28,0.025714286,28
3019.270743,55,85,0.85,30,0.028333333,28
3018.941791,42,48,0.22,6,0.036666667,28
3018.907123,34,60,0.84,26,0.032307692,28
3018.791388,53,65,0.32,12,0.026666667,28
3018.759248,41,75,0.78,34,0.022941176,28
3018.638826,61,81,0.43,20,0.0215,28
3018.613944,42,51,0.35,9,0.038888889,28
3018.577279,54,88,0.98,34,0.028823529,28
3018.162779,43,72,0.7,29,0.024137931,28
3018.058879,41,73,0.9,32,0.028125,28
3018.0096,46,69,0.56,23,0.024347826,28
3017.954635,34,58,0.95,24,0.039583333,28
3017.92087,53,97,0.96,44,0.021818182,28
3017.889257,58,79,0.57,21,0.027142857,28
3017.813183,38,65,0.91,27,0.033703704,28
3017.742715,39,52,0.44,13,0.033846154,28
3017.742715,38,53,0.51,15,0.034,28
3017.677832,37,55,0.66,18,0.036666667,28
3017.422803,39,67,0.74,28,0.026428571,28
3017.268798,33,59,0.9,26,0.034615385,28
3017.090852,55,87,0.89,32,0.0278125,28
3017.054607,42,73,0.77,31,0.02483871,28
3016.991071,48,59,0.31,11,0.028181818,28
3016.990681,38,64,0.72,26,0.027692308,28
3016.451715,45,64,0.62,19,0.032631579,28
3016.37948,35,70,0.94,35,0.026857143,28
3016.284635,55,70,0.54,15,0.036,28
3016.159836,57,86,0.79,29,0.027241379,28
3015.872429,72,99,0.46,27,0.017037037,28
3015.845872,43,60,0.59,17,0.034705882,28
3015.772898,43,58,0.42,15,0.028,28
3015.76367,54,84,0.81,30,0.027,28
3015.76367,51,88,0.99,37,0.026756757,28
3015.762556,48,53,0.14,5,0.028,28
3015.723995,36,64,0.82,28,0.029285714,28
3015.701505,73,98,0.42,25,0.0168,28
3015.544322,39,60,0.74,21,0.035238095,28
3015.393254,33,54,0.85,21,0.04047619,28
3015.318976,44,59,0.52,15,0.034666667,28
3015.26066,36,59,0.77,23,0.033478261,28
3015.105761,34,55,0.74,21,0.035238095,28
3015.019594,55,84,0.79,29,0.027241379,28
3014.978464,60,76,0.44,16,0.0275,28
3014.873528,55,77,0.65,22,0.029545455,28
3014.836632,41,75,0.83,34,0.024411765,28
3014.567891,42,52,0.36,10,0.036,28
3014.523621,42,61,0.66,19,0.034736842,28
3014.486994,37,64,0.76,27,0.028148148,28
3014.393174,54,85,0.86,31,0.027741935,28
3014.302213,62,84,0.43,22,0.019545455,28
3014.007531,78,87,0.16,9,0.017777778,28
3013.954571,34,65,0.91,31,0.029354839,28
3013.947011,36,69,0.93,33,0.028181818,28
3013.885948,41,63,0.62,22,0.028181818,28
3013.750964,41,61,0.55,20,0.0275,28
3013.601884,40,77,0.82,37,0.022162162,28
3013.325211,47,63,0.44,16,0.0275,28
3012.905852,38,78,0.98,40,0.0245,28
3012.870759,42,51,0.34,9,0.037777778,28
3012.864273,45,60,0.51,15,0.034,28
3012.517074,31,57,0.95,26,0.036538462,28
3012.306861,36,70,0.92,34,0.027058824,28
3012.302802,38,68,0.82,30,0.027333333,28
3012.294793,42,74,0.76,32,0.02375,28
3012.269726,56,90,0.89,34,0.026176471,28
3012.229467,55,91,0.97,36,0.026944444,28
3012.092605,53,84,0.87,31,0.028064516,28
3012.092605,52,85,0.93,33,0.028181818,28
3011.579181,51,89,0.81,38,0.021315789,28
3011.574017,44,70,0.74,26,0.028461538,28
3011.427561,34,64,0.92,30,0.030666667,28
3011.335663,36,58,0.69,22,0.031363636,28
3011.0895,72,92,0.35,20,0.0175,28
3011.031232,75,99,0.36,24,0.015,28
3010.98481,42,52,0.34,10,0.034,28
3010.95545,50,77,0.94,27,0.034814815,28
3010.796174,42,60,0.49,18,0.027222222,28
3010.736699,43,73,0.72,30,0.024,28
3010.643597,39,51,0.43,12,0.035833333,28
3010.545156,47,55,0.28,8,0.035,28
3010.545156,46,56,0.35,10,0.035,28
3010.545156,45,57,0.42,12,0.035,28
3010.46905,54,79,0.72,25,0.0288,28
3010.46905,53,80,0.78,27,0.028888889,28
3010.46905,52,81,0.84,29,0.028965517,28
3010.46905,51,83,0.92,32,0.02875,28
3010.46905,50,84,0.98,34,0.028823529,28
3010.457335,42,51,0.31,9,0.034444444,28
3010.277773,58,80,0.61,22,0.027727273,28
3010.178894,53,85,0.92,32,0.02875,28
3010.162133,52,85,0.89,33,0.026969697,28
3009.856239,35,70,0.97,35,0.027714286,28
3009.749129,54,89,0.99,35,0.028285714,28
3009.690955,75,97,0.33,22,0.015,28
3009.683484,48,57,0.31,9,0.034444444,28
3009.681456,42,66,0.78,24,0.0325,28
3009.616864,32,63,0.99,31,0.031935484,28
3009.55103,62,77,0.41,15,0.027333333,28
3009.504381,44,58,0.09,14,0.006428571,28
3009.43917,57,80,0.63,23,0.027391304,28
3009.352332,36,52,0.61,16,0.038125,28
3009.240925,64,81,0.35,17,0.020588235,28
3009.15509,56,84,0.77,28,0.0275,28
3009.113997,55,82,0.73,27,0.027037037,28
3009.099408,38,61,0.81,23,0.035217391,28
3008.989503,69,94,0.56,25,0.0224,28
3008.904266,40,63,0.8,23,0.034782609,28
3008.886907,69,97,0.52,28,0.018571429,28
3008.880111,38,60,0.79,22,0.035909091,28
3008.736394,62,76,0.31,14,0.022142857,28
3008.701122,43,70,0.76,27,0.028148148,28
3008.504809,60,74,0.39,14,0.027857143,28
3008.406582,34,58,0.94,24,0.039166667,28
3008.331979,52,83,0.88,31,0.028387097,28
3007.90072,44,70,0.65,26,0.025,28
3007.890416,45,68,0.63,23,0.027391304,28
3007.885286,79,83,0.07,4,0.0175,28
3007.460985,37,51,0.53,14,0.037857143,28
3007.423974,41,67,0.85,26,0.032692308,28
3007.379237,34,62,0.93,28,0.033214286,28
3007.312958,61,71,0.29,10,0.029,28
3007.231441,45,66,0.59,21,0.028095238,28
3007.194268,45,82,0.89,37,0.024054054,28
3007.177071,47,67,0.48,20,0.024,28
3007.135534,75,88,0.24,13,0.018461538,28
3006.981937,68,97,0.49,29,0.016896552,28
3006.806718,39,46,0.28,7,0.04,28
3006.806718,38,47,0.36,9,0.04,28
3006.659931,56,81,0.68,25,0.0272,28
3006.627263,66,76,0.27,10,0.027,28
3006.395986,41,49,0.29,8,0.03625,28
3006.228115,54,89,0.98,35,0.028,28
3006.114547,43,61,0.62,18,0.034444444,28
3006.038258,35,52,0.68,17,0.04,28
3006.031217,58,70,0.29,12,0.024166667,28
3005.680432,41,50,0.34,9,0.037777778,28
3005.528394,56,88,0.9,32,0.028125,28
3005.528394,55,89,0.96,34,0.028235294,28
3005.51424,47,53,0.2,6,0.033333333,28
3005.454962,33,58,0.95,25,0.038,28
3005.25947,61,84,0.59,23,0.025652174,28
3005.25947,60,86,0.66,26,0.025384615,28
3005.188619,53,87,0.9,34,0.026470588,28
3005.178843,59,84,0.71,25,0.0284,28
3005.178843,58,85,0.77,27,0.028518519,28
3004.937038,41,62,0.73,21,0.034761905,28
3004.687844,39,62,0.8,23,0.034782609,28
3004.566896,41,60,0.65,19,0.034210526,28
3004.415079,55,88,0.91,33,0.027575758,28
3004.353276,42,58,0.56,16,0.035,28
3004.313712,37,63,0.92,26,0.035384615,28
3003.976433,43,70,0.79,27,0.029259259,28
3003.781593,77,93,0.27,16,0.016875,28
3003.771904,58,80,0.62,22,0.028181818,28
3003.689886,82,92,0.15,10,0.015,28
3003.689886,81,93,0.18,12,0.015,28
3003.689886,80,94,0.21,14,0.015,28
3003.689886,79,95,0.24,16,0.015,28
3003.61392,43,54,0.4,11,0.036363636,28
3003.601693,75,95,0.34,20,0.017,28
3003.485473,55,94,0.97,39,0.024871795,28
3003.410072,34,53,0.76,19,0.04,28
3003.367309,39,56,0.58,17,0.034117647,28
3003.343034,38,62,0.71,24,0.029583333,28
3003.327121,70,94,0.42,24,0.0175,28
3003.167862,57,66,0.33,9,0.036666667,28
3003.158091,34,61,0.99,27,0.036666667,28
3003.028283,38,80,0.93,42,0.022142857,28
3002.985446,41,68,0.79,27,0.029259259,28
3002.830881,34,55,0.75,21,0.035714286,28
3002.695664,34,54,0.83,20,0.0415,28
3002.576052,54,80,0.74,26,0.028461538,28
3002.576052,53,81,0.8,28,0.028571429,28
3002.411787,44,58,0.38,14,0.027142857,28
3002.398089,51,84,0.95,33,0.028787879,28
3002.127067,40,64,0.65,24,0.027083333,28
3002.083597,43,62,0.65,19,0.034210526,28
3002.033928,60,68,0.19,8,0.02375,28
3001.877567,54,74,0.49,20,0.0245,28
3001.86232,54,85,0.85,31,0.027419355,28
3001.72411,37,67,0.81,30,0.027,28
3001.686321,57,85,0.74,28,0.026428571,28
3001.605105,40,77,0.88,37,0.023783784,28
3001.54816,46,55,0.29,9,0.032222222,28
3001.54816,44,57,0.42,13,0.032307692,28
3001.327927,27,88,0.21,61,0.003442623,28
3001.242464,37,54,0.67,17,0.039411765,28
3001.070283,42,72,0.97,30,0.032333333,28
3000.927368,81,84,0.05,3,0.016666667,28
3000.887562,32,58,0.92,26,0.035384615,28
3000.853565,55,73,0.44,18,0.024444444,28
3000.719726,35,59,0.89,24,0.037083333,28
3000.684474,53,86,0.92,33,0.027878788,28
3000.684474,52,87,0.98,35,0.028,28
3000.665448,52,86,0.92,34,0.027058824,28
3000.478729,66,72,0.13,6,0.021666667,28
3000.456268,34,54,0.82,20,0.041,28
3000.456146,58,88,0.77,30,0.025666667,28
3000.456146,57,90,0.84,33,0.025454545,28
3000.456146,56,91,0.89,35,0.025428571,28
3000.456146,56,92,0.91,36,0.025277778,28
3000.432432,67,77,0.26,10,0.026,28
3000.432432,63,82,0.49,19,0.025789474,28
3000.432432,62,83,0.54,21,0.025714286,28
3000.432432,62,84,0.56,22,0.025454545,28
3000.432432,61,85,0.61,24,0.025416667,28
3000.282255,39,62,0.81,23,0.035217391,28
3000.199637,52,74,0.78,22,0.035454545,28
3000.07972,53,84,0.85,31,0.027419355,28
