% profit,ema1,ema2,threshold,diff,thresh / diff,ID
4157.751899,44,47,0.1,3,0.033333333,9
4152.719759,34,59,0.81,25,0.0324,9
4134.659528,39,52,0.43,13,0.033076923,9
4111.361013,37,55,0.59,18,0.032777778,9
4082.012995,36,57,0.68,21,0.032380952,9
4078.870663,35,58,0.75,23,0.032608696,9
4057.323232,38,53,0.5,15,0.033333333,9
4053.314344,33,61,0.9,28,0.032142857,9
4006.045112,38,51,0.45,13,0.034615385,9
4003.964897,41,50,0.3,9,0.033333333,9
3999.947503,32,61,0.94,29,0.032413793,9
3970.703079,37,54,0.57,17,0.033529412,9
3958.566562,35,57,0.72,22,0.032727273,9
3938.591223,36,55,0.63,19,0.033157895,9
3927.881179,41,49,0.27,8,0.03375,9
3919.428231,38,54,0.53,16,0.033125,9
3918.622008,36,57,0.69,21,0.032857143,9
3914.043845,36,56,0.66,20,0.033,9
3909.581582,34,59,0.83,25,0.0332,9
3908.396176,40,50,0.34,10,0.034,9
3887.926704,34,57,0.76,23,0.033043478,9
3874.390623,37,56,0.62,19,0.032631579,9
3872.87547,35,57,0.73,22,0.033181818,9
3859.48959,33,59,0.85,26,0.032692308,9
3856.219951,33,59,0.86,26,0.033076923,9
3854.339238,35,59,0.77,24,0.032083333,9
3845.197572,34,58,0.79,24,0.032916667,9
3837.92204,36,53,0.6,17,0.035294118,9
3831.848742,35,58,0.76,23,0.033043478,9
3824.903614,39,53,0.46,14,0.032857143,9
3823.650428,37,55,0.6,18,0.033333333,9
3809.819868,36,54,0.6,18,0.033333333,9
3809.102002,33,63,0.95,30,0.031666667,9
3806.716316,36,56,0.67,20,0.0335,9
3803.701082,34,59,0.82,25,0.0328,9
3797.901154,41,51,0.33,10,0.033,9
3785.294464,34,61,0.86,27,0.031851852,9
3784.121262,33,58,0.84,25,0.0336,9
3777.308591,32,63,0.99,31,0.031935484,9
3772.832852,35,56,0.7,21,0.033333333,9
3758.951731,34,57,0.77,23,0.033478261,9
3757.171729,37,52,0.53,15,0.035333333,9
3752.515191,43,48,0.17,5,0.034,9
3750.061031,34,60,0.84,26,0.032307692,9
3747.84003,35,55,0.67,20,0.0335,9
3745.822272,32,61,0.95,29,0.032758621,9
3742.125513,42,47,0.17,5,0.034,9
3742.053684,39,50,0.38,11,0.034545455,9
3736.631992,35,57,0.74,22,0.033636364,9
3736.593566,40,49,0.31,9,0.034444444,9
3735.586392,35,54,0.67,19,0.035263158,9
3724.66097,38,53,0.51,15,0.034,9
3719.274277,37,53,0.54,16,0.03375,9
3710.394025,38,52,0.47,14,0.033571429,9
3710.185143,40,51,0.37,11,0.033636364,9
3706.596192,36,55,0.64,19,0.033684211,9
3705.986532,32,62,0.96,30,0.032,9
3702.092804,33,57,0.82,24,0.034166667,9
3699.237602,33,62,0.92,29,0.031724138,9
3696.657601,32,58,0.9,26,0.034615385,9
3682.837742,32,60,0.93,28,0.033214286,9
3679.327851,40,52,0.4,12,0.033333333,9
3678.204268,36,54,0.61,18,0.033888889,9
3673.811014,33,60,0.88,27,0.032592593,9
3672.785448,39,53,0.47,14,0.033571429,9
3666.863801,35,55,0.68,20,0.034,9
3666.755821,32,58,0.91,26,0.035,9
3665.148179,34,56,0.75,22,0.034090909,9
3661.730135,41,48,0.24,7,0.034285714,9
3648.385361,39,51,0.4,12,0.033333333,9
3643.818732,33,59,0.87,26,0.033461538,9
3639.005335,41,46,0.18,5,0.036,9
3623.335285,39,52,0.44,13,0.033846154,9
3617.978084,40,46,0.22,6,0.036666667,9
3617.163198,32,61,0.96,29,0.033103448,9
3617.014527,36,57,0.7,21,0.033333333,9
3610.946568,33,64,0.97,31,0.031290323,9
3608.176847,34,58,0.8,24,0.033333333,9
3602.670811,39,51,0.41,12,0.034166667,9
3597.416629,36,59,0.73,23,0.03173913,9
3596.231053,35,56,0.72,21,0.034285714,9
3595.95219,32,62,0.97,30,0.032333333,9
3594.157873,37,54,0.58,17,0.034117647,9
3591.967334,39,54,0.49,15,0.032666667,9
3583.218022,34,62,0.88,28,0.031428571,9
3582.967276,33,58,0.86,25,0.0344,9
3578.506432,41,52,0.36,11,0.032727273,9
3578.320321,33,62,0.94,29,0.032413793,9
3570.126687,34,57,0.78,23,0.033913043,9
3569.458822,37,56,0.63,19,0.033157895,9
3567.673869,32,60,0.94,28,0.033571429,9
3559.665467,33,61,0.91,28,0.0325,9
3552.610029,32,59,0.92,27,0.034074074,9
3546.437709,36,51,0.54,15,0.036,9
3545.475561,37,54,0.56,17,0.032941176,9
3544.104125,40,48,0.28,8,0.035,9
3544.104125,39,49,0.35,10,0.035,9
3543.7313,32,60,0.95,28,0.033928571,9
3533.306606,36,55,0.65,19,0.034210526,9
3529.207893,43,50,0.23,7,0.032857143,9
3528.520277,38,55,0.55,17,0.032352941,9
3526.625891,34,56,0.77,22,0.035,9
3526.625891,33,57,0.84,24,0.035,9
3525.527209,33,60,0.89,27,0.032962963,9
3521.779537,34,65,0.95,31,0.030645161,9
3520.477466,34,60,0.85,26,0.032692308,9
3519.91779,35,55,0.7,20,0.035,9
3519.62068,35,59,0.78,24,0.0325,9
3517.959363,34,56,0.76,22,0.034545455,9
3515.223238,35,55,0.69,20,0.0345,9
3515.218423,37,52,0.52,15,0.034666667,9
3511.352729,36,54,0.62,18,0.034444444,9
3510.737977,34,58,0.81,24,0.03375,9
3509.805434,35,53,0.63,18,0.035,9
3508.964917,33,58,0.85,25,0.034,9
3504.28834,35,61,0.82,26,0.031538462,9
3503.32532,33,57,0.83,24,0.034583333,9
3502.958958,43,45,0.07,2,0.035,9
3502.958958,42,46,0.14,4,0.035,9
3502.958958,41,47,0.21,6,0.035,9
3501.549383,32,59,0.93,27,0.034444444,9
3499.427776,33,63,0.96,30,0.032,9
3499.127983,33,61,0.92,28,0.032857143,9
3498.883758,40,50,0.35,10,0.035,9
3498.042339,42,49,0.24,7,0.034285714,9
3490.530485,39,52,0.45,13,0.034615385,9
3490.255612,35,53,0.64,18,0.035555556,9
3488.745317,37,50,0.46,13,0.035384615,9
3487.314705,35,60,0.81,25,0.0324,9
3485.339381,37,53,0.55,16,0.034375,9
3481.165363,37,55,0.61,18,0.033888889,9
3479.559668,38,52,0.48,14,0.034285714,9
3474.431923,34,54,0.71,20,0.0355,9
3473.523296,36,58,0.71,22,0.032272727,9
3473.167227,38,50,0.41,12,0.034166667,9
3466.992633,38,55,0.56,17,0.032941176,9
3466.05994,34,61,0.87,27,0.032222222,9
3449.20098,41,49,0.28,8,0.035,9
3448.584863,31,61,0.98,30,0.032666667,9
3446.903944,31,59,0.99,28,0.035357143,9
3445.522086,36,59,0.74,23,0.032173913,9
3443.726965,38,51,0.44,13,0.033846154,9
3441.253144,37,50,0.47,13,0.036153846,9
3440.797767,37,49,0.44,12,0.036666667,9
3438.450824,39,48,0.32,9,0.035555556,9
3436.080376,36,53,0.59,17,0.034705882,9
3435.547481,42,48,0.2,6,0.033333333,9
3432.381824,33,60,0.9,27,0.033333333,9
3431.648313,34,59,0.84,25,0.0336,9
3430.87008,36,56,0.68,20,0.034,9
3430.631777,38,55,0.52,17,0.030588235,9
3429.713274,35,57,0.75,22,0.034090909,9
3424.206131,32,62,0.99,30,0.033,9
3422.923822,35,54,0.65,19,0.034210526,9
3422.376108,35,59,0.79,24,0.032916667,9
3421.775958,31,60,0.98,29,0.033793103,9
3421.451124,32,59,0.89,27,0.032962963,9
3419.179005,41,50,0.31,9,0.034444444,9
3418.457351,37,52,0.51,15,0.034,9
3417.317314,36,53,0.58,17,0.034117647,9
3413.972151,39,49,0.34,10,0.034,9
3412.203033,37,51,0.5,14,0.035714286,9
3410.042957,34,57,0.79,23,0.034347826,9
3409.805453,38,54,0.54,16,0.03375,9
3406.301132,35,56,0.71,21,0.033809524,9
3404.89905,39,51,0.42,12,0.035,9
3403.169053,41,52,0.33,11,0.03,9
3402.930872,31,60,0.96,29,0.033103448,9
3402.089083,43,49,0.2,6,0.033333333,9
3401.56672,34,53,0.69,19,0.036315789,9
3399.759203,42,48,0.21,6,0.035,9
3399.39653,38,50,0.42,12,0.035,9
3398.096091,40,53,0.43,13,0.033076923,9
3397.498889,33,62,0.93,29,0.032068966,9
3395.440224,33,60,0.92,27,0.034074074,9
3395.048448,40,51,0.38,11,0.034545455,9
3392.587091,32,59,0.94,27,0.034814815,9
3391.158278,32,61,0.97,29,0.033448276,9
3390.494113,32,62,0.98,30,0.032666667,9
3390.391138,35,54,0.66,19,0.034736842,9
3390.391138,34,55,0.73,21,0.034761905,9
3388.444029,33,56,0.81,23,0.035217391,9
3384.567838,39,55,0.48,16,0.03,9
3382.322878,37,51,0.49,14,0.035,9
3378.048111,38,50,0.43,12,0.035833333,9
3369.429775,35,58,0.77,23,0.033478261,9
3367.77014,32,60,0.96,28,0.034285714,9
3365.984581,38,56,0.58,18,0.032222222,9
3365.628802,40,47,0.25,7,0.035714286,9
3365.062386,34,62,0.89,28,0.031785714,9
3364.268382,33,59,0.88,26,0.033846154,9
3362.108887,42,51,0.27,9,0.03,9
3361.52059,35,61,0.83,26,0.031923077,9
3359.870162,39,46,0.26,7,0.037142857,9
3359.166091,37,58,0.67,21,0.031904762,9
3357.664184,39,47,0.29,8,0.03625,9
3354.261566,35,62,0.84,27,0.031111111,9
3352.436982,32,57,0.89,25,0.0356,9
3350.651928,41,44,0.11,3,0.036666667,9
3343.16444,33,64,0.98,31,0.031612903,9
3340.801006,40,54,0.42,14,0.03,9
3340.079481,35,60,0.8,25,0.032,9
3337.658347,38,52,0.49,14,0.035,9
3337.567312,36,52,0.56,16,0.035,9
3335.056574,34,63,0.91,29,0.03137931,9
3334.063003,38,49,0.39,11,0.035454545,9
3333.836076,33,65,0.99,32,0.0309375,9
3331.695738,35,99,0.15,64,0.00234375,9
3328.709751,40,54,0.45,14,0.032142857,9
3327.960073,35,63,0.87,28,0.031071429,9
3327.819418,36,57,0.71,21,0.033809524,9
3326.79424,37,57,0.65,20,0.0325,9
3324.626865,35,52,0.61,17,0.035882353,9
3324.602779,38,53,0.52,15,0.034666667,9
3323.348135,36,97,0.15,61,0.002459016,9
3321.789632,39,55,0.52,16,0.0325,9
3321.737596,32,60,0.92,28,0.032857143,9
3321.723927,37,54,0.59,17,0.034705882,9
3318.02896,36,50,0.51,14,0.036428571,9
3315.708856,36,60,0.76,24,0.031666667,9
3313.235724,32,59,0.91,27,0.033703704,9
3311.906957,36,58,0.72,22,0.032727273,9
3311.496699,35,58,0.74,23,0.032173913,9
3311.138985,38,48,0.36,10,0.036,9
3309.246682,34,58,0.82,24,0.034166667,9
3308.62884,35,51,0.59,16,0.036875,9
3306.65218,39,54,0.5,15,0.033333333,9
3306.001268,32,57,0.84,25,0.0336,9
3301.751459,31,61,0.99,30,0.033,9
3301.094046,36,57,0.67,21,0.031904762,9
3300.462421,46,47,0.03,1,0.03,9
3300.462421,45,48,0.09,3,0.03,9
3300.462421,44,49,0.15,5,0.03,9
3297.23375,35,59,0.76,24,0.031666667,9
3296.90773,38,56,0.54,18,0.03,9
3294.837248,34,62,0.9,28,0.032142857,9
3289.200418,32,61,0.98,29,0.033793103,9
3287.058879,38,54,0.52,16,0.0325,9
3286.99331,43,50,0.21,7,0.03,9
3285.489372,38,56,0.55,18,0.030555556,9
3283.507068,37,57,0.6,20,0.03,9
3271.974889,40,49,0.34,9,0.037777778,9
3271.228808,36,57,0.66,21,0.031428571,9
3270.097689,38,57,0.61,19,0.032105263,9
3269.735706,38,49,0.4,11,0.036363636,9
3269.010672,34,65,0.96,31,0.030967742,9
3267.205162,37,57,0.62,20,0.031,9
3265.320267,32,63,0.98,31,0.031612903,9
3264.950089,32,59,0.9,27,0.033333333,9
3263.965145,44,46,0.07,2,0.035,9
3263.965145,43,47,0.14,4,0.035,9
3260.324511,34,56,0.74,22,0.033636364,9
3257.025158,36,61,0.78,25,0.0312,9
3249.428326,39,54,0.48,15,0.032,9
3248.707682,36,52,0.57,16,0.035625,9
3247.348899,33,58,0.83,25,0.0332,9
3243.728309,39,50,0.39,11,0.035454545,9
3241.98641,38,55,0.54,17,0.031764706,9
3241.339904,34,61,0.88,27,0.032592593,9
3236.093635,35,98,0.16,63,0.002539683,9
3235.674079,33,61,0.93,28,0.033214286,9
3235.372435,33,55,0.79,22,0.035909091,9
3234.06124,35,58,0.78,23,0.033913043,9
3232.612122,33,60,0.91,27,0.033703704,9
3229.847831,40,52,0.39,12,0.0325,9
3228.806797,42,50,0.25,8,0.03125,9
3226.783546,34,55,0.75,21,0.035714286,9
3223.871097,34,55,0.74,21,0.035238095,9
3222.663384,37,56,0.59,19,0.031052632,9
3221.609448,42,49,0.23,7,0.032857143,9
3220.750368,40,53,0.41,13,0.031538462,9
3220.701156,40,52,0.38,12,0.031666667,9
3218.652989,42,50,0.26,8,0.0325,9
3215.898112,33,57,0.8,24,0.033333333,9
3214.971817,40,52,0.37,12,0.030833333,9
3212.875287,37,57,0.61,20,0.0305,9
3211.843032,34,64,0.93,30,0.031,9
3210.663734,38,49,0.38,11,0.034545455,9
3209.215631,33,61,0.89,28,0.031785714,9
3205.95966,37,56,0.61,19,0.032105263,9
3204.836893,37,48,0.41,11,0.037272727,9
3204.673722,34,54,0.72,20,0.036,9
3200.407277,33,63,0.94,30,0.031333333,9
3200.396225,33,63,0.97,30,0.032333333,9
3200.26106,36,58,0.69,22,0.031363636,9
3200.257632,35,56,0.79,21,0.037619048,9
3199.783397,36,58,0.68,22,0.030909091,9
3198.167765,38,55,0.57,17,0.033529412,9
3197.339874,35,99,0.14,64,0.0021875,9
3196.758208,33,56,0.78,23,0.033913043,9
3196.758208,32,57,0.85,25,0.034,9
3196.758208,31,59,0.94,28,0.033571429,9
3196.169351,37,53,0.6,16,0.0375,9
3194.841997,38,56,0.59,18,0.032777778,9
3192.491365,36,97,0.19,61,0.003114754,9
3190.61569,36,96,0.19,60,0.003166667,9
3187.609716,38,57,0.56,19,0.029473684,9
3187.435923,40,53,0.4,13,0.030769231,9
3187.145669,37,55,0.62,18,0.034444444,9
3186.554166,37,93,0.16,56,0.002857143,9
3183.385377,31,60,0.99,29,0.034137931,9
3180.388618,35,57,0.76,22,0.034545455,9
3177.687998,42,50,0.27,8,0.03375,9
3176.537218,41,52,0.34,11,0.030909091,9
3175.574854,36,95,0.17,59,0.002881356,9
3172.689582,39,53,0.45,14,0.032142857,9
3169.440574,41,53,0.36,12,0.03,9
3169.255893,37,94,0.15,57,0.002631579,9
3164.899966,35,96,0.19,61,0.003114754,9
3163.477153,31,60,0.97,29,0.033448276,9
3162.696359,37,95,0.14,58,0.002413793,9
3162.130325,38,58,0.63,20,0.0315,9
3161.802887,37,95,0.17,58,0.002931034,9
3159.080235,34,59,0.85,25,0.034,9
3158.624196,39,54,0.47,15,0.031333333,9
3158.423471,40,55,0.48,15,0.032,9
3148.914508,42,47,0.19,5,0.038,9
3147.790762,35,99,0.16,64,0.0025,9
3147.728935,43,49,0.19,6,0.031666667,9
3147.133629,44,47,0.11,3,0.036666667,9
3146.073849,34,60,0.82,26,0.031538462,9
3145.85116,40,51,0.41,11,0.037272727,9
3142.900463,32,58,0.92,26,0.035384615,9
3141.642601,38,52,0.53,14,0.037857143,9
3141.370264,40,49,0.32,9,0.035555556,9
3141.354426,38,54,0.55,16,0.034375,9
3141.030059,31,58,0.91,27,0.033703704,9
3139.987632,37,58,0.62,21,0.02952381,9
3138.10223,36,56,0.69,20,0.0345,9
3135.437537,32,57,0.86,25,0.0344,9
3135.437537,31,58,0.93,27,0.034444444,9
3132.982557,36,58,0.73,22,0.033181818,9
3131.662351,34,54,0.7,20,0.035,9
3131.443458,40,51,0.36,11,0.032727273,9
3131.099826,35,62,0.85,27,0.031481481,9
3130.420833,36,98,0.13,62,0.002096774,9
3130.265773,36,98,0.16,62,0.002580645,9
3128.285695,32,57,0.92,25,0.0368,9
3128.003904,50,63,0.41,13,0.031538462,9
3127.685727,41,51,0.31,10,0.031,9
3127.334475,38,51,0.46,13,0.035384615,9
3126.739996,34,63,0.92,29,0.031724138,9
3126.425885,49,64,0.47,15,0.031333333,9
3125.963657,35,60,0.89,25,0.0356,9
3125.154456,43,47,0.13,4,0.0325,9
3124.927483,37,55,0.58,18,0.032222222,9
3124.457055,34,55,0.71,21,0.033809524,9
3121.973672,36,52,0.55,16,0.034375,9
3121.569062,31,59,0.98,28,0.035,9
3120.52203,36,54,0.63,18,0.035,9
3120.030521,37,58,0.68,21,0.032380952,9
3119.725552,35,98,0.2,63,0.003174603,9
3119.572822,51,61,0.32,10,0.032,9
3118.437134,46,48,0.06,2,0.03,9
3118.437134,45,49,0.12,4,0.03,9
3118.437134,44,50,0.18,6,0.03,9
3118.34675,36,97,0.16,61,0.002622951,9
3117.751329,42,52,0.3,10,0.03,9
3117.445048,36,95,0.16,59,0.002711864,9
3116.606604,53,60,0.22,7,0.031428571,9
3116.36383,36,98,0.14,62,0.002258065,9
3116.176713,39,49,0.36,10,0.036,9
3115.11015,37,51,0.48,14,0.034285714,9
3113.94646,35,61,0.78,26,0.03,9
3113.943501,36,58,0.67,22,0.030454545,9
3113.112912,38,54,0.51,16,0.031875,9
3112.827152,31,58,0.97,27,0.035925926,9
3112.793421,43,50,0.22,7,0.031428571,9
3111.818049,43,48,0.16,5,0.032,9
3111.736652,35,60,0.77,25,0.0308,9
3111.007278,35,53,0.62,18,0.034444444,9
3109.729211,41,53,0.39,12,0.0325,9
3109.396245,41,50,0.29,9,0.032222222,9
3107.985141,37,58,0.63,21,0.03,9
3107.230973,35,52,0.62,17,0.036470588,9
3107.152622,39,53,0.44,14,0.031428571,9
3106.101914,36,55,0.66,19,0.034736842,9
3105.117657,35,58,0.73,23,0.03173913,9
3103.871835,36,56,0.65,20,0.0325,9
3100.399571,34,60,0.86,26,0.033076923,9
3099.725831,39,46,0.25,7,0.035714286,9
3099.303162,33,62,0.96,29,0.033103448,9
3099.259095,41,51,0.34,10,0.034,9
3099.180467,41,51,0.32,10,0.032,9
3097.918509,35,59,0.75,24,0.03125,9
3097.587743,37,95,0.18,58,0.003103448,9
3096.722525,36,58,0.8,22,0.036363636,9
3096.564263,33,56,0.82,23,0.035652174,9
3096.535112,36,98,0.15,62,0.002419355,9
3096.388711,39,50,0.37,11,0.033636364,9
3095.377538,37,57,0.66,20,0.033,9
3093.938775,38,56,0.64,18,0.035555556,9
3092.972514,37,60,0.72,23,0.031304348,9
3089.527333,38,54,0.5,16,0.03125,9
3089.366626,38,55,0.53,17,0.031176471,9
3089.15943,37,56,0.6,19,0.031578947,9
3088.73119,37,60,0.73,23,0.03173913,9
3087.311284,34,99,0.17,65,0.002615385,9
3086.977594,33,59,0.9,26,0.034615385,9
3086.969673,40,44,0.15,4,0.0375,9
3086.960395,32,56,0.92,24,0.038333333,9
3086.079998,39,57,0.58,18,0.032222222,9
3085.093822,38,48,0.37,10,0.037,9
3084.471321,33,58,0.87,25,0.0348,9
3083.826856,34,57,0.8,23,0.034782609,9
3083.538418,43,51,0.24,8,0.03,9
3082.81069,36,95,0.15,59,0.002542373,9
3079.356621,36,59,0.69,23,0.03,9
3078.905711,37,56,0.64,19,0.033684211,9
3078.33612,32,57,0.87,25,0.0348,9
3076.692826,33,56,0.8,23,0.034782609,9
3076.077343,35,98,0.21,63,0.003333333,9
3075.534802,35,63,0.88,28,0.031428571,9
3074.702391,36,94,0.18,58,0.003103448,9
3074.434592,39,54,0.46,15,0.030666667,9
3073.965687,31,58,0.94,27,0.034814815,9
3072.671589,40,52,0.41,12,0.034166667,9
3072.16723,35,57,0.77,22,0.035,9
3071.11455,40,54,0.5,14,0.035714286,9
3069.355319,36,54,0.68,18,0.037777778,9
3067.998704,41,50,0.33,9,0.036666667,9
3067.41258,37,55,0.57,18,0.031666667,9
3066.881372,43,51,0.26,8,0.0325,9
3063.6342,36,59,0.81,23,0.035217391,9
3063.492334,32,57,0.91,25,0.0364,9
3063.368136,32,56,0.85,24,0.035416667,9
3062.037971,38,47,0.32,9,0.035555556,9
3061.91191,33,61,0.94,28,0.033571429,9
3061.728857,33,56,0.83,23,0.036086957,9
3061.728793,37,94,0.17,57,0.002982456,9
3061.440594,36,60,0.77,24,0.032083333,9
3060.287899,35,98,0.17,63,0.002698413,9
3060.17948,33,62,0.95,29,0.032758621,9
3059.98972,33,64,0.99,31,0.031935484,9
3059.140997,33,65,0.93,32,0.0290625,9
3057.583239,34,60,0.81,26,0.031153846,9
3055.771311,39,51,0.39,12,0.0325,9
3055.145996,36,59,0.75,23,0.032608696,9
3054.465215,37,95,0.15,58,0.002586207,9
3053.739747,36,53,0.61,17,0.035882353,9
3053.639764,41,52,0.35,11,0.031818182,9
3053.24476,43,68,0.68,25,0.0272,9
3051.842824,42,49,0.22,7,0.031428571,9
3050.723432,35,96,0.2,61,0.003278689,9
3050.615848,33,59,0.89,26,0.034230769,9
3050.192047,42,71,0.94,29,0.032413793,9
3049.097175,37,95,0.16,58,0.002758621,9
3047.971866,32,57,0.93,25,0.0372,9
3046.801343,33,56,0.84,23,0.036521739,9
3046.121224,34,56,0.78,22,0.035454545,9
3046.022547,34,63,0.9,29,0.031034483,9
3045.803891,33,57,0.86,24,0.035833333,9
3044.521354,35,59,0.74,24,0.030833333,9
3043.732045,35,56,0.73,21,0.034761905,9
3042.662036,53,77,0.8,24,0.033333333,9
3042.157324,36,96,0.23,60,0.003833333,9
3041.742649,37,93,0.17,56,0.003035714,9
3041.672409,39,55,0.58,16,0.03625,9
3041.102467,39,48,0.31,9,0.034444444,9
3040.300462,50,57,0.18,7,0.025714286,9
3039.92931,42,73,0.96,31,0.030967742,9
3039.584087,37,53,0.56,16,0.035,9
3039.393903,37,57,0.63,20,0.0315,9
3039.076402,36,59,0.71,23,0.030869565,9
3037.873752,32,59,0.96,27,0.035555556,9
3036.185343,38,56,0.65,18,0.036111111,9
3036.184038,39,54,0.55,15,0.036666667,9
3035.857361,45,48,0.11,3,0.036666667,9
3035.102343,42,49,0.26,7,0.037142857,9
3034.661468,34,58,0.84,24,0.035,9
3034.348815,32,61,0.99,29,0.034137931,9
3034.194674,38,53,0.48,15,0.032,9
3033.568264,36,95,0.19,59,0.003220339,9
3033.164648,36,96,0.16,60,0.002666667,9
3033.057591,40,54,0.43,14,0.030714286,9
3032.349475,38,92,0.14,54,0.002592593,9
3032.024147,34,57,0.87,23,0.037826087,9
3031.561688,39,55,0.49,16,0.030625,9
3031.255292,36,55,0.67,19,0.035263158,9
3030.565158,31,58,0.95,27,0.035185185,9
3030.339165,33,63,0.98,30,0.032666667,9
3029.529887,33,60,0.93,27,0.034444444,9
3029.351571,35,54,0.68,19,0.035789474,9
3027.682417,60,75,0.41,15,0.027333333,9
3026.926989,34,99,0.24,65,0.003692308,9
3026.892023,36,59,0.82,23,0.035652174,9
3026.422206,35,97,0.25,62,0.004032258,9
3026.379305,34,55,0.72,21,0.034285714,9
3024.76107,34,99,0.19,65,0.002923077,9
3024.249482,41,45,0.15,4,0.0375,9
3024.039184,31,58,0.92,27,0.034074074,9
3024.011185,31,59,0.96,28,0.034285714,9
3023.804658,38,92,0.16,54,0.002962963,9
3023.475083,35,96,0.21,61,0.003442623,9
3023.127076,39,55,0.57,16,0.035625,9
3021.914926,45,49,0.13,4,0.0325,9
3021.62325,38,93,0.16,55,0.002909091,9
3021.281843,38,53,0.49,15,0.032666667,9
3019.818712,31,59,0.95,28,0.033928571,9
3018.962216,38,63,0.75,25,0.03,9
3018.818361,35,97,0.19,62,0.003064516,9
3018.284529,37,94,0.16,57,0.002807018,9
3018.056858,38,52,0.46,14,0.032857143,9
3017.899397,41,52,0.4,11,0.036363636,9
3017.061387,36,96,0.15,60,0.0025,9
3016.764114,38,56,0.56,18,0.031111111,9
3016.035888,36,52,0.6,16,0.0375,9
3015.626086,35,99,0.17,64,0.00265625,9
3015.460548,36,96,0.22,60,0.003666667,9
3014.578591,34,59,0.8,25,0.032,9
3014.369609,36,97,0.17,61,0.002786885,9
3014.147047,37,58,0.74,21,0.035238095,9
3013.8279,36,56,0.64,20,0.032,9
3013.769476,34,61,0.98,27,0.036296296,9
3013.453444,34,99,0.26,65,0.004,9
3013.201232,48,66,0.56,18,0.031111111,9
3012.966131,63,66,0.1,3,0.033333333,9
3012.966131,60,69,0.3,9,0.033333333,9
3012.966131,56,73,0.57,17,0.033529412,9
3012.632771,35,61,0.84,26,0.032307692,9
3012.290016,37,49,0.42,12,0.035,9
3010.670969,42,51,0.33,9,0.036666667,9
3009.923263,36,95,0.2,59,0.003389831,9
3009.688183,36,60,0.7,24,0.029166667,9
3009.522144,35,51,0.56,16,0.035,9
3009.478231,36,97,0.14,61,0.002295082,9
3009.217055,38,92,0.15,54,0.002777778,9
3008.929147,38,93,0.15,55,0.002727273,9
3008.758641,37,64,0.81,27,0.03,9
3008.588113,34,60,0.83,26,0.031923077,9
3008.550115,37,51,0.52,14,0.037142857,9
3007.996552,35,98,0.24,63,0.003809524,9
3007.345143,32,58,0.87,26,0.033461538,9
3007.203717,34,60,0.87,26,0.033461538,9
3007.186204,34,56,0.79,22,0.035909091,9
3005.955856,37,95,0.19,58,0.003275862,9
3005.700492,34,99,0.18,65,0.002769231,9
3005.69314,35,99,0.18,64,0.0028125,9
3005.535065,34,58,0.78,24,0.0325,9
3004.372163,51,82,0.9,31,0.029032258,9
3004.197958,35,60,0.82,25,0.0328,9
3002.893523,38,93,0.17,55,0.003090909,9
3002.879576,38,91,0.17,53,0.003207547,9
3002.094082,33,55,0.78,22,0.035454545,9
3002.06748,33,64,0.93,31,0.03,9
3002.001875,36,95,0.18,59,0.003050847,9
3001.778651,41,53,0.44,12,0.036666667,9
3000.459593,39,47,0.3,8,0.0375,9
2999.431618,37,57,0.72,20,0.036,9
2999.250165,38,94,0.14,56,0.0025,9
2999.21111,39,52,0.48,13,0.036923077,9
2998.505137,37,48,0.4,11,0.036363636,9
2998.425102,36,94,0.17,58,0.002931034,9
2997.492462,36,93,0.18,57,0.003157895,9
2997.42944,36,96,0.2,60,0.003333333,9
2997.233376,44,49,0.18,5,0.036,9
2996.387011,42,44,0.07,2,0.035,9
2994.280757,38,99,0.11,61,0.001803279,9
2994.200466,35,95,0.18,60,0.003,9
2993.813149,41,53,0.37,12,0.030833333,9
2993.003586,35,98,0.23,63,0.003650794,9
2992.811854,44,49,0.16,5,0.032,9
2990.497797,47,66,0.61,19,0.032105263,9
2990.14335,38,90,0.16,52,0.003076923,9
2989.809285,35,67,0.95,32,0.0296875,9
2989.262737,39,62,0.69,23,0.03,9
2989.037869,61,73,0.33,12,0.0275,9
2987.643496,39,52,0.42,13,0.032307692,9
2987.172832,35,51,0.57,16,0.035625,9
2986.472578,37,93,0.19,56,0.003392857,9
2986.423034,32,58,0.94,26,0.036153846,9
2986.278191,41,49,0.3,8,0.0375,9
2986.074573,41,45,0.14,4,0.035,9
2986.074573,40,46,0.21,6,0.035,9
2985.924969,37,94,0.11,57,0.001929825,9
2984.938912,37,54,0.63,17,0.037058824,9
2984.838218,34,52,0.67,18,0.037222222,9
2984.661301,36,57,0.65,21,0.030952381,9
2984.471409,35,52,0.59,17,0.034705882,9
2984.136565,36,94,0.2,58,0.003448276,9
2984.095133,35,54,0.64,19,0.033684211,9
2983.993218,42,64,0.63,22,0.028636364,9
2983.964461,34,99,0.25,65,0.003846154,9
2982.979485,35,96,0.18,61,0.00295082,9
2982.798693,34,55,0.76,21,0.036190476,9
2982.331569,36,50,0.49,14,0.035,9
2982.136416,46,64,0.59,18,0.032777778,9
2982.110489,35,52,0.6,17,0.035294118,9
2981.346829,36,50,0.5,14,0.035714286,9
2980.754157,33,54,0.76,21,0.036190476,9
2980.590164,51,88,0.98,37,0.026486486,9
2980.507196,37,57,0.64,20,0.032,9
2980.329097,37,59,0.7,22,0.031818182,9
2979.72188,39,56,0.5,17,0.029411765,9
2979.459532,35,95,0.19,60,0.003166667,9
2979.353512,37,92,0.17,55,0.003090909,9
2979.320694,34,62,0.84,28,0.03,9
2978.592447,33,59,0.91,26,0.035,9
2978.48968,34,98,0.16,64,0.0025,9
2976.038116,61,69,0.26,8,0.0325,9
2976.038116,59,71,0.39,12,0.0325,9
2975.629816,34,53,0.66,19,0.034736842,9
2974.425016,35,61,0.79,26,0.030384615,9
2974.255451,35,61,0.77,26,0.029615385,9
2974.181923,48,65,0.54,17,0.031764706,9
2974.080928,37,96,0.12,59,0.002033898,9
2973.923415,53,85,0.86,32,0.026875,9
2973.463397,35,97,0.2,62,0.003225806,9
2973.269481,41,47,0.23,6,0.038333333,9
2972.965096,38,48,0.35,10,0.035,9
2972.39865,31,57,0.89,26,0.034230769,9
2972.014798,34,63,0.86,29,0.029655172,9
2971.328762,36,51,0.55,15,0.036666667,9
2970.453513,33,55,0.75,22,0.034090909,9
2970.453513,32,56,0.82,24,0.034166667,9
2970.256994,32,55,0.8,23,0.034782609,9
2970.107698,32,59,0.95,27,0.035185185,9
2970.04523,36,96,0.18,60,0.003,9
2969.457592,35,99,0.19,64,0.00296875,9
2969.455784,41,53,0.43,12,0.035833333,9
2968.839747,57,73,0.53,16,0.033125,9
2968.516182,33,55,0.77,22,0.035,9
2968.35918,33,55,0.82,22,0.037272727,9
2967.987411,59,69,0.34,10,0.034,9
2967.881671,43,74,0.95,31,0.030645161,9
2967.675968,58,74,0.47,16,0.029375,9
2967.453712,32,56,0.87,24,0.03625,9
2967.009516,34,62,0.98,28,0.035,9
2966.622936,38,53,0.56,15,0.037333333,9
2965.809497,36,97,0.2,61,0.003278689,9
2964.939983,38,92,0.13,54,0.002407407,9
2964.578228,38,50,0.44,12,0.036666667,9
2964.562255,35,98,0.15,63,0.002380952,9
2964.505439,55,74,0.64,19,0.033684211,9
2963.893439,37,54,0.6,17,0.035294118,9
2963.745312,35,97,0.18,62,0.002903226,9
2963.507863,35,60,0.9,25,0.036,9
2963.138036,35,97,0.24,62,0.003870968,9
2963.101807,59,73,0.41,14,0.029285714,9
2963.096789,36,59,0.7,23,0.030434783,9
2962.891392,36,61,0.8,25,0.032,9
2962.486908,52,81,0.85,29,0.029310345,9
2962.461593,37,57,0.73,20,0.0365,9
2962.22659,40,51,0.35,11,0.031818182,9
2962.150295,32,58,0.89,26,0.034230769,9
2962.080568,40,48,0.29,8,0.03625,9
2961.874876,37,97,0.14,60,0.002333333,9
2961.860671,34,57,0.81,23,0.035217391,9
2961.833967,31,58,0.96,27,0.035555556,9
2960.598187,36,68,0.81,32,0.0253125,9
2960.348777,38,93,0.1,55,0.001818182,9
2960.091917,57,75,0.53,18,0.029444444,9
2960.065757,36,98,0.17,62,0.002741935,9
2959.402359,39,51,0.45,12,0.0375,9
2959.386972,40,54,0.46,14,0.032857143,9
2959.233794,39,56,0.54,17,0.031764706,9
2959.158128,54,84,0.8,30,0.026666667,9
2958.514896,32,56,0.84,24,0.035,9
2958.465193,52,87,0.93,35,0.026571429,9
2958.098536,40,53,0.47,13,0.036153846,9
2957.666619,51,82,0.91,31,0.029354839,9
2957.365962,34,54,0.76,20,0.038,9
2956.949587,36,96,0.17,60,0.002833333,9
2956.862259,38,94,0.09,56,0.001607143,9
2956.680637,35,70,0.88,35,0.025142857,9
2956.654589,33,54,0.73,21,0.034761905,9
2956.257788,32,63,0.97,31,0.031290323,9
2956.240466,33,55,0.76,22,0.034545455,9
2955.826307,59,68,0.31,9,0.034444444,9
2955.668544,36,55,0.71,19,0.037368421,9
2955.274569,31,59,0.93,28,0.033214286,9
2954.60847,35,56,0.74,21,0.035238095,9
2954.376934,35,64,0.89,29,0.030689655,9
2954.139621,58,77,0.52,19,0.027368421,9
2954.031955,47,63,0.52,16,0.0325,9
2953.526155,42,57,0.46,15,0.030666667,9
2953.377893,35,97,0.17,62,0.002741935,9
2953.012062,34,53,0.68,19,0.035789474,9
2952.959738,60,72,0.35,12,0.029166667,9
2951.950507,38,62,0.73,24,0.030416667,9
2951.910235,35,99,0.2,64,0.003125,9
2951.863343,38,93,0.12,55,0.002181818,9
2951.617895,52,82,0.85,30,0.028333333,9
2951.617895,51,83,0.91,32,0.0284375,9
2951.617895,50,84,0.97,34,0.028529412,9
2951.408273,38,93,0.13,55,0.002363636,9
2951.20073,57,76,0.54,19,0.028421053,9
2950.824611,52,78,0.87,26,0.033461538,9
2950.042023,33,55,0.81,22,0.036818182,9
2949.967616,32,57,0.88,25,0.0352,9
2949.917316,50,84,0.98,34,0.028823529,9
2949.337793,36,51,0.53,15,0.035333333,9
2949.02648,36,60,0.72,24,0.03,9
2948.118809,41,53,0.35,12,0.029166667,9
2946.996082,55,78,0.67,23,0.029130435,9
2946.601214,33,54,0.77,21,0.036666667,9
2946.55583,33,55,0.8,22,0.036363636,9
2945.671847,34,59,0.79,25,0.0316,9
2945.52206,34,63,0.85,29,0.029310345,9
2945.113597,41,66,0.71,25,0.0284,9
2944.688448,51,85,0.92,34,0.027058824,9
2944.440026,37,50,0.45,13,0.034615385,9
2944.424592,54,83,0.8,29,0.027586207,9
2944.351891,37,94,0.18,57,0.003157895,9
2943.929594,44,72,0.87,28,0.031071429,9
2943.521573,54,77,0.76,23,0.033043478,9
2943.40809,42,52,0.29,10,0.029,9
2942.927454,42,51,0.28,9,0.031111111,9
2942.370328,58,78,0.55,20,0.0275,9
2941.722816,51,87,0.96,36,0.026666667,9
2941.237718,54,82,0.76,28,0.027142857,9
2940.542138,40,45,0.18,5,0.036,9
2939.843472,34,54,0.68,20,0.034,9
2939.804435,36,96,0.21,60,0.0035,9
2939.692849,35,53,0.65,18,0.036111111,9
2939.679846,54,83,0.78,29,0.026896552,9
2939.601785,54,76,0.73,22,0.033181818,9
2939.559494,44,48,0.13,4,0.0325,9
2939.526183,31,57,0.93,26,0.035769231,9
2939.114074,37,47,0.38,10,0.038,9
2939.030034,33,58,0.94,25,0.0376,9
2938.744665,60,68,0.27,8,0.03375,9
2938.598514,34,55,0.77,21,0.036666667,9
2938.16361,34,96,0.44,62,0.007096774,9
2937.151764,54,75,0.71,21,0.033809524,9
2937.084563,34,95,0.45,61,0.007377049,9
2937.053108,32,58,0.93,26,0.035769231,9
2936.687361,35,52,0.67,17,0.039411765,9
2936.391485,39,53,0.48,14,0.034285714,9
2936.295334,58,70,0.41,12,0.034166667,9
2935.606583,34,62,0.86,28,0.030714286,9
2935.41637,41,65,0.69,24,0.02875,9
2935.184778,41,49,0.26,8,0.0325,9
2935.107659,43,67,0.66,24,0.0275,9
2934.715225,51,79,0.94,28,0.033571429,9
2934.418428,50,64,0.44,14,0.031428571,9
2934.105902,35,55,0.76,20,0.038,9
2933.47374,35,95,0.2,60,0.003333333,9
2933.143567,37,93,0.15,56,0.002678571,9
2932.805197,55,82,0.73,27,0.027037037,9
2932.386541,36,60,0.71,24,0.029583333,9
2932.370708,32,57,0.9,25,0.036,9
2931.950564,37,50,0.48,13,0.036923077,9
2931.62947,36,65,0.87,29,0.03,9
2931.603614,66,75,0.2,9,0.022222222,9
2931.38213,33,60,0.87,27,0.032222222,9
2931.220932,60,77,0.46,17,0.027058824,9
2931.220932,58,79,0.57,21,0.027142857,9
2931.220932,56,81,0.68,25,0.0272,9
2931.110903,34,96,0.43,62,0.006935484,9
2931.041988,52,86,0.91,34,0.026764706,9
2931.041988,51,87,0.97,36,0.026944444,9
2930.929064,34,98,0.27,64,0.00421875,9
2930.867512,38,91,0.16,53,0.003018868,9
2930.75868,38,53,0.53,15,0.035333333,9
2930.711826,39,47,0.28,8,0.035,9
2930.687884,33,61,0.88,28,0.031428571,9
2930.493846,48,68,0.58,20,0.029,9
2929.925555,34,64,0.94,30,0.031333333,9
2929.572493,34,53,0.67,19,0.035263158,9
2929.395177,37,54,0.64,17,0.037647059,9
2929.325087,56,80,0.65,24,0.027083333,9
2929.247292,57,72,0.5,15,0.033333333,9
2929.100056,38,47,0.34,9,0.037777778,9
2929.063775,36,53,0.65,17,0.038235294,9
2928.607804,40,50,0.33,10,0.033,9
2928.408972,38,48,0.38,10,0.038,9
2928.396603,33,56,0.79,23,0.034347826,9
2928.220389,32,58,0.95,26,0.036538462,9
2927.51406,42,53,0.36,11,0.032727273,9
2927.073187,32,65,0.99,33,0.03,9
2926.935931,42,51,0.29,9,0.032222222,9
2926.784458,38,91,0.15,53,0.002830189,9
2926.774362,33,57,0.85,24,0.035416667,9
2926.765149,34,61,0.89,27,0.032962963,9
2926.585174,34,58,0.83,24,0.034583333,9
2926.264435,61,66,0.17,5,0.034,9
2925.882532,37,53,0.53,16,0.033125,9
2925.655063,53,78,0.83,25,0.0332,9
2925.655063,52,79,0.9,27,0.033333333,9
2925.576184,41,59,0.55,18,0.030555556,9
2924.783512,55,79,0.67,24,0.027916667,9
2924.624879,36,49,0.48,13,0.036923077,9
2924.59214,36,66,0.89,30,0.029666667,9
2924.01302,37,95,0.12,58,0.002068966,9
2923.03585,34,95,0.43,61,0.00704918,9
2923.035441,38,97,0.1,59,0.001694915,9
2922.691197,59,70,0.37,11,0.033636364,9
2922.38922,41,67,0.73,26,0.028076923,9
2922.355956,39,51,0.43,12,0.035833333,9
2921.278754,34,52,0.65,18,0.036111111,9
2920.931523,38,50,0.45,12,0.0375,9
2920.716654,51,86,0.95,35,0.027142857,9
2920.592434,38,98,0.12,60,0.002,9
2920.115295,32,64,0.98,32,0.030625,9
2919.852304,64,77,0.29,13,0.022307692,9
2919.557829,54,81,0.74,27,0.027407407,9
2919.547555,37,92,0.16,55,0.002909091,9
2918.564448,43,47,0.15,4,0.0375,9
2918.020746,38,52,0.51,14,0.036428571,9
2917.999291,36,50,0.52,14,0.037142857,9
2917.995115,35,98,0.18,63,0.002857143,9
2917.923252,39,58,0.55,19,0.028947368,9
2917.748557,36,54,0.64,18,0.035555556,9
2917.515352,58,72,0.46,14,0.032857143,9
2917.515352,55,75,0.66,20,0.033,9
2917.328169,36,74,0.88,38,0.023157895,9
2917.079052,34,61,0.84,27,0.031111111,9
2917.037496,33,58,0.95,25,0.038,9
2916.429142,61,75,0.38,14,0.027142857,9
2916.429142,57,80,0.62,23,0.026956522,9
2915.842415,40,60,0.61,20,0.0305,9
2915.703247,38,93,0.14,55,0.002545455,9
2915.648408,39,56,0.55,17,0.032352941,9
2915.180514,35,95,0.21,60,0.0035,9
2914.960328,54,80,0.73,26,0.028076923,9
2914.952828,60,67,0.24,7,0.034285714,9
2914.940024,56,72,0.54,16,0.03375,9
2914.863697,34,99,0.27,65,0.004153846,9
2914.838518,56,74,0.6,18,0.033333333,9
2914.559369,33,64,0.92,31,0.029677419,9
2914.042571,56,75,0.62,19,0.032631579,9
2913.712652,63,67,0.13,4,0.0325,9
2913.567008,34,56,0.84,22,0.038181818,9
2913.053726,35,60,0.83,25,0.0332,9
2912.117353,39,58,0.53,19,0.027894737,9
2911.708464,34,98,0.26,64,0.0040625,9
2911.703662,42,51,0.3,9,0.033333333,9
2911.573059,35,57,0.71,22,0.032272727,9
2911.47422,55,77,0.65,22,0.029545455,9
2911.443054,51,62,0.35,11,0.031818182,9
2911.178232,56,79,0.63,23,0.027391304,9
2911.103625,61,68,0.23,7,0.032857143,9
2910.963888,56,76,0.59,20,0.0295,9
2910.756831,35,96,0.16,61,0.002622951,9
2910.698136,55,82,0.74,27,0.027407407,9
2910.456072,36,93,0.19,57,0.003333333,9
2910.37097,37,49,0.43,12,0.035833333,9
2909.860343,35,98,0.14,63,0.002222222,9
2909.848889,37,93,0.18,56,0.003214286,9
2909.527125,34,62,0.85,28,0.030357143,9
2908.958578,57,71,0.48,14,0.034285714,9
2908.661325,35,58,0.72,23,0.031304348,9
2908.400509,35,60,0.76,25,0.0304,9
2908.329908,35,51,0.6,16,0.0375,9
2908.174668,43,46,0.11,3,0.036666667,9
2908.000306,60,76,0.44,16,0.0275,9
2907.932655,41,54,0.37,13,0.028461538,9
2907.889109,54,79,0.73,25,0.0292,9
2907.639397,53,80,0.79,27,0.029259259,9
2907.63871,48,62,0.45,14,0.032142857,9
2907.56413,33,54,0.84,21,0.04,9
2907.472111,38,60,0.68,22,0.030909091,9
2907.117623,32,57,0.96,25,0.0384,9
2906.734224,54,78,0.71,24,0.029583333,9
2906.734224,53,79,0.77,26,0.029615385,9
2906.734224,52,80,0.83,28,0.029642857,9
2906.458643,64,78,0.31,14,0.022142857,9
2906.401971,62,80,0.4,18,0.022222222,9
2906.122115,33,58,0.88,25,0.0352,9
2905.632319,36,51,0.52,15,0.034666667,9
2905.527151,50,60,0.32,10,0.032,9
2905.463079,35,59,0.89,24,0.037083333,9
2904.654102,37,48,0.39,11,0.035454545,9
2904.556426,37,94,0.19,57,0.003333333,9
2904.316232,35,57,0.78,22,0.035454545,9
2903.860623,35,97,0.26,62,0.004193548,9
2903.297219,35,69,0.87,34,0.025588235,9
2903.239256,37,96,0.17,59,0.002881356,9
2903.1617,46,68,0.7,22,0.031818182,9
2902.683602,45,71,0.8,26,0.030769231,9
2902.565493,57,82,0.61,25,0.0244,9
2902.525088,58,71,0.44,13,0.033846154,9
2902.419778,34,55,0.78,21,0.037142857,9
2902.274257,38,59,0.59,21,0.028095238,9
2902.041436,41,71,0.81,30,0.027,9
2901.864569,34,53,0.76,19,0.04,9
2901.704644,42,54,0.35,12,0.029166667,9
2901.581297,34,52,0.66,18,0.036666667,9
2901.448615,34,98,0.18,64,0.0028125,9
2901.439175,55,73,0.61,18,0.033888889,9
2900.955418,38,55,0.63,17,0.037058824,9
2900.867535,33,62,0.89,29,0.030689655,9
2900.681066,37,46,0.35,9,0.038888889,9
2900.435446,34,54,0.69,20,0.0345,9
2900.419678,32,60,0.98,28,0.035,9
2900.419601,38,57,0.57,19,0.03,9
2900.367881,37,95,0.13,58,0.002241379,9
2900.322427,38,97,0.12,59,0.002033898,9
2899.668512,42,53,0.39,11,0.035454545,9
2899.416685,37,59,0.69,22,0.031363636,9
2899.30268,36,99,0.13,63,0.002063492,9
2899.292362,57,79,0.6,22,0.027272727,9
2898.953327,52,84,0.87,32,0.0271875,9
2898.953327,51,86,0.94,35,0.026857143,9
2898.931359,55,78,0.66,23,0.028695652,9
2898.931359,54,79,0.72,25,0.0288,9
2898.931359,53,80,0.78,27,0.028888889,9
2898.931359,52,81,0.84,29,0.028965517,9
2898.446596,38,52,0.5,14,0.035714286,9
2898.358332,50,86,0.98,36,0.027222222,9
2898.121094,34,98,0.21,64,0.00328125,9
2897.960992,38,56,0.66,18,0.036666667,9
2897.120229,49,64,0.48,15,0.032,9
2896.775341,45,70,0.79,25,0.0316,9
2896.511222,38,58,0.57,20,0.0285,9
2896.112566,35,97,0.15,62,0.002419355,9
2896.098391,36,56,0.7,20,0.035,9
2896.015978,37,56,0.58,19,0.030526316,9
2895.462142,32,58,0.88,26,0.033846154,9
2894.981001,43,50,0.26,7,0.037142857,9
2894.888485,40,53,0.48,13,0.036923077,9
2894.399496,34,62,0.91,28,0.0325,9
2894.214564,61,71,0.29,10,0.029,9
2894.044288,36,97,0.18,61,0.00295082,9
2893.927696,36,95,0.24,59,0.004067797,9
2893.56103,55,75,0.67,20,0.0335,9
2893.46805,35,54,0.69,19,0.036315789,9
2893.426794,37,96,0.11,59,0.001864407,9
2893.281814,35,59,0.72,24,0.03,9
2893.032789,53,76,0.77,23,0.033478261,9
2892.996841,43,73,0.95,30,0.031666667,9
2892.994846,43,71,0.89,28,0.031785714,9
2892.870156,53,83,0.82,30,0.027333333,9
2892.870156,52,84,0.88,32,0.0275,9
2892.344862,43,52,0.29,9,0.032222222,9
2891.848036,37,59,0.63,22,0.028636364,9
2891.670621,36,94,0.16,58,0.002758621,9
2891.442681,35,94,0.21,59,0.003559322,9
2890.996739,32,56,0.83,24,0.034583333,9
2890.897875,35,96,0.17,61,0.002786885,9
2890.877831,31,57,0.92,26,0.035384615,9
2890.5333,32,56,0.95,24,0.039583333,9
2890.376156,39,55,0.53,16,0.033125,9
2889.953723,53,61,0.25,8,0.03125,9
2889.55842,56,77,0.6,21,0.028571429,9
2889.323328,37,94,0.23,57,0.004035088,9
2889.215269,45,70,0.78,25,0.0312,9
2889.122953,34,95,0.44,61,0.007213115,9
2889.026016,33,56,0.85,23,0.036956522,9
2888.971838,39,93,0.1,54,0.001851852,9
2888.604544,38,90,0.17,52,0.003269231,9
2888.498353,34,99,0.2,65,0.003076923,9
2888.489261,35,58,0.79,23,0.034347826,9
2888.394319,47,70,0.66,23,0.028695652,9
2887.804357,36,55,0.68,19,0.035789474,9
2887.804357,34,58,0.85,24,0.035416667,9
2887.741216,38,57,0.58,19,0.030526316,9
2887.581802,43,71,0.88,28,0.031428571,9
2887.500302,33,62,0.9,29,0.031034483,9
2887.469247,34,52,0.63,18,0.035,9
2887.425915,54,76,0.74,22,0.033636364,9
2887.211981,36,58,0.74,22,0.033636364,9
2886.389063,66,70,0.11,4,0.0275,9
2886.389063,64,72,0.22,8,0.0275,9
2886.389063,62,74,0.33,12,0.0275,9
2885.117546,33,54,0.74,21,0.035238095,9
2884.976047,34,61,0.9,27,0.033333333,9
2884.840128,38,47,0.33,9,0.036666667,9
2884.560226,35,96,0.22,61,0.003606557,9
2884.339591,51,79,0.95,28,0.033928571,9
2883.602796,34,61,0.82,27,0.03037037,9
2883.546799,53,76,0.78,23,0.033913043,9
2883.190463,46,69,0.72,23,0.031304348,9
2882.923162,47,68,0.65,21,0.030952381,9
2882.704449,44,70,0.81,26,0.031153846,9
2882.359782,35,60,0.75,25,0.03,9
2882.217806,54,81,0.78,27,0.028888889,9
2882.072517,34,62,0.99,28,0.035357143,9
2882.057604,41,70,0.79,29,0.027241379,9
2882.035541,60,70,0.33,10,0.033,9
2881.900508,44,71,0.86,27,0.031851852,9
2881.650389,51,80,0.97,29,0.033448276,9
2881.643103,37,92,0.18,55,0.003272727,9
2881.152959,35,95,0.22,60,0.003666667,9
2881.105449,38,92,0.17,54,0.003148148,9
2880.975805,33,57,0.81,24,0.03375,9
2880.58918,35,56,0.69,21,0.032857143,9
2880.376868,38,95,0.13,57,0.002280702,9
2880.151502,46,69,0.71,23,0.030869565,9
2879.928171,38,58,0.65,20,0.0325,9
2879.749728,34,98,0.19,64,0.00296875,9
2879.620827,36,97,0.23,61,0.003770492,9
2879.441636,50,59,0.25,9,0.027777778,9
2879.320406,32,56,0.93,24,0.03875,9
2879.111227,47,67,0.63,20,0.0315,9
2879.022302,51,83,0.92,32,0.02875,9
2878.711648,35,51,0.58,16,0.03625,9
2878.363759,35,62,0.79,27,0.029259259,9
2878.222485,37,58,0.65,21,0.030952381,9
2878.208762,61,74,0.37,13,0.028461538,9
2878.206922,53,85,0.87,32,0.0271875,9
2878.044918,34,99,0.15,65,0.002307692,9
2877.69976,34,64,0.96,30,0.032,9
2877.608433,35,96,0.26,61,0.004262295,9
2877.425685,46,70,0.75,24,0.03125,9
2877.023167,33,64,0.94,31,0.030322581,9
2876.797401,36,58,0.81,22,0.036818182,9
2876.454382,50,83,0.98,33,0.02969697,9
2875.632902,57,71,0.47,14,0.033571429,9
2874.955863,35,55,0.71,20,0.0355,9
2874.680692,51,88,0.99,37,0.026756757,9
2874.676007,37,54,0.55,17,0.032352941,9
2874.383372,52,78,0.88,26,0.033846154,9
2874.200367,47,69,0.68,22,0.030909091,9
2874.110079,62,72,0.31,10,0.031,9
2874.04102,57,79,0.61,22,0.027727273,9
2873.891791,37,94,0.14,57,0.00245614,9
2873.552876,55,83,0.75,28,0.026785714,9
2873.552876,54,84,0.81,30,0.027,9
2873.396475,35,98,0.22,63,0.003492063,9
2873.095349,33,55,0.85,22,0.038636364,9
2872.561437,33,52,0.68,19,0.035789474,9
2872.426314,33,61,0.95,28,0.033928571,9
2872.417092,55,90,0.72,35,0.020571429,9
2872.361803,42,72,0.96,30,0.032,9
2872.109819,36,94,0.19,58,0.003275862,9
2872.040583,46,66,0.49,20,0.0245,9
2871.835414,34,99,0.16,65,0.002461538,9
2871.812056,55,79,0.7,24,0.029166667,9
2871.487531,39,48,0.33,9,0.036666667,9
2871.177504,43,49,0.23,6,0.038333333,9
2871.035429,67,74,0.16,7,0.022857143,9
2870.172609,37,96,0.14,59,0.002372881,9
2870.083221,56,72,0.55,16,0.034375,9
2869.950993,36,64,0.99,28,0.035357143,9
2869.802959,55,76,0.69,21,0.032857143,9
2869.579667,58,69,0.38,11,0.034545455,9
2868.852805,58,80,0.59,22,0.026818182,9
2868.852805,56,82,0.7,26,0.026923077,9
2868.735507,32,55,0.93,23,0.040434783,9
2868.645181,35,49,0.51,14,0.036428571,9
2868.193609,61,70,0.29,9,0.032222222,9
2867.858609,46,70,0.74,24,0.030833333,9
2867.673219,38,98,0.13,60,0.002166667,9
2867.33648,56,74,0.59,18,0.032777778,9
2866.659282,35,64,0.8,29,0.027586207,9
2865.949936,54,74,0.68,20,0.034,9
2865.85714,60,75,0.43,15,0.028666667,9
2865.65173,57,74,0.55,17,0.032352941,9
2865.57926,67,73,0.14,6,0.023333333,9
2864.904375,34,98,0.25,64,0.00390625,9
2864.867119,35,62,0.8,27,0.02962963,9
2864.685463,36,95,0.25,59,0.004237288,9
2864.474902,35,97,0.21,62,0.003387097,9
2863.929988,39,57,0.57,18,0.031666667,9
2863.135192,56,73,0.58,17,0.034117647,9
2863.106066,36,95,0.14,59,0.002372881,9
2862.99608,40,57,0.54,17,0.031764706,9
2862.65115,41,52,0.37,11,0.033636364,9
2862.636132,57,84,0.63,27,0.023333333,9
2862.593608,34,61,0.99,27,0.036666667,9
2862.405377,37,52,0.54,15,0.036,9
2862.370595,34,99,0.23,65,0.003538462,9
2862.347906,37,98,0.12,61,0.001967213,9
2862.157136,47,68,0.66,21,0.031428571,9
2862.157136,45,71,0.81,26,0.031153846,9
2862.031679,53,90,0.99,37,0.026756757,9
2861.891416,35,54,0.7,19,0.036842105,9
2861.64438,33,56,0.77,23,0.033478261,9
2861.624299,53,84,0.86,31,0.027741935,9
2861.562895,38,94,0.15,56,0.002678571,9
2861.48303,47,63,0.44,16,0.0275,9
2860.624234,58,76,0.5,18,0.027777778,9
2860.191272,55,84,0.73,29,0.025172414,9
2860.191272,52,88,0.9,36,0.025,9
2860.174563,52,77,0.85,25,0.034,9
2860.172169,63,70,0.22,7,0.031428571,9
2859.665879,38,95,0.15,57,0.002631579,9
2859.523646,39,56,0.52,17,0.030588235,9
2859.387201,58,78,0.57,20,0.0285,9
2859.265102,53,77,0.81,24,0.03375,9
2858.94047,38,91,0.14,53,0.002641509,9
2858.155845,33,54,0.75,21,0.035714286,9
2858.020993,40,48,0.3,8,0.0375,9
2858.007307,35,63,0.89,28,0.031785714,9
2857.964243,44,72,0.88,28,0.031428571,9
2857.949304,53,88,0.85,35,0.024285714,9
2857.941807,54,88,0.93,34,0.027352941,9
2857.896805,48,66,0.57,18,0.031666667,9
2857.573445,65,72,0.21,7,0.03,9
2857.573445,64,73,0.27,9,0.03,9
2857.552046,33,65,0.94,32,0.029375,9
2857.323691,37,93,0.14,56,0.0025,9
2857.299931,32,59,0.97,27,0.035925926,9
2857.22816,58,71,0.43,13,0.033076923,9
2856.446682,56,78,0.64,22,0.029090909,9
2856.357596,45,50,0.16,5,0.032,9
2856.193161,56,90,0.68,34,0.02,9
2856.14626,48,67,0.59,19,0.031052632,9
2856.062785,56,80,0.68,24,0.028333333,9
2855.736909,33,57,0.87,24,0.03625,9
2855.664736,40,55,0.45,15,0.03,9
2855.650407,58,81,0.56,23,0.024347826,9
2855.299656,65,70,0.14,5,0.028,9
2854.941214,39,45,0.23,6,0.038333333,9
2854.607862,35,62,0.88,27,0.032592593,9
2854.325583,53,86,0.88,33,0.026666667,9
2854.325583,52,88,0.95,36,0.026388889,9
2854.294193,34,63,0.87,29,0.03,9
2854.133804,33,58,0.89,25,0.0356,9
2854.089287,59,72,0.42,13,0.032307692,9
2853.922606,33,63,0.99,30,0.033,9
2853.913761,32,63,0.93,31,0.03,9
2853.807217,37,99,0.1,62,0.001612903,9
2853.585293,62,68,0.2,6,0.033333333,9
2853.337687,38,99,0.13,61,0.002131148,9
2853.315613,54,75,0.7,21,0.033333333,9
2853.313113,56,80,0.66,24,0.0275,9
2853.157835,34,97,0.44,63,0.006984127,9
2852.997097,34,76,0.12,42,0.002857143,9
2852.932858,36,51,0.59,15,0.039333333,9
2852.810131,37,66,0.74,29,0.025517241,9
2852.709089,53,75,0.75,22,0.034090909,9
2852.587864,42,54,0.34,12,0.028333333,9
2852.537003,51,78,0.92,27,0.034074074,9
2852.493496,37,53,0.57,16,0.035625,9
2852.385489,41,49,0.29,8,0.03625,9
2852.348604,53,81,0.79,28,0.028214286,9
2852.040066,36,66,0.78,30,0.026,9
2851.806481,40,50,0.36,10,0.036,9
2851.789648,33,59,0.97,26,0.037307692,9
2851.701947,33,98,0.46,65,0.007076923,9
2851.551935,42,52,0.36,10,0.036,9
2851.328564,34,99,0.21,65,0.003230769,9
2851.18851,59,77,0.49,18,0.027222222,9
2850.977661,39,56,0.51,17,0.03,9
2850.830532,37,49,0.46,12,0.038333333,9
2850.728855,48,65,0.55,17,0.032352941,9
2850.577486,45,66,0.68,21,0.032380952,9
2850.432267,41,68,0.75,27,0.027777778,9
2850.176133,33,59,0.92,26,0.035384615,9
2850.059855,37,68,0.77,31,0.02483871,9
2849.863021,57,72,0.51,15,0.034,9
2849.665853,56,71,0.51,15,0.034,9
2849.605718,34,98,0.2,64,0.003125,9
2849.576386,38,58,0.59,20,0.0295,9
2849.490822,50,83,0.97,33,0.029393939,9
2849.074483,35,97,0.23,62,0.003709677,9
2849.05521,34,98,0.29,64,0.00453125,9
2849.038336,57,80,0.63,23,0.027391304,9
2849.038336,56,81,0.69,25,0.0276,9
2849.038336,55,82,0.75,27,0.027777778,9
2849.038336,54,84,0.82,30,0.027333333,9
2849.038336,53,85,0.88,32,0.0275,9
2848.851482,49,65,0.5,16,0.03125,9
2848.805138,31,56,0.88,25,0.0352,9
2848.793641,34,96,0.23,62,0.003709677,9
2848.538584,54,83,0.81,29,0.027931034,9
2848.512812,45,69,0.75,24,0.03125,9
2848.306767,37,59,0.72,22,0.032727273,9
2848.106999,36,58,0.7,22,0.031818182,9
2848.072877,55,78,0.68,23,0.029565217,9
2847.934566,33,99,0.3,66,0.004545455,9
2847.784916,57,76,0.56,19,0.029473684,9
2847.442593,35,63,0.81,28,0.028928571,9
2847.030532,39,55,0.5,16,0.03125,9
2846.651886,35,98,0.25,63,0.003968254,9
2846.620085,57,77,0.58,20,0.029,9
2846.506865,51,53,0.06,2,0.03,9
2846.506865,50,54,0.12,4,0.03,9
2846.277257,37,59,0.65,22,0.029545455,9
2845.447551,36,97,0.13,61,0.002131148,9
2845.172562,51,85,0.94,34,0.027647059,9
2845.12113,46,65,0.47,19,0.024736842,9
2844.970905,35,53,0.61,18,0.033888889,9
2844.498405,40,53,0.42,13,0.032307692,9
2844.457904,38,99,0.12,61,0.001967213,9
2844.190173,59,71,0.4,12,0.033333333,9
2843.747296,39,61,0.67,22,0.030454545,9
2843.268406,56,77,0.62,21,0.02952381,9
2843.252565,60,74,0.39,14,0.027857143,9
2843.252565,59,76,0.47,17,0.027647059,9
2843.252565,57,78,0.58,21,0.027619048,9
2843.252565,56,79,0.64,23,0.027826087,9
2842.523305,34,97,0.25,63,0.003968254,9
2842.495603,37,99,0.12,62,0.001935484,9
2842.395535,38,55,0.61,17,0.035882353,9
2840.775585,35,63,0.82,28,0.029285714,9
2840.711125,53,87,0.84,34,0.024705882,9
2840.459374,33,53,0.72,20,0.036,9
2840.29257,59,81,0.52,22,0.023636364,9
2840.158138,36,61,0.74,25,0.0296,9
2840.125433,54,58,0.13,4,0.0325,9
2840.125433,52,60,0.26,8,0.0325,9
2840.125433,50,62,0.39,12,0.0325,9
2840.005026,52,86,0.92,34,0.027058824,9
2839.981375,40,59,0.66,19,0.034736842,9
2839.732722,33,55,0.87,22,0.039545455,9
2839.421172,42,45,0.11,3,0.036666667,9
2838.484681,60,73,0.38,13,0.029230769,9
2837.970951,35,52,0.68,17,0.04,9
2837.823372,68,69,0.03,1,0.03,9
2837.823372,67,70,0.09,3,0.03,9
2837.823372,66,71,0.15,5,0.03,9
2837.326367,34,60,0.88,26,0.033846154,9
2837.297744,35,98,0.19,63,0.003015873,9
2836.899558,55,81,0.72,26,0.027692308,9
2836.899558,54,82,0.78,28,0.027857143,9
2836.899558,53,83,0.84,30,0.028,9
2836.529123,39,60,0.73,21,0.034761905,9
2835.50713,38,62,0.82,24,0.034166667,9
2835.128903,36,96,0.14,60,0.002333333,9
2835.064585,38,58,0.64,20,0.032,9
2834.986718,34,53,0.7,19,0.036842105,9
2834.985636,36,61,0.79,25,0.0316,9
2834.863665,38,98,0.09,60,0.0015,9
2834.295478,55,80,0.72,25,0.0288,9
2834.12358,32,60,0.97,28,0.034642857,9
2834.099157,35,97,0.16,62,0.002580645,9
2834.015646,34,61,0.83,27,0.030740741,9
2833.981327,35,74,0.11,39,0.002820513,9
2833.96727,35,60,0.79,25,0.0316,9
2833.923996,51,87,0.98,36,0.027222222,9
2833.665796,38,93,0.09,55,0.001636364,9
2833.506755,34,62,0.87,28,0.031071429,9
2833.430941,36,65,0.77,29,0.026551724,9
2833.343546,34,98,0.17,64,0.00265625,9
2833.220246,33,63,0.92,30,0.030666667,9
2833.036434,39,63,0.63,24,0.02625,9
2832.906684,58,72,0.47,14,0.033571429,9
2832.868266,45,48,0.1,3,0.033333333,9
2832.855555,37,96,0.1,59,0.001694915,9
2832.656158,55,88,0.88,33,0.026666667,9
2832.656158,54,89,0.94,35,0.026857143,9
2832.648278,37,63,0.92,26,0.035384615,9
2832.335631,46,68,0.71,22,0.032272727,9
2831.938213,37,94,0.22,57,0.003859649,9
2831.937672,45,51,0.19,6,0.031666667,9
2831.859303,37,92,0.19,55,0.003454545,9
2831.673665,42,72,0.97,30,0.032333333,9
2831.593017,60,79,0.46,19,0.024210526,9
2831.593017,59,80,0.51,21,0.024285714,9
2831.539495,30,59,0.98,29,0.033793103,9
2831.427013,31,56,0.89,25,0.0356,9
2831.246286,34,96,0.45,62,0.007258065,9
2831.079686,34,95,0.24,61,0.003934426,9
2831.021053,51,80,0.98,29,0.033793103,9
2830.989248,52,83,0.88,31,0.028387097,9
2830.872662,57,77,0.56,20,0.028,9
2830.780957,35,49,0.52,14,0.037142857,9
2830.692719,32,56,0.86,24,0.035833333,9
2830.459464,59,77,0.5,18,0.027777778,9
2830.341414,40,45,0.19,5,0.038,9
2830.310751,63,72,0.25,9,0.027777778,9
2830.16065,34,72,0.94,38,0.024736842,9
2829.96286,62,73,0.31,11,0.028181818,9
2829.96286,61,75,0.39,14,0.027857143,9
2829.96286,58,78,0.56,20,0.028,9
2829.896653,34,67,0.99,33,0.03,9
2829.01574,31,56,0.87,25,0.0348,9
2828.876868,36,96,0.24,60,0.004,9
2828.666817,36,48,0.46,12,0.038333333,9
2828.43087,44,74,0.92,30,0.030666667,9
2828.395568,60,76,0.45,16,0.028125,9
2828.290212,41,55,0.41,14,0.029285714,9
2828.232915,57,70,0.44,13,0.033846154,9
2828.015351,39,52,0.46,13,0.035384615,9
2827.869508,41,51,0.39,10,0.039,9
2827.85564,56,80,0.67,24,0.027916667,9
2827.479919,69,88,0.35,19,0.018421053,9
2827.240131,42,71,0.93,29,0.032068966,9
2827.200661,62,78,0.37,16,0.023125,9
2827.177707,61,72,0.31,11,0.028181818,9
2827.152523,36,49,0.49,13,0.037692308,9
2826.971699,34,97,0.22,63,0.003492063,9
2826.863387,51,81,0.99,30,0.033,9
2826.804294,72,83,0.2,11,0.018181818,9
2826.690236,40,52,0.44,12,0.036666667,9
2826.655146,34,66,0.97,32,0.0303125,9
2826.487667,44,71,0.87,27,0.032222222,9
2826.469807,37,96,0.18,59,0.003050847,9
2826.215009,33,55,0.84,22,0.038181818,9
2825.892215,33,99,0.31,66,0.00469697,9
2825.68229,34,61,0.85,27,0.031481481,9
2825.626612,61,81,0.45,20,0.0225,9
2825.462666,34,97,0.27,63,0.004285714,9
2825.150594,54,87,0.8,33,0.024242424,9
2825.032091,35,60,0.78,25,0.0312,9
2824.946792,36,60,0.73,24,0.030416667,9
2824.703602,62,67,0.17,5,0.034,9
2824.577484,35,69,0.88,34,0.025882353,9
2824.544289,34,96,0.22,62,0.003548387,9
2824.337086,55,91,0.73,36,0.020277778,9
2824.237949,53,88,0.86,35,0.024571429,9
2824.222813,49,57,0.21,8,0.02625,9
2824.039767,56,77,0.61,21,0.029047619,9
2824.030177,58,82,0.57,24,0.02375,9
2823.908765,57,79,0.62,22,0.028181818,9
2823.691064,40,58,0.63,18,0.035,9
2823.691064,39,59,0.7,20,0.035,9
2823.454853,60,75,0.48,15,0.032,9
2823.444142,56,83,0.67,27,0.024814815,9
2823.309554,42,50,0.31,8,0.03875,9
2823.054587,61,67,0.2,6,0.033333333,9
2823.054587,58,70,0.4,12,0.033333333,9
2822.892159,39,53,0.51,14,0.036428571,9
2822.796492,38,94,0.11,56,0.001964286,9
2822.561093,52,86,0.93,34,0.027352941,9
2822.553975,59,74,0.44,15,0.029333333,9
2822.553975,58,75,0.5,17,0.029411765,9
2822.503871,34,97,0.23,63,0.003650794,9
2822.288053,54,81,0.76,27,0.028148148,9
2822.288053,53,82,0.82,29,0.028275862,9
2822.15693,42,47,0.18,5,0.036,9
2821.877004,37,58,0.69,21,0.032857143,9
2821.686006,51,82,0.92,31,0.029677419,9
2821.532147,51,84,0.93,33,0.028181818,9
2821.532147,50,85,0.99,35,0.028285714,9
2821.322716,39,90,0.15,51,0.002941176,9
2821.242712,52,79,0.91,27,0.033703704,9
2820.593043,38,59,0.62,21,0.02952381,9
2820.397566,44,70,0.82,26,0.031538462,9
2820.372944,40,54,0.44,14,0.031428571,9
2820.255113,43,51,0.27,8,0.03375,9
2819.964287,51,87,0.99,36,0.0275,9
2819.702073,63,73,0.28,10,0.028,9
2819.299766,53,74,0.72,21,0.034285714,9
2819.299766,52,75,0.79,23,0.034347826,9
2818.949624,33,97,0.46,64,0.0071875,9
2818.74565,37,59,0.77,22,0.035,9
2818.515437,52,90,0.93,38,0.024473684,9
2818.370208,42,72,0.95,30,0.031666667,9
2817.913255,65,75,0.23,10,0.023,9
2817.863923,36,99,0.14,63,0.002222222,9
2817.794121,43,66,0.64,23,0.027826087,9
2817.205473,47,64,0.42,17,0.024705882,9
2817.164221,46,60,0.41,14,0.029285714,9
2817.155283,38,92,0.12,54,0.002222222,9
2816.832537,36,96,0.13,60,0.002166667,9
2816.575271,39,97,0.07,58,0.001206897,9
2816.545419,43,52,0.32,9,0.035555556,9
2816.120612,34,51,0.61,17,0.035882353,9
2816.017932,59,77,0.51,18,0.028333333,9
2816.011384,61,74,0.36,13,0.027692308,9
2815.86607,52,89,0.92,37,0.024864865,9
2815.722697,59,78,0.52,19,0.027368421,9
2815.706226,52,85,0.89,33,0.026969697,9
2815.491861,38,54,0.59,16,0.036875,9
2815.475085,37,51,0.51,14,0.036428571,9
2815.341119,39,57,0.53,18,0.029444444,9
2815.22859,58,79,0.58,21,0.027619048,9
2815.22859,57,80,0.64,23,0.027826087,9
2815.151682,38,96,0.13,58,0.002241379,9
2815.071403,55,77,0.71,22,0.032272727,9
2814.862984,37,95,0.11,58,0.001896552,9
2814.831005,34,97,0.28,63,0.004444444,9
2814.8233,41,63,0.1,22,0.004545455,9
2814.416085,36,96,0.25,60,0.004166667,9
2814.41108,36,48,0.44,12,0.036666667,9
2814.2007,33,61,0.96,28,0.034285714,9
2814.178378,37,57,0.67,20,0.0335,9
2814.097156,45,70,0.8,25,0.032,9
2814.074807,37,91,0.38,54,0.007037037,9
2813.938283,54,86,0.8,32,0.025,9
2813.938283,53,87,0.85,34,0.025,9
2813.938283,51,90,0.97,39,0.024871795,9
2813.840299,37,99,0.11,62,0.001774194,9
2813.337952,41,69,0.77,28,0.0275,9
2813.302824,37,55,0.66,18,0.036666667,9
2813.182354,47,66,0.6,19,0.031578947,9
2813.070914,63,78,0.34,15,0.022666667,9
2813.043157,37,61,0.75,24,0.03125,9
2812.884241,34,95,0.46,61,0.007540984,9
2812.617029,35,54,0.73,19,0.038421053,9
2812.612225,55,80,0.7,25,0.028,9
2812.554492,53,80,0.8,27,0.02962963,9
2812.554492,52,81,0.86,29,0.029655172,9
2812.466793,38,98,0.11,60,0.001833333,9
2812.465212,37,61,0.67,24,0.027916667,9
2812.214025,52,84,0.9,32,0.028125,9
2812.214025,51,85,0.96,34,0.028235294,9
2812.040343,42,50,0.29,8,0.03625,9
2811.684192,39,91,0.11,52,0.002115385,9
2811.315038,37,99,0.15,62,0.002419355,9
2811.205761,63,71,0.23,8,0.02875,9
2811.053718,53,85,0.89,32,0.0278125,9
2810.764865,43,49,0.22,6,0.036666667,9
2810.736808,54,83,0.79,29,0.027241379,9
2810.627221,43,74,0.97,31,0.031290323,9
2810.550739,57,88,0.63,31,0.020322581,9
2810.419155,56,84,0.67,28,0.023928571,9
2810.337638,55,72,0.58,17,0.034117647,9
2810.337638,54,73,0.65,19,0.034210526,9
2810.19538,43,56,0.4,13,0.030769231,9
2810.115919,41,51,0.37,10,0.037,9
2810.070263,58,83,0.58,25,0.0232,9
2810.002288,62,72,0.28,10,0.028,9
2810.002288,59,75,0.45,16,0.028125,9
2809.755598,46,65,0.61,19,0.032105263,9
2809.27415,34,59,0.86,25,0.0344,9
2809.271896,34,57,0.82,23,0.035652174,9
2809.181537,34,97,0.45,63,0.007142857,9
2809.050672,36,57,0.76,21,0.036190476,9
2809.044486,58,77,0.53,19,0.027894737,9
2808.922973,48,61,0.43,13,0.033076923,9
2808.904456,34,95,0.47,61,0.007704918,9
2808.859989,52,89,0.91,37,0.024594595,9
2808.756844,45,68,0.74,23,0.032173913,9
2808.721385,37,94,0.13,57,0.002280702,9
2808.65331,57,83,0.62,26,0.023846154,9
2808.552116,38,61,0.82,23,0.035652174,9
2808.419961,54,80,0.74,26,0.028461538,9
2808.242916,43,75,0.99,32,0.0309375,9
2808.199601,44,73,0.89,29,0.030689655,9
2808.103557,54,86,0.79,32,0.0246875,9
2807.706394,60,82,0.5,22,0.022727273,9
2807.447015,33,97,0.47,64,0.00734375,9
2807.360499,43,74,0.96,31,0.030967742,9
2807.357882,35,99,0.23,64,0.00359375,9
2807.356858,43,75,0.97,32,0.0303125,9
2807.348848,36,55,0.7,19,0.036842105,9
2807.329914,38,92,0.11,54,0.002037037,9
2807.053815,60,73,0.37,13,0.028461538,9
2806.985403,45,70,0.77,25,0.0308,9
2806.95335,43,73,0.94,30,0.031333333,9
2806.930953,34,54,0.73,20,0.0365,9
2806.773813,44,72,0.86,28,0.030714286,9
2806.636754,32,57,0.97,25,0.0388,9
2806.508757,37,62,0.89,25,0.0356,9
2806.460163,55,85,0.74,30,0.024666667,9
2806.459565,49,61,0.33,12,0.0275,9
2806.435143,40,54,0.41,14,0.029285714,9
2806.360099,35,59,0.8,24,0.033333333,9
2806.208604,33,98,0.51,65,0.007846154,9
2805.275541,34,52,0.64,18,0.035555556,9
2805.169181,33,62,0.91,29,0.03137931,9
2804.363133,39,91,0.1,52,0.001923077,9
2804.353374,44,71,0.84,27,0.031111111,9
2804.253117,41,54,0.42,13,0.032307692,9
2803.72236,45,71,0.77,26,0.029615385,9
2803.487912,35,52,0.64,17,0.037647059,9
2803.289827,55,86,0.74,31,0.023870968,9
2803.249383,63,72,0.26,9,0.028888889,9
2803.11729,36,73,0.87,37,0.023513514,9
2803.11577,62,71,0.26,9,0.028888889,9
2803.069174,43,75,0.98,32,0.030625,9
2802.784272,40,59,0.59,19,0.031052632,9
2802.678072,42,56,0.49,14,0.035,9
2802.667079,39,49,0.37,10,0.037,9
2802.445899,57,77,0.57,20,0.0285,9
2802.108062,37,49,0.45,12,0.0375,9
2801.893355,58,77,0.55,19,0.028947368,9
2801.850981,55,80,0.69,25,0.0276,9
2801.850981,54,81,0.75,27,0.027777778,9
2801.850981,54,82,0.77,28,0.0275,9
2801.611694,37,53,0.58,16,0.03625,9
2801.412627,46,67,0.67,21,0.031904762,9
2801.281898,57,83,0.63,26,0.024230769,9
2801.261403,53,92,0.99,39,0.025384615,9
2801.218754,35,53,0.68,18,0.037777778,9
2801.142635,43,69,0.7,26,0.026923077,9
2801.099227,53,84,0.84,31,0.027096774,9
2801.099227,52,85,0.9,33,0.027272727,9
2800.98626,33,63,0.91,30,0.030333333,9
2800.754613,32,55,0.81,23,0.035217391,9
2800.686629,61,72,0.32,11,0.029090909,9
2800.668942,41,57,0.57,16,0.035625,9
2800.618755,37,61,0.86,24,0.035833333,9
2800.46937,50,84,0.99,34,0.029117647,9
2800.374747,37,63,0.79,26,0.030384615,9
2800.361201,56,78,0.62,22,0.028181818,9
2800.361201,55,79,0.68,24,0.028333333,9
2800.113651,61,79,0.43,18,0.023888889,9
2800.113651,60,80,0.48,20,0.024,9
2799.924404,44,74,0.91,30,0.030333333,9
2799.899867,53,82,0.83,29,0.02862069,9
2799.899867,52,83,0.89,31,0.028709677,9
2799.880384,61,80,0.43,19,0.022631579,9
2799.822942,64,71,0.2,7,0.028571429,9
2799.716153,32,98,0.49,66,0.007424242,9
2799.600214,34,59,0.77,25,0.0308,9
2799.435872,48,66,0.58,18,0.032222222,9
2799.408442,53,83,0.85,30,0.028333333,9
2799.408442,52,84,0.91,32,0.0284375,9
2799.337779,59,82,0.53,23,0.023043478,9
2799.333743,63,69,0.19,6,0.031666667,9
2799.23658,34,97,0.21,63,0.003333333,9
2798.659639,36,75,0.89,39,0.022820513,9
2798.562986,33,96,0.25,63,0.003968254,9
2798.203652,37,61,0.74,24,0.030833333,9
2798.160314,33,59,0.98,26,0.037692308,9
2797.56901,52,85,0.92,33,0.027878788,9
2797.56901,51,86,0.98,35,0.028,9
2797.565783,38,56,0.6,18,0.033333333,9
2797.559755,63,68,0.16,5,0.032,9
2797.375908,33,57,0.92,24,0.038333333,9
2797.320829,36,61,0.73,25,0.0292,9
2797.247926,59,81,0.53,22,0.024090909,9
2797.146358,37,63,0.91,26,0.035,9
2796.902667,39,60,0.74,21,0.035238095,9
2796.864311,59,79,0.5,20,0.025,9
2796.659622,75,81,0.11,6,0.018333333,9
2796.630303,46,62,0.45,16,0.028125,9
2796.44817,55,86,0.87,31,0.028064516,9
2796.44817,54,87,0.93,33,0.028181818,9
2796.269147,56,89,0.68,33,0.020606061,9
2796.242022,34,64,0.89,30,0.029666667,9
2796.20771,53,88,0.99,35,0.028285714,9
2796.145537,38,58,0.6,20,0.03,9
2796.145537,37,59,0.66,22,0.03,9
2796.140461,39,52,0.41,13,0.031538462,9
2795.905522,42,46,0.15,4,0.0375,9
2795.894482,59,74,0.43,15,0.028666667,9
2795.58734,53,84,0.85,31,0.027419355,9
2795.58734,52,85,0.91,33,0.027575758,9
2795.509909,60,83,0.51,23,0.022173913,9
2795.420718,65,76,0.25,11,0.022727273,9
2795.362784,38,51,0.48,13,0.036923077,9
2795.026288,37,90,0.39,53,0.007358491,9
2794.696165,36,69,0.82,33,0.024848485,9
2794.660751,55,84,0.77,29,0.026551724,9
2794.306995,43,49,0.21,6,0.035,9
2794.306995,42,50,0.28,8,0.035,9
2794.217834,60,73,0.41,13,0.031538462,9
2794.127719,36,65,0.99,29,0.034137931,9
2794.09049,42,74,0.99,32,0.0309375,9
2793.962204,34,97,0.18,63,0.002857143,9
2793.829441,61,73,0.34,12,0.028333333,9
2793.829441,57,78,0.59,21,0.028095238,9
2793.780508,54,57,0.07,3,0.023333333,9
2793.566664,54,92,0.78,38,0.020526316,9
2793.563263,34,60,0.95,26,0.036538462,9
2793.434457,63,77,0.33,14,0.023571429,9
2793.095069,58,85,0.61,27,0.022592593,9
2792.882506,58,80,0.56,22,0.025454545,9
2792.849103,38,61,0.8,23,0.034782609,9
2792.658108,49,65,0.51,16,0.031875,9
2792.621195,44,54,0.31,10,0.031,9
2792.601389,41,65,0.08,24,0.003333333,9
2792.475252,36,72,0.11,36,0.003055556,9
2792.321115,55,83,0.76,28,0.027142857,9
2792.244318,44,51,0.25,7,0.035714286,9
2792.193998,54,86,0.92,32,0.02875,9
2792.025705,38,98,0.08,60,0.001333333,9
2791.981618,51,86,0.96,35,0.027428571,9
2791.614104,43,53,0.32,10,0.032,9
2791.555353,36,72,0.86,36,0.023888889,9
2791.534154,44,63,0.54,19,0.028421053,9
2791.484886,37,98,0.13,61,0.002131148,9
2791.442133,41,57,0.56,16,0.035,9
2791.383479,43,73,0.92,30,0.030666667,9
2791.293923,56,79,0.66,23,0.028695652,9
2791.224587,40,56,0.47,16,0.029375,9
2791.216547,55,81,0.71,26,0.027307692,9
2791.081115,36,94,0.21,58,0.00362069,9
2791.036107,62,78,0.38,16,0.02375,9
2790.979841,64,76,0.28,12,0.023333333,9
2790.930033,60,80,0.47,20,0.0235,9
2790.873787,59,75,0.46,16,0.02875,9
2790.873787,58,76,0.52,18,0.028888889,9
2790.745637,36,92,0.41,56,0.007321429,9
2790.740774,38,62,0.83,24,0.034583333,9
2790.637363,37,93,0.2,56,0.003571429,9
2790.237637,56,78,0.63,22,0.028636364,9
2790.237637,55,79,0.69,24,0.02875,9
2790.102617,33,97,0.45,64,0.00703125,9
2790.082762,35,96,0.27,61,0.00442623,9
2789.989833,35,94,0.42,59,0.007118644,9
2789.814707,35,68,0.97,33,0.029393939,9
2789.80364,61,76,0.41,15,0.027333333,9
2789.761575,33,98,0.47,65,0.007230769,9
2789.690103,55,75,0.68,20,0.034,9
2789.664212,57,76,0.55,19,0.028947368,9
2789.649221,56,84,0.68,28,0.024285714,9
2789.649221,55,85,0.73,30,0.024333333,9
2789.257175,40,49,0.33,9,0.036666667,9
2789.244265,62,72,0.29,10,0.029,9
2789.153682,40,52,0.47,12,0.039166667,9
2788.978098,37,54,0.61,17,0.035882353,9
2788.860432,51,85,0.93,34,0.027352941,9
2788.812058,60,75,0.42,15,0.028,9
2788.797627,35,58,0.84,23,0.036521739,9
2788.190027,53,87,0.98,34,0.028823529,9
2788.123142,61,79,0.42,18,0.023333333,9
2787.855861,36,94,0.26,58,0.004482759,9
2787.518139,51,89,0.96,38,0.025263158,9
2787.441496,56,81,0.7,25,0.028,9
2787.325027,33,53,0.73,20,0.0365,9
2787.219063,37,60,0.67,23,0.029130435,9
2786.97295,59,75,0.5,16,0.03125,9
2786.920397,49,55,0.18,6,0.03,9
2786.920397,48,56,0.24,8,0.03,9
2786.907715,55,85,0.86,30,0.028666667,9
2786.90184,35,96,0.25,61,0.004098361,9
2786.855405,37,94,0.2,57,0.003508772,9
2786.776322,34,60,0.94,26,0.036153846,9
2786.66231,34,71,0.93,37,0.025135135,9
2786.466057,57,84,0.64,27,0.023703704,9
2786.301099,54,85,0.78,31,0.02516129,9
2786.143875,52,84,0.93,32,0.0290625,9
2786.090286,42,73,0.97,31,0.031290323,9
2786.059427,36,77,0.91,41,0.022195122,9
2786.02471,42,74,0.98,32,0.030625,9
2786.017232,53,82,0.84,29,0.028965517,9
2785.831685,43,72,0.9,29,0.031034483,9
2785.786086,32,55,0.87,23,0.037826087,9
2785.777638,52,83,0.9,31,0.029032258,9
2785.777638,51,84,0.96,33,0.029090909,9
2785.688465,58,75,0.49,17,0.028823529,9
2785.483999,34,99,0.22,65,0.003384615,9
2785.468521,33,52,0.69,19,0.036315789,9
2785.358239,34,98,0.22,64,0.0034375,9
2785.291708,36,62,0.75,26,0.028846154,9
2785.232809,37,96,0.15,59,0.002542373,9
2785.14787,37,50,0.51,13,0.039230769,9
2784.816193,39,90,0.16,51,0.003137255,9
2784.806414,35,52,0.63,17,0.037058824,9
2784.74687,32,54,0.81,22,0.036818182,9
2784.176699,45,65,0.55,20,0.0275,9
2784.135462,35,99,0.13,64,0.00203125,9
2783.985605,72,84,0.22,12,0.018333333,9
2783.976533,60,78,0.45,18,0.025,9
2783.773029,37,95,0.2,58,0.003448276,9
2783.498324,42,52,0.33,10,0.033,9
2783.485916,38,57,0.62,19,0.032631579,9
2783.332069,52,86,0.94,34,0.027647059,9
2782.9208,36,93,0.2,57,0.003508772,9
2782.859013,56,79,0.65,23,0.02826087,9
2782.762708,54,85,0.83,31,0.026774194,9
2782.762708,52,87,0.94,35,0.026857143,9
2782.712291,57,79,0.63,22,0.028636364,9
2782.586614,34,61,0.91,27,0.033703704,9
2782.129997,53,82,0.81,29,0.027931034,9
2782.129997,53,83,0.83,30,0.027666667,9
2782.111041,56,83,0.66,27,0.024444444,9
2782.108091,62,80,0.41,18,0.022777778,9
2781.910447,40,57,0.6,17,0.035294118,9
2781.869856,63,79,0.36,16,0.0225,9
2781.25888,35,99,0.21,64,0.00328125,9
2781.221506,34,58,0.86,24,0.035833333,9
2781.187707,67,72,0.12,5,0.024,9
2781.181369,52,84,0.89,32,0.0278125,9
2781.181369,51,85,0.95,34,0.027941176,9
2781.104698,60,74,0.4,14,0.028571429,9
2780.989776,37,58,0.64,21,0.03047619,9
2780.773065,55,81,0.74,26,0.028461538,9
2780.754467,42,73,0.98,31,0.031612903,9
2780.731826,38,95,0.14,57,0.00245614,9
2780.730011,68,87,0.35,19,0.018421053,9
2780.643847,33,60,0.94,27,0.034814815,9
2780.641855,45,69,0.77,24,0.032083333,9
2780.629451,52,82,0.86,30,0.028666667,9
2780.629451,51,84,0.94,33,0.028484848,9
2780.506204,56,84,0.8,28,0.028571429,9
2780.419458,52,80,0.92,28,0.032857143,9
2780.300188,54,91,0.77,37,0.020810811,9
2780.281936,53,84,0.87,31,0.028064516,9
2780.049648,56,74,0.61,18,0.033888889,9
2779.787686,41,72,0.83,31,0.026774194,9
2779.708096,58,76,0.51,18,0.028333333,9
2779.289272,33,99,0.2,66,0.003030303,9
2779.061831,41,51,0.35,10,0.035,9
2779.014735,33,99,0.46,66,0.006969697,9
2778.992291,56,83,0.68,27,0.025185185,9
2778.971234,64,70,0.17,6,0.028333333,9
2778.945435,34,97,0.26,63,0.004126984,9
2778.907376,50,86,0.99,36,0.0275,9
2778.768876,47,69,0.64,22,0.029090909,9
2778.724615,33,52,0.7,19,0.036842105,9
2778.595571,36,68,0.82,32,0.025625,9
2778.509403,57,87,0.63,30,0.021,9
2778.319937,36,68,0.79,32,0.0246875,9
2777.97097,35,59,0.86,24,0.035833333,9
2777.930884,44,68,0.77,24,0.032083333,9
2777.869029,42,69,0.74,27,0.027407407,9
2777.867969,58,82,0.59,24,0.024583333,9
2777.839445,59,83,0.55,24,0.022916667,9
2777.63743,62,79,0.39,17,0.022941176,9
2777.569869,44,72,0.89,28,0.031785714,9
2777.476993,45,72,0.83,27,0.030740741,9
2777.431231,58,83,0.59,25,0.0236,9
2777.32137,55,82,0.76,27,0.028148148,9
2777.294083,59,76,0.49,17,0.028823529,9
2777.192951,38,60,0.78,22,0.035454545,9
2776.934454,43,73,0.93,30,0.031,9
2776.855817,53,91,0.99,38,0.026052632,9
2776.784365,36,95,0.21,59,0.003559322,9
2776.468256,47,62,0.42,15,0.028,9
2776.379109,35,55,0.72,20,0.036,9
2776.13382,63,70,0.2,7,0.028571429,9
2776.09722,45,71,0.82,26,0.031538462,9
2775.999042,33,61,0.85,28,0.030357143,9
2775.727233,64,75,0.26,11,0.023636364,9
2775.714252,73,81,0.15,8,0.01875,9
2775.510915,38,61,0.81,23,0.035217391,9
2775.308554,45,47,0.07,2,0.035,9
2775.308554,44,48,0.14,4,0.035,9
2775.297916,36,54,0.65,18,0.036111111,9
2775.292084,30,58,0.97,28,0.034642857,9
2775.247589,62,73,0.35,11,0.031818182,9
2775.132793,65,70,0.16,5,0.032,9
2775.054345,31,59,0.97,28,0.034642857,9
2775.024226,57,83,0.64,26,0.024615385,9
2774.978835,49,57,0.23,8,0.02875,9
2774.960546,32,57,0.98,25,0.0392,9
2774.90596,63,78,0.35,15,0.023333333,9
2774.793171,41,54,0.39,13,0.03,9
2774.46566,38,97,0.11,59,0.001864407,9
2774.164264,42,73,0.99,31,0.031935484,9
2774.160597,60,81,0.48,21,0.022857143,9
2773.883326,30,57,0.98,27,0.036296296,9
2773.595294,34,62,0.92,28,0.032857143,9
2773.537678,38,97,0.14,59,0.002372881,9
2773.522268,35,56,0.75,21,0.035714286,9
2773.480952,43,72,0.91,29,0.03137931,9
2773.451342,40,51,0.44,11,0.04,9
2773.4419,47,67,0.64,20,0.032,9
2773.436385,36,92,0.4,56,0.007142857,9
2773.406466,57,73,0.54,16,0.03375,9
2773.391662,42,54,0.38,12,0.031666667,9
2773.353856,51,83,0.93,32,0.0290625,9
2773.341949,61,73,0.35,12,0.029166667,9
2773.33376,66,73,0.17,7,0.024285714,9
2773.207141,48,68,0.62,20,0.031,9
2773.032333,39,91,0.12,52,0.002307692,9
2773.021859,56,85,0.81,29,0.027931034,9
2772.996222,55,84,0.72,29,0.024827586,9
2772.996222,54,85,0.77,31,0.02483871,9
2772.789038,34,99,0.29,65,0.004461538,9
2772.703706,32,55,0.83,23,0.036086957,9
2772.676876,34,64,0.88,30,0.029333333,9
2772.633832,54,87,0.94,33,0.028484848,9
2772.573058,59,76,0.48,17,0.028235294,9
2772.573058,58,77,0.54,19,0.028421053,9
2772.37673,35,62,0.86,27,0.031851852,9
2772.371618,52,63,0.32,11,0.029090909,9
2772.300005,38,95,0.1,57,0.001754386,9
2772.284474,54,78,0.78,24,0.0325,9
2772.272055,53,86,0.89,33,0.026969697,9
2772.254143,31,56,0.9,25,0.036,9
2772.232108,34,92,0.46,58,0.007931034,9
2772.194242,61,78,0.41,17,0.024117647,9
2772.152241,49,63,0.45,14,0.032142857,9
2771.87366,68,86,0.34,18,0.018888889,9
2771.858624,34,98,0.24,64,0.00375,9
2771.552352,37,98,0.14,61,0.002295082,9
2771.275813,38,89,0.37,51,0.007254902,9
2771.249048,51,86,0.97,35,0.027714286,9
2771.091557,53,81,0.8,28,0.028571429,9
2771.02074,33,99,0.32,66,0.004848485,9
2770.925338,37,60,0.68,23,0.029565217,9
2770.889473,47,70,0.65,23,0.02826087,9
