% profit,ema1,ema2,threshold,diff,thresh / diff,ID
3732.130697,67,89,0.39,22,0.017727273,49
3701.326858,70,85,0.27,15,0.018,49
3694.53175,75,80,0.09,5,0.018,49
3629.280583,69,87,0.32,18,0.017777778,49
3600.129645,66,91,0.44,25,0.0176,49
3544.21725,66,90,0.43,24,0.017916667,49
3544.186585,74,80,0.11,6,0.018333333,49
3495.490751,52,73,0.72,21,0.034285714,49
3484.255104,66,82,0.31,16,0.019375,49
3481.10576,51,74,0.79,23,0.034347826,49
3470.027001,68,89,0.37,21,0.017619048,49
3462.56642,71,85,0.25,14,0.017857143,49
3456.629649,50,75,0.86,25,0.0344,49
3410.694304,65,92,0.48,27,0.017777778,49
3394.280476,62,76,0.41,14,0.029285714,49
3391.089169,68,87,0.34,19,0.017894737,49
3391.088424,65,83,0.35,18,0.019444444,49
3384.729143,61,76,0.44,15,0.029333333,49
3382.003516,60,77,0.5,17,0.029411765,49
3374.261298,66,68,0.06,2,0.03,49
3374.261298,65,69,0.12,4,0.03,49
3374.261298,64,70,0.18,6,0.03,49
3362.493155,73,82,0.16,9,0.017777778,49
3351.687619,69,85,0.3,16,0.01875,49
3344.514665,63,75,0.35,12,0.029166667,49
3341.145635,65,91,0.47,26,0.018076923,49
3340.137058,62,75,0.38,13,0.029230769,49
3334.380136,72,83,0.2,11,0.018181818,49
3334.380136,69,86,0.31,17,0.018235294,49
3334.380136,68,87,0.35,19,0.018421053,49
3334.380136,67,89,0.4,22,0.018181818,49
3334.380136,64,92,0.51,28,0.018214286,49
3333.394561,64,74,0.29,10,0.029,49
3328.612755,60,65,0.17,5,0.034,49
3319.447552,74,81,0.13,7,0.018571429,49
3312.816057,73,81,0.15,8,0.01875,49
3312.816057,67,88,0.39,21,0.018571429,49
3304.982482,65,85,0.38,20,0.019,49
3296.133515,71,84,0.24,13,0.018461538,49
3295.703483,66,90,0.44,24,0.018333333,49
3289.285504,64,93,0.52,29,0.017931034,49
3282.917217,61,95,0.63,34,0.018529412,49
3281.487042,68,81,0.25,13,0.019230769,49
3276.687725,55,75,0.64,20,0.032,49
3275.925848,68,88,0.36,20,0.018,49
3272.760584,63,93,0.55,30,0.018333333,49
3272.760584,63,94,0.56,31,0.018064516,49
3272.760584,62,94,0.59,32,0.0184375,49
3258.330912,70,79,0.17,9,0.018888889,49
3257.933596,67,81,0.27,14,0.019285714,49
3257.792644,72,84,0.22,12,0.018333333,49
3256.708356,64,86,0.43,22,0.019545455,49
3256.242934,68,82,0.27,14,0.019285714,49
3255.394651,66,92,0.46,26,0.017692308,49
3254.654979,60,69,0.29,9,0.032222222,49
3254.654979,58,71,0.42,13,0.032307692,49
3254.654979,56,73,0.55,17,0.032352941,49
3252.096893,65,90,0.45,25,0.018,49
3251.583407,65,91,0.48,26,0.018461538,49
3251.11669,67,90,0.41,23,0.017826087,49
3249.155771,55,73,0.59,18,0.032777778,49
3248.133198,69,87,0.33,18,0.018333333,49
3243.928184,67,83,0.31,16,0.019375,49
3243.672129,68,80,0.23,12,0.019166667,49
3242.667052,53,76,0.75,23,0.032608696,49
3242.349212,57,71,0.46,14,0.032857143,49
3241.108669,53,72,0.65,19,0.034210526,49
3240.51689,58,67,0.31,9,0.034444444,49
3239.916134,54,71,0.58,17,0.034117647,49
3239.844124,69,85,0.29,16,0.018125,49
3234.118827,55,70,0.51,15,0.034,49
3231.344958,73,83,0.18,10,0.018,49
3231.344958,70,86,0.29,16,0.018125,49
3231.344958,66,91,0.45,25,0.018,49
3225.128404,69,81,0.23,12,0.019166667,49
3224.718759,69,77,0.16,8,0.02,49
3222.823485,51,76,0.84,25,0.0336,49
3221.075222,59,66,0.24,7,0.034285714,49
3219.644153,67,88,0.38,21,0.018095238,49
3218.602935,55,71,0.54,16,0.03375,49
3218.602935,54,72,0.61,18,0.033888889,49
3215.312314,68,78,0.2,10,0.02,49
3215.312314,67,79,0.24,12,0.02,49
3214.330492,69,80,0.21,11,0.019090909,49
3212.25787,70,80,0.19,10,0.019,49
3208.556816,72,82,0.19,10,0.019,49
3207.35024,62,65,0.1,3,0.033333333,49
3207.189409,69,84,0.29,15,0.019333333,49
3203.590509,71,83,0.22,12,0.018333333,49
3201.756799,67,90,0.42,23,0.01826087,49
3201.753861,56,70,0.47,14,0.033571429,49
3201.070035,64,86,0.42,22,0.019090909,49
3200.873709,57,69,0.4,12,0.033333333,49
3200.368523,62,96,0.62,34,0.018235294,49
3198.306429,51,76,0.85,25,0.034,49
3197.942782,59,69,0.33,10,0.033,49
3195.539294,54,76,0.71,22,0.032272727,49
3195.369602,70,83,0.25,13,0.019230769,49
3195.24529,59,67,0.27,8,0.03375,49
3195.102642,62,66,0.13,4,0.0325,49
3195.102642,60,68,0.26,8,0.0325,49
3195.102642,58,70,0.39,12,0.0325,49
3194.759242,50,78,0.94,28,0.033571429,49
3194.292417,64,93,0.53,29,0.018275862,49
3194.125699,63,94,0.57,31,0.018387097,49
3194.073731,54,73,0.63,19,0.033157895,49
3193.501051,64,92,0.5,28,0.017857143,49
3193.387378,52,75,0.77,23,0.033478261,49
3192.939922,52,75,0.78,23,0.033913043,49
3192.364831,55,74,0.62,19,0.032631579,49
3191.658845,54,74,0.66,20,0.033,49
3188.42823,62,97,0.63,35,0.018,49
3187.6469,63,95,0.58,32,0.018125,49
3184.777494,58,68,0.34,10,0.034,49
3184.572431,59,68,0.3,9,0.033333333,49
3184.572431,56,71,0.5,15,0.033333333,49
3184.156588,63,87,0.47,24,0.019583333,49
3182.700279,59,70,0.36,11,0.032727273,49
3182.374108,68,89,0.38,21,0.018095238,49
3182.374108,64,94,0.54,30,0.018,49
3182.374108,63,96,0.59,33,0.017878788,49
3182.311451,57,69,0.41,12,0.034166667,49
3181.406469,53,74,0.7,21,0.033333333,49
3180.71393,55,73,0.6,18,0.033333333,49
3178.525844,72,74,0.04,2,0.02,49
3178.525844,71,75,0.08,4,0.02,49
3178.208837,55,72,0.57,17,0.033529412,49
3178.043817,67,82,0.29,15,0.019333333,49
3177.640849,60,66,0.2,6,0.033333333,49
3177.203268,50,79,0.96,29,0.033103448,49
3176.491923,58,69,0.37,11,0.033636364,49
3175.75048,65,93,0.5,28,0.017857143,49
3175.322453,56,72,0.53,16,0.033125,49
3174.457489,63,94,0.55,31,0.017741935,49
3173.541803,53,76,0.76,23,0.033043478,49
3172.409183,60,67,0.23,7,0.032857143,49
3172.009418,65,85,0.39,20,0.0195,49
3171.81756,54,75,0.69,21,0.032857143,49
3171.81756,51,78,0.89,27,0.032962963,49
3171.574061,65,92,0.49,27,0.018148148,49
3170.170776,70,76,0.12,6,0.02,49
3169.081617,52,77,0.82,25,0.0328,49
3168.162112,52,78,0.85,26,0.032692308,49
3168.020957,60,70,0.32,10,0.032,49
3166.74263,57,73,0.51,16,0.031875,49
3166.160497,66,84,0.35,18,0.019444444,49
3165.583402,57,72,0.49,15,0.032666667,49
3165.583402,53,77,0.78,24,0.0325,49
3164.962878,71,79,0.15,8,0.01875,49
3164.957665,58,69,0.36,11,0.032727273,49
3163.591337,70,85,0.28,15,0.018666667,49
3161.067718,56,76,0.63,20,0.0315,49
3160.405115,57,70,0.43,13,0.033076923,49
3159.286248,62,68,0.19,6,0.031666667,49
3159.282894,54,73,0.64,19,0.033684211,49
3159.282894,53,74,0.71,21,0.033809524,49
3158.504054,55,77,0.69,22,0.031363636,49
3158.119566,52,76,0.8,24,0.033333333,49
3158.119566,51,77,0.87,26,0.033461538,49
3158.091381,58,72,0.45,14,0.032142857,49
3157.790356,68,86,0.33,18,0.018333333,49
3152.76522,53,75,0.73,22,0.033181818,49
3152.39983,56,77,0.65,21,0.030952381,49
3149.931176,57,70,0.44,13,0.033846154,49
3149.194783,69,86,0.32,17,0.018823529,49
3147.899904,57,72,0.5,15,0.033333333,49
3145.825769,59,73,0.44,14,0.031428571,49
3144.231078,55,78,0.72,23,0.031304348,49
3143.764534,66,84,0.34,18,0.018888889,49
3143.53788,58,73,0.47,15,0.031333333,49
3142.962033,57,71,0.47,14,0.033571429,49
3142.234126,67,87,0.38,20,0.019,49
3141.780996,59,72,0.41,13,0.031538462,49
3141.780996,56,75,0.6,19,0.031578947,49
3141.248298,68,86,0.34,18,0.018888889,49
3140.961978,58,71,0.43,13,0.033076923,49
3138.746548,62,67,0.16,5,0.032,49
3138.067266,61,70,0.28,9,0.031111111,49
3137.769702,60,69,0.3,9,0.033333333,49
3137.505622,56,70,0.48,14,0.034285714,49
3136.564073,50,77,0.91,27,0.033703704,49
3136.102062,66,89,0.42,23,0.01826087,49
3135.300315,73,74,0.02,1,0.02,49
3135.300315,72,75,0.06,3,0.02,49
3135.300315,71,76,0.1,5,0.02,49
3135.300315,70,77,0.14,7,0.02,49
3134.48094,61,68,0.23,7,0.032857143,49
3133.352706,57,74,0.54,17,0.031764706,49
3130.065122,54,74,0.67,20,0.0335,49
3130.065122,53,75,0.74,22,0.033636364,49
3130.052405,55,76,0.67,21,0.031904762,49
3129.486768,58,74,0.5,16,0.03125,49
3129.125476,49,77,0.96,28,0.034285714,49
3128.84587,59,71,0.38,12,0.031666667,49
3127.662163,56,74,0.58,18,0.032222222,49
3127.575031,58,73,0.49,15,0.032666667,49
3127.525758,69,78,0.18,9,0.02,49
3127.342398,53,73,0.68,20,0.034,49
3127.342398,52,74,0.75,22,0.034090909,49
3127.342398,51,75,0.82,24,0.034166667,49
3127.342398,50,76,0.89,26,0.034230769,49
3126.608658,55,74,0.63,19,0.033157895,49
3125.828209,65,89,0.44,24,0.018333333,49
3125.456992,52,77,0.83,25,0.0332,49
3124.75688,61,67,0.2,6,0.033333333,49
3124.75688,58,70,0.4,12,0.033333333,49
3124.623645,54,75,0.7,21,0.033333333,49
3121.852325,64,73,0.27,9,0.03,49
3121.852325,63,74,0.33,11,0.03,49
3120.156323,56,73,0.56,17,0.032941176,49
3115.895112,64,71,0.22,7,0.031428571,49
3115.049719,62,69,0.22,7,0.031428571,49
3113.554049,64,91,0.49,27,0.018148148,49
3113.073463,54,78,0.78,24,0.0325,49
3112.890614,66,80,0.28,14,0.02,49
3112.688935,53,78,0.8,25,0.032,49
3112.19898,65,78,0.27,13,0.020769231,49
3111.130092,71,82,0.21,11,0.019090909,49
3110.135337,51,78,0.9,27,0.033333333,49
3108.58307,50,77,0.92,27,0.034074074,49
3108.58307,49,78,0.99,29,0.034137931,49
3108.493911,62,95,0.59,33,0.017878788,49
3107.634555,52,76,0.81,24,0.03375,49
3107.217592,51,79,0.92,28,0.032857143,49
3107.123812,62,87,0.49,25,0.0196,49
3106.60828,63,86,0.45,23,0.019565217,49
3106.521576,57,79,0.67,22,0.030454545,49
3106.43927,61,71,0.31,10,0.031,49
3106.43927,57,75,0.56,18,0.031111111,49
3105.472648,60,98,0.67,38,0.017631579,49
3101.53805,52,78,0.86,26,0.033076923,49
3101.529216,58,78,0.61,20,0.0305,49
3100.914595,50,79,0.97,29,0.033448276,49
3100.395332,50,80,0.99,30,0.033,49
3099.041698,57,76,0.59,19,0.031052632,49
3098.674139,66,83,0.33,17,0.019411765,49
3098.672887,57,75,0.57,18,0.031666667,49
3098.643407,57,74,0.56,17,0.032941176,49
3098.643407,54,77,0.76,23,0.033043478,49
3096.723264,64,85,0.41,21,0.01952381,49
3096.669581,60,70,0.33,10,0.033,49
3096.052763,65,82,0.34,17,0.02,49
3095.718476,53,76,0.77,23,0.033478261,49
3095.718476,52,77,0.84,25,0.0336,49
3095.204811,53,80,0.85,27,0.031481481,49
3095.203403,55,76,0.69,21,0.032857143,49
3094.819992,62,75,0.39,13,0.03,49
3094.819992,61,76,0.45,15,0.03,49
3093.376376,54,70,0.56,16,0.035,49
3093.376376,53,71,0.63,18,0.035,49
3092.342003,51,79,0.93,28,0.033214286,49
3090.697395,65,84,0.37,19,0.019473684,49
3090.430637,63,86,0.44,23,0.019130435,49
3090.046782,51,79,0.94,28,0.033571429,49
3086.405176,52,79,0.87,27,0.032222222,49
3085.963017,50,75,0.87,25,0.0348,49
3084.20777,63,66,0.1,3,0.033333333,49
3083.89891,56,75,0.62,19,0.032631579,49
3083.565003,57,73,0.52,16,0.0325,49
3083.490532,56,71,0.51,15,0.034,49
3082.762489,55,77,0.71,22,0.032272727,49
3082.606407,54,78,0.76,24,0.031666667,49
3082.507448,56,73,0.57,17,0.033529412,49
3081.362951,59,69,0.34,10,0.034,49
3081.353449,60,71,0.35,11,0.031818182,49
3080.800627,61,66,0.17,5,0.034,49
3080.429805,64,83,0.38,19,0.02,49
3080.317678,52,80,0.91,28,0.0325,49
3079.537365,59,78,0.57,19,0.03,49
3079.182534,53,79,0.84,26,0.032307692,49
3077.427034,54,78,0.77,24,0.032083333,49
3077.140958,57,73,0.53,16,0.033125,49
3076.815695,54,76,0.73,22,0.033181818,49
3076.815695,53,77,0.8,24,0.033333333,49
3076.13833,63,68,0.16,5,0.032,49
3076.13833,58,73,0.48,15,0.032,49
3073.894855,64,84,0.39,20,0.0195,49
3073.761562,51,81,0.98,30,0.032666667,49
3073.709478,51,77,0.88,26,0.033846154,49
3073.124884,51,82,0.99,31,0.031935484,49
3073.115616,58,79,0.63,21,0.03,49
3072.842721,55,74,0.64,19,0.033684211,49
3072.608701,52,81,0.92,29,0.031724138,49
3071.427061,58,77,0.6,19,0.031578947,49
3071.187887,60,68,0.27,8,0.03375,49
3070.930221,55,75,0.65,20,0.0325,49
3069.43429,61,70,0.29,9,0.032222222,49
3069.43429,59,72,0.42,13,0.032307692,49
3068.703833,56,68,0.42,12,0.035,49
3068.703833,55,69,0.49,14,0.035,49
3068.605441,63,92,0.55,29,0.018965517,49
3067.988436,53,79,0.85,26,0.032692308,49
3067.796334,57,80,0.69,23,0.03,49
3067.654787,63,85,0.43,22,0.019545455,49
3067.374713,52,79,0.89,27,0.032962963,49
3066.160942,56,76,0.64,20,0.032,49
3066.160942,54,79,0.79,25,0.0316,49
3066.12661,67,89,0.41,22,0.018636364,49
3066.12661,66,91,0.46,25,0.0184,49
3064.95016,52,80,0.92,28,0.032857143,49
3064.430103,59,99,0.71,40,0.01775,49
3064.229854,51,80,0.96,29,0.033103448,49
3063.692406,60,77,0.51,17,0.03,49
3062.083301,67,69,0.06,2,0.03,49
3062.083301,66,70,0.12,4,0.03,49
3062.083301,65,71,0.18,6,0.03,49
3061.727803,62,70,0.25,8,0.03125,49
3061.34775,51,74,0.8,23,0.034782609,49
3061.215649,63,92,0.53,29,0.018275862,49
3060.585871,56,81,0.75,25,0.03,49
3060.044215,62,85,0.46,23,0.02,49
3059.697578,63,67,0.13,4,0.0325,49
3059.697578,61,69,0.26,8,0.0325,49
3059.697578,59,71,0.39,12,0.0325,49
3059.635382,54,76,0.72,22,0.032727273,49
3059.034414,53,80,0.87,27,0.032222222,49
3057.912432,53,78,0.82,25,0.0328,49
3056.870879,55,75,0.66,20,0.033,49
3056.785285,51,81,0.97,30,0.032333333,49
3055.744105,56,74,0.59,18,0.032777778,49
3054.267666,59,76,0.53,17,0.031176471,49
3053.872165,61,74,0.41,13,0.031538462,49
3053.677055,56,75,0.61,19,0.032105263,49
3053.677055,54,77,0.74,23,0.032173913,49
3053.411678,58,72,0.46,14,0.032857143,49
3052.830837,69,80,0.22,11,0.02,49
3052.104024,52,81,0.93,29,0.032068966,49
3052.094701,55,73,0.61,18,0.033888889,49
3052.094701,51,78,0.91,27,0.033703704,49
3051.851069,56,72,0.54,16,0.03375,49
3051.561059,55,72,0.58,17,0.034117647,49
3049.171776,62,71,0.28,9,0.031111111,49
3049.0305,52,80,0.9,28,0.032142857,49
3048.055551,72,73,0.02,1,0.02,49
3048.055551,71,74,0.06,3,0.02,49
3048.055551,70,75,0.1,5,0.02,49
3048.055551,69,76,0.14,7,0.02,49
3048.055551,68,77,0.18,9,0.02,49
3048.055551,67,78,0.22,11,0.02,49
3048.055551,66,79,0.26,13,0.02,49
3047.247147,66,89,0.43,23,0.018695652,49
3047.247147,65,90,0.47,25,0.0188,49
3047.247147,64,91,0.51,27,0.018888889,49
3047.247147,64,92,0.52,28,0.018571429,49
3047.247147,63,93,0.56,30,0.018666667,49
3047.247147,62,94,0.6,32,0.01875,49
3047.247147,62,95,0.61,33,0.018484848,49
3047.247147,61,96,0.65,35,0.018571429,49
3047.001773,54,77,0.75,23,0.032608696,49
3047.001773,53,78,0.81,25,0.0324,49
3044.76465,68,81,0.26,13,0.02,49
3044.758224,58,75,0.53,17,0.031176471,49
3044.360739,53,80,0.86,27,0.031851852,49
3044.291254,68,88,0.37,20,0.0185,49
3042.378736,59,74,0.46,15,0.030666667,49
3042.229577,51,81,0.96,30,0.032,49
3042.13993,53,83,0.92,30,0.030666667,49
3041.830036,57,74,0.55,17,0.032352941,49
3041.830036,55,76,0.68,21,0.032380952,49
3041.084109,66,81,0.3,15,0.02,49
3040.496037,52,79,0.88,27,0.032592593,49
3039.412671,52,79,0.9,27,0.033333333,49
3038.481043,48,60,0.31,12,0.025833333,49
3038.2641,53,78,0.83,25,0.0332,49
3037.043308,56,80,0.73,24,0.030416667,49
3035.843558,55,77,0.7,22,0.031818182,49
3035.843558,53,79,0.83,26,0.031923077,49
3035.781831,51,80,0.94,29,0.032413793,49
3033.686674,55,81,0.79,26,0.030384615,49
3033.449956,52,78,0.87,26,0.033461538,49
3033.405085,56,68,0.41,12,0.034166667,49
3032.83885,62,69,0.23,7,0.032857143,49
3031.477385,72,82,0.18,10,0.018,49
3031.471925,62,73,0.34,11,0.030909091,49
3031.317726,62,72,0.32,10,0.032,49
3030.327612,62,68,0.2,6,0.033333333,49
3029.815815,66,76,0.21,10,0.021,49
3029.469617,60,71,0.36,11,0.032727273,49
3029.337423,56,80,0.74,24,0.030833333,49
3028.887488,63,93,0.57,30,0.019,49
3028.572764,59,77,0.55,18,0.030555556,49
3028.533235,60,76,0.49,16,0.030625,49
3028.315065,51,80,0.95,29,0.032758621,49
3028.252998,52,81,0.94,29,0.032413793,49
3028.235703,52,82,0.94,30,0.031333333,49
3026.212878,57,67,0.34,10,0.034,49
3024.945482,68,79,0.22,11,0.02,49
3024.945482,67,80,0.26,13,0.02,49
3024.530594,61,96,0.66,35,0.018857143,49
3024.199307,46,68,0.68,22,0.030909091,49
3022.350215,59,71,0.4,12,0.033333333,49
3021.554482,60,73,0.4,13,0.030769231,49
3021.546363,60,75,0.46,15,0.030666667,49
3020.904564,65,91,0.46,26,0.017692308,49
3019.499225,54,81,0.85,27,0.031481481,49
3018.872969,53,77,0.79,24,0.032916667,49
3018.843753,62,94,0.61,32,0.0190625,49
3018.449395,53,83,0.81,30,0.027,49
3017.988949,53,82,0.91,29,0.03137931,49
3017.776681,56,79,0.72,23,0.031304348,49
3017.274337,56,74,0.6,18,0.033333333,49
3016.441164,59,70,0.37,11,0.033636364,49
3016.267239,55,80,0.78,25,0.0312,49
3015.860667,60,72,0.38,12,0.031666667,49
3015.81999,52,82,0.95,30,0.031666667,49
3014.987139,49,76,0.95,27,0.035185185,49
3014.554356,61,89,0.56,28,0.02,49
3014.286333,64,80,0.33,16,0.020625,49
3014.118397,55,79,0.74,24,0.030833333,49
3013.720498,61,73,0.37,12,0.030833333,49
3012.129976,58,65,0.25,7,0.035714286,49
3012.129976,52,72,0.71,20,0.0355,49
3010.047931,57,75,0.58,18,0.032222222,49
3009.880238,52,84,0.99,32,0.0309375,49
3008.616247,59,76,0.52,17,0.030588235,49
3008.616247,55,80,0.77,25,0.0308,49
3006.691895,55,75,0.67,20,0.0335,49
3006.223543,64,72,0.24,8,0.03,49
3005.30451,71,73,0.04,2,0.02,49
3005.30451,70,74,0.08,4,0.02,49
3004.63356,64,91,0.5,27,0.018518519,49
3004.528811,56,76,0.65,20,0.0325,49
3003.055356,72,81,0.17,9,0.018888889,49
3003.055096,54,82,0.86,28,0.030714286,49
3002.878655,50,75,0.88,25,0.0352,49
3002.875595,54,81,0.83,27,0.030740741,49
3001.983,71,80,0.17,9,0.018888889,49
3000.338024,61,95,0.65,34,0.019117647,49
3000.338024,60,96,0.69,36,0.019166667,49
3000.338024,59,98,0.74,39,0.018974359,49
2999.839514,46,67,0.67,21,0.031904762,49
2999.603088,57,77,0.62,20,0.031,49
2999.574739,71,84,0.23,13,0.017692308,49
2999.505097,68,85,0.32,17,0.018823529,49
2999.359461,56,75,0.63,19,0.033157895,49
2998.920378,61,88,0.53,27,0.01962963,49
2998.678673,62,96,0.6,34,0.017647059,49
2997.54628,67,82,0.3,15,0.02,49
2997.54628,66,83,0.34,17,0.02,49
2997.449617,67,86,0.36,19,0.018947368,49
2997.334486,60,97,0.7,37,0.018918919,49
2997.288379,54,81,0.74,27,0.027407407,49
2997.173323,52,83,0.98,31,0.031612903,49
2996.399706,61,75,0.43,14,0.030714286,49
2996.309304,52,80,0.81,28,0.028928571,49
2996.309304,51,81,0.87,30,0.029,49
2996.088697,55,81,0.8,26,0.030769231,49
2995.646693,63,72,0.28,9,0.031111111,49
2995.641875,58,77,0.59,19,0.031052632,49
2995.417671,65,90,0.46,25,0.0184,49
2995.259006,56,78,0.68,22,0.030909091,49
2994.938358,52,83,0.85,31,0.027419355,49
2994.753236,63,73,0.3,10,0.03,49
2994.753236,62,74,0.36,12,0.03,49
2994.753236,61,75,0.42,14,0.03,49
2994.753236,60,76,0.48,16,0.03,49
2994.082736,60,75,0.47,15,0.031333333,49
2994.031516,53,83,0.93,30,0.031,49
2993.954003,51,87,0.95,36,0.026388889,49
2993.825669,58,74,0.51,16,0.031875,49
2993.165604,60,90,0.6,30,0.02,49
2992.893474,59,73,0.45,14,0.032142857,49
2992.193029,55,69,0.48,14,0.034285714,49
2992.157947,56,77,0.66,21,0.031428571,49
2989.732326,51,81,0.99,30,0.033,49
2989.562523,70,84,0.26,14,0.018571429,49
2989.227539,60,74,0.45,14,0.032142857,49
2988.418946,63,83,0.4,20,0.02,49
2987.597597,61,97,0.66,36,0.018333333,49
2987.594067,60,74,0.43,14,0.030714286,49
2987.315445,63,92,0.56,29,0.019310345,49
2986.735847,57,78,0.57,21,0.027142857,49
2986.694653,62,83,0.43,21,0.02047619,49
2986.600427,64,70,0.19,6,0.031666667,49
2985.87369,63,69,0.19,6,0.031666667,49
2985.87369,59,74,0.47,15,0.031333333,49
2984.475777,61,72,0.34,11,0.030909091,49
2984.475777,59,75,0.49,16,0.030625,49
2984.419316,52,81,0.82,29,0.028275862,49
2983.777489,54,79,0.7,25,0.028,49
2983.560416,58,76,0.55,18,0.030555556,49
2983.439907,51,82,0.88,31,0.028387097,49
2983.383075,58,77,0.58,19,0.030526316,49
2983.383075,57,78,0.64,21,0.03047619,49
2983.383075,56,79,0.7,23,0.030434783,49
2982.965757,55,78,0.74,23,0.032173913,49
2982.415587,56,79,0.63,23,0.027391304,49
2981.865361,55,79,0.76,24,0.031666667,49
2981.865361,53,81,0.89,28,0.031785714,49
2981.646485,58,78,0.54,20,0.027,49
2981.249939,61,74,0.4,13,0.030769231,49
2980.975104,54,80,0.72,26,0.027692308,49
2980.925817,49,75,0.92,26,0.035384615,49
2980.848237,68,88,0.35,20,0.0175,49
2980.248562,58,76,0.58,18,0.032222222,49
2980.248562,56,78,0.71,22,0.032272727,49
2980.163598,61,72,0.35,11,0.031818182,49
2979.308333,53,84,0.83,31,0.026774194,49
2979.143184,65,93,0.51,28,0.018214286,49
2978.772217,47,61,0.36,14,0.025714286,49
2978.628452,53,84,0.82,31,0.026451613,49
2978.30647,48,76,0.99,28,0.035357143,49
2978.253508,62,88,0.51,26,0.019615385,49
2978.039719,58,76,0.57,18,0.031666667,49
2977.994536,51,85,0.92,34,0.027058824,49
2977.953005,62,72,0.31,10,0.031,49
2977.830751,60,74,0.38,14,0.027142857,49
2977.488827,50,84,0.95,34,0.027941176,49
2977.405157,62,93,0.6,31,0.019354839,49
2977.230624,55,77,0.72,22,0.032727273,49
2977.177094,50,83,0.94,33,0.028484848,49
2976.523083,68,85,0.33,17,0.019411765,49
2975.986499,56,76,0.57,20,0.0285,49
2975.54718,51,86,0.94,35,0.026857143,49
2975.055077,61,71,0.32,10,0.032,49
2974.513524,58,76,0.5,18,0.027777778,49
2973.817987,63,69,0.17,6,0.028333333,49
2973.817987,60,72,0.34,12,0.028333333,49
2973.710721,54,78,0.69,24,0.02875,49
2973.593956,50,86,0.98,36,0.027222222,49
2972.981314,60,74,0.44,14,0.031428571,49
2972.460483,64,69,0.14,5,0.028,49
2972.239584,60,96,0.68,36,0.018888889,49
2972.018972,58,74,0.52,16,0.0325,49
2971.416872,54,83,0.78,29,0.026896552,49
2971.058535,54,70,0.55,16,0.034375,49
2971.005303,60,75,0.45,15,0.03,49
2969.670095,52,82,0.83,30,0.027666667,49
2969.624493,59,74,0.42,15,0.028,49
2969.624493,56,77,0.59,21,0.028095238,49
2969.515879,53,80,0.76,27,0.028148148,49
2969.264835,61,96,0.63,35,0.018,49
2969.234329,59,77,0.54,18,0.03,49
2969.195833,63,70,0.22,7,0.031428571,49
2968.244167,54,79,0.8,25,0.032,49
2967.602055,57,76,0.61,19,0.032105263,49
2966.837602,53,81,0.78,28,0.027857143,49
2966.450431,58,77,0.51,19,0.026842105,49
2965.820664,58,76,0.56,18,0.031111111,49
2965.820664,54,80,0.81,26,0.031153846,49
2965.158621,53,87,0.88,34,0.025882353,49
2964.884598,52,78,0.79,26,0.030384615,49
2964.813861,59,74,0.48,15,0.032,49
2964.662031,53,79,0.75,26,0.028846154,49
2964.510685,52,82,0.84,30,0.028,49
2964.510685,51,84,0.91,33,0.027575758,49
2964.510685,50,85,0.97,35,0.027714286,49
2964.282326,63,72,0.27,9,0.03,49
2964.282326,62,73,0.33,11,0.03,49
2964.050757,57,76,0.6,19,0.031578947,49
2963.767931,67,68,0.03,1,0.03,49
2963.767931,66,69,0.09,3,0.03,49
2963.767931,65,70,0.15,5,0.03,49
2963.767931,64,71,0.21,7,0.03,49
2963.154681,52,84,0.87,32,0.0271875,49
2962.648327,65,89,0.45,24,0.01875,49
2962.531275,52,88,0.94,36,0.026111111,49
2962.259047,59,75,0.51,16,0.031875,49
2961.64895,58,76,0.49,18,0.027222222,49
2961.394899,61,74,0.35,13,0.026923077,49
2961.066678,59,77,0.48,18,0.026666667,49
2961.003547,61,74,0.39,13,0.03,49
2960.899985,56,78,0.61,22,0.027727273,49
2960.899985,53,82,0.8,29,0.027586207,49
2960.897358,55,79,0.67,24,0.027916667,49
2960.887936,59,75,0.44,16,0.0275,49
2960.370384,57,78,0.66,21,0.031428571,49
2960.271459,56,78,0.7,22,0.031818182,49
2960.179643,63,84,0.42,21,0.02,49
2960.117122,59,91,0.64,32,0.02,49
2959.667777,67,87,0.37,20,0.0185,49
2959.328626,60,72,0.39,12,0.0325,49
2958.74414,54,83,0.77,29,0.026551724,49
2958.579889,50,87,0.99,37,0.026756757,49
2958.526847,63,81,0.37,18,0.020555556,49
2958.157418,54,82,0.75,28,0.026785714,49
2957.460545,51,87,0.96,36,0.026666667,49
2957.396532,52,86,0.89,34,0.026176471,49
2957.3258,61,95,0.64,34,0.018823529,49
2957.3258,60,97,0.69,37,0.018648649,49
2957.276185,56,79,0.71,23,0.030869565,49
2957.276185,54,81,0.84,27,0.031111111,49
2956.467113,52,89,0.95,37,0.025675676,49
2956.311611,62,71,0.25,9,0.027777778,49
2956.186085,63,71,0.25,8,0.03125,49
2956.186085,57,78,0.65,21,0.030952381,49
2955.82237,48,65,0.54,17,0.031764706,49
2955.14038,54,76,0.74,22,0.033636364,49
2955.042704,61,72,0.31,11,0.028181818,49
2954.726651,55,84,0.76,29,0.026206897,49
2953.882172,57,77,0.63,20,0.0315,49
2953.882172,56,77,0.67,21,0.031904762,49
2953.534186,57,77,0.55,20,0.0275,49
2953.463063,57,77,0.64,20,0.032,49
2952.312956,71,82,0.2,11,0.018181818,49
2951.559364,53,83,0.8,30,0.026666667,49
2950.554553,55,78,0.73,23,0.03173913,49
2950.484587,66,88,0.4,22,0.018181818,49
2949.417647,50,80,0.92,30,0.030666667,49
2948.930312,63,92,0.54,29,0.01862069,49
2948.863467,58,75,0.54,17,0.031764706,49
2948.260429,53,84,0.84,31,0.027096774,49
2948.173728,69,88,0.33,19,0.017368421,49
2948.173728,67,90,0.4,23,0.017391304,49
2948.038023,55,77,0.63,22,0.028636364,49
2948.014072,56,80,0.64,24,0.026666667,49
2947.677477,66,88,0.41,22,0.018636364,49
2947.618841,67,83,0.3,16,0.01875,49
2947.102684,56,79,0.62,23,0.026956522,49
2946.766069,52,86,0.9,34,0.026470588,49
2946.478697,54,81,0.73,27,0.027037037,49
2946.407294,63,79,0.34,16,0.02125,49
2946.339347,67,86,0.37,19,0.019473684,49
2946.339347,66,87,0.41,21,0.01952381,49
2946.033917,51,83,0.89,32,0.0278125,49
2945.483964,53,87,0.89,34,0.026176471,49
2945.156243,64,85,0.43,21,0.02047619,49
2944.634825,52,83,0.97,31,0.031290323,49
2944.337842,54,79,0.81,25,0.0324,49
2944.312754,66,89,0.41,23,0.017826087,49
2944.166638,60,73,0.43,13,0.033076923,49
2944.139543,55,79,0.75,24,0.03125,49
2944.139543,53,81,0.88,28,0.031428571,49
2944.139543,53,82,0.9,29,0.031034483,49
2944.10735,73,75,0.04,2,0.02,49
2944.10735,72,76,0.08,4,0.02,49
2944.10735,71,77,0.12,6,0.02,49
2944.10735,70,78,0.16,8,0.02,49
2944.042805,62,87,0.51,25,0.0204,49
2943.082268,61,98,0.65,37,0.017567568,49
2943.054128,60,73,0.41,13,0.031538462,49
2943.054128,56,78,0.69,22,0.031363636,49
2942.953621,54,80,0.82,26,0.031538462,49
2941.512769,58,75,0.48,17,0.028235294,49
2940.404063,56,81,0.67,25,0.0268,49
2940.342806,53,81,0.9,28,0.032142857,49
2940.226082,72,84,0.21,12,0.0175,49
2940.226082,70,86,0.28,16,0.0175,49
2940.107828,55,81,0.7,26,0.026923077,49
2939.05628,63,70,0.23,7,0.032857143,49
2938.958005,52,86,0.91,34,0.026764706,49
2938.699072,50,85,0.96,35,0.027428571,49
2938.523311,65,84,0.38,19,0.02,49
2937.751554,51,89,0.99,38,0.026052632,49
2937.366376,58,78,0.6,20,0.03,49
2937.066677,52,84,0.86,32,0.026875,49
2936.850393,62,74,0.32,12,0.026666667,49
2936.5867,68,87,0.36,19,0.018947368,49
2936.518371,52,88,0.95,36,0.026388889,49
2936.086162,52,85,0.88,33,0.026666667,49
2935.112725,58,77,0.52,19,0.027368421,49
2935.100942,55,80,0.68,25,0.0272,49
2935.100942,53,82,0.79,29,0.027241379,49
2934.910816,55,80,0.79,25,0.0316,49
2934.910816,53,82,0.92,29,0.031724138,49
2934.902772,62,79,0.37,17,0.021764706,49
2934.53029,51,83,0.9,32,0.028125,49
2934.410928,60,71,0.32,11,0.029090909,49
2934.039142,57,76,0.53,19,0.027894737,49
2933.206191,54,85,0.81,31,0.026129032,49
2933.163477,61,88,0.55,27,0.02037037,49
2933.042829,55,78,0.65,23,0.02826087,49
2932.957808,51,85,0.91,34,0.026764706,49
2932.957808,50,87,0.98,37,0.026486486,49
2932.699207,61,73,0.33,12,0.0275,49
2932.6033,57,79,0.66,22,0.03,49
2932.560067,51,88,0.97,37,0.026216216,49
2931.94251,60,76,0.43,16,0.026875,49
2931.864879,60,75,0.41,15,0.027333333,49
2931.354782,55,79,0.77,24,0.032083333,49
2931.089358,56,69,0.45,13,0.034615385,49
2930.359148,63,86,0.47,23,0.020434783,49
2929.960663,55,83,0.74,28,0.026428571,49
2929.960663,53,85,0.85,32,0.0265625,49
2929.960663,53,86,0.87,33,0.026363636,49
2929.960663,52,87,0.92,35,0.026285714,49
2929.64207,55,82,0.72,27,0.026666667,49
2928.254465,50,84,0.96,34,0.028235294,49
2927.904946,54,80,0.83,26,0.031923077,49
2927.904946,52,82,0.96,30,0.032,49
2927.36643,60,73,0.36,13,0.027692308,49
2927.040727,59,76,0.46,17,0.027058824,49
2926.618297,45,69,0.76,24,0.031666667,49
2926.403212,64,79,0.31,15,0.020666667,49
2925.374454,69,79,0.2,10,0.02,49
2925.374454,68,80,0.24,12,0.02,49
2924.277884,51,84,0.9,33,0.027272727,49
2923.901283,53,85,0.84,32,0.02625,49
2923.801519,57,79,0.59,22,0.026818182,49
2923.750959,44,71,0.84,27,0.031111111,49
2923.709824,53,77,0.73,24,0.030416667,49
2923.498793,43,72,0.92,29,0.031724138,49
2923.039489,64,69,0.16,5,0.032,49
2922.468913,62,88,0.52,26,0.02,49
2922.195667,54,84,0.8,30,0.026666667,49
2922.195667,52,87,0.93,35,0.026571429,49
2922.195667,51,88,0.98,37,0.026486486,49
2922.09872,43,53,0.35,10,0.035,49
2922.09872,42,54,0.42,12,0.035,49
2921.314071,41,50,0.33,9,0.036666667,49
2921.180065,56,80,0.65,24,0.027083333,49
2921.04872,76,80,0.07,4,0.0175,49
2921.04872,74,82,0.14,8,0.0175,49
2920.882262,60,91,0.61,31,0.019677419,49
2920.588854,52,85,0.89,33,0.026969697,49
2920.193683,40,52,0.44,12,0.036666667,49
2918.980342,59,75,0.5,16,0.03125,49
2918.955418,55,80,0.67,25,0.0268,49
2918.887791,54,82,0.76,28,0.027142857,49
2918.49502,53,71,0.64,18,0.035555556,49
2918.154535,65,69,0.11,4,0.0275,49
2918.154535,63,71,0.22,8,0.0275,49
2918.013456,55,79,0.66,24,0.0275,49
2916.902029,52,71,0.68,19,0.035789474,49
2916.558686,43,49,0.22,6,0.036666667,49
2916.046281,51,87,0.97,36,0.026944444,49
2915.86694,56,76,0.58,20,0.029,49
2915.763663,55,80,0.69,25,0.0276,49
2915.46399,71,78,0.13,7,0.018571429,49
2915.439992,57,95,0.77,38,0.020263158,49
2915.372516,51,86,0.93,35,0.026571429,49
2914.60425,51,80,0.88,29,0.030344828,49
2914.60425,50,81,0.94,31,0.030322581,49
2914.592172,65,84,0.36,19,0.018947368,49
2913.55623,61,73,0.38,12,0.031666667,49
2913.437572,55,81,0.71,26,0.027307692,49
2913.298632,53,85,0.86,32,0.026875,49
2913.126268,54,79,0.72,25,0.0288,49
2912.653243,61,99,0.66,38,0.017368421,49
2912.415156,42,50,0.29,8,0.03625,49
2911.601441,54,79,0.71,25,0.0284,49
2911.210534,52,88,0.93,36,0.025833333,49
2911.097282,52,85,0.87,33,0.026363636,49
2911.093279,61,97,0.64,36,0.017777778,49
2910.250806,53,83,0.82,30,0.027333333,49
2910.250806,51,85,0.93,34,0.027352941,49
2910.250806,50,86,0.99,36,0.0275,49
2907.862591,49,74,0.9,25,0.036,49
2906.756619,62,95,0.62,33,0.018787879,49
2906.532428,55,66,0.39,11,0.035454545,49
2906.518234,39,52,0.48,13,0.036923077,49
2906.058647,64,85,0.42,21,0.02,49
2906.058647,63,86,0.46,23,0.02,49
2905.412282,52,79,0.8,27,0.02962963,49
2905.412282,50,81,0.93,31,0.03,49
2905.412282,49,82,0.99,33,0.03,49
2905.239222,52,83,0.86,31,0.027741935,49
2905.092119,56,65,0.32,9,0.035555556,49
2904.672493,64,90,0.49,26,0.018846154,49
2903.76943,53,84,0.85,31,0.027419355,49
2903.558915,64,85,0.4,21,0.019047619,49
2903.43557,53,81,0.8,28,0.028571429,49
2903.405384,51,80,0.87,29,0.03,49
2903.232683,59,72,0.38,13,0.029230769,49
2903.232683,58,73,0.44,15,0.029333333,49
2902.987963,67,81,0.28,14,0.02,49
2902.544658,54,80,0.74,26,0.028461538,49
2902.023343,52,84,0.88,32,0.0275,49
2901.492942,52,85,0.9,33,0.027272727,49
2901.336555,35,59,0.86,24,0.035833333,49
2900.730484,59,73,0.4,14,0.028571429,49
2900.552608,52,84,0.85,32,0.0265625,49
2899.682996,64,68,0.13,4,0.0325,49
2899.682996,62,70,0.26,8,0.0325,49
2899.68114,53,82,0.78,29,0.026896552,49
2899.632218,57,77,0.54,20,0.027,49
2899.632218,55,79,0.65,24,0.027083333,49
2898.618707,59,99,0.75,40,0.01875,49
2898.589065,38,55,0.62,17,0.036470588,49
2898.562241,62,87,0.5,25,0.02,49
2897.81562,51,86,0.95,35,0.027142857,49
2896.768334,71,78,0.14,7,0.02,49
2896.768334,70,79,0.18,9,0.02,49
2896.605025,50,86,0.97,36,0.026944444,49
2896.351821,57,78,0.58,21,0.027619048,49
2896.346588,50,85,0.95,35,0.027142857,49
2896.106791,63,94,0.58,31,0.018709677,49
2895.237126,62,71,0.29,9,0.032222222,49
2895.02097,58,75,0.47,17,0.027647059,49
2894.837054,52,83,0.83,31,0.026774194,49
2894.686847,56,78,0.6,22,0.027272727,49
2894.140702,63,87,0.46,24,0.019166667,49
2893.525072,53,80,0.88,27,0.032592593,49
2893.13095,54,78,0.79,24,0.032916667,49
2893.102116,59,64,0.18,5,0.036,49
2892.851142,55,82,0.73,27,0.027037037,49
2892.648775,57,74,0.5,17,0.029411765,49
2892.648775,55,77,0.64,22,0.029090909,49
2892.563563,54,86,0.83,32,0.0259375,49
2892.114036,64,78,0.3,14,0.021428571,49
2892.076125,59,79,0.59,20,0.0295,49
2891.965423,52,83,0.84,31,0.027096774,49
2891.947158,52,55,0.08,3,0.026666667,49
2891.927037,58,74,0.46,16,0.02875,49
2891.927037,57,75,0.52,18,0.028888889,49
2891.662933,51,82,0.89,31,0.028709677,49
2891.033381,56,96,0.82,40,0.0205,49
2890.711393,57,77,0.56,20,0.028,49
2890.615211,55,84,0.85,29,0.029310345,49
2889.849109,56,77,0.68,21,0.032380952,49
2889.435334,71,85,0.24,14,0.017142857,49
2889.062921,57,81,0.63,24,0.02625,49
2888.882518,50,83,0.95,33,0.028787879,49
2888.438557,43,52,0.32,9,0.035555556,49
2888.242618,39,71,0.99,32,0.0309375,49
2887.828756,54,80,0.84,26,0.032307692,49
2887.828756,52,82,0.97,30,0.032333333,49
2887.736979,52,81,0.83,29,0.02862069,49
2886.637946,53,88,0.9,35,0.025714286,49
2886.489283,62,96,0.63,34,0.018529412,49
2886.489283,61,97,0.67,36,0.018611111,49
2886.399616,68,80,0.25,12,0.020833333,49
2886.051695,65,83,0.37,18,0.020555556,49
2884.510919,54,76,0.67,22,0.030454545,49
2883.994385,51,84,0.92,33,0.027878788,49
2883.861549,54,80,0.71,26,0.027307692,49
2883.605418,67,80,0.27,13,0.020769231,49
2882.982525,66,82,0.32,16,0.02,49
2882.434304,51,88,0.99,37,0.026756757,49
2881.934505,57,94,0.77,37,0.020810811,49
2881.452283,36,58,0.78,22,0.035454545,49
2881.395821,51,84,0.89,33,0.026969697,49
2881.016318,57,95,0.78,38,0.020526316,49
2880.80124,51,85,0.94,34,0.027647059,49
2880.190196,38,53,0.55,15,0.036666667,49
2880.008985,54,83,0.79,29,0.027241379,49
2879.999488,62,93,0.58,31,0.018709677,49
2879.838939,54,70,0.57,16,0.035625,49
2879.838939,49,76,0.96,27,0.035555556,49
2879.557122,69,79,0.19,10,0.019,49
2879.348246,61,96,0.62,35,0.017714286,49
2878.87083,37,56,0.69,19,0.036315789,49
2878.686475,50,86,0.96,36,0.026666667,49
2878.673638,56,77,0.6,21,0.028571429,49
2878.673638,55,78,0.66,23,0.028695652,49
2878.605182,64,84,0.41,20,0.0205,49
2877.466364,54,80,0.73,26,0.028076923,49
2877.466364,53,81,0.79,28,0.028214286,49
2876.826363,66,82,0.33,16,0.020625,49
2876.716057,70,87,0.29,17,0.017058824,49
2875.565003,57,80,0.61,23,0.026521739,49
2875.478128,57,76,0.54,19,0.028421053,49
2875.478128,56,78,0.62,22,0.028181818,49
2875.478128,55,79,0.68,24,0.028333333,49
2875.169812,54,82,0.77,28,0.0275,49
2875.169812,53,83,0.83,30,0.027666667,49
2875.022975,51,73,0.79,22,0.035909091,49
2874.899921,48,59,0.29,11,0.026363636,49
2874.280204,54,81,0.75,27,0.027777778,49
2874.280204,53,82,0.81,29,0.027931034,49
2874.280204,52,83,0.87,31,0.028064516,49
2874.280204,52,84,0.89,32,0.0278125,49
2874.093722,44,51,0.25,7,0.035714286,49
2873.942332,61,88,0.56,27,0.020740741,49
2873.860449,56,74,0.54,18,0.03,49
2873.733294,60,78,0.53,18,0.029444444,49
2872.707679,57,73,0.48,16,0.03,49
2872.707679,53,78,0.74,25,0.0296,49
2872.707679,52,79,0.81,27,0.03,49
2872.267233,37,57,0.72,20,0.036,49
2872.108898,53,81,0.77,28,0.0275,49
2871.864599,55,78,0.64,23,0.027826087,49
2871.056081,58,94,0.73,36,0.020277778,49
2869.781305,49,59,0.26,10,0.026,49
2869.733386,65,81,0.32,16,0.02,49
2869.733386,64,82,0.36,18,0.02,49
2869.698191,60,90,0.61,30,0.020333333,49
2869.655331,51,81,0.88,30,0.029333333,49
2869.655331,50,82,0.94,32,0.029375,49
2868.919954,53,80,0.77,27,0.028518519,49
2867.606546,58,93,0.7,35,0.02,49
2866.971685,58,80,0.65,22,0.029545455,49
2866.66442,34,61,0.95,27,0.035185185,49
2866.412513,57,76,0.62,19,0.032631579,49
2866.189637,59,74,0.49,15,0.032666667,49
2865.892806,60,98,0.71,38,0.018684211,49
2865.468196,58,72,0.47,14,0.033571429,49
2865.468196,55,76,0.7,21,0.033333333,49
2865.39268,53,86,0.86,33,0.026060606,49
2865.344317,54,84,0.79,30,0.026333333,49
2865.110525,56,83,0.78,27,0.028888889,49
2863.884131,45,64,0.49,19,0.025789474,49
2863.538301,52,72,0.7,20,0.035,49
2863.192841,58,67,0.28,9,0.031111111,49
2863.121797,60,98,0.68,38,0.017894737,49
2863.019471,52,74,0.68,22,0.030909091,49
2862.248918,50,85,0.98,35,0.028,49
2861.360121,52,85,0.91,33,0.027575758,49
2861.360121,51,86,0.97,35,0.027714286,49
2861.323234,52,86,0.92,34,0.027058824,49
2861.190703,38,55,0.61,17,0.035882353,49
2860.761079,59,91,0.65,32,0.0203125,49
2860.328983,45,63,0.47,18,0.026111111,49
2859.472597,52,87,0.91,35,0.026,49
2859.404421,51,56,0.13,5,0.026,49
2859.012737,65,89,0.46,24,0.019166667,49
2858.954017,66,90,0.45,24,0.01875,49
2858.879378,44,70,0.83,26,0.031923077,49
2858.720478,46,68,0.69,22,0.031363636,49
2857.822782,52,72,0.72,20,0.036,49
2856.86901,70,81,0.21,11,0.019090909,49
2856.775377,39,75,0.98,36,0.027222222,49
2856.658506,49,76,0.94,27,0.034814815,49
2856.516499,36,58,0.8,22,0.036363636,49
2856.125393,54,85,0.91,31,0.029354839,49
2856.125393,53,86,0.97,33,0.029393939,49
2855.76847,52,82,0.85,30,0.028333333,49
2855.224639,35,60,0.88,25,0.0352,49
2854.199702,64,94,0.53,30,0.017666667,49
2854.05636,73,80,0.13,7,0.018571429,49
2853.18783,57,94,0.75,37,0.02027027,49
2853.085093,54,77,0.68,23,0.029565217,49
2853.007894,55,78,0.76,23,0.033043478,49
2852.330842,60,73,0.42,13,0.032307692,49
2852.330842,58,75,0.55,17,0.032352941,49
2851.822075,51,86,0.96,35,0.027428571,49
2851.654232,61,91,0.6,30,0.02,49
2851.121573,55,68,0.48,13,0.036923077,49
2850.642108,64,84,0.42,20,0.021,49
2850.55861,52,89,0.96,37,0.025945946,49
2850.094667,62,89,0.52,27,0.019259259,49
2849.993857,52,82,0.86,30,0.028666667,49
2849.556371,61,83,0.45,22,0.020454545,49
2847.772315,61,77,0.47,16,0.029375,49
2847.551332,55,70,0.52,15,0.034666667,49
2846.722888,55,92,0.81,37,0.021891892,49
2846.109375,53,87,0.96,34,0.028235294,49
2845.924831,56,77,0.69,21,0.032857143,49
2845.639252,60,97,0.67,37,0.018108108,49
2845.551172,51,60,0.3,9,0.033333333,49
2845.4741,34,61,0.96,27,0.035555556,49
2845.226339,43,47,0.15,4,0.0375,49
2845.215368,53,70,0.63,17,0.037058824,49
2844.71221,73,83,0.17,10,0.017,49
2843.073443,62,94,0.57,32,0.0178125,49
2842.444143,51,73,0.81,22,0.036818182,49
2842.444143,50,74,0.88,24,0.036666667,49
2842.414112,59,72,0.43,13,0.033076923,49
2842.347364,67,81,0.29,14,0.020714286,49
2842.23747,72,79,0.13,7,0.018571429,49
2841.980693,65,80,0.32,15,0.021333333,49
2841.609602,39,54,0.54,15,0.036,49
2841.389421,48,65,0.55,17,0.032352941,49
2841.144181,51,84,0.93,33,0.028181818,49
2841.144181,51,85,0.95,34,0.027941176,49
2841.144181,50,85,0.99,35,0.028285714,49
2841.004194,72,76,0.11,4,0.0275,49
2841.004194,71,78,0.19,7,0.027142857,49
2841.004194,69,80,0.3,11,0.027272727,49
2841.004194,67,82,0.41,15,0.027333333,49
2840.470083,57,66,0.32,9,0.035555556,49
2839.814445,47,65,0.59,18,0.032777778,49
2839.796102,62,95,0.6,33,0.018181818,49
2839.045725,47,66,0.61,19,0.032105263,49
2838.961433,62,84,0.45,22,0.020454545,49
2838.563596,61,96,0.64,35,0.018285714,49
2837.984854,60,97,0.68,37,0.018378378,49
2837.963016,51,84,0.94,33,0.028484848,49
2837.597203,59,93,0.69,34,0.020294118,49
2837.196302,59,99,0.72,40,0.018,49
2836.952932,59,98,0.75,39,0.019230769,49
2836.631491,50,83,0.96,33,0.029090909,49
2835.607738,55,84,0.84,29,0.028965517,49
2835.607738,54,85,0.9,31,0.029032258,49
2835.607738,53,86,0.96,33,0.029090909,49
2834.964295,64,67,0.1,3,0.033333333,49
2834.933392,47,59,0.32,12,0.026666667,49
2834.639927,71,83,0.23,12,0.019166667,49
2832.817718,63,85,0.46,22,0.020909091,49
2832.556501,65,84,0.52,19,0.027368421,49
2831.194807,53,82,0.82,29,0.028275862,49
2830.500902,50,62,0.39,12,0.0325,49
2830.500902,48,64,0.52,16,0.0325,49
2830.474809,50,82,0.95,32,0.0296875,49
2829.172857,47,66,0.62,19,0.032631579,49
2829.172857,46,67,0.69,21,0.032857143,49
2828.78089,54,77,0.77,23,0.033478261,49
2828.78089,52,80,0.93,28,0.033214286,49
2828.776039,53,78,0.75,25,0.03,49
2828.735101,61,81,0.43,20,0.0215,49
2828.496165,51,83,0.92,32,0.02875,49
2828.496165,50,84,0.98,34,0.028823529,49
2827.985795,48,75,0.98,27,0.036296296,49
2827.786018,58,99,0.79,41,0.019268293,49
2827.785635,66,81,0.29,15,0.019333333,49
2827.246268,63,82,0.41,19,0.021578947,49
2826.745282,56,67,0.4,11,0.036363636,49
2826.740171,51,76,0.75,25,0.03,49
2826.556718,54,57,0.1,3,0.033333333,49
2826.48082,59,90,0.65,31,0.020967742,49
2825.961553,44,59,0.49,15,0.032666667,49
2825.912256,58,66,0.28,8,0.035,49
2825.912256,57,67,0.35,10,0.035,49
2825.80156,61,85,0.49,24,0.020416667,49
2825.610775,53,71,0.65,18,0.036111111,49
2825.152316,61,90,0.56,29,0.019310345,49
2825.100317,49,63,0.46,14,0.032857143,49
2825.100317,46,66,0.66,20,0.033,49
2824.548419,35,59,0.87,24,0.03625,49
2823.933205,70,83,0.24,13,0.018461538,49
2823.721674,50,73,0.83,23,0.036086957,49
2823.371051,47,64,0.57,17,0.033529412,49
2823.312896,47,60,0.34,13,0.026153846,49
2822.840114,61,71,0.33,10,0.033,49
2822.838683,51,83,0.91,32,0.0284375,49
2822.838683,50,84,0.97,34,0.028529412,49
2822.442141,51,82,0.9,31,0.029032258,49
2821.821775,63,85,0.45,22,0.020454545,49
2821.755938,53,79,0.86,26,0.033076923,49
2821.134466,60,83,0.49,23,0.021304348,49
2820.483698,63,69,0.2,6,0.033333333,49
2820.070489,52,60,0.26,8,0.0325,49
2819.620292,51,58,0.18,7,0.025714286,49
2819.51321,51,87,0.98,36,0.027222222,49
2819.11981,52,73,0.73,21,0.034761905,49
2818.206059,59,98,0.72,39,0.018461538,49
2818.122972,65,82,0.35,17,0.020588235,49
2818.076855,69,78,0.19,9,0.021111111,49
2817.988259,53,72,0.66,19,0.034736842,49
2817.770498,73,76,0.06,3,0.02,49
2817.770498,72,77,0.1,5,0.02,49
2817.536904,55,87,0.86,32,0.026875,49
2817.095069,57,75,0.59,18,0.032777778,49
2816.431854,60,99,0.72,39,0.018461538,49
2816.376987,54,71,0.59,17,0.034705882,49
2816.356335,58,93,0.73,35,0.020857143,49
2815.851745,65,80,0.31,15,0.020666667,49
2815.663581,60,97,0.66,37,0.017837838,49
2815.007357,36,58,0.79,22,0.035909091,49
2814.83171,63,88,0.48,25,0.0192,49
2814.57313,51,76,0.76,25,0.0304,49
2814.57313,50,77,0.82,27,0.03037037,49
2813.673047,54,98,0.92,44,0.020909091,49
2813.231054,56,94,0.8,38,0.021052632,49
2813.087413,52,75,0.69,23,0.03,49
2812.687536,55,88,0.86,33,0.026060606,49
2812.349572,65,85,0.54,20,0.027,49
2812.285982,57,92,0.74,35,0.021142857,49
2812.126842,74,75,0.02,1,0.02,49
2812.051462,63,93,0.54,30,0.018,49
2811.95512,61,98,0.67,37,0.018108108,49
2811.893337,56,75,0.56,19,0.029473684,49
2811.893337,55,76,0.62,21,0.02952381,49
2811.884392,50,74,0.85,24,0.035416667,49
2811.813645,51,73,0.78,22,0.035454545,49
2811.478538,58,74,0.53,16,0.033125,49
2811.325807,61,89,0.55,28,0.019642857,49
2811.220893,70,80,0.27,10,0.027,49
2810.030007,61,63,0.07,2,0.035,49
2810.030007,60,64,0.14,4,0.035,49
2810.030007,59,65,0.21,6,0.035,49
2809.883941,70,81,0.29,11,0.026363636,49
2809.883941,64,88,0.63,24,0.02625,49
2809.858515,72,78,0.16,6,0.026666667,49
2809.858515,69,81,0.32,12,0.026666667,49
2809.858515,67,83,0.43,16,0.026875,49
2809.858515,67,84,0.45,17,0.026470588,49
2809.568059,58,75,0.56,17,0.032941176,49
2809.444643,59,99,0.73,40,0.01825,49
2809.40267,54,78,0.7,24,0.029166667,49
2808.789645,44,69,0.83,25,0.0332,49
2808.593825,52,80,0.82,28,0.029285714,49
2808.445374,39,53,0.52,14,0.037142857,49
2808.375915,58,92,0.73,34,0.021470588,49
2807.983694,62,81,0.4,19,0.021052632,49
2807.493536,65,83,0.36,18,0.02,49
2807.493536,64,84,0.4,20,0.02,49
2807.052015,42,50,0.27,8,0.03375,49
2806.807242,53,91,0.98,38,0.025789474,49
2806.583107,57,66,0.31,9,0.034444444,49
2806.583107,56,67,0.38,11,0.034545455,49
2805.758101,47,62,0.39,15,0.026,49
2805.659775,66,88,0.42,22,0.019090909,49
2805.180235,62,87,0.48,25,0.0192,49
2805.006515,37,56,0.7,19,0.036842105,49
2804.861758,40,70,0.93,30,0.031,49
2804.638809,51,81,0.9,30,0.03,49
2804.638809,50,82,0.96,32,0.03,49
2804.296849,67,85,0.35,18,0.019444444,49
2804.296849,66,86,0.39,20,0.0195,49
2804.065643,60,90,0.59,30,0.019666667,49
2803.792265,53,97,0.96,44,0.021818182,49
2803.703553,56,85,0.8,29,0.027586207,49
2803.672276,41,51,0.37,10,0.037,49
2803.300012,63,96,0.58,33,0.017575758,49
2803.109388,62,98,0.63,36,0.0175,49
2802.389417,46,62,0.42,16,0.02625,49
2801.831172,64,90,0.48,26,0.018461538,49
2801.831172,63,91,0.52,28,0.018571429,49
2801.725536,46,57,0.36,11,0.032727273,49
2801.141948,60,63,0.11,3,0.036666667,49
2801.141948,57,66,0.33,9,0.036666667,49
2801.141948,54,69,0.55,15,0.036666667,49
2801.052394,61,88,0.54,27,0.02,49
2801.006643,62,88,0.49,26,0.018846154,49
2799.979211,63,95,0.57,32,0.0178125,49
2799.954547,57,93,0.75,36,0.020833333,49
2799.912382,61,86,0.49,25,0.0196,49
2799.04003,60,89,0.6,29,0.020689655,49
2798.629377,70,82,0.31,12,0.025833333,49
2798.611101,53,80,0.78,27,0.028888889,49
2798.505533,52,72,0.73,20,0.0365,49
2798.433948,60,92,0.64,32,0.02,49
2798.403269,61,95,0.61,34,0.017941176,49
2798.296465,57,68,0.38,11,0.034545455,49
2798.114041,62,86,0.46,24,0.019166667,49
2797.814587,61,72,0.36,11,0.032727273,49
2797.659212,46,67,0.68,21,0.032380952,49
2797.59195,62,97,0.62,35,0.017714286,49
2797.401701,61,98,0.66,37,0.017837838,49
2797.371498,45,58,0.43,13,0.033076923,49
2797.340423,61,99,0.68,38,0.017894737,49
2797.310117,52,81,0.95,29,0.032758621,49
2797.272425,55,95,0.84,40,0.021,49
2796.742111,41,50,0.32,9,0.035555556,49
2796.601064,55,78,0.75,23,0.032608696,49
2796.563043,60,85,0.52,25,0.0208,49
2796.152158,45,57,0.4,12,0.033333333,49
2795.951577,51,81,0.89,30,0.029666667,49
2795.910953,59,90,0.64,31,0.020645161,49
2795.045986,44,47,0.11,3,0.036666667,49
2794.767006,61,87,0.53,26,0.020384615,49
2794.544843,52,83,0.88,31,0.028387097,49
2794.504859,54,72,0.55,18,0.030555556,49
2794.301479,62,94,0.58,32,0.018125,49
2794.239926,59,95,0.92,36,0.025555556,49
2794.214637,61,91,0.78,30,0.026,49
2794.214637,60,92,0.83,32,0.0259375,49
2794.214637,60,93,0.85,33,0.025757576,49
2794.214637,59,94,0.9,35,0.025714286,49
2794.214637,58,95,0.95,37,0.025675676,49
2794.214637,58,95,0.96,37,0.025945946,49
2794.214637,58,96,0.97,38,0.025526316,49
2793.492741,61,87,0.52,26,0.02,49
2793.357646,64,83,0.39,19,0.020526316,49
2793.275702,37,57,0.71,20,0.0355,49
2793.262593,35,58,0.86,23,0.037391304,49
2793.027624,62,86,0.48,24,0.02,49
2793.020664,53,91,0.97,38,0.025526316,49
2792.996303,48,61,0.33,13,0.025384615,49
2792.618859,52,81,0.84,29,0.028965517,49
2792.538883,41,63,0.71,22,0.032272727,49
2792.276314,66,77,0.23,11,0.020909091,49
2791.637024,60,68,0.19,8,0.02375,49
2791.572473,40,71,0.95,31,0.030645161,49
2790.877936,62,85,0.47,23,0.020434783,49
2790.725713,51,73,0.8,22,0.036363636,49
2790.651812,58,82,0.68,24,0.028333333,49
2790.38306,62,86,0.47,24,0.019583333,49
2790.210036,61,87,0.51,26,0.019615385,49
2789.996964,49,76,0.97,27,0.035925926,49
2789.914565,61,87,0.5,26,0.019230769,49
2789.483575,62,91,0.74,29,0.025517241,49
2789.458327,63,89,0.67,26,0.025769231,49
2789.458327,62,90,0.72,28,0.025714286,49
2789.458327,61,92,0.79,31,0.025483871,49
2789.238003,63,90,0.7,27,0.025925926,49
2789.184642,53,96,0.93,43,0.021627907,49
2789.160003,50,83,0.97,33,0.029393939,49
2789.159214,47,65,0.6,18,0.033333333,49
2788.92627,65,84,0.39,19,0.020526316,49
2788.652819,50,58,0.21,8,0.02625,49
2788.36144,61,94,0.64,33,0.019393939,49
2788.179314,59,81,0.62,22,0.028181818,49
2788.14731,55,71,0.49,16,0.030625,49
2788.075022,59,93,0.68,34,0.02,49
2787.73425,55,97,0.87,42,0.020714286,49
2787.660822,63,95,0.56,32,0.0175,49
2787.660412,59,82,0.52,23,0.022608696,49
2787.445002,58,88,0.59,30,0.019666667,49
2786.78542,50,74,0.89,24,0.037083333,49
2786.0936,64,94,0.55,30,0.018333333,49
2786.028096,55,68,0.45,13,0.034615385,49
2786.028096,54,69,0.52,15,0.034666667,49
2786.028096,53,70,0.59,17,0.034705882,49
2785.953926,54,89,0.92,35,0.026285714,49
2785.624274,45,68,0.75,23,0.032608696,49
2785.624274,45,68,0.76,23,0.033043478,49
2785.579582,67,85,0.47,18,0.026111111,49
2785.579582,66,86,0.52,20,0.026,49
2785.368307,39,54,0.55,15,0.036666667,49
2785.299788,64,91,0.52,27,0.019259259,49
2784.47337,68,82,0.38,14,0.027142857,49
2784.47337,66,84,0.49,18,0.027222222,49
2784.47337,64,86,0.6,22,0.027272727,49
2784.33613,68,83,0.29,15,0.019333333,49
2784.069331,58,92,0.69,34,0.020294118,49
2784.061226,55,94,0.83,39,0.021282051,49
2783.841391,41,49,0.3,8,0.0375,49
2783.677104,67,80,0.25,13,0.019230769,49
2783.412282,53,73,0.61,20,0.0305,49
2782.95336,60,95,0.83,35,0.023714286,49
2782.92817,59,96,0.88,37,0.023783784,49
2782.86921,62,96,0.61,34,0.017941176,49
2782.719595,57,84,0.74,27,0.027407407,49
2782.490695,61,97,0.65,36,0.018055556,49
2782.469268,68,79,0.23,11,0.020909091,49
2782.413974,71,85,0.26,14,0.018571429,49
2782.413974,65,92,0.5,27,0.018518519,49
2782.391243,57,83,0.73,26,0.028076923,49
2782.391243,55,86,0.86,31,0.027741935,49
2782.311655,55,96,0.85,41,0.020731707,49
2782.184217,58,91,0.69,33,0.020909091,49
2781.953429,64,83,0.4,19,0.021052632,49
2781.953429,63,84,0.44,21,0.020952381,49
2781.732516,62,82,0.41,20,0.0205,49
2780.877919,59,73,0.46,14,0.032857143,49
2780.45596,62,90,0.75,28,0.026785714,49
2780.430791,66,85,0.51,19,0.026842105,49
2780.430791,64,87,0.62,23,0.026956522,49
2780.430791,62,88,0.71,26,0.027307692,49
2780.430791,62,89,0.73,27,0.027037037,49
2780.430791,60,91,0.84,31,0.027096774,49
2780.430791,60,92,0.86,32,0.026875,49
2780.415792,68,83,0.4,15,0.026666667,49
2780.415792,65,87,0.58,22,0.026363636,49
2780.390623,65,86,0.56,21,0.026666667,49
2780.28322,58,92,0.7,34,0.020588235,49
2780.171833,63,88,0.68,25,0.0272,49
2780.171833,61,90,0.79,29,0.027241379,49
2779.755931,52,81,0.96,29,0.033103448,49
2779.733043,56,94,0.78,38,0.020526316,49
2779.629372,63,81,0.36,18,0.02,49
2779.613441,63,87,0.48,24,0.02,49
2779.517164,42,72,0.97,30,0.032333333,49
2779.198314,50,83,0.98,33,0.02969697,49
2779.087107,57,89,0.63,32,0.0196875,49
2779.087107,56,90,0.67,34,0.019705882,49
2778.990651,63,85,0.42,22,0.019090909,49
2778.375856,54,79,0.82,25,0.0328,49
2778.116707,63,88,0.65,25,0.026,49
2777.79304,64,81,0.35,17,0.020588235,49
2777.687068,60,89,0.59,29,0.020344828,49
2777.402443,63,96,0.6,33,0.018181818,49
2777.311115,55,87,0.87,32,0.0271875,49
2776.989438,53,79,0.76,26,0.029230769,49
2776.569644,54,87,0.92,33,0.027878788,49
2776.372539,54,86,0.93,32,0.0290625,49
2776.363036,57,92,0.73,35,0.020857143,49
2776.253284,56,95,0.84,39,0.021538462,49
2776.16242,56,95,0.8,39,0.020512821,49
2775.66927,48,64,0.53,16,0.033125,49
2775.312434,57,93,0.74,36,0.020555556,49
2774.665863,67,76,0.19,9,0.021111111,49
2774.575782,61,90,0.78,29,0.026896552,49
2774.575162,55,96,0.86,41,0.02097561,49
2774.551698,60,80,0.56,20,0.028,49
2774.469516,64,90,0.5,26,0.019230769,49
2774.224887,60,99,0.69,39,0.017692308,49
2774.180407,62,82,0.42,20,0.021,49
2773.670106,48,54,0.2,6,0.033333333,49
2773.651135,59,91,0.66,32,0.020625,49
2773.536075,57,75,0.6,18,0.033333333,49
2773.523125,65,91,0.49,26,0.018846154,49
2773.25867,59,91,0.68,32,0.02125,49
2773.25867,56,95,0.83,39,0.021282051,49
2773.036872,58,73,0.5,15,0.033333333,49
2772.964141,50,56,0.16,6,0.026666667,49
2772.445669,68,81,0.36,13,0.027692308,49
2772.419459,58,96,0.92,38,0.024210526,49
2772.419459,58,97,0.93,39,0.023846154,49
2772.242419,43,60,0.56,17,0.032941176,49
2772.235946,61,99,0.67,38,0.017631579,49
2772.142132,63,89,0.69,26,0.026538462,49
2772.142132,61,92,0.81,31,0.026129032,49
2772.142132,60,93,0.87,33,0.026363636,49
2772.117035,63,88,0.67,25,0.0268,49
2772.117035,62,90,0.74,28,0.026428571,49
2772.09181,58,91,0.65,33,0.01969697,49
2772.017241,52,90,0.97,38,0.025526316,49
2771.809731,43,72,0.91,29,0.03137931,49
2771.351104,61,90,0.57,29,0.019655172,49
2771.205068,46,63,0.44,17,0.025882353,49
2770.675353,59,97,0.73,38,0.019210526,49
2770.662079,52,72,0.69,20,0.0345,49
2770.34333,43,71,0.93,28,0.033214286,49
2770.342872,35,94,0.17,59,0.002881356,49
2769.63746,53,71,0.62,18,0.034444444,49
2769.51695,57,93,0.73,36,0.020277778,49
2769.234067,59,93,0.92,34,0.027058824,49
2768.976116,61,91,0.81,30,0.027,49
2768.891916,60,72,0.4,12,0.033333333,49
2768.653977,61,83,0.46,22,0.020909091,49
2768.352376,60,89,0.61,29,0.021034483,49
2768.185771,62,89,0.7,27,0.025925926,49
2768.185771,61,91,0.77,30,0.025666667,49
2767.925947,58,97,0.98,39,0.025128205,49
2767.918023,45,69,0.77,24,0.032083333,49
2767.918023,44,70,0.84,26,0.032307692,49
2767.859813,53,80,0.89,27,0.032962963,49
2767.666917,62,77,0.43,15,0.028666667,49
2767.616603,57,94,0.76,37,0.020540541,49
2767.154334,55,95,0.83,40,0.02075,49
2766.601999,66,84,0.47,18,0.026111111,49
2766.265306,42,61,0.63,19,0.033157895,49
2766.178283,69,79,0.28,10,0.028,49
2765.821938,40,56,0.57,16,0.035625,49
2765.576394,59,89,0.6,30,0.02,49
2765.441879,35,59,0.88,24,0.036666667,49
2765.290676,57,83,0.74,26,0.028461538,49
2765.290676,56,84,0.8,28,0.028571429,49
2765.290676,55,85,0.86,30,0.028666667,49
2765.106746,60,88,0.55,28,0.019642857,49
2764.356472,65,79,0.29,14,0.020714286,49
2764.130059,57,68,0.34,11,0.030909091,49
2764.096779,67,83,0.44,16,0.0275,49
2764.093169,54,95,0.87,41,0.021219512,49
2764.046346,53,70,0.61,17,0.035882353,49
2763.251702,58,68,0.3,10,0.03,49
2763.064463,62,90,0.68,28,0.024285714,49
2763.064463,62,91,0.7,29,0.024137931,49
2763.064463,61,92,0.75,31,0.024193548,49
2763.064463,60,93,0.8,33,0.024242424,49
2763.059738,53,89,0.99,36,0.0275,49
2762.681266,51,85,0.96,34,0.028235294,49
2762.594915,55,89,0.87,34,0.025588235,49
2762.594915,54,90,0.93,36,0.025833333,49
2762.592458,58,85,0.7,27,0.025925926,49
2761.666667,47,61,0.37,14,0.026428571,49
2761.268542,60,62,0.07,2,0.035,49
2761.268542,59,63,0.14,4,0.035,49
2761.268542,58,64,0.21,6,0.035,49
2761.268542,57,65,0.28,8,0.035,49
2761.268542,56,66,0.35,10,0.035,49
2761.268542,55,67,0.42,12,0.035,49
2761.268542,54,68,0.49,14,0.035,49
2761.248294,42,61,0.62,19,0.032631579,49
2761.112349,60,84,0.48,24,0.02,49
2761.0767,60,90,0.62,30,0.020666667,49
2761.05236,58,90,0.68,32,0.02125,49
2760.790403,62,82,0.4,20,0.02,49
2760.699564,71,81,0.19,10,0.019,49
2760.350167,54,88,0.92,34,0.027058824,49
2760.350167,53,89,0.98,36,0.027222222,49
2760.144087,71,79,0.21,8,0.02625,49
2760.066213,66,83,0.47,17,0.027647059,49
2760.066213,63,87,0.66,24,0.0275,49
2759.772804,69,82,0.25,13,0.019230769,49
2759.772061,68,81,0.34,13,0.026153846,49
2759.587372,60,94,0.86,34,0.025294118,49
2759.587372,59,95,0.91,36,0.025277778,49
2759.584041,57,87,0.76,30,0.025333333,49
2759.562385,60,93,0.84,33,0.025454545,49
2759.562385,58,96,0.96,38,0.025263158,49
2759.372111,58,85,0.78,27,0.028888889,49
2759.288439,39,52,0.47,13,0.036153846,49
2758.728823,67,88,0.4,21,0.019047619,49
2758.65049,60,91,0.64,31,0.020645161,49
2758.473377,56,86,0.81,30,0.027,49
2758.43438,45,65,0.51,20,0.0255,49
2758.367784,65,83,0.38,18,0.021111111,49
2758.096786,53,73,0.62,20,0.031,49
2757.912921,62,85,0.48,23,0.020869565,49
2757.712268,44,61,0.5,17,0.029411765,49
2757.266838,60,98,0.69,38,0.018157895,49
2757.266838,60,99,0.7,39,0.017948718,49
2757.189724,61,70,0.3,9,0.033333333,49
2757.168516,66,78,0.24,12,0.02,49
2757.11239,62,83,0.58,21,0.027619048,49
2756.880057,53,92,0.99,39,0.025384615,49
2756.813299,54,90,0.92,36,0.025555556,49
2756.811771,66,74,0.18,8,0.0225,49
2756.653686,56,83,0.79,27,0.029259259,49
2756.529303,61,85,0.51,24,0.02125,49
2756.152452,60,80,0.45,20,0.0225,49
2756.00661,45,69,0.78,24,0.0325,49
2755.937899,66,73,0.16,7,0.022857143,49
2755.493152,65,80,0.41,15,0.027333333,49
2755.378382,65,88,0.59,23,0.025652174,49
2755.200198,50,77,0.84,27,0.031111111,49
2754.960314,65,76,0.24,11,0.021818182,49
2754.211354,54,97,0.91,43,0.021162791,49
2754.211354,53,99,0.97,46,0.021086957,49
2753.823366,68,84,0.41,16,0.025625,49
2753.823366,67,85,0.46,18,0.025555556,49
2753.823366,63,90,0.69,27,0.025555556,49
2753.798429,68,83,0.39,15,0.026,49
2753.798429,64,87,0.6,23,0.026086957,49
2753.798429,64,88,0.62,24,0.025833333,49
2753.44456,49,60,0.28,11,0.025454545,49
2753.325184,73,82,0.17,9,0.018888889,49
2753.325184,70,86,0.3,16,0.01875,49
2753.164861,67,77,0.28,10,0.028,49
2753.164861,61,84,0.64,23,0.027826087,49
2753.154263,53,79,0.77,26,0.029615385,49
2753.154263,52,80,0.83,28,0.029642857,49
2753.123333,66,81,0.31,15,0.020666667,49
2752.453864,60,96,0.84,36,0.023333333,49
2752.453864,59,97,0.89,38,0.023421053,49
2752.453864,58,99,0.95,41,0.023170732,49
2752.416727,15,66,0.24,51,0.004705882,49
2752.392775,57,91,0.71,34,0.020882353,49
2752.278896,57,69,0.36,12,0.03,49
2752.006407,51,83,0.93,32,0.0290625,49
2751.973442,66,80,0.29,14,0.020714286,49
2751.725064,69,80,0.29,11,0.026363636,49
2751.317396,53,90,0.97,37,0.026216216,49
2751.046902,64,76,0.27,12,0.0225,49
2751.046902,62,78,0.36,16,0.0225,49
2750.92046,49,52,0.1,3,0.033333333,49
2750.842994,36,57,0.79,21,0.037619048,49
2750.715539,56,93,0.78,37,0.021081081,49
2750.33649,56,76,0.66,20,0.033,49
2750.107289,13,72,0.32,59,0.005423729,49
2750.057257,53,87,0.98,34,0.028823529,49
2749.951496,59,94,0.93,35,0.026571429,49
2749.929509,65,85,0.55,20,0.0275,49
2749.926594,61,91,0.8,30,0.026666667,49
2749.926594,59,93,0.91,34,0.026764706,49
2749.737666,61,87,0.55,26,0.021153846,49
2749.346046,72,79,0.17,7,0.024285714,49
2749.346046,67,85,0.43,18,0.023888889,49
2749.299785,39,65,0.85,26,0.032692308,49
2749.259999,58,81,0.67,23,0.029130435,49
2749.259999,57,82,0.73,25,0.0292,49
2749.037861,57,82,0.72,25,0.0288,49
2748.78098,65,86,0.57,21,0.027142857,49
2748.775754,58,82,0.55,24,0.022916667,49
2748.511802,64,92,0.53,28,0.018928571,49
2748.475182,63,82,0.39,19,0.020526316,49
2748.452433,59,86,0.54,27,0.02,49
2748.452433,58,87,0.58,29,0.02,49
2748.445408,63,84,0.43,21,0.02047619,49
2748.442743,62,83,0.46,21,0.021904762,49
2748.399473,68,78,0.21,10,0.021,49
2748.398513,35,59,0.79,24,0.032916667,49
2748.259463,45,66,0.53,21,0.025238095,49
2748.121882,54,88,0.93,34,0.027352941,49
2748.106749,37,56,0.71,19,0.037368421,49
2747.969832,60,81,0.46,21,0.021904762,49
2747.294329,62,89,0.53,27,0.01962963,49
2746.830071,66,78,0.25,12,0.020833333,49
2746.657587,61,89,0.57,28,0.020357143,49
2746.452618,45,50,0.18,5,0.036,49
2746.398192,54,85,0.82,31,0.026451613,49
2746.21226,57,88,0.62,31,0.02,49
2746.083342,55,77,0.73,22,0.033181818,49
2745.963716,64,81,0.37,17,0.021764706,49
2745.889672,69,81,0.31,12,0.025833333,49
2745.855134,53,90,0.99,37,0.026756757,49
2745.21862,48,74,0.97,26,0.037307692,49
2744.390259,61,83,0.44,22,0.02,49
2744.173436,52,75,0.68,23,0.029565217,49
2744.173436,51,76,0.74,25,0.0296,49
2743.925236,62,90,0.56,28,0.02,49
2743.327871,56,84,0.64,28,0.022857143,49
2743.265443,61,79,0.41,18,0.022777778,49
2743.177451,59,81,0.5,22,0.022727273,49
2743.177451,57,84,0.61,27,0.022592593,49
2742.985459,62,92,0.76,30,0.025333333,49
2742.985459,61,93,0.81,32,0.0253125,49
2742.985459,58,97,0.99,39,0.025384615,49
2742.596781,67,83,0.42,16,0.02625,49
2742.596781,67,84,0.44,17,0.025882353,49
2742.596781,64,86,0.58,22,0.026363636,49
2742.570482,57,79,0.6,22,0.027272727,49
2742.139537,63,80,0.36,17,0.021176471,49
2742.025303,42,75,0.86,33,0.026060606,49
2741.870328,34,60,0.95,26,0.036538462,49
2741.278711,58,95,0.99,37,0.026756757,49
2741.224471,65,85,0.52,20,0.026,49
2741.129243,56,89,0.66,33,0.02,49
2741.01382,73,76,0.08,3,0.026666667,49
2741.01382,70,79,0.24,9,0.026666667,49
2741.01382,68,82,0.37,14,0.026428571,49
2741.01382,65,85,0.53,20,0.0265,49
2740.33214,73,79,0.11,6,0.018333333,49
2739.781526,67,75,0.17,8,0.02125,49
2739.698317,61,87,0.54,26,0.020769231,49
2739.342934,61,68,0.16,7,0.022857143,49
2739.300695,64,80,0.45,16,0.028125,49
2739.252553,63,91,0.66,28,0.023571429,49
2738.750969,62,86,0.49,24,0.020416667,49
2738.709996,57,91,0.72,34,0.021176471,49
2738.370022,66,79,0.27,13,0.020769231,49
2737.996426,43,71,0.92,28,0.032857143,49
2737.729628,39,53,0.53,14,0.037857143,49
2737.710534,58,96,0.98,38,0.025789474,49
2737.524786,59,95,0.87,36,0.024166667,49
2737.392564,59,92,0.65,33,0.01969697,49
2737.275309,68,77,0.19,9,0.021111111,49
2737.245543,68,72,0.09,4,0.0225,49
2737.184455,61,86,0.52,25,0.0208,49
2736.883565,56,82,0.69,26,0.026538462,49
2736.682032,52,81,0.85,29,0.029310345,49
2736.605633,62,83,0.44,21,0.020952381,49
2736.127158,44,70,0.86,26,0.033076923,49
2735.92068,64,82,0.37,18,0.020555556,49
2735.85009,55,87,0.72,32,0.0225,49
2735.793559,64,83,0.37,19,0.019473684,49
2735.644787,54,87,0.93,33,0.028181818,49
2735.607367,63,84,0.41,21,0.01952381,49
2735.375725,38,52,0.52,14,0.037142857,49
2735.175316,58,83,0.57,25,0.0228,49
2734.943946,58,98,0.99,40,0.02475,49
2734.656944,65,80,0.3,15,0.02,49
2734.642,61,86,0.53,25,0.0212,49
2734.627762,60,87,0.55,27,0.02037037,49
2734.586188,58,91,0.68,33,0.020606061,49
2734.441906,67,77,0.2,10,0.02,49
2734.406347,63,83,0.42,20,0.021,49
2734.307189,58,90,0.67,32,0.0209375,49
2734.124694,49,78,0.9,29,0.031034483,49
2734.121525,40,52,0.45,12,0.0375,49
2733.922829,67,78,0.23,11,0.020909091,49
2733.8493,61,86,0.5,25,0.02,49
2733.696675,69,83,0.26,14,0.018571429,49
2733.609999,56,93,0.77,37,0.020810811,49
2733.546724,56,94,0.79,38,0.020789474,49
2733.32681,62,86,0.51,24,0.02125,49
2733.11463,50,84,0.99,34,0.029117647,49
2732.935712,58,93,0.71,35,0.020285714,49
2732.917707,60,87,0.53,27,0.01962963,49
2732.805231,60,81,0.47,21,0.022380952,49
2732.695921,36,93,0.16,57,0.002807018,49
2732.1298,66,86,0.51,20,0.0255,49
2731.898769,58,98,0.94,40,0.0235,49
2731.619436,65,82,0.37,17,0.021764706,49
2731.555333,58,92,0.71,34,0.020882353,49
2731.488323,59,90,0.63,31,0.020322581,49
2731.408402,53,74,0.62,21,0.02952381,49
2731.24442,53,89,0.84,36,0.023333333,49
2731.173238,56,70,0.42,14,0.03,49
2731.173238,55,71,0.48,16,0.03,49
2730.975312,50,59,0.23,9,0.025555556,49
2730.817814,51,82,0.91,31,0.029354839,49
2730.794473,42,73,0.99,31,0.031935484,49
2730.786217,68,75,0.2,7,0.028571429,49
2730.735427,53,92,0.98,39,0.025128205,49
2730.501292,46,64,0.46,18,0.025555556,49
2730.391232,57,98,0.99,41,0.024146341,49
2730.293263,63,81,0.51,18,0.028333333,49
2730.245502,59,89,0.63,30,0.021,49
2730.070372,53,86,0.88,33,0.026666667,49
2729.917602,53,88,0.99,35,0.028285714,49
2729.862353,67,82,0.4,15,0.026666667,49
2729.626908,40,51,0.39,11,0.035454545,49
2729.453953,62,83,0.45,21,0.021428571,49
2729.381883,59,89,0.61,30,0.020333333,49
2729.025129,54,72,0.54,18,0.03,49
2728.915942,56,91,0.76,35,0.021714286,49
2728.428202,61,86,0.51,25,0.0204,49
2728.386196,49,75,0.93,26,0.035769231,49
2728.30815,63,91,0.67,28,0.023928571,49
2728.30815,62,92,0.72,30,0.024,49
2728.283437,61,93,0.77,32,0.0240625,49
2728.283437,60,94,0.82,34,0.024117647,49
2728.212063,70,87,0.3,17,0.017647059,49
2728.075467,52,73,0.74,21,0.035238095,49
2727.72583,54,91,0.93,37,0.025135135,49
2727.7242,61,93,0.8,32,0.025,49
2727.514199,66,80,0.3,14,0.021428571,49
2727.316801,65,79,0.28,14,0.02,49
2727.10811,43,59,0.54,16,0.03375,49
2726.750118,67,84,0.32,17,0.018823529,49
2726.637347,66,77,0.24,11,0.021818182,49
2726.386196,53,92,0.87,39,0.022307692,49
2726.289843,59,84,0.71,25,0.0284,49
2726.27078,60,92,0.84,32,0.02625,49
2726.229366,60,94,0.87,34,0.025588235,49
2726.22167,53,90,0.98,37,0.026486486,49
2725.961917,44,70,0.85,26,0.032692308,49
2725.884444,60,88,0.59,28,0.021071429,49
2725.764749,58,88,0.66,30,0.022,49
2725.606975,68,73,0.11,5,0.022,49
2725.566001,63,87,0.64,24,0.026666667,49
2725.566001,63,88,0.66,25,0.0264,49
2725.566001,61,90,0.77,29,0.026551724,49
2725.430738,71,80,0.23,9,0.025555556,49
2725.400951,66,83,0.46,17,0.027058824,49
2725.351098,52,70,0.66,18,0.036666667,49
2725.184752,64,73,0.22,9,0.024444444,49
2725.09761,56,96,0.83,40,0.02075,49
2724.779141,34,99,0.16,65,0.002461538,49
2724.656029,58,83,0.56,25,0.0224,49
2724.647281,60,90,0.64,30,0.021333333,49
2724.647281,57,94,0.79,37,0.021351351,49
2724.386215,53,72,0.67,19,0.035263158,49
2724.18129,59,87,0.61,28,0.021785714,49
2724.175979,54,72,0.56,18,0.031111111,49
2724.143669,63,90,0.68,27,0.025185185,49
2724.133362,53,61,0.21,8,0.02625,49
2724.052191,59,93,0.7,34,0.020588235,49
2724.008927,61,84,0.48,23,0.020869565,49
2723.992012,55,86,0.87,31,0.028064516,49
2723.934605,34,99,0.15,65,0.002307692,49
2723.791993,63,77,0.32,14,0.022857143,49
2723.728499,51,79,0.83,28,0.029642857,49
2723.638868,65,79,0.39,14,0.027857143,49
2723.436577,56,87,0.81,31,0.026129032,49
2722.984265,68,81,0.35,13,0.026923077,49
2722.736603,66,78,0.26,12,0.021666667,49
2722.650728,61,92,0.8,31,0.025806452,49
2722.626064,62,89,0.71,27,0.026296296,49
2722.626064,62,90,0.73,28,0.026071429,49
2722.027253,70,79,0.25,9,0.027777778,49
2721.678976,50,77,0.83,27,0.030740741,49
2721.607183,72,77,0.13,5,0.026,49
2721.592292,41,55,0.5,14,0.035714286,49
2721.584782,64,89,0.64,25,0.0256,49
2721.576948,54,97,0.9,43,0.020930233,49
2721.572875,56,95,0.82,39,0.021025641,49
2721.517556,61,80,0.42,19,0.022105263,49
2721.501529,62,86,0.5,24,0.020833333,49
2721.390315,39,65,0.84,26,0.032307692,49
2721.359227,57,89,0.71,32,0.0221875,49
2721.311861,54,95,0.88,41,0.021463415,49
2721.154565,56,92,0.76,36,0.021111111,49
2721.097883,62,88,0.53,26,0.020384615,49
2720.799075,70,80,0.26,10,0.026,49
2720.799075,66,85,0.49,19,0.025789474,49
2720.799075,65,86,0.54,21,0.025714286,49
2720.712491,59,92,0.66,33,0.02,49
2720.694933,59,92,0.69,33,0.020909091,49
2720.664359,64,71,0.19,7,0.027142857,49
2720.395374,65,81,0.33,16,0.020625,49
2719.915158,38,54,0.55,16,0.034375,49
2719.842876,39,66,0.86,27,0.031851852,49
2719.614951,49,73,0.89,24,0.037083333,49
2719.503625,70,82,0.22,12,0.018333333,49
2719.427601,53,87,0.97,34,0.028529412,49
2718.971484,40,64,0.78,24,0.0325,49
2718.932762,40,64,0.77,24,0.032083333,49
2718.795007,66,86,0.48,20,0.024,49
2718.795007,66,87,0.5,21,0.023809524,49
2718.795007,65,87,0.53,22,0.024090909,49
2718.795007,64,88,0.58,24,0.024166667,49
2718.795007,63,89,0.63,26,0.024230769,49
2718.795007,62,92,0.71,30,0.023666667,49
2718.795007,61,93,0.76,32,0.02375,49
2718.618599,58,94,0.98,36,0.027222222,49
2718.424556,41,62,0.68,21,0.032380952,49
2718.320509,44,58,0.46,14,0.032857143,49
2718.310694,67,80,0.28,13,0.021538462,49
2718.083196,70,82,0.3,12,0.025,49
2718.083196,69,83,0.35,14,0.025,49
2718.058572,68,83,0.38,15,0.025333333,49
2718.058572,68,84,0.4,16,0.025,49
2718.058572,67,84,0.43,17,0.025294118,49
2718.058572,67,85,0.45,18,0.025,49
2718.058572,66,85,0.48,19,0.025263158,49
2718.058572,66,86,0.5,20,0.025,49
2718.058572,65,86,0.53,21,0.025238095,49
2718.058572,65,87,0.55,22,0.025,49
2718.058572,64,88,0.6,24,0.025,49
2718.058572,63,89,0.65,26,0.025,49
2718.058572,61,92,0.77,31,0.02483871,49
2718.012025,65,87,0.57,22,0.025909091,49
2717.987402,65,86,0.55,21,0.026190476,49
2717.799959,68,85,0.31,17,0.018235294,49
2717.464068,65,88,0.58,23,0.025217391,49
2717.44989,59,93,0.9,34,0.026470588,49
2717.421398,35,56,0.78,21,0.037142857,49
2717.395,59,94,0.86,35,0.024571429,49
2717.262902,46,56,0.33,10,0.033,49
2717.201483,56,94,0.82,38,0.021578947,49
2716.957136,68,75,0.15,7,0.021428571,49
2716.883083,68,83,0.28,15,0.018666667,49
2716.718753,53,73,0.69,20,0.0345,49
2716.577365,41,66,0.72,25,0.0288,49
2716.571017,60,82,0.49,22,0.022272727,49
2716.48385,61,90,0.8,29,0.027586207,49
2716.444516,70,81,0.28,11,0.025454545,49
2716.114366,53,93,0.88,40,0.022,49
2715.813688,60,86,0.54,26,0.020769231,49
2715.712372,46,69,0.61,23,0.026521739,49
2715.452244,65,93,0.49,28,0.0175,49
2715.151259,63,89,0.52,26,0.02,49
2715.103967,59,94,0.89,35,0.025428571,49
2715.084826,63,85,0.44,22,0.02,49
2714.64467,58,97,0.97,39,0.024871795,49
2714.248779,40,56,0.58,16,0.03625,49
2713.840304,64,80,0.32,16,0.02,49
2713.646435,63,80,0.44,17,0.025882353,49
2713.570352,59,96,0.93,37,0.025135135,49
2713.531719,53,91,0.99,38,0.026052632,49
2713.502347,58,96,0.93,38,0.024473684,49
2713.228275,54,91,0.83,37,0.022432432,49
2713.100512,65,84,0.53,19,0.027894737,49
2713.100512,64,86,0.61,22,0.027727273,49
2713.036636,60,74,0.39,14,0.027857143,49
2712.935675,69,87,0.31,18,0.017222222,49
2712.313172,64,87,0.58,23,0.025217391,49
2712.313172,63,88,0.63,25,0.0252,49
2712.313172,62,90,0.7,28,0.025,49
2712.096985,35,58,0.87,23,0.037826087,49
2712.016935,56,93,0.79,37,0.021351351,49
2711.693885,42,50,0.3,8,0.0375,49
2710.530438,69,84,0.36,15,0.024,49
2710.530438,68,85,0.41,17,0.024117647,49
2710.50588,68,84,0.39,16,0.024375,49
2709.893414,48,58,0.27,10,0.027,49
2709.428938,73,78,0.13,5,0.026,49
2709.297731,56,85,0.66,29,0.022758621,49
2709.26227,42,60,0.62,18,0.034444444,49
2709.154738,69,75,0.12,6,0.02,49
2709.110924,15,65,0.32,50,0.0064,49
2708.857805,69,81,0.33,12,0.0275,49
2708.796239,71,80,0.22,9,0.024444444,49
2708.796239,64,89,0.6,25,0.024,49
2708.796239,63,90,0.65,27,0.024074074,49
2708.369911,65,82,0.33,17,0.019411765,49
2708.348472,61,95,0.79,34,0.023235294,49
2708.348472,60,97,0.85,37,0.022972973,49
2708.348472,59,98,0.9,39,0.023076923,49
2707.977003,68,76,0.16,8,0.02,49
2707.94207,65,90,0.48,25,0.0192,49
2707.915672,54,87,0.78,33,0.023636364,49
2707.910031,59,96,0.89,37,0.024054054,49
2707.885496,58,97,0.94,39,0.024102564,49
2707.882043,58,70,0.41,12,0.034166667,49
2707.816687,60,88,0.54,28,0.019285714,49
2707.497718,59,87,0.6,28,0.021428571,49
2707.37402,53,59,0.19,6,0.031666667,49
2707.287802,53,97,0.94,44,0.021363636,49
2707.257886,54,96,0.89,42,0.021190476,49
2707.081197,51,74,0.81,23,0.035217391,49
2706.984112,65,88,0.45,23,0.019565217,49
2706.984112,64,89,0.49,25,0.0196,49
2706.984112,63,90,0.53,27,0.01962963,49
2706.952913,64,86,0.44,22,0.02,49
2706.940872,64,82,0.38,18,0.021111111,49
2706.88321,64,79,0.33,15,0.022,49
2706.88321,62,81,0.42,19,0.022105263,49
2706.88321,60,83,0.51,23,0.022173913,49
2706.392768,63,89,0.7,26,0.026923077,49
2706.318673,59,82,0.63,23,0.027391304,49
2706.081678,49,58,0.24,9,0.026666667,49
2706.034884,55,90,0.78,35,0.022285714,49
2705.948045,56,89,0.73,33,0.022121212,49
2705.882879,43,60,0.55,17,0.032352941,49
2705.76138,38,67,0.93,29,0.032068966,49
2705.401921,51,61,0.32,10,0.032,49
2705.323886,62,77,0.44,15,0.029333333,49
2705.181821,48,80,0.95,32,0.0296875,49
2705.170772,46,61,0.4,15,0.026666667,49
2704.623567,55,94,0.82,39,0.021025641,49
2704.454691,54,69,0.54,15,0.036,49
2704.345574,59,93,0.93,34,0.027352941,49
2704.345574,58,94,0.99,36,0.0275,49
2704.244449,64,88,0.64,24,0.026666667,49
2703.96428,42,49,0.25,7,0.035714286,49
2703.633783,63,95,0.59,32,0.0184375,49
