% profit,ema1,ema2,threshold,diff,thresh / diff,ID
3533.895395,37,51,0.5,14,0.035714286,15
3506.246877,36,53,0.61,17,0.035882353,15
3493.720652,37,52,0.53,15,0.035333333,15
3485.915038,39,49,0.36,10,0.036,15
3483.612991,36,52,0.59,16,0.036875,15
3482.314539,38,50,0.43,12,0.035833333,15
3480.753108,35,53,0.67,18,0.037222222,15
3465.598753,34,54,0.74,20,0.037,15
3464.952724,35,53,0.68,18,0.037777778,15
3456.378827,34,59,0.83,25,0.0332,15
3454.292077,37,50,0.49,13,0.037692308,15
3443.091155,37,51,0.51,14,0.036428571,15
3438.380609,33,61,0.92,28,0.032857143,15
3437.163078,40,47,0.26,7,0.037142857,15
3424.8916,35,59,0.79,24,0.032916667,15
3419.54209,43,48,0.17,5,0.034,15
3419.425326,36,52,0.58,16,0.03625,15
3418.059218,33,62,0.94,29,0.032413793,15
3410.402438,38,50,0.44,12,0.036666667,15
3401.246255,35,54,0.68,19,0.035789474,15
3398.90283,34,55,0.76,21,0.036190476,15
3396.961656,35,53,0.65,18,0.036111111,15
3394.423421,33,56,0.83,23,0.036086957,15
3384.273819,32,57,0.92,25,0.0368,15
3384.175696,35,53,0.66,18,0.036666667,15
3382.19421,33,55,0.82,22,0.037272727,15
3381.210142,37,56,0.63,19,0.033157895,15
3380.670381,35,52,0.65,17,0.038235294,15
3370.606881,36,53,0.6,17,0.035294118,15
3364.72306,33,56,0.84,23,0.036521739,15
3357.949413,37,51,0.52,14,0.037142857,15
3354.741064,36,51,0.57,15,0.038,15
3340.187709,39,50,0.39,11,0.035454545,15
3330.57833,36,52,0.6,16,0.0375,15
3321.250862,40,48,0.28,8,0.035,15
3316.68539,39,52,0.44,13,0.033846154,15
3315.915168,32,56,0.9,24,0.0375,15
3314.367766,35,58,0.76,23,0.033043478,15
3310.387943,35,54,0.69,19,0.036315789,15
3308.999192,39,53,0.47,14,0.033571429,15
3307.305057,38,51,0.46,13,0.035384615,15
3305.806598,36,57,0.72,21,0.034285714,15
3302.796104,39,48,0.34,9,0.037777778,15
3300.581988,36,56,0.67,20,0.0335,15
3296.107469,40,48,0.29,8,0.03625,15
3290.732946,34,54,0.73,20,0.0365,15
3289.575283,33,55,0.83,22,0.037727273,15
3288.097822,34,55,0.75,21,0.035714286,15
3281.223001,34,60,0.88,26,0.033846154,15
3279.396355,34,55,0.77,21,0.036666667,15
3274.585464,44,46,0.07,2,0.035,15
3265.327782,34,56,0.77,22,0.035,15
3261.764522,55,88,0.85,33,0.025757576,15
3261.475847,40,49,0.32,9,0.035555556,15
3260.766774,38,53,0.52,15,0.034666667,15
3259.857556,33,55,0.81,22,0.036818182,15
3250.302618,41,47,0.22,6,0.036666667,15
3247.027729,35,58,0.79,23,0.034347826,15
3241.710192,33,62,0.98,29,0.033793103,15
3239.678266,38,54,0.54,16,0.03375,15
3238.888844,38,54,0.55,16,0.034375,15
3237.885857,39,53,0.48,14,0.034285714,15
3236.445865,41,47,0.21,6,0.035,15
3235.427729,42,49,0.24,7,0.034285714,15
3233.160145,43,45,0.07,2,0.035,15
3233.160145,42,46,0.14,4,0.035,15
3231.126018,34,56,0.78,22,0.035454545,15
3230.042365,42,51,0.3,9,0.033333333,15
3228.07789,37,55,0.62,18,0.034444444,15
3225.057693,37,52,0.52,15,0.034666667,15
3224.404432,54,90,0.92,36,0.025555556,15
3223.12803,33,61,0.96,28,0.034285714,15
3219.333829,35,55,0.7,20,0.035,15
3216.084748,39,51,0.41,12,0.034166667,15
3214.581014,37,56,0.64,19,0.033684211,15
3211.640942,33,58,0.87,25,0.0348,15
3209.988779,40,54,0.46,14,0.032857143,15
3209.165004,39,49,0.35,10,0.035,15
3207.821856,40,52,0.41,12,0.034166667,15
3207.381636,37,52,0.54,15,0.036,15
3206.976073,38,51,0.45,13,0.034615385,15
3206.776092,35,59,0.8,24,0.033333333,15
3204.794999,41,48,0.25,7,0.035714286,15
3202.15153,38,52,0.48,14,0.034285714,15
3195.305185,38,53,0.51,15,0.034,15
3194.64591,35,59,0.81,24,0.03375,15
3191.493153,39,50,0.38,11,0.034545455,15
3188.75381,36,57,0.7,21,0.033333333,15
3188.018552,36,56,0.68,20,0.034,15
3186.926868,34,54,0.75,20,0.0375,15
3186.740723,32,56,0.91,24,0.037916667,15
3178.968282,33,60,0.94,27,0.034814815,15
3177.770666,35,57,0.76,22,0.034545455,15
3176.359486,39,49,0.37,10,0.037,15
3176.347918,33,61,0.95,28,0.033928571,15
3174.037942,45,48,0.1,3,0.033333333,15
3173.608974,39,52,0.45,13,0.034615385,15
3171.086664,38,56,0.59,18,0.032777778,15
3169.143012,35,58,0.78,23,0.033913043,15
3168.746038,33,57,0.86,24,0.035833333,15
3166.496441,40,51,0.38,11,0.034545455,15
3164.42854,40,50,0.35,10,0.035,15
3160.446055,34,60,0.89,26,0.034230769,15
3158.437911,40,48,0.3,8,0.0375,15
3157.398153,34,54,0.76,20,0.038,15
3157.383443,36,57,0.71,21,0.033809524,15
3155.454843,35,58,0.77,23,0.033478261,15
3154.625914,60,71,0.35,11,0.031818182,15
3150.919562,35,57,0.77,22,0.035,15
3149.67441,32,60,0.96,28,0.034285714,15
3149.50542,34,60,0.86,26,0.033076923,15
3148.890705,60,70,0.32,10,0.032,15
3148.703107,33,56,0.85,23,0.036956522,15
3146.405866,34,61,0.9,27,0.033333333,15
3146.133564,41,50,0.31,9,0.034444444,15
3144.96919,35,54,0.67,19,0.035263158,15
3144.078766,56,75,0.61,19,0.032105263,15
3144.052189,34,59,0.86,25,0.0344,15
3143.749476,34,59,0.84,25,0.0336,15
3141.951898,33,62,0.96,29,0.033103448,15
3136.003981,42,45,0.11,3,0.036666667,15
3135.373522,33,60,0.93,27,0.034444444,15
3134.476408,55,76,0.68,21,0.032380952,15
3134.329094,53,91,0.97,38,0.025526316,15
3131.656927,55,77,0.7,22,0.031818182,15
3130.758596,38,50,0.45,12,0.0375,15
3130.350987,37,55,0.61,18,0.033888889,15
3129.361146,45,66,0.67,21,0.031904762,15
3128.003941,35,57,0.75,22,0.034090909,15
3123.998796,36,56,0.69,20,0.0345,15
3123.684648,53,91,0.98,38,0.025789474,15
3121.80935,46,66,0.63,20,0.0315,15
3121.437207,34,53,0.77,19,0.040526316,15
3121.240431,33,61,0.93,28,0.033214286,15
3118.487657,33,57,0.85,24,0.035416667,15
3117.254429,56,87,0.8,31,0.025806452,15
3116.631867,36,58,0.74,22,0.033636364,15
3114.353517,42,47,0.18,5,0.036,15
3114.135056,38,51,0.47,13,0.036153846,15
3113.756725,42,48,0.21,6,0.035,15
3113.548229,42,46,0.15,4,0.0375,15
3113.502385,58,73,0.48,15,0.032,15
3108.723585,34,60,0.87,26,0.033461538,15
3108.082461,57,86,0.75,29,0.025862069,15
3105.785337,39,50,0.4,11,0.036363636,15
3105.386267,43,47,0.14,4,0.035,15
3104.762355,41,49,0.28,8,0.035,15
3104.745557,33,55,0.84,22,0.038181818,15
3102.533524,33,54,0.84,21,0.04,15
3100.004678,57,73,0.52,16,0.0325,15
3100.004678,53,78,0.81,25,0.0324,15
3098.374685,61,68,0.23,7,0.032857143,15
3096.539513,53,90,0.96,37,0.025945946,15
3095.890431,34,59,0.87,25,0.0348,15
3091.913091,53,57,0.13,4,0.0325,15
3091.913091,51,59,0.26,8,0.0325,15
3091.842729,37,54,0.59,17,0.034705882,15
3090.973329,31,57,0.99,26,0.038076923,15
3090.535333,35,54,0.7,19,0.036842105,15
3089.932501,33,62,0.95,29,0.032758621,15
3087.344932,33,60,0.91,27,0.033703704,15
3086.45561,37,55,0.66,18,0.036666667,15
3086.401515,38,53,0.53,15,0.035333333,15
3084.203111,38,52,0.49,14,0.035,15
3084.039916,48,63,0.48,15,0.032,15
3083.319733,42,50,0.27,8,0.03375,15
3081.740606,33,56,0.86,23,0.037391304,15
3081.081059,32,55,0.93,23,0.040434783,15
3080.462726,43,49,0.23,6,0.038333333,15
3079.928926,58,71,0.43,13,0.033076923,15
3079.928926,55,74,0.63,19,0.033157895,15
3079.928926,53,77,0.79,24,0.032916667,15
3079.083112,33,60,0.99,27,0.036666667,15
3078.383672,58,72,0.45,14,0.032142857,15
3077.089809,36,55,0.66,19,0.034736842,15
3076.951438,35,60,0.83,25,0.0332,15
3076.772746,36,56,0.7,20,0.035,15
3076.518859,39,51,0.42,12,0.035,15
3076.315531,34,61,0.88,27,0.032592593,15
3074.789641,41,49,0.29,8,0.03625,15
3074.028017,32,57,0.93,25,0.0372,15
3073.584936,52,79,0.88,27,0.032592593,15
3073.196757,51,58,0.23,7,0.032857143,15
3072.940858,34,59,0.92,25,0.0368,15
3072.698122,46,65,0.6,19,0.031578947,15
3072.528672,33,61,0.94,28,0.033571429,15
3072.405311,36,53,0.62,17,0.036470588,15
3072.091582,34,58,0.84,24,0.035,15
3071.898802,54,76,0.72,22,0.032727273,15
3071.616612,37,54,0.6,17,0.035294118,15
3071.394493,57,72,0.49,15,0.032666667,15
3070.358659,41,50,0.33,9,0.036666667,15
3070.273228,30,83,0.17,53,0.003207547,15
3069.647092,42,50,0.31,8,0.03875,15
3065.954574,29,85,0.19,56,0.003392857,15
3064.005261,34,59,0.85,25,0.034,15
3063.743099,49,61,0.39,12,0.0325,15
3063.743099,47,63,0.52,16,0.0325,15
3063.141368,56,86,0.79,30,0.026333333,15
3060.340926,38,49,0.41,11,0.037272727,15
3057.881278,41,51,0.34,10,0.034,15
3055.866435,38,49,0.42,11,0.038181818,15
3055.738931,49,62,0.41,13,0.031538462,15
3055.701287,33,62,0.97,29,0.033448276,15
3055.410894,36,54,0.63,18,0.035,15
3053.375437,59,70,0.36,11,0.032727273,15
3052.435745,28,86,0.21,58,0.00362069,15
3051.468908,36,51,0.59,15,0.039333333,15
3051.08346,35,52,0.68,17,0.04,15
3050.5398,35,60,0.82,25,0.0328,15
3049.410494,45,67,0.69,22,0.031363636,15
3048.498512,61,80,0.51,19,0.026842105,15
3044.538019,51,79,0.94,28,0.033571429,15
3044.374483,39,53,0.51,14,0.036428571,15
3043.70094,37,56,0.69,19,0.036315789,15
3042.765358,38,54,0.56,16,0.035,15
3040.190867,32,58,0.93,26,0.035769231,15
3039.887525,33,54,0.85,21,0.04047619,15
3039.666691,55,75,0.65,20,0.0325,15
3038.358463,54,75,0.7,21,0.033333333,15
3038.358463,52,78,0.86,26,0.033076923,15
3038.320537,39,48,0.33,9,0.036666667,15
3038.067432,56,73,0.56,17,0.032941176,15
3038.050593,59,83,0.63,24,0.02625,15
3037.162972,39,54,0.51,15,0.034,15
3036.810774,38,56,0.6,18,0.033333333,15
3036.810774,37,57,0.67,20,0.0335,15
3036.67521,55,89,0.87,34,0.025588235,15
3036.081848,37,54,0.58,17,0.034117647,15
3035.967063,34,53,0.76,19,0.04,15
3035.617526,32,61,0.99,29,0.034137931,15
3031.542648,32,58,0.94,26,0.036153846,15
3031.35114,36,55,0.68,19,0.035789474,15
3029.764285,34,61,0.89,27,0.032962963,15
3029.122087,39,54,0.5,15,0.033333333,15
3024.448381,32,59,0.95,27,0.035185185,15
3023.780109,37,53,0.56,16,0.035,15
3023.046643,38,55,0.57,17,0.033529412,15
3022.5712,51,80,0.95,29,0.032758621,15
3021.440706,35,58,0.84,23,0.036521739,15
3020.979744,53,92,0.99,39,0.025384615,15
3020.75488,40,49,0.31,9,0.034444444,15
3020.177321,56,88,0.82,32,0.025625,15
3020.092219,37,55,0.63,18,0.035,15
3019.701819,41,52,0.37,11,0.033636364,15
3019.701819,40,53,0.44,13,0.033846154,15
3017.253324,40,51,0.39,11,0.035454545,15
3015.669231,33,60,0.92,27,0.034074074,15
3013.519512,40,46,0.24,6,0.04,15
3013.519512,39,47,0.32,8,0.04,15
3012.955047,35,58,0.8,23,0.034782609,15
3012.858184,34,61,0.98,27,0.036296296,15
3012.491637,44,47,0.11,3,0.036666667,15
3009.704659,34,55,0.78,21,0.037142857,15
3008.784703,54,91,0.94,37,0.025405405,15
3008.699582,41,45,0.16,4,0.04,15
3008.381309,35,55,0.71,20,0.0355,15
3006.958412,39,55,0.53,16,0.033125,15
3006.408228,34,56,0.79,22,0.035909091,15
3004.677067,55,88,0.86,33,0.026060606,15
3003.327322,38,55,0.61,17,0.035882353,15
3003.282874,39,52,0.46,13,0.035384615,15
3002.74027,38,55,0.58,17,0.034117647,15
3002.130158,32,58,0.95,26,0.036538462,15
2998.892594,34,58,0.81,24,0.03375,15
2998.799181,37,50,0.51,13,0.039230769,15
2997.046742,36,50,0.57,14,0.040714286,15
2996.945101,34,57,0.8,23,0.034782609,15
2995.040784,50,60,0.32,10,0.032,15
2994.827186,54,89,0.91,35,0.026,15
2993.705221,36,55,0.65,19,0.034210526,15
2992.383106,35,57,0.78,22,0.035454545,15
2990.849306,41,54,0.46,13,0.035384615,15
2990.818535,42,73,0.98,31,0.031612903,15
2990.788427,41,51,0.39,10,0.039,15
2990.561357,36,54,0.64,18,0.035555556,15
2988.953704,38,48,0.4,10,0.04,15
2988.426816,53,91,0.99,38,0.026052632,15
2988.419121,33,60,0.95,27,0.035185185,15
2988.204271,36,59,0.76,23,0.033043478,15
2987.240525,42,50,0.29,8,0.03625,15
2986.884849,33,61,0.97,28,0.034642857,15
2985.094845,51,79,0.93,28,0.033214286,15
2983.878333,44,71,0.67,27,0.024814815,15
2983.016847,36,59,0.75,23,0.032608696,15
2982.308304,33,58,0.88,25,0.0352,15
2982.237756,30,83,0.18,53,0.003396226,15
2981.668863,37,60,0.82,23,0.035652174,15
2981.392607,39,52,0.48,13,0.036923077,15
2981.146497,37,56,0.65,19,0.034210526,15
2980.598994,37,49,0.49,12,0.040833333,15
2979.467677,59,82,0.62,23,0.026956522,15
2979.118757,43,52,0.32,9,0.035555556,15
2977.958033,48,62,0.45,14,0.032142857,15
2977.685204,36,55,0.67,19,0.035263158,15
2977.437369,33,54,0.86,21,0.040952381,15
2977.39469,60,78,0.48,18,0.026666667,15
2977.063019,37,57,0.66,20,0.033,15
2976.810167,35,56,0.72,21,0.034285714,15
2976.810167,34,57,0.79,23,0.034347826,15
2975.546583,49,59,0.33,10,0.033,15
2973.227896,63,74,0.3,11,0.027272727,15
2972.517758,44,68,0.76,24,0.031666667,15
2972.0808,34,55,0.72,21,0.034285714,15
2970.617305,34,56,0.75,22,0.034090909,15
2970.577873,33,53,0.82,20,0.041,15
2970.552446,32,59,0.97,27,0.035925926,15
2969.449796,34,58,0.85,24,0.035416667,15
2968.850479,44,49,0.17,5,0.034,15
2966.526914,34,58,0.83,24,0.034583333,15
2966.210064,36,58,0.73,22,0.033181818,15
2965.762762,31,59,0.96,28,0.034285714,15
2964.047843,35,56,0.73,21,0.034761905,15
2963.652447,39,54,0.57,15,0.038,15
2963.409231,44,51,0.25,7,0.035714286,15
2963.284015,43,70,0.85,27,0.031481481,15
2962.801603,32,59,0.96,27,0.035555556,15
2962.644411,42,53,0.39,11,0.035454545,15
2962.199332,49,57,0.21,8,0.02625,15
2961.184551,54,88,0.9,34,0.026470588,15
2961.184551,53,90,0.97,37,0.026216216,15
2961.125074,57,85,0.74,28,0.026428571,15
2961.125074,54,89,0.92,35,0.026285714,15
2960.983322,38,59,0.74,21,0.035238095,15
2960.311847,34,61,0.91,27,0.033703704,15
2960.00337,57,71,0.47,14,0.033571429,15
2959.577979,34,58,0.82,24,0.034166667,15
2959.203282,34,62,0.9,28,0.032142857,15
2959.103647,35,57,0.74,22,0.033636364,15
2957.195585,33,57,0.87,24,0.03625,15
2956.97816,53,89,0.96,36,0.026666667,15
2956.918765,56,86,0.8,30,0.026666667,15
2956.918765,53,90,0.98,37,0.026486486,15
2954.826359,38,56,0.65,18,0.036111111,15
2953.813276,35,52,0.64,17,0.037647059,15
2953.002611,35,60,0.9,25,0.036,15
2952.276089,61,67,0.2,6,0.033333333,15
2951.826029,39,58,0.67,19,0.035263158,15
2951.539646,41,50,0.32,9,0.035555556,15
2951.380929,32,57,0.95,25,0.038,15
2951.248343,35,56,0.75,21,0.035714286,15
2950.252091,62,75,0.35,13,0.026923077,15
2949.968361,47,64,0.54,17,0.031764706,15
2949.889377,32,58,0.89,26,0.034230769,15
2949.706137,59,77,0.51,18,0.028333333,15
2949.685359,32,61,0.98,29,0.033793103,15
2949.138934,59,83,0.64,24,0.026666667,15
2948.710092,38,49,0.4,11,0.036363636,15
2948.235376,52,75,0.8,23,0.034782609,15
2948.235376,51,76,0.87,25,0.0348,15
2947.45197,38,55,0.62,17,0.036470588,15
2946.086538,41,52,0.4,11,0.036363636,15
2945.109411,45,70,0.62,25,0.0248,15
2943.458824,60,76,0.45,16,0.028125,15
2943.382581,56,81,0.7,25,0.028,15
2943.14952,43,73,0.73,30,0.024333333,15
2941.775964,37,50,0.48,13,0.036923077,15
2941.464173,28,86,0.2,58,0.003448276,15
2941.198355,37,49,0.48,12,0.04,15
2940.777894,54,89,0.93,35,0.026571429,15
2940.629332,61,75,0.39,14,0.027857143,15
2940.535771,68,98,0.52,30,0.017333333,15
2939.858979,35,57,0.81,22,0.036818182,15
2937.293246,36,51,0.56,15,0.037333333,15
2936.902521,56,87,0.81,31,0.026129032,15
2936.093373,37,58,0.69,21,0.032857143,15
2935.725515,57,84,0.74,27,0.027407407,15
2935.725515,55,87,0.87,32,0.0271875,15
2935.407075,58,84,0.7,26,0.026923077,15
2933.593065,42,71,0.97,29,0.033448276,15
2933.408933,54,90,0.93,36,0.025833333,15
2932.916407,43,48,0.2,5,0.04,15
2932.729496,58,84,0.69,26,0.026538462,15
2932.729496,55,88,0.87,33,0.026363636,15
2932.46078,36,50,0.56,14,0.04,15
2931.634369,42,71,0.92,29,0.031724138,15
2931.403764,44,69,0.78,25,0.0312,15
2931.100069,54,88,0.88,34,0.025882353,15
2929.504829,38,55,0.56,17,0.032941176,15
2929.411517,38,57,0.62,19,0.032631579,15
2929.279552,33,57,0.82,24,0.034166667,15
2929.134023,34,56,0.8,22,0.036363636,15
2928.909222,54,86,0.84,32,0.02625,15
2928.686709,43,69,0.83,26,0.031923077,15
2928.430822,63,73,0.28,10,0.028,15
2928.365783,56,87,0.82,31,0.026451613,15
2928.248921,36,59,0.81,23,0.035217391,15
2928.003648,35,59,0.82,24,0.034166667,15
2926.782483,60,77,0.47,17,0.027647059,15
2926.760492,49,73,0.61,24,0.025416667,15
2926.446192,33,59,0.89,26,0.034230769,15
2923.203229,59,71,0.39,12,0.0325,15
2922.275111,56,86,0.81,30,0.027,15
2922.275111,54,89,0.94,35,0.026857143,15
2921.496218,36,59,0.82,23,0.035652174,15
2920.103577,33,59,0.9,26,0.034615385,15
2919.951564,84,96,0.07,12,0.005833333,15
2919.903538,67,99,0.56,32,0.0175,15
2919.869642,37,54,0.61,17,0.035882353,15
2919.207614,59,73,0.44,14,0.031428571,15
2918.767331,42,74,0.79,32,0.0246875,15
2918.386499,58,74,0.51,16,0.031875,15
2918.386499,56,76,0.64,20,0.032,15
2917.655074,63,69,0.19,6,0.031666667,15
2917.655074,60,72,0.38,12,0.031666667,15
2917.375793,40,52,0.47,12,0.039166667,15
2916.92938,35,57,0.85,22,0.038636364,15
2916.011151,36,57,0.76,21,0.036190476,15
2915.739673,64,71,0.2,7,0.028571429,15
2915.498458,29,84,0.2,55,0.003636364,15
2915.458358,53,87,0.9,34,0.026470588,15
2914.837326,37,61,0.84,24,0.035,15
2914.808244,87,92,0.03,5,0.006,15
2914.687259,62,70,0.25,8,0.03125,15
2914.62517,32,55,0.92,23,0.04,15
2914.447951,38,53,0.58,15,0.038666667,15
2914.376102,42,49,0.28,7,0.04,15
2914.376102,41,50,0.36,9,0.04,15
2914.326113,48,74,0.66,26,0.025384615,15
2913.872075,36,49,0.5,13,0.038461538,15
2913.78245,57,80,0.64,23,0.027826087,15
2913.594744,36,56,0.71,20,0.0355,15
2911.394998,33,53,0.83,20,0.0415,15
2910.68475,60,80,0.55,20,0.0275,15
2910.510806,39,59,0.7,20,0.035,15
2910.510806,38,60,0.77,22,0.035,15
2910.31474,37,48,0.42,11,0.038181818,15
2909.891701,32,54,0.92,22,0.041818182,15
2909.727058,65,70,0.14,5,0.028,15
2909.49726,33,57,0.88,24,0.036666667,15
2908.905626,44,70,0.83,26,0.031923077,15
2908.894773,37,49,0.46,12,0.038333333,15
2908.806932,35,56,0.74,21,0.035238095,15
2907.680427,56,85,0.8,29,0.027586207,15
2907.680427,55,86,0.86,31,0.027741935,15
2907.680427,53,89,0.99,36,0.0275,15
2907.026236,80,84,0.07,4,0.0175,15
2907.026236,78,86,0.14,8,0.0175,15
2906.701134,63,68,0.16,5,0.032,15
2906.649936,57,75,0.57,18,0.031666667,15
2906.593216,43,72,0.92,29,0.031724138,15
2906.513705,33,63,0.97,30,0.032333333,15
2906.493047,34,60,0.85,26,0.032692308,15
2906.475648,32,60,0.97,28,0.034642857,15
2906.252408,55,87,0.86,32,0.026875,15
2905.978524,55,87,0.85,32,0.0265625,15
2905.978524,54,88,0.91,34,0.026764706,15
2905.835894,43,47,0.16,4,0.04,15
2905.602511,53,74,0.73,21,0.034761905,15
2905.379453,39,54,0.54,15,0.036,15
2905.149801,54,77,0.75,23,0.032608696,15
2904.821782,33,53,0.77,20,0.0385,15
2904.793099,55,86,0.81,31,0.026129032,15
2904.565452,36,63,0.94,27,0.034814815,15
2904.247,34,60,0.9,26,0.034615385,15
2904.064026,43,73,0.74,30,0.024666667,15
2903.974483,58,83,0.68,25,0.0272,15
2903.748256,61,66,0.17,5,0.034,15
2903.748256,56,72,0.54,16,0.03375,15
2903.555848,35,51,0.66,16,0.04125,15
2902.835303,54,85,0.82,31,0.026451613,15
2902.675504,51,71,0.51,20,0.0255,15
2902.540969,55,84,0.77,29,0.026551724,15
2902.540969,53,86,0.88,33,0.026666667,15
2901.912761,54,88,0.93,34,0.027352941,15
2901.64274,60,75,0.43,15,0.028666667,15
2901.378942,54,78,0.77,24,0.032083333,15
2901.249646,37,55,0.64,18,0.035555556,15
2900.783498,55,83,0.75,28,0.026785714,15
2900.425994,34,52,0.74,18,0.041111111,15
2900.425994,32,55,0.94,23,0.040869565,15
2900.067412,39,98,0.08,59,0.001355932,15
2899.964262,34,61,0.87,27,0.032222222,15
2899.070564,40,58,0.63,18,0.035,15
2898.906192,42,52,0.36,10,0.036,15
2898.900287,39,57,0.64,18,0.035555556,15
2898.105542,29,85,0.2,56,0.003571429,15
2897.801405,63,67,0.13,4,0.0325,15
2897.801405,61,70,0.29,9,0.032222222,15
2897.245775,60,73,0.38,13,0.029230769,15
2896.208666,61,69,0.26,8,0.0325,15
2896.121175,43,50,0.24,7,0.034285714,15
2895.774337,46,64,0.58,18,0.032222222,15
2895.378412,41,55,0.5,14,0.035714286,15
2894.904538,70,94,0.43,24,0.017916667,15
2894.801259,39,53,0.55,14,0.039285714,15
2894.801259,38,54,0.63,16,0.039375,15
2894.723611,58,70,0.4,12,0.033333333,15
2894.671388,57,80,0.62,23,0.026956522,15
2894.504038,39,51,0.43,12,0.035833333,15
2894.489012,28,86,0.22,58,0.003793103,15
2893.826581,28,88,0.19,60,0.003166667,15
2893.700036,37,54,0.66,17,0.038823529,15
2893.354516,42,70,0.91,28,0.0325,15
2893.229099,42,73,0.99,31,0.031935484,15
2892.895266,70,95,0.44,25,0.0176,15
2892.871691,56,82,0.7,26,0.026923077,15
2892.85472,36,58,0.72,22,0.032727273,15
2892.769818,77,86,0.16,9,0.017777778,15
2892.695738,30,83,0.19,53,0.003584906,15
2892.632387,33,59,0.91,26,0.035,15
2892.272615,53,89,0.94,36,0.026111111,15
2890.602175,41,49,0.31,8,0.03875,15
2890.592001,51,58,0.18,7,0.025714286,15
2890.409712,58,75,0.53,17,0.031176471,15
2889.806895,40,50,0.36,10,0.036,15
2889.648151,43,73,0.94,30,0.031333333,15
2889.610657,36,53,0.63,17,0.037058824,15
2889.296863,38,53,0.61,15,0.040666667,15
2889.042069,54,85,0.83,31,0.026774194,15
2888.939673,54,88,0.92,34,0.027058824,15
2888.939673,53,90,0.99,37,0.026756757,15
2888.791126,64,72,0.22,8,0.0275,15
2888.78811,36,58,0.75,22,0.034090909,15
2888.755055,62,74,0.33,12,0.0275,15
2888.617235,34,58,0.8,24,0.033333333,15
2888.475426,36,54,0.65,18,0.036111111,15
2888.416529,41,46,0.19,5,0.038,15
2888.388435,43,69,0.84,26,0.032307692,15
2888.207296,38,56,0.64,18,0.035555556,15
2887.74341,47,76,0.73,29,0.025172414,15
2887.627853,38,55,0.65,17,0.038235294,15
2886.738481,53,80,0.86,27,0.031851852,15
2886.6169,38,52,0.5,14,0.035714286,15
2886.411427,52,70,0.46,18,0.025555556,15
2886.152218,28,88,0.18,60,0.003,15
2886.124707,58,82,0.63,24,0.02625,15
2885.973067,34,53,0.73,19,0.038421053,15
2885.968366,40,51,0.44,11,0.04,15
2885.926105,40,56,0.57,16,0.035625,15
2885.455772,39,52,0.5,13,0.038461538,15
2884.880625,55,73,0.61,18,0.033888889,15
2884.176305,32,56,0.95,24,0.039583333,15
2883.714106,36,64,0.97,28,0.034642857,15
2883.583395,32,58,0.96,26,0.036923077,15
2883.348696,71,93,0.39,22,0.017727273,15
2883.272367,82,97,0.09,15,0.006,15
2883.052804,29,84,0.21,55,0.003818182,15
2882.757372,66,70,0.11,4,0.0275,15
2882.555609,42,71,0.91,29,0.03137931,15
2882.330957,41,45,0.15,4,0.0375,15
2882.168097,45,47,0.07,2,0.035,15
2882.168097,44,48,0.14,4,0.035,15
2881.792312,59,78,0.51,19,0.026842105,15
2881.719934,44,46,0.08,2,0.04,15
2881.553061,29,85,0.18,56,0.003214286,15
2881.486632,57,83,0.69,26,0.026538462,15
2881.070646,61,76,0.41,15,0.027333333,15
2881.070646,59,78,0.52,19,0.027368421,15
2880.88549,52,81,0.93,29,0.032068966,15
2880.792136,31,58,0.98,27,0.036296296,15
2880.141076,37,52,0.55,15,0.036666667,15
2880.069581,32,57,0.94,25,0.0376,15
2880.000354,58,80,0.59,22,0.026818182,15
2879.920253,57,81,0.64,24,0.026666667,15
2879.790591,40,51,0.37,11,0.033636364,15
2879.738095,65,72,0.19,7,0.027142857,15
2879.565252,76,88,0.21,12,0.0175,15
2879.15221,69,96,0.48,27,0.017777778,15
2878.771994,73,91,0.32,18,0.017777778,15
2878.658956,68,97,0.51,29,0.017586207,15
2878.23385,43,49,0.2,6,0.033333333,15
2878.216909,53,88,0.98,35,0.028,15
2878.172674,55,88,0.88,33,0.026666667,15
2877.964151,58,79,0.57,21,0.027142857,15
2877.91449,34,59,0.88,25,0.0352,15
2877.188022,41,56,0.53,15,0.035333333,15
2877.188022,40,57,0.6,17,0.035294118,15
2876.834282,52,88,0.95,36,0.026388889,15
2876.825394,59,73,0.45,14,0.032142857,15
2876.825394,58,73,0.49,15,0.032666667,15
2876.825394,57,75,0.58,18,0.032222222,15
2876.825394,56,75,0.62,19,0.032631579,15
2876.825394,55,77,0.71,22,0.032272727,15
2876.243182,36,56,0.77,20,0.0385,15
2876.036797,44,68,0.77,24,0.032083333,15
2875.972946,54,88,0.89,34,0.026176471,15
2875.65805,37,53,0.58,16,0.03625,15
2875.06827,59,72,0.42,13,0.032307692,15
2875.06827,58,72,0.46,14,0.032857143,15
2875.06827,57,74,0.55,17,0.032352941,15
2874.577802,34,53,0.78,19,0.041052632,15
2874.202157,57,64,0.18,7,0.025714286,15
2873.7954,46,64,0.59,18,0.032777778,15
2873.519352,54,83,0.78,29,0.026896552,15
2873.291145,46,68,0.7,22,0.031818182,15
2872.412571,42,72,0.94,30,0.031333333,15
2872.189852,61,75,0.38,14,0.027142857,15
2872.177089,43,72,0.91,29,0.03137931,15
2871.924511,52,57,0.13,5,0.026,15
2871.792941,53,78,0.82,25,0.0328,15
2871.792941,51,81,0.98,30,0.032666667,15
2871.684963,81,98,0.1,17,0.005882353,15
2870.611837,32,57,0.91,25,0.0364,15
2870.316788,47,63,0.51,16,0.031875,15
2870.014639,64,70,0.17,6,0.028333333,15
2869.352526,55,75,0.66,20,0.033,15
2869.248436,33,60,0.9,27,0.033333333,15
2868.705441,44,71,0.84,27,0.031111111,15
2868.397425,46,65,0.61,19,0.032105263,15
2868.18791,43,49,0.21,6,0.035,15
2868.126036,35,51,0.65,16,0.040625,15
2867.665769,34,58,0.93,24,0.03875,15
2867.221578,37,50,0.5,13,0.038461538,15
2867.175333,35,55,0.68,20,0.034,15
2866.602793,55,83,0.76,28,0.027142857,15
2866.554556,60,71,0.36,11,0.032727273,15
2866.446305,35,52,0.69,17,0.040588235,15
2866.424238,49,69,0.55,20,0.0275,15
2866.12323,34,62,0.99,28,0.035357143,15
2865.881141,54,82,0.77,28,0.0275,15
2865.881141,53,83,0.83,30,0.027666667,15
2865.881141,53,84,0.85,31,0.027419355,15
2865.794024,39,55,0.54,16,0.03375,15
2865.718906,55,88,0.89,33,0.026969697,15
2865.718906,54,89,0.95,35,0.027142857,15
2865.231229,40,54,0.47,14,0.033571429,15
2864.725678,47,62,0.49,15,0.032666667,15
2864.7133,40,50,0.39,10,0.039,15
2863.898809,34,57,0.81,23,0.035217391,15
2863.80102,38,48,0.38,10,0.038,15
2863.79995,34,57,0.82,23,0.035652174,15
2863.430681,57,81,0.65,24,0.027083333,15
2863.137329,54,86,0.9,32,0.028125,15
2862.557973,37,49,0.45,12,0.0375,15
2862.393538,47,49,0.07,2,0.035,15
2862.393538,46,50,0.14,4,0.035,15
2862.393538,45,51,0.21,6,0.035,15
2862.304003,32,57,0.9,25,0.036,15
2862.153327,43,54,0.39,11,0.035454545,15
2861.804777,55,82,0.73,27,0.027037037,15
2861.804777,53,84,0.84,31,0.027096774,15
2861.792672,44,52,0.28,8,0.035,15
2861.514464,54,83,0.79,29,0.027241379,15
2861.514464,53,85,0.86,32,0.026875,15
2861.514464,52,85,0.9,33,0.027272727,15
2861.514464,52,86,0.92,34,0.027058824,15
2861.232277,54,87,0.87,33,0.026363636,15
2861.151127,39,47,0.3,8,0.0375,15
2860.393224,32,62,0.99,30,0.033,15
2860.091012,60,77,0.46,17,0.027058824,15
2860.05202,53,79,0.84,26,0.032307692,15
2859.107472,60,69,0.3,9,0.033333333,15
2859.056057,53,76,0.77,23,0.033478261,15
2858.932347,62,68,0.2,6,0.033333333,15
2858.781653,52,77,0.83,25,0.0332,15
2857.56069,56,84,0.78,28,0.027857143,15
2857.56069,55,85,0.84,30,0.028,15
2857.56069,54,87,0.92,33,0.027878788,15
2857.526778,48,60,0.4,12,0.033333333,15
2857.273248,43,73,0.92,30,0.030666667,15
2857.273248,42,74,0.99,32,0.0309375,15
2856.999327,28,87,0.2,59,0.003389831,15
2856.655042,42,55,0.46,13,0.035384615,15
2856.156468,56,85,0.79,29,0.027241379,15
2856.156468,53,89,0.97,36,0.026944444,15
2854.79072,35,55,0.69,20,0.0345,15
2854.057423,63,71,0.23,8,0.02875,15
2854.042464,52,86,0.91,34,0.026764706,15
2854.042464,51,88,0.98,37,0.026486486,15
2853.833377,39,58,0.66,19,0.034736842,15
2853.125882,56,80,0.66,24,0.0275,15
2853.125882,55,81,0.72,26,0.027692308,15
2852.984289,36,56,0.75,20,0.0375,15
2852.746734,51,88,0.99,37,0.026756757,15
2852.702046,67,98,0.55,31,0.017741935,15
2852.621259,56,74,0.59,18,0.032777778,15
2852.434632,41,57,0.56,16,0.035,15
2852.320638,54,69,0.53,15,0.035333333,15
2852.177443,32,55,0.95,23,0.041304348,15
2851.113851,57,85,0.75,28,0.026785714,15
2850.668382,53,76,0.76,23,0.033043478,15
2850.546137,35,50,0.58,15,0.038666667,15
2850.409158,47,64,0.43,17,0.025294118,15
2850.210191,54,84,0.81,30,0.027,15
2849.889286,60,70,0.33,10,0.033,15
2849.358042,40,49,0.33,9,0.036666667,15
2849.322497,58,79,0.58,21,0.027619048,15
2849.322497,56,82,0.71,26,0.027307692,15
2849.280861,34,52,0.73,18,0.040555556,15
2849.262476,52,88,0.96,36,0.026666667,15
2849.176933,51,54,0.08,3,0.026666667,15
2849.003972,45,67,0.71,22,0.032272727,15
2848.780401,62,69,0.23,7,0.032857143,15
2848.547262,61,74,0.37,13,0.028461538,15
2848.135777,45,67,0.7,22,0.031818182,15
2848.124354,47,67,0.63,20,0.0315,15
2848.061138,51,87,0.96,36,0.026666667,15
2847.835858,44,68,0.78,24,0.0325,15
2847.748749,44,71,0.86,27,0.031851852,15
2847.542188,42,54,0.42,12,0.035,15
2847.443285,42,44,0.08,2,0.04,15
2847.403432,36,55,0.64,19,0.033684211,15
2847.222317,59,77,0.5,18,0.027777778,15
2846.981149,51,57,0.2,6,0.033333333,15
2846.136264,39,52,0.49,13,0.037692308,15
2846.098331,37,63,0.89,26,0.034230769,15
2845.892823,42,50,0.28,8,0.035,15
2845.892823,41,51,0.35,10,0.035,15
2845.478892,32,60,0.99,28,0.035357143,15
2845.355256,46,64,0.46,18,0.025555556,15
2845.310017,28,87,0.19,59,0.003220339,15
2845.280605,57,86,0.76,29,0.026206897,15
2845.280605,55,89,0.88,34,0.025882353,15
2845.193357,40,45,0.19,5,0.038,15
2845.022646,55,89,0.89,34,0.026176471,15
2845.022646,54,91,0.96,37,0.025945946,15
2844.570532,43,70,0.86,27,0.031851852,15
2844.234157,56,76,0.65,20,0.0325,15
2844.234157,54,78,0.78,24,0.0325,15
2843.782933,55,76,0.69,21,0.032857143,15
2843.782933,52,80,0.91,28,0.0325,15
2843.402581,55,78,0.73,23,0.03173913,15
2843.307681,35,56,0.71,21,0.033809524,15
2843.241036,40,56,0.56,16,0.035,15
2843.095797,57,79,0.6,22,0.027272727,15
2843.006623,35,55,0.72,20,0.036,15
2842.517806,33,59,0.92,26,0.035384615,15
2842.465206,37,62,0.87,25,0.0348,15
2842.418213,55,83,0.77,28,0.0275,15
2842.325094,35,61,0.85,26,0.032692308,15
2842.319961,57,86,0.77,29,0.026551724,15
2842.116234,33,55,0.88,22,0.04,15
2842.04414,48,57,0.24,9,0.026666667,15
2841.233478,54,90,0.94,36,0.026111111,15
2841.120094,39,54,0.58,15,0.038666667,15
2841.120094,38,55,0.66,17,0.038823529,15
2841.069655,52,57,0.16,5,0.032,15
2841.067654,53,70,0.6,17,0.035294118,15
2840.988332,54,91,0.95,37,0.025675676,15
2840.618266,36,69,0.15,33,0.004545455,15
2840.451561,56,77,0.66,21,0.031428571,15
2840.288203,58,81,0.61,23,0.026521739,15
2840.061257,53,86,0.89,33,0.026969697,15
2839.796936,37,55,0.6,18,0.033333333,15
2839.181123,61,83,0.47,22,0.021363636,15
2839.132231,53,89,0.98,36,0.027222222,15
2839.002898,43,46,0.11,3,0.036666667,15
2838.796021,53,87,0.96,34,0.028235294,15
2838.478978,54,89,0.9,35,0.025714286,15
2838.22871,52,80,0.92,28,0.032857143,15
2838.197514,80,99,0.11,19,0.005789474,15
2837.999527,38,53,0.54,15,0.036,15
2837.779442,55,84,0.83,29,0.02862069,15
2836.584735,46,63,0.56,17,0.032941176,15
2836.440724,70,94,0.42,24,0.0175,15
2836.440724,67,98,0.54,31,0.017419355,15
2836.159032,51,87,0.97,36,0.026944444,15
2835.414399,51,86,0.96,35,0.027428571,15
2834.856895,55,85,0.81,30,0.027,15
2834.440603,37,55,0.67,18,0.037222222,15
2833.412998,38,54,0.64,16,0.04,15
2833.346917,53,75,0.74,22,0.033636364,15
2833.068856,38,61,0.79,23,0.034347826,15
2833.062578,54,74,0.68,20,0.034,15
2832.850674,39,46,0.27,7,0.038571429,15
2832.564447,38,51,0.48,13,0.036923077,15
2832.426728,56,84,0.74,28,0.026428571,15
2832.136268,48,58,0.26,10,0.026,15
2832.134487,36,64,0.98,28,0.035,15
2832.087084,48,71,0.62,23,0.026956522,15
2831.342896,37,55,0.72,18,0.04,15
2831.217027,63,66,0.1,3,0.033333333,15
2831.182205,60,75,0.42,15,0.028,15
2831.122054,44,47,0.12,3,0.04,15
2831.094497,56,87,0.83,31,0.026774194,15
2831.07284,54,87,0.9,33,0.027272727,15
2831.07284,53,88,0.96,35,0.027428571,15
2831.063995,37,56,0.72,19,0.037894737,15
2830.725866,28,88,0.17,60,0.002833333,15
2830.455931,51,78,0.9,27,0.033333333,15
2830.300769,43,75,0.98,32,0.030625,15
2830.072362,69,96,0.47,27,0.017407407,15
2829.936714,36,50,0.58,14,0.041428571,15
2829.717055,34,59,0.94,25,0.0376,15
2829.660892,35,59,0.86,24,0.035833333,15
2829.042991,36,51,0.55,15,0.036666667,15
2828.85188,55,86,0.85,31,0.027419355,15
2828.685485,52,77,0.84,25,0.0336,15
2828.685485,51,78,0.91,27,0.033703704,15
2828.685485,50,79,0.98,29,0.033793103,15
2828.362855,60,82,0.57,22,0.025909091,15
2828.299698,59,71,0.4,12,0.033333333,15
2828.299698,57,74,0.56,17,0.032941176,15
2828.299698,56,74,0.6,18,0.033333333,15
2828.299698,54,77,0.76,23,0.033043478,15
2828.299698,53,78,0.83,25,0.0332,15
2828.051634,62,63,0.03,1,0.03,15
2827.948391,56,81,0.67,25,0.0268,15
2827.948391,54,84,0.8,30,0.026666667,15
2826.822897,54,90,0.96,36,0.026666667,15
2826.758029,47,59,0.32,12,0.026666667,15
2826.704921,52,85,0.91,33,0.027575758,15
2826.674736,32,60,0.98,28,0.035,15
2826.284249,35,55,0.73,20,0.0365,15
2826.261677,57,72,0.5,15,0.033333333,15
2826.101785,43,71,0.9,28,0.032142857,15
2826.053823,53,88,0.93,35,0.026571429,15
2825.740356,53,79,0.85,26,0.032692308,15
2825.681997,45,66,0.68,21,0.032380952,15
2825.291816,58,78,0.55,20,0.0275,15
2825.291816,55,82,0.74,27,0.027407407,15
2825.238271,52,87,0.93,35,0.026571429,15
2824.629956,55,87,0.83,32,0.0259375,15
2824.132903,36,63,0.95,27,0.035185185,15
2823.571818,50,72,0.56,22,0.025454545,15
2823.38378,74,90,0.28,16,0.0175,15
2823.38378,72,92,0.35,20,0.0175,15
2822.910459,35,61,0.84,26,0.032307692,15
2822.633614,61,64,0.09,3,0.03,15
2822.633614,60,65,0.15,5,0.03,15
2822.633614,59,66,0.21,7,0.03,15
2822.633614,58,67,0.27,9,0.03,15
2822.633614,57,68,0.33,11,0.03,15
2822.407815,56,85,0.76,29,0.026206897,15
2822.368928,54,82,0.78,28,0.027857143,15
2822.368928,53,83,0.84,30,0.028,15
2822.33821,37,62,0.86,25,0.0344,15
2822.163877,63,72,0.25,9,0.027777778,15
2821.882024,41,48,0.26,7,0.037142857,15
2821.796164,54,85,0.89,31,0.028709677,15
2821.796164,53,86,0.95,33,0.028787879,15
2821.796133,51,86,0.97,35,0.027714286,15
2821.65339,51,87,0.98,36,0.027222222,15
2821.198806,37,53,0.62,16,0.03875,15
2821.193374,42,49,0.25,7,0.035714286,15
2821.0261,56,86,0.78,30,0.026,15
2820.561571,37,61,0.85,24,0.035416667,15
2820.52672,62,74,0.34,12,0.028333333,15
2820.298186,31,57,0.98,26,0.037692308,15
2820.210657,51,85,0.95,34,0.027941176,15
2820.166569,34,52,0.75,18,0.041666667,15
2819.616286,30,82,0.19,52,0.003653846,15
2819.325008,45,61,0.43,16,0.026875,15
2819.078291,38,57,0.57,19,0.03,15
2819.07484,43,69,0.85,26,0.032692308,15
2818.928929,50,57,0.18,7,0.025714286,15
2818.592535,37,51,0.53,14,0.037857143,15
2818.462024,64,77,0.34,13,0.026153846,15
2818.155798,36,53,0.59,17,0.034705882,15
2818.041706,32,54,0.91,22,0.041363636,15
2817.846299,40,53,0.43,13,0.033076923,15
2817.824254,40,52,0.42,12,0.035,15
2817.670579,47,64,0.55,17,0.032352941,15
2817.305722,39,60,0.72,21,0.034285714,15
2817.145812,57,73,0.53,16,0.033125,15
2817.11982,49,60,0.36,11,0.032727273,15
2817.061925,57,84,0.73,27,0.027037037,15
2817.061925,55,86,0.84,31,0.027096774,15
2816.567988,46,65,0.62,19,0.032631579,15
2816.297967,32,56,0.97,24,0.040416667,15
2815.682545,43,44,0.04,1,0.04,15
2815.520178,66,99,0.59,33,0.017878788,15
2815.217956,47,72,0.68,25,0.0272,15
2814.817491,39,43,0.17,4,0.0425,15
2814.759095,34,62,0.92,28,0.032857143,15
2814.520017,42,72,0.93,30,0.031,15
2814.328774,69,95,0.47,26,0.018076923,15
2814.249371,35,56,0.8,21,0.038095238,15
2814.137768,56,84,0.75,28,0.026785714,15
2813.91692,40,58,0.62,18,0.034444444,15
2813.91692,39,59,0.69,20,0.0345,15
2813.817004,53,89,0.93,36,0.025833333,15
2813.557101,60,74,0.4,14,0.028571429,15
2813.102165,55,89,0.9,34,0.026470588,15
2813.047338,33,59,0.93,26,0.035769231,15
2812.674734,49,58,0.23,9,0.025555556,15
2812.346034,48,75,0.68,27,0.025185185,15
2812.216141,40,57,0.59,17,0.034705882,15
2812.177481,40,52,0.4,12,0.033333333,15
2812.113672,32,56,0.96,24,0.04,15
2811.965967,52,84,0.89,32,0.0278125,15
2811.737917,63,80,0.37,17,0.021764706,15
2811.578261,56,81,0.68,25,0.0272,15
2811.54135,54,76,0.73,22,0.033181818,15
2811.481961,49,71,0.57,22,0.025909091,15
2811.138485,36,51,0.6,15,0.04,15
2810.60834,52,86,0.93,34,0.027352941,15
2810.461768,53,90,0.95,37,0.025675676,15
2809.994937,38,48,0.41,10,0.041,15
2809.723273,30,82,0.18,52,0.003461538,15
2808.782927,53,75,0.75,22,0.034090909,15
2808.670719,37,57,0.68,20,0.034,15
2808.162326,38,60,0.76,22,0.034545455,15
2808.02501,38,52,0.54,14,0.038571429,15
2808.022749,54,62,0.23,8,0.02875,15
2807.932599,34,62,0.91,28,0.0325,15
2807.932599,33,63,0.98,30,0.032666667,15
2807.870392,35,72,0.16,37,0.004324324,15
2807.652612,50,59,0.29,9,0.032222222,15
2806.852248,43,73,0.93,30,0.031,15
2806.784859,83,97,0.08,14,0.005714286,15
2806.36268,38,99,0.09,61,0.00147541,15
2806.255046,59,70,0.37,11,0.033636364,15
2806.255046,56,73,0.57,17,0.033529412,15
2806.255046,55,74,0.64,19,0.033684211,15
2806.255046,53,77,0.8,24,0.033333333,15
2806.255046,52,78,0.87,26,0.033461538,15
2806.253889,59,82,0.6,23,0.026086957,15
2805.967756,59,77,0.49,18,0.027222222,15
2805.603247,30,82,0.17,52,0.003269231,15
2805.356995,30,82,0.2,52,0.003846154,15
2805.155462,30,80,0.18,50,0.0036,15
2804.916883,33,58,0.89,25,0.0356,15
2804.674697,52,79,0.89,27,0.032962963,15
2804.674697,51,80,0.96,29,0.033103448,15
2804.216688,42,49,0.27,7,0.038571429,15
2804.0573,34,57,0.83,23,0.036086957,15
2803.995337,40,97,0.07,57,0.00122807,15
2803.95868,47,63,0.41,16,0.025625,15
2803.00386,43,70,0.87,27,0.032222222,15
2802.222695,52,76,0.81,24,0.03375,15
2802.041851,33,54,0.87,21,0.041428571,15
2801.914643,44,48,0.15,4,0.0375,15
2801.794128,57,83,0.72,26,0.027692308,15
2801.794128,54,87,0.91,33,0.027575758,15
2801.794128,53,88,0.97,35,0.027714286,15
2801.654142,45,69,0.77,24,0.032083333,15
2801.401096,41,72,0.99,31,0.031935484,15
2801.011302,36,50,0.53,14,0.037857143,15
2800.909173,61,80,0.5,19,0.026315789,15
2799.876179,53,58,0.16,5,0.032,15
2799.147019,38,62,0.83,24,0.034583333,15
2798.125767,54,84,0.82,30,0.027333333,15
2798.037379,58,84,0.68,26,0.026153846,15
2797.970096,38,52,0.51,14,0.036428571,15
2797.921426,60,76,0.44,16,0.0275,15
2797.870713,56,81,0.69,25,0.0276,15
2797.659075,41,53,0.36,12,0.03,15
2797.630931,57,84,0.71,27,0.026296296,15
2797.604302,37,63,0.88,26,0.033846154,15
2797.416164,52,87,0.94,35,0.026857143,15
2797.155837,38,56,0.61,18,0.033888889,15
2796.91446,42,71,0.94,29,0.032413793,15
2796.894691,60,81,0.55,21,0.026190476,15
2796.893674,45,68,0.72,23,0.031304348,15
2796.846224,58,76,0.52,18,0.028888889,15
2796.516414,43,71,0.7,28,0.025,15
2795.922782,28,87,0.18,59,0.003050847,15
2795.562204,62,73,0.31,11,0.028181818,15
2795.303656,39,53,0.49,14,0.035,15
2795.294641,31,58,0.99,27,0.036666667,15
2795.07555,38,61,0.8,23,0.034782609,15
2794.676593,36,64,0.96,28,0.034285714,15
2794.47797,30,81,0.18,51,0.003529412,15
2794.003208,53,84,0.86,31,0.027741935,15
2793.918676,27,89,0.2,62,0.003225806,15
2793.760326,44,67,0.74,23,0.032173913,15
2793.440751,52,84,0.9,32,0.028125,15
2793.353674,37,53,0.57,16,0.035625,15
2792.792541,35,58,0.85,23,0.036956522,15
2792.675254,46,65,0.47,19,0.024736842,15
2792.277398,41,55,0.49,14,0.035,15
2792.197527,36,51,0.58,15,0.038666667,15
2791.711388,38,95,0.07,57,0.00122807,15
2791.256397,39,91,0.07,52,0.001346154,15
2790.965299,49,61,0.31,12,0.025833333,15
2790.517777,42,71,0.93,29,0.032068966,15
2790.395474,35,56,0.76,21,0.036190476,15
2790.240453,43,53,0.35,10,0.035,15
2789.941301,45,65,0.65,20,0.0325,15
2789.786649,63,77,0.37,14,0.026428571,15
2789.001088,28,88,0.16,60,0.002666667,15
2788.193709,58,80,0.6,22,0.027272727,15
2788.086351,34,59,0.93,25,0.0372,15
2788.050571,53,85,0.87,32,0.0271875,15
2787.842744,33,62,0.99,29,0.034137931,15
2787.75138,58,81,0.62,23,0.026956522,15
2787.701048,38,49,0.44,11,0.04,15
2787.305444,55,82,0.76,27,0.028148148,15
2787.28982,59,74,0.44,15,0.029333333,15
2787.206704,29,85,0.17,56,0.003035714,15
2786.909362,42,45,0.12,3,0.04,15
2786.85685,45,66,0.52,21,0.024761905,15
2786.667819,58,78,0.57,20,0.0285,15
2786.633303,34,54,0.77,20,0.0385,15
2786.567518,36,54,0.66,18,0.036666667,15
2786.195772,33,60,0.96,27,0.035555556,15
2785.781791,84,92,0.05,8,0.00625,15
2785.660894,57,80,0.63,23,0.027391304,15
2785.061399,50,76,0.78,26,0.03,15
2784.966091,45,46,0.04,1,0.04,15
2784.532914,44,54,0.32,10,0.032,15
2784.416536,36,57,0.73,21,0.034761905,15
2784.364274,59,78,0.53,19,0.027894737,15
2783.306863,54,58,0.1,4,0.025,15
2783.108966,45,67,0.72,22,0.032727273,15
2783.104267,44,70,0.84,26,0.032307692,15
2782.693773,52,87,0.95,35,0.027142857,15
2782.660669,38,53,0.57,15,0.038,15
2782.637894,37,64,0.91,27,0.033703704,15
2782.503114,35,61,0.76,26,0.029230769,15
2781.916164,32,59,0.94,27,0.034814815,15
2781.903373,58,79,0.59,21,0.028095238,15
2781.901139,40,51,0.41,11,0.037272727,15
2781.810129,54,83,0.8,29,0.027586207,15
2781.48158,49,65,0.5,16,0.03125,15
2781.452305,34,72,0.26,38,0.006842105,15
2781.385253,45,66,0.54,21,0.025714286,15
2781.107016,60,78,0.49,18,0.027222222,15
2780.993436,34,52,0.69,18,0.038333333,15
2780.89878,35,57,0.83,22,0.037727273,15
2780.828377,34,60,0.94,26,0.036153846,15
2780.563015,38,47,0.38,9,0.042222222,15
2780.330246,50,61,0.28,11,0.025454545,15
2780.309086,33,59,0.94,26,0.036153846,15
2780.095769,42,71,0.8,29,0.027586207,15
2779.694148,33,53,0.84,20,0.042,15
2779.642444,55,84,0.78,29,0.026896552,15
2779.593656,32,55,0.96,23,0.04173913,15
2779.385986,35,56,0.83,21,0.03952381,15
2779.274353,59,79,0.55,20,0.0275,15
2779.172974,33,56,0.8,23,0.034782609,15
2779.105454,55,86,0.82,31,0.026451613,15
2779.084964,57,82,0.68,25,0.0272,15
2778.843552,43,72,0.72,29,0.024827586,15
2778.833085,62,75,0.36,13,0.027692308,15
2778.800994,39,99,0.07,60,0.001166667,15
2778.789993,55,82,0.75,27,0.027777778,15
2778.559269,36,65,0.98,29,0.033793103,15
2778.370903,56,68,0.29,12,0.024166667,15
2778.252195,28,86,0.19,58,0.003275862,15
2777.961297,46,74,0.75,28,0.026785714,15
2777.945556,48,62,0.36,14,0.025714286,15
2777.701868,27,88,0.2,61,0.003278689,15
2777.475343,48,65,0.41,17,0.024117647,15
2777.257032,46,67,0.51,21,0.024285714,15
2776.945561,44,67,0.59,23,0.025652174,15
2776.448502,59,76,0.48,17,0.028235294,15
2776.223792,68,71,0.08,3,0.026666667,15
2775.595714,60,80,0.53,20,0.0265,15
2775.526684,46,69,0.71,23,0.030869565,15
2775.403107,55,87,0.84,32,0.02625,15
2775.320577,62,72,0.29,10,0.029,15
2774.865073,65,74,0.24,9,0.026666667,15
2774.865073,59,81,0.58,22,0.026363636,15
2774.803006,55,84,0.79,29,0.027241379,15
2774.801018,59,75,0.46,16,0.02875,15
2774.295087,44,73,0.89,29,0.030689655,15
2774.295087,44,74,0.91,30,0.030333333,15
2774.275488,61,76,0.42,15,0.028,15
2774.075895,50,56,0.16,6,0.026666667,15
2773.949817,53,59,0.15,6,0.025,15
2773.949817,52,60,0.2,8,0.025,15
2773.949817,51,61,0.25,10,0.025,15
2773.944079,41,51,0.38,10,0.038,15
2773.897874,35,51,0.61,16,0.038125,15
2773.529908,29,84,0.18,55,0.003272727,15
2773.3611,36,54,0.7,18,0.038888889,15
2773.326793,44,70,0.65,26,0.025,15
2773.226996,39,51,0.49,12,0.040833333,15
2773.122933,42,51,0.31,9,0.034444444,15
2772.93909,40,45,0.21,5,0.042,15
2772.82932,33,63,0.99,30,0.033,15
2772.776314,46,66,0.5,20,0.025,15
2772.636975,49,64,0.36,15,0.024,15
2772.549748,41,46,0.18,5,0.036,15
2772.543515,46,67,0.53,21,0.025238095,15
2772.499623,40,59,0.62,19,0.032631579,15
2772.445708,44,72,0.86,28,0.030714286,15
2772.063093,33,64,0.99,31,0.031935484,15
2772.030027,39,97,0.09,58,0.001551724,15
2771.796309,50,62,0.3,12,0.025,15
2771.691716,54,83,0.81,29,0.027931034,15
2771.019406,50,60,0.25,10,0.025,15
2770.909941,34,55,0.79,21,0.037619048,15
2770.852723,56,82,0.72,26,0.027692308,15
2770.412745,57,81,0.66,24,0.0275,15
2770.350714,37,48,0.47,11,0.042727273,15
2770.270273,44,87,0.97,43,0.02255814,15
2769.986371,58,80,0.61,22,0.027727273,15
2769.643451,54,87,0.88,33,0.026666667,15
2769.585937,45,65,0.52,20,0.026,15
2769.578972,45,67,0.55,22,0.025,15
2769.453519,44,68,0.67,24,0.027916667,15
2769.438693,57,78,0.6,21,0.028571429,15
2769.390629,58,77,0.54,19,0.028421053,15
2769.383643,40,53,0.45,13,0.034615385,15
2769.067998,45,66,0.53,21,0.025238095,15
2768.425276,45,68,0.58,23,0.025217391,15
2768.325393,53,72,0.58,19,0.030526316,15
2768.241058,46,65,0.48,19,0.025263158,15
2767.427525,34,63,0.93,29,0.032068966,15
2767.059547,33,63,0.96,30,0.032,15
2766.840037,33,56,0.87,23,0.037826087,15
2766.832376,51,60,0.23,9,0.025555556,15
2766.756399,44,67,0.58,23,0.025217391,15
2766.546155,41,46,0.2,5,0.04,15
2766.52815,62,77,0.4,15,0.026666667,15
2766.19297,44,66,0.72,22,0.032727273,15
2766.173405,42,48,0.23,6,0.038333333,15
2766.104482,52,69,0.43,17,0.025294118,15
2765.894239,37,63,0.9,26,0.034615385,15
2765.683441,32,55,0.88,23,0.03826087,15
2765.578467,36,57,0.77,21,0.036666667,15
2765.267294,54,86,0.89,32,0.0278125,15
2765.267294,53,87,0.95,34,0.027941176,15
2764.717457,33,59,0.88,26,0.033846154,15
2764.193026,57,85,0.73,28,0.026071429,15
2763.977484,40,47,0.29,7,0.041428571,15
2763.519143,42,73,0.77,31,0.02483871,15
2763.472435,50,78,0.96,28,0.034285714,15
2763.457717,45,66,0.69,21,0.032857143,15
2762.345303,54,90,0.95,36,0.026388889,15
2761.967136,51,74,0.7,23,0.030434783,15
2761.863828,58,83,0.66,25,0.0264,15
2761.863828,56,85,0.77,29,0.026551724,15
2761.52685,39,54,0.52,15,0.034666667,15
2761.366647,58,69,0.24,11,0.021818182,15
2761.336845,36,56,0.76,20,0.038,15
2761.245057,55,57,0.05,2,0.025,15
2761.131304,54,63,0.25,9,0.027777778,15
2761.056988,34,57,0.88,23,0.03826087,15
2761.045831,57,79,0.62,22,0.028181818,15
2761.045831,56,80,0.68,24,0.028333333,15
2760.958826,34,71,0.27,37,0.007297297,15
2760.841176,45,71,0.81,26,0.031153846,15
2760.505229,40,89,0.08,49,0.001632653,15
2760.36687,34,60,0.99,26,0.038076923,15
2760.338539,51,75,0.72,24,0.03,15
2760.313354,58,77,0.53,19,0.027894737,15
2760.209613,42,56,0.46,14,0.032857143,15
2760.175073,44,71,0.66,27,0.024444444,15
2759.846603,51,77,0.9,26,0.034615385,15
2759.689377,61,79,0.48,18,0.026666667,15
2759.583575,46,85,0.87,39,0.022307692,15
2759.020489,43,72,0.93,29,0.032068966,15
2758.661275,31,79,0.17,48,0.003541667,15
2758.606235,59,74,0.47,15,0.031333333,15
2758.597231,31,60,0.98,29,0.033793103,15
2758.502073,41,56,0.52,15,0.034666667,15
2758.179557,37,62,0.88,25,0.0352,15
2758.02192,84,94,0.06,10,0.006,15
2757.847107,32,56,0.98,24,0.040833333,15
2757.711988,36,54,0.71,18,0.039444444,15
2757.697876,49,61,0.3,12,0.025,15
2757.697876,48,62,0.35,14,0.025,15
2757.362274,46,73,0.74,27,0.027407407,15
2757.185296,43,51,0.24,8,0.03,15
2757.064887,50,61,0.34,11,0.030909091,15
2757.004119,61,74,0.36,13,0.027692308,15
2756.949265,24,95,0.24,71,0.003380282,15
2756.899531,36,55,0.75,19,0.039473684,15
2756.810424,38,52,0.53,14,0.037857143,15
2756.769392,54,56,0.05,2,0.025,15
2756.769392,53,57,0.1,4,0.025,15
2756.769392,52,58,0.15,6,0.025,15
2756.375812,60,66,0.13,6,0.021666667,15
2756.096254,33,58,0.9,25,0.036,15
2756.096254,32,59,0.98,27,0.036296296,15
2755.511527,58,78,0.56,20,0.028,15
2755.445532,65,75,0.27,10,0.027,15
2755.367653,35,51,0.67,16,0.041875,15
2755.354727,39,51,0.47,12,0.039166667,15
2755.273053,34,56,0.81,22,0.036818182,15
2754.942207,40,52,0.48,12,0.04,15
2754.942207,39,53,0.56,14,0.04,15
2754.690835,51,81,0.99,30,0.033,15
2754.533635,45,69,0.6,24,0.025,15
2754.003793,62,78,0.44,16,0.0275,15
2753.868336,49,74,0.63,25,0.0252,15
2753.654937,31,76,0.32,45,0.007111111,15
2753.604546,43,79,0.95,36,0.026388889,15
2752.677584,35,52,0.67,17,0.039411765,15
2752.663796,38,49,0.45,11,0.040909091,15
2752.548012,32,54,0.93,22,0.042272727,15
2752.425802,60,81,0.56,21,0.026666667,15
2752.118931,43,68,0.81,25,0.0324,15
2751.793066,31,79,0.15,48,0.003125,15
2751.5933,56,73,0.58,17,0.034117647,15
2751.5744,54,86,0.85,32,0.0265625,15
2751.289976,34,58,0.86,24,0.035833333,15
2750.935329,65,71,0.17,6,0.028333333,15
2750.758482,61,73,0.37,12,0.030833333,15
2750.511734,39,71,0.11,32,0.0034375,15
2750.510241,51,78,0.92,27,0.034074074,15
2750.510241,50,79,0.99,29,0.034137931,15
2750.436934,43,48,0.19,5,0.038,15
2750.287184,62,71,0.28,9,0.031111111,15
2750.286416,36,60,0.78,24,0.0325,15
2750.277295,29,84,0.19,55,0.003454545,15
2750.065818,43,77,0.93,34,0.027352941,15
2749.983626,57,71,0.3,14,0.021428571,15
2749.929117,44,88,0.99,44,0.0225,15
2749.777853,45,75,0.81,30,0.027,15
2749.69833,35,60,0.84,25,0.0336,15
2749.695498,32,59,0.91,27,0.033703704,15
2749.560819,36,55,0.72,19,0.037894737,15
2749.522126,51,79,0.96,28,0.034285714,15
2749.301863,35,57,0.84,22,0.038181818,15
2748.883266,52,79,0.9,27,0.033333333,15
2748.832424,34,53,0.72,19,0.037894737,15
2748.832424,33,54,0.8,21,0.038095238,15
2748.761136,62,76,0.38,14,0.027142857,15
2748.593501,61,71,0.32,10,0.032,15
2748.418091,43,78,0.94,35,0.026857143,15
2748.206989,48,63,0.37,15,0.024666667,15
2748.130566,36,58,0.66,22,0.03,15
2748.126445,35,53,0.69,18,0.038333333,15
2747.892796,36,53,0.67,17,0.039411765,15
2747.807133,60,69,0.19,9,0.021111111,15
2747.753628,48,63,0.38,15,0.025333333,15
2747.571549,38,78,0.98,40,0.0245,15
2747.435634,45,87,0.93,42,0.022142857,15
2746.675802,39,48,0.37,9,0.041111111,15
2746.673847,30,80,0.19,50,0.0038,15
2746.267778,63,76,0.35,13,0.026923077,15
2746.242018,41,52,0.38,11,0.034545455,15
2746.127975,41,71,0.98,30,0.032666667,15
2746.032236,36,69,0.14,33,0.004242424,15
2745.90078,51,59,0.2,8,0.025,15
2745.752289,45,70,0.61,25,0.0244,15
2745.607891,29,82,0.19,53,0.003584906,15
2745.448035,32,56,0.93,24,0.03875,15
2745.354135,41,48,0.29,7,0.041428571,15
2745.335689,37,54,0.65,17,0.038235294,15
2745.238961,37,92,0.15,55,0.002727273,15
2745.144833,56,75,0.63,19,0.033157895,15
2745.122225,37,56,0.75,19,0.039473684,15
2744.72142,59,81,0.59,22,0.026818182,15
2744.705846,61,78,0.46,17,0.027058824,15
2744.569,37,64,0.92,27,0.034074074,15
2744.359124,36,55,0.69,19,0.036315789,15
2744.359124,34,58,0.87,24,0.03625,15
2744.33269,45,71,0.8,26,0.030769231,15
2744.300825,49,62,0.32,13,0.024615385,15
2744.297284,49,77,0.85,28,0.030357143,15
2744.264208,74,91,0.3,17,0.017647059,15
2744.264208,72,93,0.37,21,0.017619048,15
2744.229955,34,57,0.78,23,0.033913043,15
2743.983848,37,91,0.16,54,0.002962963,15
2743.858511,41,49,0.3,8,0.0375,15
2743.793726,37,56,0.66,19,0.034736842,15
2743.783311,38,44,0.26,6,0.043333333,15
2743.593049,51,87,0.99,36,0.0275,15
2743.578652,56,74,0.61,18,0.033888889,15
2743.480422,69,73,0.09,4,0.0225,15
2743.413944,55,90,0.87,35,0.024857143,15
2743.257391,55,85,0.79,30,0.026333333,15
2743.257391,54,87,0.86,33,0.026060606,15
2743.189124,53,74,0.49,21,0.023333333,15
2743.13647,52,90,0.99,38,0.026052632,15
2743.112616,54,69,0.38,15,0.025333333,15
2743.026467,36,94,0.16,58,0.002758621,15
2742.292544,63,80,0.38,17,0.022352941,15
2742.198093,44,72,0.87,28,0.031071429,15
2742.110889,60,84,0.52,24,0.021666667,15
2742.110316,49,62,0.33,13,0.025384615,15
2741.9796,57,82,0.67,25,0.0268,15
2741.863198,40,47,0.28,7,0.04,15
2741.863198,39,48,0.36,9,0.04,15
2741.542369,43,49,0.22,6,0.036666667,15
2741.224718,46,52,0.17,6,0.028333333,15
2741.04147,52,74,0.65,22,0.029545455,15
2740.913194,43,67,0.79,24,0.032916667,15
2740.888902,38,55,0.64,17,0.037647059,15
2740.813409,34,52,0.76,18,0.042222222,15
2740.722062,54,74,0.43,20,0.0215,15
2740.670029,56,88,0.81,32,0.0253125,15
2740.670029,55,89,0.86,34,0.025294118,15
2740.490878,52,73,0.64,21,0.03047619,15
2740.227969,57,64,0.25,7,0.035714286,15
2740.179118,35,48,0.55,13,0.042307692,15
2740.118221,52,79,0.91,27,0.033703704,15
2740.118221,51,80,0.98,29,0.033793103,15
2740.069643,40,53,0.48,13,0.036923077,15
2739.844045,35,58,0.81,23,0.035217391,15
2739.760268,55,68,0.33,13,0.025384615,15
2739.682954,55,75,0.68,20,0.034,15
2739.593696,41,72,0.86,31,0.027741935,15
2739.469248,37,56,0.74,19,0.038947368,15
2739.297786,38,51,0.51,13,0.039230769,15
2739.266407,34,62,0.93,28,0.033214286,15
2739.25888,50,61,0.27,11,0.024545455,15
2739.251463,36,51,0.61,15,0.040666667,15
2739.232525,32,58,0.92,26,0.035384615,15
2738.82384,51,77,0.89,26,0.034230769,15
2738.6534,32,77,0.15,45,0.003333333,15
2738.652384,33,55,0.86,22,0.039090909,15
2738.593618,56,83,0.72,27,0.026666667,15
2738.548742,47,77,0.75,30,0.025,15
2738.536653,43,74,0.96,31,0.030967742,15
2738.419353,33,75,0.16,42,0.003809524,15
2738.407683,48,78,0.91,30,0.030333333,15
2738.371696,51,77,0.6,26,0.023076923,15
2738.247159,43,75,0.97,32,0.0303125,15
2738.135927,57,77,0.58,20,0.029,15
2738.115528,55,74,0.65,19,0.034210526,15
2738.069125,37,54,0.63,17,0.037058824,15
2738.008873,43,76,0.99,33,0.03,15
2737.942689,58,82,0.64,24,0.026666667,15
2737.932769,54,76,0.74,22,0.033636364,15
2737.932769,53,77,0.81,24,0.03375,15
2737.923288,51,62,0.25,11,0.022727273,15
2737.796767,44,49,0.19,5,0.038,15
2737.700992,59,82,0.61,23,0.026521739,15
2737.700992,57,84,0.72,27,0.026666667,15
2737.481872,47,64,0.42,17,0.024705882,15
2737.311636,43,73,0.95,30,0.031666667,15
2736.875572,42,58,0.5,16,0.03125,15
2736.742164,39,45,0.25,6,0.041666667,15
2736.685616,54,84,0.83,30,0.027666667,15
2736.459338,48,62,0.46,14,0.032857143,15
2736.436623,54,71,0.52,17,0.030588235,15
2736.109414,60,74,0.43,14,0.030714286,15
2735.581264,54,83,0.82,29,0.028275862,15
2735.544899,57,83,0.7,26,0.026923077,15
2735.444175,48,63,0.49,15,0.032666667,15
2735.278528,39,54,0.56,15,0.037333333,15
2735.258639,36,58,0.76,22,0.034545455,15
2734.695451,57,77,0.62,20,0.031,15
2734.518852,53,78,0.84,25,0.0336,15
2734.448467,39,75,0.99,36,0.0275,15
2734.387159,40,52,0.45,12,0.0375,15
2734.181921,42,73,0.78,31,0.02516129,15
2734.163988,46,60,0.37,14,0.026428571,15
2734.074165,57,79,0.61,22,0.027727273,15
2734.046933,26,89,0.27,63,0.004285714,15
2733.702661,61,68,0.24,7,0.034285714,15
2733.618211,34,51,0.7,17,0.041176471,15
2733.561318,36,46,0.44,10,0.044,15
2733.464971,36,55,0.74,19,0.038947368,15
2733.426836,37,54,0.67,17,0.039411765,15
2733.385375,44,55,0.35,11,0.031818182,15
2733.297906,36,47,0.46,11,0.041818182,15
2733.175384,27,88,0.24,61,0.003934426,15
2733.119319,47,65,0.45,18,0.025,15
2732.877767,45,63,0.47,18,0.026111111,15
2732.771405,38,46,0.32,8,0.04,15
2732.415562,44,69,0.79,25,0.0316,15
2732.369883,35,52,0.63,17,0.037058824,15
2732.362284,59,85,0.57,26,0.021923077,15
2732.282517,38,94,0.07,56,0.00125,15
2732.229853,35,52,0.7,17,0.041176471,15
2732.220389,38,53,0.59,15,0.039333333,15
2732.181349,55,76,0.7,21,0.033333333,15
2732.109953,41,43,0.08,2,0.04,15
2731.926414,35,50,0.64,15,0.042666667,15
2731.900916,51,60,0.22,9,0.024444444,15
2731.845107,35,62,0.96,27,0.035555556,15
2731.545416,43,69,0.73,26,0.028076923,15
2731.420182,66,74,0.22,8,0.0275,15
2731.420182,64,76,0.33,12,0.0275,15
2731.241851,35,56,0.81,21,0.038571429,15
2731.098961,55,69,0.43,14,0.030714286,15
2731.079417,35,50,0.61,15,0.040666667,15
2731.057738,50,63,0.32,13,0.024615385,15
2730.989308,42,49,0.26,7,0.037142857,15
2730.89791,44,67,0.75,23,0.032608696,15
2730.804249,34,58,0.92,24,0.038333333,15
2730.775347,38,55,0.67,17,0.039411765,15
2730.686101,54,73,0.66,19,0.034736842,15
2730.523048,57,78,0.59,21,0.028095238,15
2730.210426,28,86,0.23,58,0.003965517,15
2730.099995,63,70,0.22,7,0.031428571,15
2730.099995,58,76,0.56,18,0.031111111,15
2730.077954,35,59,0.91,24,0.037916667,15
2730.05939,50,61,0.26,11,0.023636364,15
2729.940158,53,87,0.97,34,0.028529412,15
2729.820493,54,76,0.75,22,0.034090909,15
2729.744807,44,77,0.88,33,0.026666667,15
2729.284679,45,49,0.12,4,0.03,15
2729.183443,56,79,0.71,23,0.030869565,15
2729.172292,33,55,0.87,22,0.039545455,15
2729.021476,54,77,0.77,23,0.033478261,15
2728.754839,59,76,0.52,17,0.030588235,15
2728.730503,52,78,0.88,26,0.033846154,15
2728.730503,51,79,0.95,28,0.033928571,15
2728.617641,54,90,0.91,36,0.025277778,15
2728.557279,60,68,0.27,8,0.03375,15
2728.43954,57,73,0.54,16,0.03375,15
2728.258511,54,75,0.72,21,0.034285714,15
2728.258511,53,76,0.79,23,0.034347826,15
2728.255285,53,88,0.94,35,0.026857143,15
2728.195771,34,53,0.71,19,0.037368421,15
2728.104143,55,89,0.85,34,0.025,15
2727.821742,40,51,0.42,11,0.038181818,15
2727.768277,53,87,0.91,34,0.026764706,15
2727.507705,44,52,0.27,8,0.03375,15
2727.427341,28,85,0.2,57,0.003508772,15
2727.064258,41,71,0.97,30,0.032333333,15
2726.887564,46,78,0.8,32,0.025,15
2726.808004,27,88,0.25,61,0.004098361,15
2726.796781,62,72,0.31,10,0.031,15
2726.638984,49,64,0.37,15,0.024666667,15
2726.105137,44,76,0.87,32,0.0271875,15
2726.095132,55,70,0.45,15,0.03,15
2726.082236,52,76,0.82,24,0.034166667,15
2726.02463,49,62,0.31,13,0.023846154,15
2726.00229,38,48,0.37,10,0.037,15
2725.990521,62,79,0.46,17,0.027058824,15
2725.990521,60,81,0.57,21,0.027142857,15
2725.513644,55,78,0.68,23,0.029565217,15
2725.508779,38,56,0.62,18,0.034444444,15
2725.296939,54,91,0.83,37,0.022432432,15
2725.14572,52,80,0.93,28,0.033214286,15
2725.132095,58,85,0.69,27,0.025555556,15
2725.125012,47,68,0.65,21,0.030952381,15
2725.007059,33,55,0.85,22,0.038636364,15
2724.832368,27,87,0.25,60,0.004166667,15
2724.323135,38,54,0.59,16,0.036875,15
2724.222532,49,63,0.44,14,0.031428571,15
2724.207646,33,63,0.88,30,0.029333333,15
2724.003654,44,68,0.6,24,0.025,15
2723.594934,82,95,0.08,13,0.006153846,15
2723.564489,45,68,0.56,23,0.024347826,15
2723.545927,38,56,0.56,18,0.031111111,15
2723.493936,53,82,0.91,29,0.03137931,15
2723.450034,62,79,0.45,17,0.026470588,15
2723.122154,47,63,0.4,16,0.025,15
2723.083174,62,67,0.17,5,0.034,15
2722.791909,47,66,0.46,19,0.024210526,15
2722.659399,55,67,0.3,12,0.025,15
2722.657985,48,65,0.42,17,0.024705882,15
2722.601688,63,72,0.26,9,0.028888889,15
2722.530023,59,81,0.62,22,0.028181818,15
2722.113876,30,83,0.16,53,0.003018868,15
2721.938906,38,92,0.09,54,0.001666667,15
2721.75333,33,52,0.79,19,0.041578947,15
2721.711466,59,80,0.56,21,0.026666667,15
2721.537555,44,69,0.61,25,0.0244,15
2721.253291,36,55,0.76,19,0.04,15
2721.117656,56,79,0.65,23,0.02826087,15
2721.017297,43,66,0.6,23,0.026086957,15
2720.993481,54,71,0.51,17,0.03,15
2720.993481,53,72,0.57,19,0.03,15
2720.993481,52,73,0.63,21,0.03,15
2720.901533,42,70,0.78,28,0.027857143,15
2720.68417,82,93,0.07,11,0.006363636,15
2720.674279,27,88,0.23,61,0.003770492,15
2720.571605,35,70,0.25,35,0.007142857,15
2720.559682,56,83,0.73,27,0.027037037,15
2720.326378,42,52,0.3,10,0.03,15
2720.299798,34,58,0.9,24,0.0375,15
2720.205939,36,65,0.99,29,0.034137931,15
2720.131966,47,66,0.47,19,0.024736842,15
2719.692962,35,70,0.24,35,0.006857143,15
2719.499682,32,78,0.13,46,0.002826087,15
2719.482912,44,55,0.31,11,0.028181818,15
2719.379732,55,90,0.78,35,0.022285714,15
2719.26551,47,65,0.44,18,0.024444444,15
2719.242206,38,55,0.59,17,0.034705882,15
2719.210048,61,69,0.27,8,0.03375,15
2719.144771,28,87,0.17,59,0.002881356,15
2719.066364,36,49,0.55,13,0.042307692,15
2719.058126,35,59,0.87,24,0.03625,15
2718.914434,52,89,0.97,37,0.026216216,15
2718.365866,35,95,0.17,60,0.002833333,15
2718.351644,39,90,0.11,51,0.002156863,15
2718.188132,46,48,0.06,2,0.03,15
2717.957538,57,79,0.63,22,0.028636364,15
2717.937706,57,77,0.63,20,0.0315,15
2717.937706,55,79,0.76,24,0.031666667,15
2717.811684,64,75,0.31,11,0.028181818,15
2717.811684,60,80,0.56,20,0.028,15
2717.811684,56,85,0.81,29,0.027931034,15
2717.595639,36,58,0.85,22,0.038636364,15
2717.392274,57,76,0.6,19,0.031578947,15
2717.381281,45,67,0.54,22,0.024545455,15
2717.283019,55,80,0.78,25,0.0312,15
2717.107025,23,98,0.31,75,0.004133333,15
2717.066193,56,79,0.66,23,0.028695652,15
2717.035847,61,77,0.43,16,0.026875,15
2717.035847,59,79,0.54,20,0.027,15
2716.970141,37,53,0.55,16,0.034375,15
2716.920808,51,70,0.49,19,0.025789474,15
2716.917333,52,89,0.99,37,0.026756757,15
2716.907967,43,70,0.68,27,0.025185185,15
2716.855094,41,48,0.27,7,0.038571429,15
2716.696984,52,75,0.54,23,0.023478261,15
2716.661234,28,85,0.21,57,0.003684211,15
2716.487988,33,60,0.97,27,0.035925926,15
2716.463144,49,63,0.34,14,0.024285714,15
2716.343991,48,64,0.39,16,0.024375,15
2716.272894,33,61,0.98,28,0.035,15
2716.219474,50,62,0.28,12,0.023333333,15
2716.135164,35,72,0.15,37,0.004054054,15
2716.066164,71,95,0.42,24,0.0175,15
2715.97518,46,77,0.79,31,0.025483871,15
2715.97518,45,78,0.84,33,0.025454545,15
2715.638125,45,79,0.85,34,0.025,15
2715.570071,54,91,0.93,37,0.025135135,15
2715.446274,50,78,0.65,28,0.023214286,15
2715.31426,63,77,0.38,14,0.027142857,15
2715.198634,27,88,0.22,61,0.003606557,15
2714.962368,45,72,0.82,27,0.03037037,15
2714.880508,33,59,0.99,26,0.038076923,15
2714.724746,71,96,0.42,25,0.0168,15
2714.689256,49,65,0.36,16,0.0225,15
2714.687939,27,90,0.19,63,0.003015873,15
2714.683445,36,60,0.7,24,0.029166667,15
2714.502764,60,79,0.51,19,0.026842105,15
2714.440849,32,58,0.98,26,0.037692308,15
2714.064466,41,61,0.61,20,0.0305,15
2714.059027,47,62,0.48,15,0.032,15
2713.908053,52,89,0.98,37,0.026486486,15
2713.862122,35,59,0.94,24,0.039166667,15
2713.822707,48,76,0.7,28,0.025,15
2713.64394,34,99,0.17,65,0.002615385,15
2713.426893,64,74,0.27,10,0.027,15
2713.193086,53,88,0.92,35,0.026285714,15
2712.983418,43,71,0.69,28,0.024642857,15
2712.962106,23,97,0.33,74,0.004459459,15
2712.951399,42,72,0.75,30,0.025,15
2712.926463,55,75,0.67,20,0.0335,15
2712.921278,48,61,0.34,13,0.026153846,15
2712.907927,58,68,0.35,10,0.035,15
2712.821422,44,65,0.68,21,0.032380952,15
2712.655793,35,55,0.8,20,0.04,15
2712.597392,38,61,0.81,23,0.035217391,15
2712.548753,39,47,0.33,8,0.04125,15
2712.5401,54,86,0.86,32,0.026875,15
2712.532038,58,86,0.62,28,0.022142857,15
2712.508549,61,79,0.5,18,0.027777778,15
2712.508549,58,83,0.69,25,0.0276,15
2712.508549,57,84,0.75,27,0.027777778,15
2712.451667,36,60,0.72,24,0.03,15
2712.421992,37,50,0.52,13,0.04,15
2712.385104,44,49,0.18,5,0.036,15
2712.346332,44,71,0.85,27,0.031481481,15
2712.114977,40,74,0.93,34,0.027352941,15
2711.927652,60,75,0.46,15,0.030666667,15
2711.534917,29,83,0.19,54,0.003518519,15
2711.262417,40,96,0.08,56,0.001428571,15
2711.260551,69,98,0.49,29,0.016896552,15
2711.223037,58,68,0.22,10,0.022,15
2711.161489,59,76,0.49,17,0.028823529,15
2711.151225,41,74,0.84,33,0.025454545,15
2711.132529,67,73,0.16,6,0.026666667,15
2711.132529,64,76,0.32,12,0.026666667,15
2711.00014,57,76,0.56,19,0.029473684,15
2711.00014,56,77,0.62,21,0.02952381,15
2710.849409,45,49,0.15,4,0.0375,15
2710.849409,43,51,0.3,8,0.0375,15
2710.499917,44,69,0.62,25,0.0248,15
2710.393568,40,52,0.46,12,0.038333333,15
2710.205173,38,54,0.6,16,0.0375,15
2710.012951,56,69,0.39,13,0.03,15
2709.88754,58,72,0.47,14,0.033571429,15
2709.8761,52,78,0.89,26,0.034230769,15
2709.664243,34,72,0.27,38,0.007105263,15
2709.517058,43,72,0.73,29,0.025172414,15
2709.433425,60,73,0.41,13,0.031538462,15
2709.433425,54,80,0.82,26,0.031538462,15
2709.18463,35,61,0.86,26,0.033076923,15
2708.974497,54,57,0.07,3,0.023333333,15
2708.974497,51,60,0.21,9,0.023333333,15
2708.953338,52,85,0.92,33,0.027878788,15
2708.953338,51,86,0.98,35,0.028,15
2708.937109,49,63,0.35,14,0.025,15
2708.929152,48,61,0.43,13,0.033076923,15
2708.904807,75,91,0.27,16,0.016875,15
2708.712254,34,61,0.8,27,0.02962963,15
2708.692224,32,56,0.92,24,0.038333333,15
2708.652204,51,80,0.97,29,0.033448276,15
2708.646594,38,53,0.56,15,0.037333333,15
2708.539582,46,66,0.49,20,0.0245,15
2708.382698,59,80,0.57,21,0.027142857,15
2708.192796,37,63,0.91,26,0.035,15
2707.862625,60,80,0.54,20,0.027,15
2707.821354,31,80,0.17,49,0.003469388,15
2707.820224,41,50,0.34,9,0.037777778,15
2707.495521,48,66,0.44,18,0.024444444,15
2707.474439,50,76,0.79,26,0.030384615,15
2707.330304,54,82,0.79,28,0.028214286,15
2707.239156,40,89,0.07,49,0.001428571,15
2707.113685,53,64,0.31,11,0.028181818,15
2706.929931,56,78,0.64,22,0.029090909,15
2706.929931,55,79,0.7,24,0.029166667,15
2706.852679,39,76,0.99,37,0.026756757,15
2706.744572,46,68,0.53,22,0.024090909,15
2706.185391,32,52,0.85,20,0.0425,15
2706.14566,38,57,0.71,19,0.037368421,15
2706.041246,45,70,0.6,25,0.024,15
2706.036898,58,75,0.54,17,0.031764706,15
2705.729204,66,73,0.19,7,0.027142857,15
2705.729204,64,75,0.3,11,0.027272727,15
2705.729204,62,77,0.41,15,0.027333333,15
2705.729204,60,79,0.52,19,0.027368421,15
2705.702891,38,62,0.82,24,0.034166667,15
2705.613014,49,80,0.71,31,0.022903226,15
2705.500172,68,99,0.54,31,0.017419355,15
2705.464439,37,55,0.68,18,0.037777778,15
2704.666445,37,53,0.61,16,0.038125,15
2704.599398,55,85,0.8,30,0.026666667,15
2704.575318,55,80,0.71,25,0.0284,15
2704.266106,9,38,0.24,29,0.008275862,15
2704.234728,61,72,0.35,11,0.031818182,15
2704.184454,69,97,0.49,28,0.0175,15
2703.955092,36,55,0.71,19,0.037368421,15
2703.954824,36,93,0.16,57,0.002807018,15
2703.527116,51,61,0.23,10,0.023,15
2703.451769,67,98,0.53,31,0.017096774,15
2703.3613,46,68,0.54,22,0.024545455,15
2703.253437,59,75,0.5,16,0.03125,15
2703.253437,56,78,0.69,22,0.031363636,15
2703.22684,27,87,0.2,60,0.003333333,15
2703.03109,37,58,0.64,21,0.03047619,15
2702.880881,52,86,0.96,34,0.028235294,15
2702.553298,47,67,0.49,20,0.0245,15
2702.42828,68,97,0.49,29,0.016896552,15
2702.337511,67,69,0.06,2,0.03,15
2702.337511,66,70,0.12,4,0.03,15
2702.337511,65,71,0.18,6,0.03,15
2702.337511,64,72,0.24,8,0.03,15
2702.337511,63,73,0.3,10,0.03,15
2702.197449,43,92,0.06,49,0.00122449,15
2701.668515,35,54,0.75,19,0.039473684,15
2701.459123,34,53,0.75,19,0.039473684,15
2701.343272,38,94,0.08,56,0.001428571,15
2701.122706,42,70,0.8,28,0.028571429,15
2701.042523,34,63,0.84,29,0.028965517,15
2700.814707,55,84,0.8,29,0.027586207,15
2700.799898,44,90,0.07,46,0.001521739,15
2700.729777,84,95,0.06,11,0.005454545,15
2700.538535,37,53,0.63,16,0.039375,15
2700.414988,61,77,0.44,16,0.0275,15
2700.301218,34,49,0.64,15,0.042666667,15
2700.177132,51,85,0.96,34,0.028235294,15
2700.10658,57,66,0.22,9,0.024444444,15
2700.011855,52,86,0.95,34,0.027941176,15
2699.996992,55,79,0.75,24,0.03125,15
2699.976816,56,67,0.27,11,0.024545455,15
2699.869776,53,69,0.57,16,0.035625,15
2699.859864,36,54,0.62,18,0.034444444,15
2699.720936,38,98,0.1,60,0.001666667,15
2699.475144,35,57,0.79,22,0.035909091,15
2699.414457,34,57,0.89,23,0.038695652,15
2699.405881,37,47,0.42,10,0.042,15
2699.397449,31,79,0.16,48,0.003333333,15
2699.240386,39,55,0.6,16,0.0375,15
2699.216618,35,52,0.66,17,0.038823529,15
2699.216618,34,53,0.74,19,0.038947368,15
2699.115402,35,63,0.99,28,0.035357143,15
2699.105015,36,58,0.86,22,0.039090909,15
2699.012338,48,81,0.79,33,0.023939394,15
2698.866113,33,74,0.29,41,0.007073171,15
2698.689295,44,50,0.18,6,0.03,15
2698.619506,28,88,0.15,60,0.0025,15
2698.545066,62,78,0.43,16,0.026875,15
2698.447519,37,46,0.38,9,0.042222222,15
2698.438188,40,73,0.92,33,0.027878788,15
2698.236524,46,67,0.52,21,0.024761905,15
2698.154566,67,75,0.18,8,0.0225,15
2698.154566,65,77,0.27,12,0.0225,15
2698.079824,63,78,0.36,15,0.024,15
2697.968256,41,69,0.9,28,0.032142857,15
2697.807617,35,56,0.77,21,0.036666667,15
2697.642637,23,96,0.32,73,0.004383562,15
2697.553093,27,87,0.21,60,0.0035,15
2697.533039,42,73,0.79,31,0.025483871,15
2697.522687,58,82,0.65,24,0.027083333,15
2697.355919,43,53,0.34,10,0.034,15
2697.34162,37,52,0.59,15,0.039333333,15
2696.806864,58,86,0.61,28,0.021785714,15
2696.789074,43,72,0.71,29,0.024482759,15
2696.733143,32,56,0.94,24,0.039166667,15
2696.727699,38,77,0.98,39,0.025128205,15
2696.620759,45,70,0.79,25,0.0316,15
2696.568526,53,81,0.89,28,0.031785714,15
2696.494031,69,98,0.5,29,0.017241379,15
2696.27931,54,85,0.84,31,0.027096774,15
2695.960255,58,77,0.55,19,0.028947368,15
2695.765518,33,59,0.95,26,0.036538462,15
2695.657319,37,45,0.35,8,0.04375,15
2695.463906,32,52,0.84,20,0.042,15
2695.392637,40,89,0.09,49,0.001836735,15
2695.339651,47,64,0.41,17,0.024117647,15
2695.066947,38,79,0.98,41,0.023902439,15
2695.016788,44,65,0.54,21,0.025714286,15
2694.901475,23,98,0.32,75,0.004266667,15
2694.858964,48,66,0.43,18,0.023888889,15
2694.800137,36,55,0.7,19,0.036842105,15
2694.766479,43,70,0.84,27,0.031111111,15
2694.732479,54,86,0.87,32,0.0271875,15
2694.732479,53,87,0.93,34,0.027352941,15
2694.680566,53,94,0.96,41,0.023414634,15
2694.609045,62,78,0.45,16,0.028125,15
2694.543662,27,91,0.18,64,0.0028125,15
2694.456211,45,70,0.78,25,0.0312,15
2694.314427,52,77,0.86,25,0.0344,15
2694.314427,51,78,0.93,27,0.034444444,15
2694.224463,58,75,0.5,17,0.029411765,15
2694.177219,30,81,0.17,51,0.003333333,15
2694.162985,33,58,0.97,25,0.0388,15
2693.922648,34,71,0.26,37,0.007027027,15
2693.750451,39,44,0.21,5,0.042,15
2693.599113,48,62,0.37,14,0.026428571,15
2693.527648,26,89,0.28,63,0.004444444,15
2693.408376,55,86,0.87,31,0.028064516,15
2693.40384,67,71,0.11,4,0.0275,15
2693.383293,40,50,0.37,10,0.037,15
2693.199503,38,52,0.55,14,0.039285714,15
2693.058318,37,64,0.93,27,0.034444444,15
2693.053733,35,59,0.83,24,0.034583333,15
2693.034025,28,85,0.19,57,0.003333333,15
2692.35028,39,50,0.44,11,0.04,15
2692.349421,53,85,0.88,32,0.0275,15
2692.305573,29,84,0.17,55,0.003090909,15
2691.93098,44,70,0.81,26,0.031153846,15
2691.928824,63,71,0.25,8,0.03125,15
2691.897804,23,97,0.29,74,0.003918919,15
2691.463007,33,58,0.98,25,0.0392,15
2691.294245,56,70,0.31,14,0.022142857,15
2691.238954,56,80,0.67,24,0.027916667,15
2691.203356,56,70,0.33,14,0.023571429,15
2691.102171,57,72,0.51,15,0.034,15
2691.086221,36,57,0.83,21,0.03952381,15
2690.942323,30,82,0.21,52,0.004038462,15
2690.922723,47,67,0.48,20,0.024,15
2690.779175,79,84,0.09,5,0.018,15
2690.638867,60,67,0.15,7,0.021428571,15
2690.530315,41,51,0.37,10,0.037,15
2690.530315,39,53,0.52,14,0.037142857,15
2690.451412,54,81,0.77,27,0.028518519,15
2690.437474,51,62,0.27,11,0.024545455,15
2690.351636,43,66,0.74,23,0.032173913,15
2690.307304,57,85,0.76,28,0.027142857,15
2690.253289,63,77,0.39,14,0.027857143,15
2690.253289,55,87,0.88,32,0.0275,15
2690.209213,50,61,0.35,11,0.031818182,15
2689.796498,60,69,0.31,9,0.034444444,15
2689.71723,38,46,0.33,8,0.04125,15
2689.565583,53,89,0.95,36,0.026388889,15
2689.297474,31,77,0.32,46,0.006956522,15
2689.277749,40,55,0.45,15,0.03,15
2689.192094,28,85,0.22,57,0.003859649,15
2688.94007,47,61,0.45,14,0.032142857,15
2688.904624,36,58,0.82,22,0.037272727,15
2688.849638,45,64,0.61,19,0.032105263,15
2688.832955,44,65,0.55,21,0.026190476,15
2688.763755,35,60,0.74,25,0.0296,15
2688.635593,54,75,0.71,21,0.033809524,15
2688.635593,53,76,0.78,23,0.033913043,15
2688.443117,45,69,0.59,24,0.024583333,15
2688.292549,46,63,0.43,17,0.025294118,15
2688.117058,35,56,0.84,21,0.04,15
2688.080993,30,78,0.34,48,0.007083333,15
2687.791499,39,74,0.98,35,0.028,15
2687.777608,54,80,0.76,26,0.029230769,15
2687.640426,41,70,0.91,29,0.03137931,15
2687.616516,34,56,0.86,22,0.039090909,15
2687.520756,39,51,0.44,12,0.036666667,15
