% profit,ema1,ema2,threshold,diff,thresh / diff,ID
4034.412903,60,70,0.31,10,0.031,1
3988.467079,60,71,0.34,11,0.030909091,1
3957.133479,59,72,0.4,13,0.030769231,1
3770.094806,43,50,0.26,7,0.037142857,1
3747.256994,59,70,0.35,11,0.031818182,1
3742.725006,56,77,0.64,21,0.03047619,1
3736.423472,58,74,0.49,16,0.030625,1
3735.155141,55,75,0.63,20,0.0315,1
3734.790603,59,73,0.43,14,0.030714286,1
3705.31329,40,53,0.49,13,0.037692308,1
3705.225254,60,76,0.47,16,0.029375,1
3702.799902,58,75,0.52,17,0.030588235,1
3701.637596,55,79,0.73,24,0.030416667,1
3700.311612,57,76,0.58,19,0.030526316,1
3690.943023,61,69,0.25,8,0.03125,1
3690.943023,58,72,0.44,14,0.031428571,1
3686.16276,62,71,0.27,9,0.03,1
3686.16276,61,72,0.33,11,0.03,1
3685.675739,65,70,0.15,5,0.03,1
3685.45569,66,68,0.06,2,0.03,1
3685.45569,65,69,0.12,4,0.03,1
3685.45569,64,70,0.18,6,0.03,1
3685.45569,63,71,0.24,8,0.03,1
3685.45569,62,72,0.3,10,0.03,1
3685.45569,61,73,0.36,12,0.03,1
3684.487299,61,75,0.41,14,0.029285714,1
3681.446029,61,68,0.22,7,0.031428571,1
3681.446029,57,73,0.5,16,0.03125,1
3675.514987,57,77,0.61,20,0.0305,1
3674.652434,58,78,0.59,20,0.0295,1
3674.123948,53,82,0.88,29,0.030344828,1
3670.720958,59,70,0.36,11,0.032727273,1
3668.607391,56,78,0.67,22,0.030454545,1
3667.424727,63,73,0.29,10,0.029,1
3666.069716,59,69,0.33,10,0.033,1
3663.649652,60,74,0.42,14,0.03,1
3663.649652,59,75,0.48,16,0.03,1
3660.080211,62,74,0.35,12,0.029166667,1
3659.020626,59,77,0.53,18,0.029444444,1
3658.98713,60,75,0.45,15,0.03,1
3658.98713,59,76,0.51,17,0.03,1
3658.98713,58,77,0.57,19,0.03,1
3658.98713,57,78,0.63,21,0.03,1
3658.98713,56,79,0.69,23,0.03,1
3655.153828,67,68,0.03,1,0.03,1
3655.126207,42,51,0.34,9,0.037777778,1
3650.021004,66,69,0.09,3,0.03,1
3648.815504,62,68,0.19,6,0.031666667,1
3648.815504,59,71,0.38,12,0.031666667,1
3648.327136,58,76,0.54,18,0.03,1
3645.284328,66,67,0.03,1,0.03,1
3645.284328,65,68,0.09,3,0.03,1
3645.284328,64,69,0.15,5,0.03,1
3645.284328,63,70,0.21,7,0.03,1
3643.420196,62,73,0.33,11,0.03,1
3643.420196,61,74,0.39,13,0.03,1
3641.02054,62,67,0.16,5,0.032,1
3633.038383,39,54,0.57,15,0.038,1
3631.463509,57,73,0.51,16,0.031875,1
3628.975947,57,72,0.49,15,0.032666667,1
3625.261654,55,80,0.76,25,0.0304,1
3625.261654,54,81,0.82,27,0.03037037,1
3624.604822,57,72,0.48,15,0.032,1
3624.410504,51,80,0.93,29,0.032068966,1
3622.119732,60,69,0.29,9,0.032222222,1
3622.119732,58,71,0.42,13,0.032307692,1
3622.119732,56,73,0.55,17,0.032352941,1
3621.81222,55,75,0.64,20,0.032,1
3621.768355,56,74,0.57,18,0.031666667,1
3621.768355,54,76,0.7,22,0.031818182,1
3621.569581,41,52,0.41,11,0.037272727,1
3618.897651,51,80,0.94,29,0.032413793,1
3616.720395,60,70,0.32,10,0.032,1
3616.720395,58,72,0.45,14,0.032142857,1
3616.720395,56,74,0.58,18,0.032222222,1
3612.56723,53,78,0.79,25,0.0316,1
3611.218925,55,75,0.65,20,0.0325,1
3610.213062,57,79,0.65,22,0.029545455,1
3607.107239,54,76,0.71,22,0.032272727,1
3602.964815,53,77,0.77,24,0.032083333,1
3601.619997,53,77,0.78,24,0.0325,1
3597.898776,52,79,0.86,27,0.031851852,1
3595.322057,57,74,0.53,17,0.031176471,1
3595.322057,54,77,0.72,23,0.031304348,1
3595.051431,43,76,0.89,33,0.026969697,1
3594.360947,40,54,0.51,14,0.036428571,1
3592.528423,45,48,0.11,3,0.036666667,1
3591.679858,57,73,0.52,16,0.0325,1
3590.716075,56,75,0.59,19,0.031052632,1
3587.653459,44,75,0.83,31,0.026774194,1
3580.622619,56,73,0.56,17,0.032941176,1
3574.88347,63,72,0.27,9,0.03,1
3570.379389,58,71,0.41,13,0.031538462,1
3561.255704,58,70,0.4,12,0.033333333,1
3552.403407,43,72,0.88,29,0.030344828,1
3552.403407,42,73,0.94,31,0.030322581,1
3548.9858,52,78,0.86,26,0.033076923,1
3547.078088,58,73,0.47,15,0.031333333,1
3543.169904,54,75,0.72,21,0.034285714,1
3538.413372,55,74,0.65,19,0.034210526,1
3532.518982,64,71,0.21,7,0.03,1
3531.418315,36,52,0.58,16,0.03625,1
3530.100739,56,74,0.59,18,0.032777778,1
3530.100739,54,76,0.72,22,0.032727273,1
3528.709112,45,69,0.73,24,0.030416667,1
3528.60914,55,76,0.66,21,0.031428571,1
3524.679247,53,79,0.81,26,0.031153846,1
3522.605359,61,68,0.23,7,0.032857143,1
3522.605359,58,71,0.43,13,0.033076923,1
3521.431693,55,74,0.62,19,0.032631579,1
3518.966631,42,77,0.95,35,0.027142857,1
3513.235628,61,67,0.2,6,0.033333333,1
3507.049665,52,78,0.85,26,0.032692308,1
3495.053806,61,70,0.28,9,0.031111111,1
3492.476309,53,77,0.79,24,0.032916667,1
3486.588735,51,79,0.92,28,0.032857143,1
3485.228569,43,73,0.89,30,0.029666667,1
3485.228569,42,74,0.95,32,0.0296875,1
3484.351111,44,75,0.84,31,0.027096774,1
3482.061361,57,74,0.54,17,0.031764706,1
3482.061361,55,76,0.67,21,0.031904762,1
3482.061361,53,78,0.8,25,0.032,1
3482.061361,53,79,0.82,26,0.031538462,1
3482.061361,51,81,0.95,30,0.031666667,1
3480.966523,52,80,0.89,28,0.031785714,1
3480.661285,54,75,0.69,21,0.032857143,1
3476.759212,54,77,0.74,23,0.032173913,1
3476.104764,56,73,0.54,17,0.031764706,1
3475.785998,55,74,0.63,19,0.033157895,1
3474.665173,56,75,0.6,19,0.031578947,1
3474.665173,54,77,0.73,23,0.03173913,1
3464.354016,61,68,0.24,7,0.034285714,1
3463.921661,52,80,0.88,28,0.031428571,1
3462.541252,59,70,0.37,11,0.033636364,1
3461.360219,41,74,0.83,33,0.025151515,1
3460.350043,53,76,0.76,23,0.033043478,1
3455.783184,52,79,0.87,27,0.032222222,1
3455.329877,56,73,0.58,17,0.034117647,1
3454.696377,51,81,0.96,30,0.032,1
3454.631497,40,54,0.52,14,0.037142857,1
3453.524215,55,77,0.68,22,0.030909091,1
3444.586847,55,75,0.66,20,0.033,1
3443.992714,58,71,0.44,13,0.033846154,1
3443.924674,50,65,0.4,15,0.026666667,1
3442.90951,62,67,0.17,5,0.034,1
3442.90951,57,72,0.51,15,0.034,1
3440.013519,51,65,0.39,14,0.027857143,1
3437.822788,44,71,0.82,27,0.03037037,1
3435.834728,56,73,0.57,17,0.033529412,1
3432.033931,46,63,0.54,17,0.031764706,1
3429.882048,41,53,0.44,12,0.036666667,1
3427.801262,56,76,0.62,20,0.031,1
3426.077383,44,71,0.81,27,0.03,1
3426.077383,43,72,0.87,29,0.03,1
3423.253031,38,50,0.43,12,0.035833333,1
3421.220433,44,74,0.82,30,0.027333333,1
3419.203225,57,72,0.5,15,0.033333333,1
3419.203225,54,76,0.73,22,0.033181818,1
3418.90244,45,73,0.76,28,0.027142857,1
3418.187901,59,72,0.41,13,0.031538462,1
3417.564483,52,78,0.84,26,0.032307692,1
3416.561093,62,66,0.13,4,0.0325,1
3415.571134,55,74,0.61,19,0.032105263,1
3415.439069,44,70,0.81,26,0.031153846,1
3415.129979,51,80,0.92,29,0.031724138,1
3413.225513,53,76,0.75,23,0.032608696,1
3412.509357,45,70,0.75,25,0.03,1
3409.94626,39,55,0.6,16,0.0375,1
3402.652317,53,77,0.8,24,0.033333333,1
3400.268266,60,68,0.27,8,0.03375,1
3399.88321,48,61,0.41,13,0.031538462,1
3399.751397,50,81,0.99,31,0.031935484,1
3399.639285,44,49,0.19,5,0.038,1
3399.589968,36,59,0.87,23,0.037826087,1
3397.169804,43,71,0.88,28,0.031428571,1
3396.922769,54,75,0.68,21,0.032380952,1
3396.633862,52,78,0.83,26,0.031923077,1
3396.633862,51,79,0.9,28,0.032142857,1
3396.633862,50,80,0.97,30,0.032333333,1
3393.876272,52,77,0.82,25,0.0328,1
3393.876272,50,80,0.98,30,0.032666667,1
3392.584141,60,73,0.41,13,0.031538462,1
3392.211541,44,72,0.83,28,0.029642857,1
3390.289055,52,79,0.88,27,0.032592593,1
3390.092941,57,59,0.05,2,0.025,1
3390.092941,56,60,0.1,4,0.025,1
3389.404208,41,53,0.45,12,0.0375,1
3388.973857,48,68,0.56,20,0.028,1
3385.423622,47,69,0.58,22,0.026363636,1
3385.294207,60,70,0.33,10,0.033,1
3384.669204,55,74,0.64,19,0.033684211,1
3384.669204,54,75,0.71,21,0.033809524,1
3383.604133,52,78,0.87,26,0.033461538,1
3383.183657,41,75,0.85,34,0.025,1
3380.560445,43,69,0.85,26,0.032692308,1
3379.980361,58,67,0.31,9,0.034444444,1
3378.618172,40,54,0.53,14,0.037857143,1
3378.310144,63,67,0.13,4,0.0325,1
3378.310144,61,69,0.26,8,0.0325,1
3378.310144,59,71,0.39,12,0.0325,1
3374.85269,39,49,0.36,10,0.036,1
3373.386313,51,79,0.91,28,0.0325,1
3373.291121,43,76,0.88,33,0.026666667,1
3370.476343,46,69,0.69,23,0.03,1
3370.110271,59,70,0.24,11,0.021818182,1
3368.640378,63,70,0.22,7,0.031428571,1
3368.479755,59,69,0.34,10,0.034,1
3367.915432,51,79,0.93,28,0.033214286,1
3366.786625,43,51,0.29,8,0.03625,1
3366.180463,42,72,0.94,30,0.031333333,1
3365.9981,53,78,0.81,25,0.0324,1
3365.223412,56,75,0.61,19,0.032105263,1
3364.84242,45,69,0.75,24,0.03125,1
3363.601121,37,51,0.51,14,0.036428571,1
3360.042263,46,68,0.67,22,0.030454545,1
3357.560072,57,71,0.48,14,0.034285714,1
3356.488231,53,62,0.24,9,0.026666667,1
3356.410051,38,57,0.69,19,0.036315789,1
3356.358512,54,72,0.61,18,0.033888889,1
3356.358512,53,73,0.68,20,0.034,1
3356.358512,52,74,0.75,22,0.034090909,1
3355.831967,51,81,0.97,30,0.032333333,1
3354.31049,51,57,0.19,6,0.031666667,1
3353.82616,55,75,0.68,20,0.034,1
3352.870471,43,75,0.88,32,0.0275,1
3351.337381,56,72,0.53,16,0.033125,1
3350.773714,54,78,0.75,24,0.03125,1
3350.426138,47,70,0.63,23,0.027391304,1
3350.354664,59,69,0.22,10,0.022,1
3349.105213,54,76,0.75,22,0.034090909,1
3349.069504,45,65,0.63,20,0.0315,1
3348.900838,55,84,0.86,29,0.029655172,1
3348.900838,54,85,0.92,31,0.029677419,1
3348.817501,37,58,0.79,21,0.037619048,1
3347.984608,49,67,0.51,18,0.028333333,1
3347.570374,63,66,0.1,3,0.033333333,1
3347.570374,60,69,0.3,9,0.033333333,1
3346.922473,53,77,0.81,24,0.03375,1
3346.922473,52,78,0.88,26,0.033846154,1
3346.566831,52,62,0.27,10,0.027,1
3345.163734,50,80,0.99,30,0.033,1
3345.081852,56,74,0.61,18,0.033888889,1
3344.213759,61,71,0.32,10,0.032,1
3344.100392,41,51,0.38,10,0.038,1
3342.57682,51,80,0.95,29,0.032758621,1
3342.380369,54,75,0.7,21,0.033333333,1
3342.136573,63,75,0.35,12,0.029166667,1
3341.841967,55,71,0.54,16,0.03375,1
3341.502335,40,48,0.29,8,0.03625,1
3341.115229,39,55,0.59,16,0.036875,1
3338.648511,52,81,0.91,29,0.03137931,1
3338.05021,52,77,0.83,25,0.0332,1
3338.05021,51,78,0.9,27,0.033333333,1
3335.221277,68,69,0.03,1,0.03,1
3335.221277,67,70,0.09,3,0.03,1
3335.221277,66,71,0.15,5,0.03,1
3334.752893,36,60,0.87,24,0.03625,1
3332.73443,41,51,0.39,10,0.039,1
3331.786082,58,70,0.41,12,0.034166667,1
3331.003175,59,73,0.45,14,0.032142857,1
3328.850729,53,78,0.82,25,0.0328,1
3328.749017,67,72,0.14,5,0.028,1
3327.521943,62,68,0.2,6,0.033333333,1
3327.521943,59,71,0.4,12,0.033333333,1
3326.990877,56,70,0.47,14,0.033571429,1
3326.388901,42,74,0.96,32,0.03,1
3325.553018,54,77,0.75,23,0.032608696,1
3324.805926,44,73,0.81,29,0.027931034,1
3324.362433,61,71,0.31,10,0.031,1
3324.362433,57,75,0.56,18,0.031111111,1
3323.604373,37,58,0.78,21,0.037142857,1
3322.879531,53,76,0.77,23,0.033478261,1
3322.116626,35,57,0.75,22,0.034090909,1
3321.991569,55,76,0.68,21,0.032380952,1
3321.453075,52,81,0.9,29,0.031034483,1
3321.063143,35,57,0.74,22,0.033636364,1
3320.901107,57,75,0.58,18,0.032222222,1
3320.177626,44,70,0.8,26,0.030769231,1
3320.014482,41,52,0.42,11,0.038181818,1
3319.643273,60,68,0.26,8,0.0325,1
3319.443094,57,73,0.54,16,0.03375,1
3317.580232,58,75,0.54,17,0.031764706,1
3317.580232,56,77,0.67,21,0.031904762,1
3317.314188,60,72,0.37,12,0.030833333,1
3314.50003,61,78,0.49,17,0.028823529,1
3313.791873,44,68,0.74,24,0.030833333,1
3313.599193,58,72,0.47,14,0.033571429,1
3313.390111,55,85,0.88,30,0.029333333,1
3313.390111,54,86,0.94,32,0.029375,1
3313.210768,60,79,0.55,19,0.028947368,1
3313.13691,35,53,0.66,18,0.036666667,1
3312.547482,55,78,0.71,23,0.030869565,1
3311.641804,52,76,0.78,24,0.0325,1
3310.422654,51,82,0.97,31,0.031290323,1
3310.104158,47,67,0.61,20,0.0305,1
3309.947684,64,75,0.31,11,0.028181818,1
3309.613809,65,72,0.21,7,0.03,1
3309.613809,64,73,0.27,9,0.03,1
3307.470427,51,83,0.99,32,0.0309375,1
3306.328144,57,68,0.38,11,0.034545455,1
3306.328144,56,69,0.45,13,0.034615385,1
3306.328144,55,70,0.52,15,0.034666667,1
3306.328144,54,71,0.59,17,0.034705882,1
3305.831944,58,72,0.46,14,0.032857143,1
3304.882911,59,74,0.46,15,0.030666667,1
3304.696101,41,73,0.97,32,0.0303125,1
3304.49612,47,68,0.61,21,0.029047619,1
3304.146835,41,73,0.86,32,0.026875,1
3303.776532,45,69,0.74,24,0.030833333,1
3303.740417,64,74,0.29,10,0.029,1
3303.551978,47,68,0.56,21,0.026666667,1
3303.424945,43,76,0.9,33,0.027272727,1
3303.345808,38,57,0.7,19,0.036842105,1
3303.28194,42,76,0.95,34,0.027941176,1
3302.73403,50,66,0.45,16,0.028125,1
3302.461612,37,52,0.52,15,0.034666667,1
3302.190656,35,54,0.66,19,0.034736842,1
3301.873349,42,74,0.97,32,0.0303125,1
3301.461952,57,83,0.74,26,0.028461538,1
3301.461952,56,84,0.8,28,0.028571429,1
3301.461952,54,87,0.94,33,0.028484848,1
3301.081031,42,77,0.94,35,0.026857143,1
3299.976559,46,64,0.56,18,0.031111111,1
3299.528158,37,54,0.58,17,0.034117647,1
3299.4705,51,79,0.94,28,0.033571429,1
3297.236091,56,72,0.54,16,0.03375,1
3297.149202,42,73,0.78,31,0.02516129,1
3296.415924,37,58,0.77,21,0.036666667,1
3296.30427,54,79,0.77,25,0.0308,1
3295.298975,36,53,0.59,17,0.034705882,1
3295.036169,54,75,0.67,21,0.031904762,1
3294.431493,53,76,0.78,23,0.033913043,1
3294.058032,62,76,0.41,14,0.029285714,1
3294.003046,42,72,0.8,30,0.026666667,1
3293.930023,49,78,0.98,29,0.033793103,1
3293.908574,50,61,0.31,11,0.028181818,1
3292.574906,62,65,0.1,3,0.033333333,1
3292.48549,50,77,0.91,27,0.033703704,1
3291.765853,62,69,0.22,7,0.031428571,1
3291.499766,45,74,0.77,29,0.026551724,1
3291.023605,52,83,0.95,31,0.030645161,1
3290.90114,44,67,0.72,23,0.031304348,1
3290.887898,41,77,0.88,36,0.024444444,1
3290.87303,53,87,0.99,34,0.029117647,1
3290.743425,65,73,0.23,8,0.02875,1
3290.743425,59,80,0.6,21,0.028571429,1
3290.291123,45,70,0.76,25,0.0304,1
3289.808736,50,65,0.43,15,0.028666667,1
3289.808736,49,66,0.49,17,0.028823529,1
3288.594618,38,57,0.71,19,0.037368421,1
3288.299668,51,62,0.34,11,0.030909091,1
3287.659629,57,82,0.74,25,0.0296,1
3287.347061,61,77,0.47,16,0.029375,1
3287.347061,60,78,0.53,18,0.029444444,1
3286.993102,61,72,0.35,11,0.031818182,1
3286.534607,55,61,0.15,6,0.025,1
3286.067017,60,73,0.4,13,0.030769231,1
3285.716584,38,53,0.51,15,0.034,1
3285.403627,51,82,0.98,31,0.031612903,1
3285.365857,38,55,0.64,17,0.037647059,1
3285.354925,62,70,0.25,8,0.03125,1
3285.354925,58,74,0.5,16,0.03125,1
3284.833436,57,83,0.75,26,0.028846154,1
3284.706177,59,80,0.61,21,0.029047619,1
3284.706177,58,81,0.67,23,0.029130435,1
3284.039007,58,81,0.66,23,0.028695652,1
3283.537273,65,74,0.25,9,0.027777778,1
3282.807598,54,76,0.74,22,0.033636364,1
3282.691403,58,76,0.55,18,0.030555556,1
3282.619465,56,72,0.55,16,0.034375,1
3282.401123,44,72,0.84,28,0.03,1
3281.922991,42,75,0.95,33,0.028787879,1
3281.633355,35,56,0.72,21,0.034285714,1
3281.45657,40,76,0.95,36,0.026388889,1
3281.323235,52,64,0.33,12,0.0275,1
3280.961308,56,83,0.8,27,0.02962963,1
3278.958633,54,76,0.47,22,0.021363636,1
3278.865662,49,64,0.46,15,0.030666667,1
3277.202837,46,67,0.66,21,0.031428571,1
3277.117513,52,79,0.89,27,0.032962963,1
3276.913417,54,61,0.2,7,0.028571429,1
3276.902155,38,56,0.68,18,0.037777778,1
3276.86587,56,73,0.37,17,0.021764706,1
3276.799354,51,76,0.84,25,0.0336,1
3276.504902,50,66,0.42,16,0.02625,1
3276.385348,50,79,0.99,29,0.034137931,1
3276.259232,51,58,0.22,7,0.031428571,1
3276.036847,46,71,0.69,25,0.0276,1
3275.190187,57,71,0.45,14,0.032142857,1
3274.624794,42,71,0.79,29,0.027241379,1
3273.033078,43,72,0.89,29,0.030689655,1
3272.888497,41,74,0.88,33,0.026666667,1
3272.501644,58,76,0.56,18,0.031111111,1
3271.66818,59,79,0.59,20,0.0295,1
3271.66818,57,82,0.73,25,0.0292,1
3271.66818,56,83,0.79,27,0.029259259,1
3270.702536,48,69,0.58,21,0.027619048,1
3270.394061,54,80,0.8,26,0.030769231,1
3270.21623,55,72,0.56,17,0.032941176,1
3269.685266,60,71,0.35,11,0.031818182,1
3269.685266,59,73,0.44,14,0.031428571,1
3269.685266,56,76,0.63,20,0.0315,1
3269.685266,55,77,0.69,22,0.031363636,1
3269.168683,48,67,0.55,19,0.028947368,1
3269.03952,56,84,0.81,28,0.028928571,1
3269.03952,55,85,0.87,30,0.029,1
3269.03952,54,86,0.93,32,0.0290625,1
3268.778902,51,80,0.96,29,0.033103448,1
3268.655339,54,79,0.78,25,0.0312,1
3268.655339,53,80,0.84,27,0.031111111,1
3268.259637,62,78,0.43,16,0.026875,1
3268.090025,32,60,0.97,28,0.034642857,1
3267.837103,52,77,0.85,25,0.034,1
3267.837103,51,78,0.92,27,0.034074074,1
3267.686811,59,68,0.3,9,0.033333333,1
3267.686811,56,71,0.5,15,0.033333333,1
3266.941712,57,70,0.43,13,0.033076923,1
3266.149299,38,56,0.67,18,0.037222222,1
3265.250253,54,86,0.95,32,0.0296875,1
3265.122956,45,67,0.71,22,0.032272727,1
3264.882855,43,71,0.87,28,0.031071429,1
3264.8206,55,73,0.62,18,0.034444444,1
3264.75601,63,68,0.16,5,0.032,1
3264.592227,43,69,0.72,26,0.027692308,1
3264.107193,59,69,0.32,10,0.032,1
3263.62892,42,50,0.3,8,0.0375,1
3263.396717,45,68,0.72,23,0.031304348,1
3263.35024,46,69,0.7,23,0.030434783,1
3262.364857,49,77,0.97,28,0.034642857,1
3262.2495,62,77,0.43,15,0.028666667,1
3262.081398,52,77,0.84,25,0.0336,1
3262.081398,51,78,0.91,27,0.033703704,1
3261.991922,51,77,0.85,26,0.032692308,1
3261.970797,46,66,0.64,20,0.032,1
3261.601798,63,77,0.38,14,0.027142857,1
3261.601798,61,79,0.49,18,0.027222222,1
3261.307403,41,52,0.35,11,0.031818182,1
3259.792219,53,81,0.86,28,0.030714286,1
3259.593651,47,63,0.5,16,0.03125,1
3259.525939,36,60,0.89,24,0.037083333,1
3258.714619,59,67,0.27,8,0.03375,1
3258.535247,62,72,0.31,10,0.031,1
3258.535247,61,73,0.37,12,0.030833333,1
3258.419005,50,63,0.4,13,0.030769231,1
3257.731397,50,78,0.92,28,0.032857143,1
3257.707317,47,68,0.64,21,0.03047619,1
3256.984441,55,79,0.74,24,0.030833333,1
3256.984441,52,82,0.93,30,0.031,1
3255.139421,55,73,0.61,18,0.033888889,1
3255.016286,57,71,0.46,14,0.032857143,1
3254.041365,50,81,0.66,31,0.021290323,1
3253.951428,46,68,0.68,22,0.030909091,1
3253.846575,44,69,0.79,25,0.0316,1
3251.923921,51,79,0.95,28,0.033928571,1
3251.034014,45,68,0.73,23,0.03173913,1
3250.868653,33,59,0.89,26,0.034230769,1
3249.891386,54,73,0.63,19,0.033157895,1
3249.142165,54,74,0.68,20,0.034,1
3248.520727,42,73,0.95,31,0.030645161,1
3247.516367,60,80,0.56,20,0.028,1
3247.495739,61,72,0.34,11,0.030909091,1
3247.346665,38,52,0.48,14,0.034285714,1
3247.346665,37,53,0.55,16,0.034375,1
3247.095407,57,71,0.47,14,0.033571429,1
3247.012335,63,74,0.32,11,0.029090909,1
3247.003115,55,73,0.58,18,0.032222222,1
3246.637241,43,73,0.87,30,0.029,1
3245.755566,60,71,0.36,11,0.032727273,1
3245.755566,58,73,0.49,15,0.032666667,1
3245.193921,42,73,0.96,31,0.030967742,1
3244.293299,35,61,0.97,26,0.037307692,1
3244.131048,34,60,0.86,26,0.033076923,1
3244.025954,47,66,0.59,19,0.031052632,1
3243.576493,41,71,0.99,30,0.033,1
3242.025488,54,78,0.76,24,0.031666667,1
3241.782173,44,72,0.81,28,0.028928571,1
3241.471449,42,50,0.31,8,0.03875,1
3241.443443,51,80,0.97,29,0.033448276,1
3238.305258,43,72,0.72,29,0.024827586,1
3237.492891,43,73,0.9,30,0.03,1
3237.147782,34,57,0.8,23,0.034782609,1
3236.760878,55,73,0.59,18,0.032777778,1
3236.66004,59,72,0.42,13,0.032307692,1
3236.591164,48,87,0.8,39,0.020512821,1
3236.417084,43,70,0.86,27,0.031851852,1
3234.894028,60,79,0.54,19,0.028421053,1
3233.452102,49,85,0.74,36,0.020555556,1
3233.210045,47,69,0.62,22,0.028181818,1
3233.098915,49,79,0.99,30,0.033,1
3232.582405,41,76,0.86,35,0.024571429,1
3232.020342,60,77,0.5,17,0.029411765,1
3232.001317,57,76,0.59,19,0.031052632,1
3232.001317,56,77,0.65,21,0.030952381,1
3231.272851,39,50,0.39,11,0.035454545,1
3231.12624,42,78,0.96,36,0.026666667,1
3230.403722,54,74,0.66,20,0.033,1
3230.403722,53,75,0.73,22,0.033181818,1
3230.245832,60,67,0.23,7,0.032857143,1
3229.606622,56,76,0.65,20,0.0325,1
3229.461057,46,72,0.71,26,0.027307692,1
3228.407904,55,86,0.88,31,0.028387097,1
3228.225803,47,85,0.8,38,0.021052632,1
3228.013712,37,95,0.14,58,0.002413793,1
3228.002851,44,70,0.82,26,0.031538462,1
3226.268022,45,72,0.75,27,0.027777778,1
3225.873217,36,60,0.88,24,0.036666667,1
3225.853355,53,77,0.52,24,0.021666667,1
3225.541698,43,70,0.87,27,0.032222222,1
3225.320648,40,75,0.93,35,0.026571429,1
3225.115185,58,82,0.68,24,0.028333333,1
3224.65472,36,55,0.65,19,0.034210526,1
3224.572324,33,62,0.95,29,0.032758621,1
3224.456893,43,77,0.9,34,0.026470588,1
3224.429086,35,61,0.98,26,0.037692308,1
3224.008683,61,77,0.46,16,0.02875,1
3223.804823,49,60,0.35,11,0.031818182,1
3223.798671,56,59,0.08,3,0.026666667,1
3223.421677,53,79,0.83,26,0.031923077,1
3223.327796,51,66,0.37,15,0.024666667,1
3223.327796,50,67,0.42,17,0.024705882,1
3222.119064,58,70,0.39,12,0.0325,1
3222.119064,56,72,0.52,16,0.0325,1
3222.119064,53,75,0.72,22,0.032727273,1
3222.119064,52,77,0.81,25,0.0324,1
3221.795822,57,74,0.56,17,0.032941176,1
3221.270335,41,72,0.85,31,0.027419355,1
3220.385715,44,66,0.7,22,0.031818182,1
3219.863388,52,76,0.79,24,0.032916667,1
3219.863388,51,78,0.88,27,0.032592593,1
3219.612883,58,68,0.34,10,0.034,1
3219.306153,42,70,0.87,28,0.031071429,1
3219.306153,41,72,0.95,31,0.030645161,1
3219.127578,49,66,0.45,17,0.026470588,1
3218.872551,42,69,0.85,27,0.031481481,1
3218.847385,53,74,0.7,21,0.033333333,1
3217.942558,50,58,0.26,8,0.0325,1
3217.215289,42,79,0.97,37,0.026216216,1
3216.971144,51,78,0.89,27,0.032962963,1
3215.98023,56,75,0.63,19,0.033157895,1
3215.802223,57,73,0.53,16,0.033125,1
3214.949343,51,77,0.86,26,0.033076923,1
3214.949343,50,78,0.93,28,0.033214286,1
3214.07538,55,77,0.71,22,0.032272727,1
3213.37915,62,77,0.42,15,0.028,1
3212.950866,58,80,0.64,22,0.029090909,1
3212.950866,57,82,0.72,25,0.0288,1
3212.592794,34,63,0.82,29,0.028275862,1
3212.578719,42,71,0.88,29,0.030344828,1
3212.142387,43,69,0.8,26,0.030769231,1
3212.022345,59,78,0.56,19,0.029473684,1
3212.012166,56,82,0.78,26,0.03,1
3212.012166,55,83,0.84,28,0.03,1
3212.012166,54,84,0.9,30,0.03,1
3211.512062,55,72,0.57,17,0.033529412,1
3211.512062,54,73,0.64,19,0.033684211,1
3211.259627,44,75,0.82,31,0.026451613,1
3211.084203,43,70,0.73,27,0.027037037,1
3210.803793,36,59,0.86,23,0.037391304,1
3210.748433,52,75,0.77,23,0.033478261,1
3209.975056,43,49,0.23,6,0.038333333,1
3209.854083,47,68,0.63,21,0.03,1
3209.347132,42,70,0.93,28,0.033214286,1
3209.318634,47,70,0.6,23,0.026086957,1
3209.280112,46,70,0.68,24,0.028333333,1
3209.279469,47,84,0.78,37,0.021081081,1
3209.222173,40,74,0.92,34,0.027058824,1
3208.888153,39,54,0.56,15,0.037333333,1
3208.661626,53,90,0.96,37,0.025945946,1
3208.422319,58,74,0.52,16,0.0325,1
3207.67786,48,60,0.39,12,0.0325,1
3207.567721,67,69,0.06,2,0.03,1
3207.567721,66,70,0.12,4,0.03,1
3207.567721,65,71,0.18,6,0.03,1
3207.567721,64,72,0.24,8,0.03,1
3207.567721,63,73,0.3,10,0.03,1
3207.567721,62,74,0.36,12,0.03,1
3207.567721,61,75,0.42,14,0.03,1
3207.567721,60,76,0.48,16,0.03,1
3207.567721,59,77,0.54,18,0.03,1
3207.131573,44,69,0.8,25,0.032,1
3206.980027,57,75,0.57,18,0.031666667,1
3206.980027,53,80,0.85,27,0.031481481,1
3206.86943,63,76,0.37,13,0.028461538,1
3206.86943,59,81,0.62,22,0.028181818,1
3206.617037,60,81,0.55,21,0.026190476,1
3206.617037,56,86,0.78,30,0.026,1
3205.952584,63,74,0.33,11,0.03,1
3205.952584,62,75,0.39,13,0.03,1
3205.952584,61,76,0.45,15,0.03,1
3205.952584,60,77,0.51,17,0.03,1
3205.952584,59,78,0.57,19,0.03,1
3205.932068,48,66,0.46,18,0.025555556,1
3205.519305,58,69,0.36,11,0.032727273,1
3205.301079,48,65,0.53,17,0.031176471,1
3204.98513,55,76,0.7,21,0.033333333,1
3204.268157,48,68,0.57,20,0.0285,1
3203.250917,45,73,0.77,28,0.0275,1
3203.152305,37,57,0.75,20,0.0375,1
3202.792325,48,86,0.78,38,0.020526316,1
3202.752467,51,71,0.48,20,0.024,1
3202.423557,46,65,0.59,19,0.031052632,1
3202.254099,49,65,0.43,16,0.026875,1
3201.980966,47,66,0.6,19,0.031578947,1
3200.729365,47,71,0.64,24,0.026666667,1
3200.265891,43,75,0.89,32,0.0278125,1
3200.207915,56,74,0.6,18,0.033333333,1
3199.942412,47,62,0.48,15,0.032,1
3199.590363,59,75,0.49,16,0.030625,1
3198.771805,39,76,0.98,37,0.026486486,1
3198.72811,43,75,0.78,32,0.024375,1
3198.428188,58,69,0.37,11,0.033636364,1
3198.428188,55,73,0.6,18,0.033333333,1
3198.428188,52,76,0.8,24,0.033333333,1
3198.428188,51,77,0.87,26,0.033461538,1
3197.799184,42,72,0.77,30,0.025666667,1
3197.420575,58,80,0.65,22,0.029545455,1
3196.753536,44,63,0.62,19,0.032631579,1
3196.607386,61,69,0.27,8,0.03375,1
3196.286833,52,81,0.92,29,0.031724138,1
3195.914685,44,76,0.82,32,0.025625,1
3195.586385,39,53,0.54,14,0.038571429,1
3195.522807,53,81,0.87,28,0.031071429,1
3195.508708,50,79,0.95,29,0.032758621,1
3195.210441,61,78,0.48,17,0.028235294,1
3195.210441,57,83,0.73,26,0.028076923,1
3195.210441,56,84,0.79,28,0.028214286,1
3194.655473,43,74,0.88,31,0.028387097,1
3194.65011,42,75,0.94,33,0.028484848,1
3194.166223,45,72,0.8,27,0.02962963,1
3193.608421,62,75,0.38,13,0.029230769,1
3193.608421,61,76,0.44,15,0.029333333,1
3193.234298,44,48,0.15,4,0.0375,1
3193.182824,47,67,0.62,20,0.031,1
3193.016481,50,79,0.63,29,0.021724138,1
3192.622693,43,69,0.86,26,0.033076923,1
3192.588567,52,92,0.99,40,0.02475,1
3192.26854,40,52,0.46,12,0.038333333,1
3192.258112,57,80,0.69,23,0.03,1
3192.258112,56,81,0.75,25,0.03,1
3192.258112,53,86,0.98,33,0.02969697,1
3191.847591,34,55,0.73,21,0.034761905,1
3191.840448,50,77,0.92,27,0.034074074,1
3191.731041,65,74,0.26,9,0.028888889,1
3191.687988,58,74,0.51,16,0.031875,1
3191.316223,55,87,0.84,32,0.02625,1
3190.804477,58,83,0.67,25,0.0268,1
3190.206884,32,61,0.99,29,0.034137931,1
3190.165083,43,67,0.77,24,0.032083333,1
3190.028106,45,73,0.68,28,0.024285714,1
3189.837802,46,72,0.7,26,0.026923077,1
3189.580353,41,71,0.94,30,0.031333333,1
3189.118454,45,66,0.65,21,0.030952381,1
3188.898818,52,80,0.9,28,0.032142857,1
3188.410857,59,81,0.61,22,0.027727273,1
3188.288375,55,78,0.73,23,0.03173913,1
3186.210341,50,79,0.98,29,0.033793103,1
3186.184651,46,70,0.69,24,0.02875,1
3186.184651,45,71,0.75,26,0.028846154,1
3186.138877,52,81,0.93,29,0.032068966,1
3185.991684,61,70,0.29,9,0.032222222,1
3185.951639,35,61,0.96,26,0.036923077,1
3185.572191,55,67,0.28,12,0.023333333,1
3184.987337,56,76,0.64,20,0.032,1
3184.987337,54,78,0.77,24,0.032083333,1
3184.68473,54,77,0.76,23,0.033043478,1
3184.633828,45,68,0.63,23,0.027391304,1
3184.402444,47,65,0.49,18,0.027222222,1
3184.402444,45,67,0.6,22,0.027272727,1
3183.695077,42,52,0.36,10,0.036,1
3183.074043,36,58,0.84,22,0.038181818,1
3182.969707,59,82,0.61,23,0.026521739,1
3182.948621,37,53,0.56,16,0.035,1
3182.719859,55,77,0.7,22,0.031818182,1
3182.200792,36,54,0.63,18,0.035,1
3182.190086,54,74,0.65,20,0.0325,1
3182.190086,53,76,0.74,23,0.032173913,1
3181.877864,62,69,0.23,7,0.032857143,1
3181.586799,42,49,0.27,7,0.038571429,1
3181.338878,58,82,0.67,24,0.027916667,1
3180.83773,58,73,0.48,15,0.032,1
3180.602278,55,85,0.86,30,0.028666667,1
3180.026093,54,80,0.81,26,0.031153846,1
3179.989894,35,55,0.7,20,0.035,1
3179.838397,44,74,0.83,30,0.027666667,1
3179.359918,51,62,0.3,11,0.027272727,1
3178.942963,40,73,0.9,33,0.027272727,1
3178.654127,54,90,0.89,36,0.024722222,1
3177.909355,53,78,0.83,25,0.0332,1
3177.909355,52,79,0.9,27,0.033333333,1
3177.791971,40,67,0.88,27,0.032592593,1
3177.789493,55,86,0.83,31,0.026774194,1
3177.33182,53,84,0.91,31,0.029354839,1
3177.275383,52,70,0.43,18,0.023888889,1
3177.268877,49,66,0.51,17,0.03,1
3177.268877,48,67,0.57,19,0.03,1
3177.20409,51,78,0.59,27,0.021851852,1
3176.932563,39,67,0.94,28,0.033571429,1
3176.584177,40,53,0.48,13,0.036923077,1
3176.524775,54,77,0.77,23,0.033478261,1
3176.456458,57,84,0.71,27,0.026296296,1
3175.834902,54,88,0.88,34,0.025882353,1
3175.533649,52,90,0.99,38,0.026052632,1
3175.444529,45,50,0.18,5,0.036,1
3175.046072,37,57,0.76,20,0.038,1
3174.762287,41,54,0.47,13,0.036153846,1
3174.75878,60,78,0.52,18,0.028888889,1
3174.75878,59,79,0.58,20,0.029,1
3174.735145,64,75,0.32,11,0.029090909,1
3174.231787,58,83,0.66,25,0.0264,1
3174.231787,56,85,0.77,29,0.026551724,1
3174.115639,54,86,0.92,32,0.02875,1
3173.811004,49,81,0.69,32,0.0215625,1
3173.534603,54,79,0.8,25,0.032,1
3172.338691,38,55,0.65,17,0.038235294,1
3171.975213,40,71,0.96,31,0.030967742,1
3171.893401,34,59,0.84,25,0.0336,1
3171.370939,54,68,0.33,14,0.023571429,1
3171.218744,39,75,0.97,36,0.026944444,1
3170.997088,58,75,0.53,17,0.031176471,1
3170.997088,55,78,0.72,23,0.031304348,1
3170.950654,49,65,0.49,16,0.030625,1
3169.978016,54,87,0.88,33,0.026666667,1
3169.49812,49,86,0.76,37,0.020540541,1
3169.430974,43,77,0.91,34,0.026764706,1
3169.160602,57,81,0.71,24,0.029583333,1
3169.160602,56,82,0.77,26,0.029615385,1
3169.160602,55,83,0.83,28,0.029642857,1
3169.160602,55,84,0.85,29,0.029310345,1
3169.160602,54,85,0.91,31,0.029354839,1
3168.873655,56,79,0.7,23,0.030434783,1
3168.503987,51,82,0.99,31,0.031935484,1
3168.17787,48,69,0.57,21,0.027142857,1
3167.990662,60,72,0.39,12,0.0325,1
3167.092087,54,87,0.91,33,0.027575758,1
3166.89378,35,60,0.95,25,0.038,1
3166.527529,52,65,0.32,13,0.024615385,1
3165.144393,44,66,0.69,22,0.031363636,1
3164.90741,39,76,0.99,37,0.026756757,1
3164.564839,50,72,0.53,22,0.024090909,1
3164.471701,59,72,0.43,13,0.033076923,1
3164.241402,53,74,0.71,21,0.033809524,1
3164.241402,52,75,0.78,23,0.033913043,1
3164.241402,50,78,0.94,28,0.033571429,1
3164.240958,58,82,0.69,24,0.02875,1
3163.98163,40,56,0.57,16,0.035625,1
3163.971718,54,74,0.67,20,0.0335,1
3163.971718,53,75,0.74,22,0.033636364,1
3163.971718,50,79,0.97,29,0.033448276,1
3163.70804,42,75,0.81,33,0.024545455,1
3163.384713,42,70,0.92,28,0.032857143,1
3163.379434,44,74,0.73,30,0.024333333,1
3162.818578,54,62,0.2,8,0.025,1
3162.818578,53,63,0.25,10,0.025,1
3162.818578,49,68,0.47,19,0.024736842,1
3162.815377,52,77,0.54,25,0.0216,1
3162.789446,52,64,0.3,12,0.025,1
3162.667365,52,79,0.57,27,0.021111111,1
3162.469662,50,80,0.65,30,0.021666667,1
3162.410732,56,75,0.62,19,0.032631579,1
3162.410732,53,79,0.84,26,0.032307692,1
3161.642359,50,79,0.96,29,0.033103448,1
3161.641178,44,74,0.84,30,0.028,1
3161.605757,45,64,0.61,19,0.032105263,1
3161.503239,45,62,0.55,17,0.032352941,1
3161.295208,53,89,0.95,36,0.026388889,1
3160.9908,57,85,0.72,28,0.025714286,1
3160.78813,59,81,0.6,22,0.027272727,1
3160.78813,58,82,0.65,24,0.027083333,1
3160.721169,53,85,0.96,32,0.03,1
3160.420246,54,79,0.79,25,0.0316,1
3160.23304,57,84,0.73,27,0.027037037,1
3160.071811,63,69,0.19,6,0.031666667,1
3160.071811,60,72,0.38,12,0.031666667,1
3160.071811,56,77,0.66,21,0.031428571,1
3160.009578,55,77,0.72,22,0.032727273,1
3159.400264,63,76,0.36,13,0.027692308,1
3158.992734,53,88,0.93,35,0.026571429,1
3158.992734,53,89,0.94,36,0.026111111,1
3158.818923,47,62,0.47,15,0.031333333,1
3158.022795,57,74,0.55,17,0.032352941,1
3157.872376,46,48,0.07,2,0.035,1
3157.872376,45,49,0.14,4,0.035,1
3157.509735,48,66,0.55,18,0.030555556,1
3157.143519,42,77,0.96,35,0.027428571,1
3157.11152,43,72,0.73,29,0.025172414,1
3156.855754,43,76,0.8,33,0.024242424,1
3156.834072,42,79,0.98,37,0.026486486,1
3156.548866,43,68,0.84,25,0.0336,1
3156.499653,64,68,0.13,4,0.0325,1
3156.499653,62,70,0.26,8,0.0325,1
3156.30743,54,87,0.95,33,0.028787879,1
3155.963661,52,82,0.94,30,0.031333333,1
3155.700812,51,81,0.98,30,0.032666667,1
3155.619335,35,56,0.73,21,0.034761905,1
3154.755428,58,79,0.63,21,0.03,1
3154.422864,42,73,0.82,31,0.026451613,1
3154.374747,43,74,0.89,31,0.028709677,1
3154.340669,59,80,0.58,21,0.027619048,1
3154.340669,56,84,0.76,28,0.027142857,1
3154.282995,60,79,0.56,19,0.029473684,1
3154.282995,59,80,0.62,21,0.02952381,1
3154.282995,58,81,0.68,23,0.029565217,1
3153.81773,54,87,0.92,33,0.027878788,1
3153.81773,53,88,0.98,35,0.028,1
3153.581254,50,61,0.34,11,0.030909091,1
3153.024822,57,84,0.72,27,0.026666667,1
3152.955548,61,78,0.47,17,0.027647059,1
3152.322991,44,67,0.65,23,0.02826087,1
3152.155801,36,63,0.94,27,0.034814815,1
3152.082888,43,72,0.9,29,0.031034483,1
3151.926344,54,88,0.89,34,0.026176471,1
3151.343633,63,76,0.38,13,0.029230769,1
3151.343633,62,77,0.44,15,0.029333333,1
3151.343633,61,78,0.5,17,0.029411765,1
3151.039538,50,80,0.64,30,0.021333333,1
3150.954682,53,86,0.95,33,0.028787879,1
3150.739127,41,53,0.43,12,0.035833333,1
3150.715762,50,76,0.9,26,0.034615385,1
3150.7069,53,88,0.99,35,0.028285714,1
3150.510332,53,60,0.19,7,0.027142857,1
3149.885738,61,79,0.5,18,0.027777778,1
3149.743329,54,78,0.78,24,0.0325,1
3149.738335,46,71,0.66,25,0.0264,1
3149.247388,52,57,0.16,5,0.032,1
3148.935049,41,78,0.9,37,0.024324324,1
3148.762215,55,85,0.85,30,0.028333333,1
3148.294691,42,76,0.83,34,0.024411765,1
3148.183599,62,78,0.44,16,0.0275,1
3147.973545,36,97,0.14,61,0.002295082,1
3147.332647,52,91,0.99,39,0.025384615,1
3147.031352,48,66,0.56,18,0.031111111,1
3146.634677,57,80,0.67,23,0.029130435,1
3146.634677,55,83,0.81,28,0.028928571,1
3146.586897,52,86,0.99,34,0.029117647,1
3146.279705,44,50,0.22,6,0.036666667,1
3146.154807,50,74,0.82,24,0.034166667,1
3146.106403,48,64,0.51,16,0.031875,1
3145.524635,35,53,0.67,18,0.037222222,1
3145.496406,55,86,0.82,31,0.026451613,1
3145.109627,45,68,0.62,23,0.026956522,1
3144.996631,58,72,0.3,14,0.021428571,1
3144.492306,51,72,0.49,21,0.023333333,1
3144.105966,47,69,0.63,22,0.028636364,1
3143.425679,60,70,0.34,10,0.034,1
3143.262168,43,68,0.79,25,0.0316,1
3143.212143,48,69,0.55,21,0.026190476,1
3143.133384,52,71,0.44,19,0.023157895,1
3142.704017,51,64,0.39,13,0.03,1
3142.461626,66,73,0.2,7,0.028571429,1
3142.371277,46,72,0.72,26,0.027692308,1
3142.371277,45,73,0.78,28,0.027857143,1
3142.317521,53,69,0.38,16,0.02375,1
3142.185955,52,76,0.53,24,0.022083333,1
3142.148728,55,75,0.67,20,0.0335,1
3141.938863,53,89,0.93,36,0.025833333,1
3140.758454,52,56,0.13,4,0.0325,1
3140.292096,52,64,0.32,12,0.026666667,1
3140.268919,41,72,0.84,31,0.027096774,1
3140.268919,40,74,0.91,34,0.026764706,1
3140.096348,53,87,0.97,34,0.028529412,1
3140.009444,37,62,0.86,25,0.0344,1
3139.626183,47,67,0.54,20,0.027,1
3139.390826,51,79,0.6,28,0.021428571,1
3139.289925,56,78,0.68,22,0.030909091,1
3139.284527,51,80,0.62,29,0.02137931,1
3139.083996,44,69,0.68,25,0.0272,1
3138.493469,42,71,0.89,29,0.030689655,1
3138.473676,51,76,0.85,25,0.034,1
3138.083757,36,59,0.72,23,0.031304348,1
3137.287137,55,86,0.86,31,0.027741935,1
3136.900989,58,65,0.24,7,0.034285714,1
3136.625765,52,72,0.68,20,0.034,1
3136.625765,51,73,0.75,22,0.034090909,1
3136.53436,33,60,0.91,27,0.033703704,1
3136.445998,57,70,0.44,13,0.033846154,1
3136.373976,57,83,0.76,26,0.029230769,1
3136.373976,56,84,0.82,28,0.029285714,1
3136.060636,60,74,0.43,14,0.030714286,1
3135.659437,45,50,0.17,5,0.034,1
3135.126376,64,73,0.26,9,0.028888889,1
3135.126376,57,81,0.69,24,0.02875,1
3135.126376,56,82,0.75,26,0.028846154,1
3134.703358,38,51,0.46,13,0.035384615,1
3134.622138,39,55,0.58,16,0.03625,1
3134.495144,57,76,0.6,19,0.031578947,1
3134.485726,52,85,0.98,33,0.02969697,1
3134.235268,33,58,0.88,25,0.0352,1
3133.832211,52,87,0.91,35,0.026,1
3133.701141,43,73,0.91,30,0.030333333,1
3133.023177,33,65,0.9,32,0.028125,1
3132.939702,53,80,0.86,27,0.031851852,1
3132.558824,53,85,0.94,32,0.029375,1
3132.182278,48,57,0.24,9,0.026666667,1
3131.637347,57,77,0.62,20,0.031,1
3131.637347,57,78,0.64,21,0.03047619,1
3131.634602,44,65,0.68,21,0.032380952,1
3131.613696,57,69,0.41,12,0.034166667,1
3131.463514,46,70,0.64,24,0.026666667,1
3131.22824,56,84,0.83,28,0.029642857,1
3130.878165,47,62,0.42,15,0.028,1
3130.645159,65,75,0.27,10,0.027,1
3130.300876,47,65,0.5,18,0.027777778,1
3130.183438,40,75,0.94,35,0.026857143,1
3129.933461,35,61,0.8,26,0.030769231,1
3129.884571,48,83,0.75,35,0.021428571,1
3129.86316,51,77,0.57,26,0.021923077,1
3129.681061,60,80,0.54,20,0.027,1
3129.657028,51,65,0.35,14,0.025,1
3129.515176,48,59,0.36,11,0.032727273,1
3129.383666,57,72,0.33,15,0.022,1
3129.326396,41,73,0.82,32,0.025625,1
3129.022498,34,56,0.78,22,0.035454545,1
3128.819565,58,79,0.61,21,0.029047619,1
3127.969382,39,68,0.96,29,0.033103448,1
3127.312895,56,87,0.78,31,0.02516129,1
3127.312895,53,91,0.95,38,0.025,1
3127.159062,44,68,0.78,24,0.0325,1
3127.144799,45,74,0.76,29,0.026206897,1
3126.794798,52,78,0.57,26,0.021923077,1
3126.776651,42,53,0.4,11,0.036363636,1
3126.290411,42,72,0.93,30,0.031,1
3125.989185,47,61,0.45,14,0.032142857,1
3125.785807,46,57,0.34,11,0.030909091,1
3125.702712,49,86,0.75,37,0.02027027,1
3125.676932,49,65,0.41,16,0.025625,1
3125.629978,43,66,0.75,23,0.032608696,1
3125.566008,36,62,0.95,26,0.036538462,1
3125.493891,55,82,0.79,27,0.029259259,1
3125.490619,61,66,0.17,5,0.034,1
3125.324058,31,63,0.99,32,0.0309375,1
3125.167943,39,56,0.62,17,0.036470588,1
3124.205676,44,67,0.78,23,0.033913043,1
3123.885542,46,68,0.56,22,0.025454545,1
3123.852421,54,90,0.9,36,0.025,1
3123.644647,46,62,0.51,16,0.031875,1
3123.576627,47,70,0.64,23,0.027826087,1
3123.535397,59,71,0.41,12,0.034166667,1
3123.5248,52,58,0.14,6,0.023333333,1
3123.389764,54,87,0.93,33,0.028181818,1
3123.308452,40,55,0.55,15,0.036666667,1
3123.230566,50,85,0.71,35,0.020285714,1
3123.141724,44,71,0.83,27,0.030740741,1
3123.103833,46,68,0.69,22,0.031363636,1
3123.068084,52,80,0.91,28,0.0325,1
3122.847358,43,64,0.68,21,0.032380952,1
3122.738382,48,68,0.53,20,0.0265,1
3121.988486,54,88,0.9,34,0.026470588,1
3121.882795,55,68,0.45,13,0.034615385,1
3121.882795,54,69,0.52,15,0.034666667,1
3121.882795,53,70,0.59,17,0.034705882,1
3121.431163,55,74,0.42,19,0.022105263,1
3121.428262,37,63,0.9,26,0.034615385,1
3121.36477,46,86,0.85,40,0.02125,1
3121.033711,59,81,0.63,22,0.028636364,1
3120.921734,49,61,0.35,12,0.029166667,1
3120.860103,41,47,0.22,6,0.036666667,1
3120.759864,49,82,0.7,33,0.021212121,1
3120.752089,48,67,0.58,19,0.030526316,1
3120.497911,39,57,0.65,18,0.036111111,1
3120.346385,36,50,0.53,14,0.037857143,1
3119.858216,42,73,0.77,31,0.02483871,1
3119.383274,57,74,0.51,17,0.03,1
3119.210789,52,71,0.66,19,0.034736842,1
3119.210789,51,72,0.73,21,0.034761905,1
3118.624421,36,56,0.68,20,0.034,1
3118.417241,58,84,0.67,26,0.025769231,1
3118.160111,43,48,0.17,5,0.034,1
3117.858013,49,68,0.48,19,0.025263158,1
3117.729658,50,82,0.67,32,0.0209375,1
3117.194067,64,67,0.1,3,0.033333333,1
3117.194067,61,70,0.3,9,0.033333333,1
3117.194067,58,73,0.5,15,0.033333333,1
3117.143131,56,90,0.83,34,0.024411765,1
3116.763443,49,64,0.41,15,0.027333333,1
3116.306044,38,60,0.78,22,0.035454545,1
3115.961379,39,74,0.95,35,0.027142857,1
3115.816323,59,64,0.17,5,0.034,1
3115.333103,53,62,0.27,9,0.03,1
3115.323681,48,62,0.33,14,0.023571429,1
3115.182698,62,71,0.28,9,0.031111111,1
3115.182698,59,74,0.47,15,0.031333333,1
3114.573327,38,50,0.44,12,0.036666667,1
3114.286974,39,55,0.5,16,0.03125,1
3113.603195,37,61,0.86,24,0.035833333,1
3113.572301,34,54,0.74,20,0.037,1
3113.477294,55,84,0.83,29,0.02862069,1
3113.477294,54,85,0.89,31,0.028709677,1
3113.270686,55,87,0.85,32,0.0265625,1
3113.038487,49,61,0.28,12,0.023333333,1
3112.956591,44,50,0.21,6,0.035,1
3112.943089,42,77,0.97,35,0.027714286,1
3112.810584,44,60,0.49,16,0.030625,1
3112.808357,33,55,0.82,22,0.037272727,1
3112.763613,57,71,0.31,14,0.022142857,1
3112.581934,51,59,0.25,8,0.03125,1
3112.538995,43,75,0.94,32,0.029375,1
3112.359975,44,73,0.86,29,0.029655172,1
3112.359975,44,74,0.88,30,0.029333333,1
3112.13629,56,81,0.73,25,0.0292,1
3112.104996,41,55,0.5,14,0.035714286,1
3112.008317,42,72,0.81,30,0.027,1
3111.840113,37,55,0.61,18,0.033888889,1
3111.802189,42,72,0.96,30,0.032,1
3111.26121,46,64,0.57,18,0.031666667,1
3111.131115,55,79,0.75,24,0.03125,1
3111.074517,61,81,0.51,20,0.0255,1
3111.062851,40,72,0.89,32,0.0278125,1
3110.899983,50,62,0.38,12,0.031666667,1
3110.278181,41,69,0.89,28,0.031785714,1
3110.256862,36,52,0.59,16,0.036875,1
3110.24809,57,86,0.73,29,0.025172414,1
3110.112342,56,74,0.37,18,0.020555556,1
3109.899421,42,75,0.97,33,0.029393939,1
3109.885868,47,64,0.49,17,0.028823529,1
3109.823327,42,52,0.37,10,0.037,1
3109.76084,57,66,0.31,9,0.034444444,1
3109.748584,53,89,0.97,36,0.026944444,1
3109.294218,41,67,0.85,26,0.032692308,1
3109.039207,54,83,0.85,29,0.029310345,1
3108.875668,53,90,0.95,37,0.025675676,1
3108.814185,43,71,0.89,28,0.031785714,1
3108.659951,59,84,0.63,25,0.0252,1
3108.659951,57,87,0.75,30,0.025,1
3108.382442,60,80,0.55,20,0.0275,1
3108.382442,56,85,0.79,29,0.027241379,1
3108.382442,55,86,0.85,31,0.027419355,1
3108.362228,35,54,0.68,19,0.035789474,1
3107.744783,48,62,0.44,14,0.031428571,1
3107.430044,43,73,0.92,30,0.030666667,1
3107.212688,54,84,0.87,30,0.029,1
3107.165487,53,85,0.93,32,0.0290625,1
3107.141415,55,85,0.89,30,0.029666667,1
3107.119031,40,77,0.93,37,0.025135135,1
3106.291445,66,72,0.17,6,0.028333333,1
3106.291445,63,75,0.34,12,0.028333333,1
3106.291445,60,78,0.51,18,0.028333333,1
3105.983773,46,61,0.39,15,0.026,1
3105.835214,42,70,0.77,28,0.0275,1
3105.424083,34,58,0.82,24,0.034166667,1
3105.217804,50,57,0.23,7,0.032857143,1
3104.895261,45,70,0.77,25,0.0308,1
3104.311151,54,86,0.91,32,0.0284375,1
3104.273172,56,72,0.57,16,0.035625,1
3103.618152,61,80,0.5,19,0.026315789,1
3103.618152,57,85,0.73,28,0.026071429,1
3103.374919,52,88,0.92,36,0.025555556,1
3103.216602,55,75,0.43,20,0.0215,1
3103.0068,34,57,0.81,23,0.035217391,1
3102.815116,49,59,0.32,10,0.032,1
3102.528105,42,77,0.85,35,0.024285714,1
3102.450321,41,71,0.83,30,0.027666667,1
3102.400229,40,76,0.92,36,0.025555556,1
3102.147071,40,58,0.63,18,0.035,1
3102.147071,39,59,0.7,20,0.035,1
3101.795297,47,84,0.79,37,0.021351351,1
3101.795136,51,89,0.98,38,0.025789474,1
3101.628273,46,73,0.65,27,0.024074074,1
3100.207579,41,67,0.84,26,0.032307692,1
3100.206409,45,72,0.71,27,0.026296296,1
3099.927704,49,84,0.73,35,0.020857143,1
3099.913125,40,71,0.98,31,0.031612903,1
3099.645346,43,63,0.67,20,0.0335,1
3099.596022,51,79,0.96,28,0.034285714,1
3099.503753,48,82,0.73,34,0.021470588,1
3099.39607,62,76,0.4,14,0.028571429,1
3099.39607,59,79,0.57,20,0.0285,1
3099.39607,58,80,0.63,22,0.028636364,1
3099.39607,58,81,0.65,23,0.02826087,1
3099.39607,57,82,0.71,25,0.0284,1
3099.39607,56,83,0.77,27,0.028518519,1
3099.044567,68,72,0.11,4,0.0275,1
3099.044567,66,74,0.22,8,0.0275,1
3098.921227,53,88,0.94,35,0.026857143,1
3098.675631,44,51,0.25,7,0.035714286,1
3098.620564,40,53,0.41,13,0.031538462,1
3098.380242,46,70,0.63,24,0.02625,1
3097.8082,53,76,0.8,23,0.034782609,1
3097.621136,45,74,0.7,29,0.024137931,1
3097.5125,52,86,0.98,34,0.028823529,1
3097.447418,42,76,0.94,34,0.027647059,1
3097.358457,43,68,0.78,25,0.0312,1
3097.341993,56,85,0.81,29,0.027931034,1
3096.760955,55,89,0.85,34,0.025,1
3096.592121,50,65,0.45,15,0.03,1
3096.431448,55,83,0.8,28,0.028571429,1
3096.431448,53,86,0.94,33,0.028484848,1
3096.411029,62,80,0.46,18,0.025555556,1
3096.190399,38,56,0.57,18,0.031666667,1
3095.879315,42,73,0.97,31,0.031290323,1
3095.78476,33,61,0.93,28,0.033214286,1
3095.673282,53,84,0.92,31,0.029677419,1
3095.355494,62,66,0.09,4,0.0225,1
3095.355494,60,68,0.18,8,0.0225,1
3094.753191,57,86,0.74,29,0.025517241,1
3094.612947,55,87,0.83,32,0.0259375,1
3094.609275,50,83,0.69,33,0.020909091,1
3094.321654,54,89,0.9,35,0.025714286,1
3094.189343,41,66,0.82,25,0.0328,1
3094.110774,36,63,0.95,27,0.035185185,1
3093.997895,49,87,0.77,38,0.020263158,1
3093.886027,48,85,0.77,37,0.020810811,1
3093.704323,48,83,0.74,35,0.021142857,1
3093.064706,49,81,0.7,32,0.021875,1
3092.907229,49,78,0.99,29,0.034137931,1
3092.846888,57,81,0.7,24,0.029166667,1
3092.846888,56,82,0.76,26,0.029230769,1
3092.846888,55,83,0.82,28,0.029285714,1
3092.583995,58,85,0.69,27,0.025555556,1
3092.557709,52,78,0.56,26,0.021538462,1
3092.046441,58,69,0.38,11,0.034545455,1
3091.687009,36,64,0.99,28,0.035357143,1
3091.512097,47,72,0.6,25,0.024,1
3091.37145,59,83,0.62,24,0.025833333,1
3091.042473,52,85,0.97,33,0.029393939,1
3090.96057,56,86,0.79,30,0.026333333,1
3090.96057,55,88,0.85,33,0.025757576,1
3090.96057,54,89,0.91,35,0.026,1
3090.713464,54,87,0.96,33,0.029090909,1
3090.263988,43,70,0.74,27,0.027407407,1
3090.212201,54,88,0.91,34,0.026764706,1
3089.802755,52,89,0.99,37,0.026756757,1
3089.688658,39,60,0.73,21,0.034761905,1
3088.959952,41,68,0.87,27,0.032222222,1
3088.239851,44,71,0.84,27,0.031111111,1
3088.148733,42,65,0.75,23,0.032608696,1
3087.922549,44,64,0.66,20,0.033,1
3087.622185,38,61,0.8,23,0.034782609,1
3087.42185,39,58,0.67,19,0.035263158,1
3087.023018,66,77,0.29,11,0.026363636,1
3086.949182,51,84,0.67,33,0.02030303,1
3086.595105,42,71,0.93,29,0.032068966,1
3086.213878,56,67,0.38,11,0.034545455,1
3086.197744,54,88,0.96,34,0.028235294,1
3085.959563,56,72,0.56,16,0.035,1
3085.392949,42,78,0.97,36,0.026944444,1
3085.329808,49,58,0.29,9,0.032222222,1
3084.999591,54,83,0.86,29,0.029655172,1
3084.892537,65,77,0.32,12,0.026666667,1
3084.70534,47,71,0.62,24,0.025833333,1
3084.428865,50,56,0.15,6,0.025,1
3084.202195,51,63,0.34,12,0.028333333,1
3084.099621,36,57,0.7,21,0.033333333,1
3083.964901,59,68,0.31,9,0.034444444,1
3083.270947,58,85,0.68,27,0.025185185,1
3083.230636,45,63,0.58,18,0.032222222,1
3083.194202,54,85,0.88,31,0.028387097,1
3083.180345,60,83,0.58,23,0.025217391,1
3082.79275,58,70,0.27,12,0.0225,1
3082.673913,40,68,0.92,28,0.032857143,1
3082.518115,44,73,0.83,29,0.02862069,1
3082.321731,40,55,0.56,15,0.037333333,1
3082.130122,59,80,0.59,21,0.028095238,1
3082.048773,50,86,0.72,36,0.02,1
3081.96408,53,90,0.94,37,0.025405405,1
3081.7784,48,83,0.76,35,0.021714286,1
3081.354887,50,74,0.83,24,0.034583333,1
3081.354887,49,75,0.9,26,0.034615385,1
3081.230122,43,71,0.75,28,0.026785714,1
3081.019007,63,79,0.41,16,0.025625,1
3080.953034,56,66,0.35,10,0.035,1
3080.909619,45,68,0.74,23,0.032173913,1
3080.791528,42,72,0.97,30,0.032333333,1
3080.548873,54,86,0.87,32,0.0271875,1
3080.292619,36,55,0.88,19,0.046315789,1
3080.264776,54,85,0.87,31,0.028064516,1
3080.264776,53,86,0.93,33,0.028181818,1
3080.170155,41,72,0.94,31,0.030322581,1
3080.109929,62,81,0.48,19,0.025263158,1
3080.109929,59,85,0.65,26,0.025,1
3079.963433,46,71,0.7,25,0.028,1
3079.962538,56,72,0.36,16,0.0225,1
3079.721282,40,69,0.94,29,0.032413793,1
3079.692162,55,76,0.69,21,0.032857143,1
3079.569332,54,83,0.87,29,0.03,1
3079.565346,60,67,0.24,7,0.034285714,1
3079.565346,53,75,0.75,22,0.034090909,1
3079.11974,44,67,0.71,23,0.030869565,1
3079.083317,54,93,0.95,39,0.024358974,1
3078.987571,48,76,0.97,28,0.034642857,1
3078.97442,53,91,0.94,38,0.024736842,1
3078.931756,49,82,0.72,33,0.021818182,1
3078.139097,41,75,0.86,34,0.025294118,1
3077.653215,44,65,0.67,21,0.031904762,1
3077.504314,53,61,0.25,8,0.03125,1
3077.367689,41,57,0.56,16,0.035,1
3076.696725,64,77,0.34,13,0.026153846,1
3076.696725,60,82,0.57,22,0.025909091,1
3076.684382,55,61,0.16,6,0.026666667,1
3076.130933,43,77,0.81,34,0.023823529,1
3076.003695,64,78,0.36,14,0.025714286,1
3075.964544,56,86,0.77,30,0.025666667,1
3075.824656,37,56,0.64,19,0.033684211,1
3075.770225,41,71,0.86,30,0.028666667,1
3075.674952,55,88,0.84,33,0.025454545,1
3075.423976,34,99,0.16,65,0.002461538,1
3075.168842,42,66,0.77,24,0.032083333,1
3074.864014,50,56,0.2,6,0.033333333,1
3074.839686,41,54,0.48,13,0.036923077,1
3074.573915,56,83,0.78,27,0.028888889,1
3074.573915,55,84,0.84,29,0.028965517,1
3074.573915,54,85,0.9,31,0.029032258,1
3074.303368,40,70,0.95,30,0.031666667,1
3074.254853,68,74,0.16,6,0.026666667,1
3074.254853,67,74,0.19,7,0.027142857,1
3074.201608,39,60,0.72,21,0.034285714,1
3074.177215,48,84,0.75,36,0.020833333,1
3074.162754,41,70,0.92,29,0.031724138,1
3073.775845,40,77,0.96,37,0.025945946,1
3073.684177,58,79,0.62,21,0.02952381,1
3073.684177,57,80,0.68,23,0.029565217,1
3073.684177,56,81,0.74,25,0.0296,1
3073.594914,69,74,0.13,5,0.026,1
3073.55523,52,74,0.76,22,0.034545455,1
3073.55523,51,75,0.83,24,0.034583333,1
3073.49456,53,87,0.98,34,0.028823529,1
3073.447721,53,79,0.85,26,0.032692308,1
3073.375246,54,84,0.88,30,0.029333333,1
3073.375246,53,86,0.96,33,0.029090909,1
3073.360059,46,62,0.52,16,0.0325,1
3073.199944,40,67,0.89,27,0.032962963,1
3072.900837,49,59,0.29,10,0.029,1
3072.751325,59,68,0.32,9,0.035555556,1
3072.409926,36,97,0.13,61,0.002131148,1
3072.282263,55,68,0.3,13,0.023076923,1
3072.128454,55,73,0.64,18,0.035555556,1
3071.944267,55,82,0.8,27,0.02962963,1
3071.50072,45,63,0.59,18,0.032777778,1
3071.386503,34,64,0.84,30,0.028,1
3070.948612,39,74,0.96,35,0.027428571,1
3070.881662,51,81,0.63,30,0.021,1
3070.329479,42,69,0.91,27,0.033703704,1
3070.328324,57,84,0.74,27,0.027407407,1
3070.328324,56,85,0.8,29,0.027586207,1
3070.094653,56,88,0.8,32,0.025,1
3069.393146,39,56,0.63,17,0.037058824,1
3069.276553,52,60,0.22,8,0.0275,1
3069.220845,53,89,0.96,36,0.026666667,1
3069.085566,49,57,0.27,8,0.03375,1
3069.072512,51,64,0.35,13,0.026923077,1
3069.017333,43,62,0.66,19,0.034736842,1
3068.936973,41,74,0.85,33,0.025757576,1
3068.786747,54,89,0.89,35,0.025428571,1
3068.746492,55,86,0.87,31,0.028064516,1
3068.705125,41,69,0.87,28,0.031071429,1
3068.49781,53,91,0.96,38,0.025263158,1
3067.982438,53,87,0.93,34,0.027352941,1
3067.763897,57,83,0.72,26,0.027692308,1
3067.751614,47,66,0.61,19,0.032105263,1
3067.68667,40,70,0.94,30,0.031333333,1
3067.429019,42,66,0.78,24,0.0325,1
3067.127832,43,69,0.71,26,0.027307692,1
3066.807378,56,88,0.81,32,0.0253125,1
3066.551295,50,66,0.4,16,0.025,1
3066.34207,49,83,0.71,34,0.020882353,1
3066.197494,47,57,0.27,10,0.027,1
3066.100957,40,71,0.97,31,0.031290323,1
3066.057392,49,62,0.37,13,0.028461538,1
3066.044456,37,59,0.81,22,0.036818182,1
3066.015689,60,79,0.53,19,0.027894737,1
3066.015689,56,83,0.76,27,0.028148148,1
3066.015689,56,84,0.78,28,0.027857143,1
3065.871039,44,62,0.6,18,0.033333333,1
3065.826915,55,60,0.14,5,0.028,1
3065.746493,57,81,0.68,24,0.028333333,1
3065.746493,57,82,0.7,25,0.028,1
3065.746493,54,86,0.89,32,0.0278125,1
3065.746493,53,87,0.95,34,0.027941176,1
3065.746493,53,88,0.97,35,0.027714286,1
3064.989924,37,52,0.53,15,0.035333333,1
3064.909952,56,87,0.79,31,0.025483871,1
3064.883253,53,75,0.48,22,0.021818182,1
3064.659868,50,61,0.25,11,0.022727273,1
3064.241317,49,56,0.23,7,0.032857143,1
3064.145509,61,81,0.52,20,0.026,1
3064.145509,59,83,0.63,24,0.02625,1
3064.145509,58,84,0.68,26,0.026153846,1
3064.145509,57,86,0.75,29,0.025862069,1
3064.145509,56,87,0.8,31,0.025806452,1
3064.145509,56,87,0.81,31,0.026129032,1
3064.145509,55,88,0.86,33,0.026060606,1
3064.145509,54,90,0.92,36,0.025555556,1
3064.030043,67,74,0.2,7,0.028571429,1
3063.942071,55,89,0.86,34,0.025294118,1
3063.724162,58,84,0.69,26,0.026538462,1
3063.700311,42,75,0.98,33,0.02969697,1
3063.51029,53,89,0.99,36,0.0275,1
3063.330938,42,54,0.43,12,0.035833333,1
3063.08435,60,67,0.25,7,0.035714286,1
3062.70739,42,70,0.95,28,0.033928571,1
3062.497338,35,59,0.79,24,0.032916667,1
3062.466861,52,54,0.05,2,0.025,1
3062.466861,51,55,0.1,4,0.025,1
3062.466514,53,85,0.92,32,0.02875,1
3062.333069,53,92,0.97,39,0.024871795,1
3062.307014,61,80,0.51,19,0.026842105,1
3062.307014,59,82,0.62,23,0.026956522,1
3062.221623,54,73,0.42,19,0.022105263,1
3061.643673,39,55,0.61,16,0.038125,1
3061.546876,40,69,0.93,29,0.032068966,1
3061.32835,54,60,0.17,6,0.028333333,1
3061.113383,56,85,0.78,29,0.026896552,1
3061.113383,55,86,0.84,31,0.027096774,1
3060.777452,40,77,0.92,37,0.024864865,1
3060.600601,43,70,0.88,27,0.032592593,1
3060.399793,44,53,0.32,9,0.035555556,1
3060.151413,38,59,0.75,21,0.035714286,1
3059.836304,37,59,0.79,22,0.035909091,1
3059.602853,54,69,0.51,15,0.034,1
3059.602853,53,70,0.58,17,0.034117647,1
3059.20693,55,84,0.82,29,0.028275862,1
3059.20693,55,85,0.84,30,0.028,1
3059.20693,54,86,0.9,32,0.028125,1
3059.20693,53,87,0.96,34,0.028235294,1
3059.20394,60,82,0.63,22,0.028636364,1
3058.938313,56,82,0.74,26,0.028461538,1
3058.728659,44,74,0.89,30,0.029666667,1
3058.658315,47,55,0.25,8,0.03125,1
3058.501206,58,86,0.7,28,0.025,1
3058.460683,54,89,0.88,35,0.025142857,1
3058.306718,53,91,0.97,38,0.025526316,1
3058.154986,53,78,0.75,25,0.03,1
3057.946034,54,74,0.71,20,0.0355,1
3057.544382,46,67,0.67,21,0.031904762,1
3057.439408,35,55,0.71,20,0.0355,1
3057.158989,56,71,0.52,15,0.034666667,1
3057.047439,46,71,0.74,25,0.0296,1
3057.019231,55,86,0.89,31,0.028709677,1
3056.362031,56,70,0.48,14,0.034285714,1
3056.306949,42,55,0.46,13,0.035384615,1
3056.211946,37,54,0.79,17,0.046470588,1
3056.121488,65,76,0.29,11,0.026363636,1
3056.121488,62,79,0.45,17,0.026470588,1
3056.121488,60,81,0.56,21,0.026666667,1
3056.121488,60,82,0.58,22,0.026363636,1
3056.121488,57,85,0.74,28,0.026428571,1
3056.10126,52,76,0.81,24,0.03375,1
3055.841235,49,66,0.43,17,0.025294118,1
3055.816577,34,60,0.87,26,0.033461538,1
3055.752241,49,82,0.71,33,0.021515152,1
3055.387493,50,79,0.64,29,0.022068966,1
3054.970078,64,77,0.37,13,0.028461538,1
3054.863006,57,83,0.71,26,0.027307692,1
3054.863006,55,85,0.82,30,0.027333333,1
3054.863006,54,87,0.89,33,0.026969697,1
3054.84437,40,57,0.6,17,0.035294118,1
3054.745466,55,82,0.81,27,0.03,1
3054.739713,43,68,0.85,25,0.034,1
3054.739713,42,69,0.92,27,0.034074074,1
3054.707745,63,78,0.4,15,0.026666667,1
3054.574738,59,65,0.2,6,0.033333333,1
3054.497545,43,76,0.91,33,0.027575758,1
3054.306175,48,69,0.59,21,0.028095238,1
3054.306175,47,70,0.65,23,0.02826087,1
3054.284242,57,71,0.5,14,0.035714286,1
3054.263619,54,83,0.77,29,0.026551724,1
3053.972646,40,65,0.87,25,0.0348,1
3053.921059,33,59,0.9,26,0.034615385,1
3053.910076,58,63,0.12,5,0.024,1
3053.75068,38,61,0.82,23,0.035652174,1
3053.667871,42,66,0.76,24,0.031666667,1
3053.500188,39,79,0.98,40,0.0245,1
3053.485926,55,91,0.9,36,0.025,1
3053.369149,38,58,0.73,20,0.0365,1
3053.036994,57,70,0.45,13,0.034615385,1
3052.889928,51,57,0.17,6,0.028333333,1
3052.573444,42,77,0.98,35,0.028,1
3052.482886,44,76,0.76,32,0.02375,1
3052.154554,60,89,0.61,29,0.021034483,1
3052.079537,56,85,0.82,29,0.028275862,1
3051.737297,45,67,0.63,22,0.028636364,1
3051.638062,42,71,0.94,29,0.032413793,1
3051.04838,59,84,0.64,25,0.0256,1
3051.04838,55,89,0.87,34,0.025588235,1
3050.892011,44,70,0.66,26,0.025384615,1
3050.891482,65,78,0.34,13,0.026153846,1
3050.720086,55,71,0.55,16,0.034375,1
3050.720086,54,72,0.62,18,0.034444444,1
3050.409124,38,58,0.72,20,0.036,1
3050.265665,41,68,0.86,27,0.031851852,1
3050.127054,53,92,0.96,39,0.024615385,1
3049.972699,68,77,0.23,9,0.025555556,1
3049.958576,48,64,0.44,16,0.0275,1
3049.849246,52,77,0.87,25,0.0348,1
3049.849246,51,78,0.94,27,0.034814815,1
3049.596724,52,70,0.42,18,0.023333333,1
3049.463618,33,60,0.92,27,0.034074074,1
3049.384821,62,80,0.51,18,0.028333333,1
3049.384821,61,81,0.57,20,0.0285,1
3049.345299,44,73,0.87,29,0.03,1
3049.292616,50,53,0.1,3,0.033333333,1
3049.266413,63,78,0.43,15,0.028666667,1
3049.243441,54,91,0.92,37,0.024864865,1
3049.190524,54,69,0.35,15,0.023333333,1
3048.988343,54,90,0.91,36,0.025277778,1
3048.331807,54,75,0.46,21,0.021904762,1
3048.01911,40,70,0.93,30,0.031,1
3048.004134,61,66,0.18,5,0.036,1
3047.853255,42,49,0.24,7,0.034285714,1
3047.611707,43,51,0.3,8,0.0375,1
3047.553798,42,78,0.95,36,0.026388889,1
3047.444031,48,67,0.48,19,0.025263158,1
3047.31393,55,72,0.58,17,0.034117647,1
3047.259647,42,68,0.83,26,0.031923077,1
3046.578327,63,79,0.45,16,0.028125,1
3046.576957,39,56,0.64,17,0.037647059,1
3046.481122,37,63,0.89,26,0.034230769,1
3046.389134,49,67,0.45,18,0.025,1
3045.965712,54,93,0.96,39,0.024615385,1
3045.591112,41,68,0.85,27,0.031481481,1
3045.31836,66,80,0.35,14,0.025,1
3045.31836,65,81,0.4,16,0.025,1
3045.31836,64,82,0.45,18,0.025,1
3045.287161,51,65,0.37,14,0.026428571,1
3045.145304,48,82,0.74,34,0.021764706,1
3044.93896,37,61,0.87,24,0.03625,1
3044.860763,39,57,0.64,18,0.035555556,1
3044.830907,42,77,0.84,35,0.024,1
3044.743429,54,59,0.16,5,0.032,1
3044.569877,38,58,0.74,20,0.037,1
3044.322379,46,70,0.72,24,0.03,1
3044.077796,61,82,0.53,21,0.025238095,1
3043.696605,59,84,0.7,25,0.028,1
3043.65079,54,74,0.44,20,0.022,1
3043.062817,55,90,0.87,35,0.024857143,1
3042.916858,45,73,0.73,28,0.026071429,1
3042.317433,57,86,0.76,29,0.026206897,1
3042.255179,54,91,0.93,37,0.025135135,1
3041.71253,53,60,0.2,7,0.028571429,1
3041.60118,45,69,0.64,24,0.026666667,1
3041.58359,32,55,0.91,23,0.039565217,1
3041.39765,58,71,0.29,13,0.022307692,1
3041.354609,56,75,0.57,19,0.03,1
3041.354609,55,76,0.63,21,0.03,1
3041.354609,54,77,0.69,23,0.03,1
3041.164218,36,63,0.96,27,0.035555556,1
3041.118014,54,82,0.84,28,0.03,1
3041.118014,53,83,0.9,30,0.03,1
3041.118014,52,84,0.96,32,0.03,1
3041.064277,42,75,0.99,33,0.03,1
3040.256446,39,54,0.48,15,0.032,1
3040.0878,43,54,0.39,11,0.035454545,1
3039.630526,42,71,0.95,29,0.032758621,1
3039.561995,54,77,0.71,23,0.030869565,1
3039.52561,49,74,0.59,25,0.0236,1
3039.475211,53,89,0.98,36,0.027222222,1
3039.299755,43,66,0.73,23,0.03173913,1
3039.129978,65,75,0.29,10,0.029,1
3039.021572,37,62,0.9,25,0.036,1
3038.973345,44,76,0.77,32,0.0240625,1
3038.860707,53,85,0.84,32,0.02625,1
3038.312738,50,63,0.42,13,0.032307692,1
3038.032497,66,76,0.28,10,0.028,1
3037.953177,40,76,0.96,36,0.026666667,1
3037.943798,50,84,0.7,34,0.020588235,1
3037.776175,54,84,0.86,30,0.028666667,1
3037.497774,45,73,0.69,28,0.024642857,1
3037.408358,43,70,0.77,27,0.028518519,1
3037.370769,39,58,0.68,19,0.035789474,1
3037.21154,51,90,0.99,39,0.025384615,1
3037.08795,55,90,0.86,35,0.024571429,1
3037.08795,54,91,0.91,37,0.024594595,1
3037.070834,46,60,0.37,14,0.026428571,1
3036.85513,37,56,0.62,19,0.032631579,1
3036.668107,49,80,0.68,31,0.021935484,1
3036.590808,46,69,0.61,23,0.026521739,1
3036.495633,34,98,0.16,64,0.0025,1
3036.465381,52,61,0.29,9,0.032222222,1
3036.129031,43,63,0.68,20,0.034,1
3035.915605,34,98,0.17,64,0.00265625,1
3035.280603,43,74,0.94,31,0.030322581,1
3035.020852,39,66,0.94,27,0.034814815,1
3034.795992,39,51,0.42,12,0.035,1
3034.468727,52,78,0.89,26,0.034230769,1
3034.379795,48,67,0.51,19,0.026842105,1
3034.285262,49,65,0.45,16,0.028125,1
3034.258272,45,67,0.61,22,0.027727273,1
3034.073738,42,69,0.78,27,0.028888889,1
3034.024384,44,75,0.75,31,0.024193548,1
3034.021112,67,78,0.28,11,0.025454545,1
3034.014895,52,84,0.97,32,0.0303125,1
3033.818826,51,79,0.61,28,0.021785714,1
3033.447465,74,97,0.39,23,0.016956522,1
3033.431984,57,88,0.77,31,0.02483871,1
3033.413196,45,66,0.62,21,0.02952381,1
3033.294132,52,62,0.31,10,0.031,1
3033.032926,49,80,0.69,31,0.022258065,1
3032.717296,54,75,0.73,21,0.034761905,1
3032.612704,54,84,0.89,30,0.029666667,1
3032.612704,53,85,0.95,32,0.0296875,1
3032.612704,53,86,0.97,33,0.029393939,1
3032.553976,43,74,0.92,31,0.029677419,1
3032.423522,45,64,0.6,19,0.031578947,1
3031.956193,38,53,0.69,15,0.046,1
3031.134659,42,50,0.26,8,0.0325,1
3030.893779,48,62,0.41,14,0.029285714,1
3030.792129,42,68,0.82,26,0.031538462,1
3030.739652,39,51,0.56,12,0.046666667,1
3030.626539,55,81,0.78,26,0.03,1
3030.341953,42,72,0.95,30,0.031666667,1
3030.281502,54,92,0.94,38,0.024736842,1
3029.784613,45,49,0.15,4,0.0375,1
3029.665069,36,96,0.14,60,0.002333333,1
3029.444969,43,67,0.76,24,0.031666667,1
3029.194097,55,88,0.83,33,0.025151515,1
3029.1455,58,85,0.76,27,0.028148148,1
3029.1455,56,88,0.9,32,0.028125,1
3028.933328,42,67,0.78,25,0.0312,1
3028.629058,45,72,0.74,27,0.027407407,1
3028.376816,51,62,0.25,11,0.022727273,1
3028.079916,40,68,0.91,28,0.0325,1
3027.95947,51,77,0.93,26,0.035769231,1
3027.905957,58,86,0.71,28,0.025357143,1
3027.905957,57,87,0.76,30,0.025333333,1
3027.905957,56,89,0.83,33,0.025151515,1
3027.905957,55,90,0.88,35,0.025142857,1
3027.905957,54,92,0.95,38,0.025,1
3027.777774,42,74,0.98,32,0.030625,1
3027.776768,53,76,0.5,23,0.02173913,1
3027.494321,42,70,0.8,28,0.028571429,1
3027.457499,46,69,0.62,23,0.026956522,1
3027.438383,51,77,0.88,26,0.033846154,1
3027.438383,50,78,0.95,28,0.033928571,1
3026.875351,50,64,0.43,14,0.030714286,1
3026.59298,60,62,0.07,2,0.035,1
3026.59298,59,63,0.14,4,0.035,1
3026.59298,58,64,0.21,6,0.035,1
3026.59298,57,65,0.28,8,0.035,1
3026.486844,47,67,0.6,20,0.03,1
3025.874038,58,78,0.6,20,0.03,1
3025.874038,57,79,0.66,22,0.03,1
3025.685842,62,82,0.52,20,0.026,1
3025.421155,41,69,0.88,28,0.031428571,1
3025.323755,38,61,0.81,23,0.035217391,1
3024.898276,43,77,0.82,34,0.024117647,1
3024.503033,65,66,0.03,1,0.03,1
3024.503033,64,67,0.09,3,0.03,1
3024.503033,63,68,0.15,5,0.03,1
3024.503033,62,69,0.21,7,0.03,1
3024.488907,42,64,0.75,22,0.034090909,1
3024.480516,58,72,0.43,14,0.030714286,1
3024.480516,55,76,0.64,21,0.03047619,1
3024.439976,44,75,0.85,31,0.027419355,1
3024.384254,50,63,0.37,13,0.028461538,1
3024.344141,53,84,0.93,31,0.03,1
3024.344141,52,85,0.99,33,0.03,1
3024.335525,35,99,0.13,64,0.00203125,1
3024.258631,56,73,0.38,17,0.022352941,1
3024.093338,42,53,0.38,11,0.034545455,1
3023.852835,49,64,0.48,15,0.032,1
3023.791788,53,92,0.98,39,0.025128205,1
3023.777437,44,70,0.7,26,0.026923077,1
3023.586234,37,95,0.12,58,0.002068966,1
3023.460875,59,83,0.64,24,0.026666667,1
3023.336191,48,69,0.53,21,0.025238095,1
3023.298981,37,62,0.88,25,0.0352,1
3023.214947,53,90,0.97,37,0.026216216,1
3023.175967,43,68,0.77,25,0.0308,1
3023.147816,48,82,0.75,34,0.022058824,1
3022.87853,60,67,0.16,7,0.022857143,1
3022.805594,33,64,0.96,31,0.030967742,1
3022.628769,42,73,0.98,31,0.031612903,1
3022.53526,49,74,0.88,25,0.0352,1
3022.377517,76,95,0.32,19,0.016842105,1
3022.326694,47,59,0.39,12,0.0325,1
3022.043936,52,82,0.84,30,0.028,1
3022.043936,51,83,0.9,32,0.028125,1
3022.007141,45,66,0.58,21,0.027619048,1
3021.906165,52,87,0.99,35,0.028285714,1
3021.722476,44,71,0.72,27,0.026666667,1
3021.524683,54,78,0.74,24,0.030833333,1
3021.406544,39,69,0.97,30,0.032333333,1
3021.328354,46,64,0.5,18,0.027777778,1
3021.287928,62,79,0.49,17,0.028823529,1
3021.280563,50,78,0.96,28,0.034285714,1
3020.703111,57,70,0.29,13,0.022307692,1
3020.399795,41,65,0.82,24,0.034166667,1
3020.252663,36,96,0.15,60,0.0025,1
3020.191224,52,80,0.82,28,0.029285714,1
3020.17336,45,70,0.63,25,0.0252,1
3020.146742,43,73,0.75,30,0.025,1
3020.095109,48,76,0.98,28,0.035,1
3020.013175,32,67,0.97,35,0.027714286,1
3019.960305,38,52,0.66,14,0.047142857,1
3019.930766,41,75,0.87,34,0.025588235,1
3019.642087,43,52,0.33,9,0.036666667,1
3019.226291,45,71,0.78,26,0.03,1
3019.18871,44,67,0.77,23,0.033478261,1
3019.118464,48,86,0.79,38,0.020789474,1
3019.014242,53,62,0.26,9,0.028888889,1
3018.926475,53,87,0.94,34,0.027647059,1
3018.926475,52,88,0.99,36,0.0275,1
3018.831225,43,67,0.75,24,0.03125,1
3018.800791,50,86,0.73,36,0.020277778,1
3018.547285,39,69,0.98,30,0.032666667,1
3018.407597,47,67,0.51,20,0.0255,1
3018.395623,53,80,0.77,27,0.028518519,1
3018.395623,52,81,0.83,29,0.02862069,1
3018.314111,38,56,0.69,18,0.038333333,1
3018.149552,53,73,0.69,20,0.0345,1
3017.986635,44,62,0.61,18,0.033888889,1
3017.951177,53,75,0.78,22,0.035454545,1
3017.729531,50,73,0.54,23,0.023478261,1
3017.395527,52,63,0.33,11,0.03,1
3016.594867,37,59,0.8,22,0.036363636,1
3016.231459,43,64,0.69,21,0.032857143,1
3016.145634,36,63,0.98,27,0.036296296,1
3016.051671,40,68,0.9,28,0.032142857,1
3015.767369,40,50,0.35,10,0.035,1
3015.63854,54,91,0.94,37,0.025405405,1
3015.63854,53,92,0.99,39,0.025384615,1
3015.535656,35,98,0.15,63,0.002380952,1
3015.449306,34,61,0.88,27,0.032592593,1
3015.43506,48,68,0.5,20,0.025,1
3015.43506,46,71,0.62,25,0.0248,1
3015.43506,45,72,0.67,27,0.024814815,1
3015.219458,55,72,0.61,17,0.035882353,1
3015.072074,50,73,0.8,23,0.034782609,1
3015.060711,47,70,0.66,23,0.028695652,1
3014.461633,36,55,0.89,19,0.046842105,1
3014.262791,49,64,0.43,15,0.028666667,1
3013.925676,43,65,0.7,22,0.031818182,1
3013.896641,53,93,0.98,40,0.0245,1
3013.510044,41,72,0.86,31,0.027741935,1
3013.502243,42,69,0.83,27,0.030740741,1
3013.480771,41,70,0.9,29,0.031034483,1
3013.425674,43,77,0.89,34,0.026176471,1
3013.378185,51,77,0.89,26,0.034230769,1
3013.240977,38,59,0.77,21,0.036666667,1
3013.190826,38,59,0.76,21,0.036190476,1
3013.156178,54,73,0.65,19,0.034210526,1
3013.156178,53,74,0.72,21,0.034285714,1
3013.092805,58,83,0.68,25,0.0272,1
3013.092805,54,88,0.92,34,0.027058824,1
3012.913986,42,75,0.86,33,0.026060606,1
3012.898976,52,75,0.79,23,0.034347826,1
3012.898976,51,76,0.86,25,0.0344,1
3012.898976,50,77,0.93,27,0.034444444,1
3012.868379,42,78,0.87,36,0.024166667,1
3012.787682,56,80,0.64,24,0.026666667,1
3012.780883,56,71,0.54,15,0.036,1
3012.642406,46,63,0.48,17,0.028235294,1
3012.514008,42,79,0.87,37,0.023513514,1
3012.340544,62,80,0.47,18,0.026111111,1
3012.340544,60,83,0.59,23,0.025652174,1
3012.340544,58,85,0.7,27,0.025925926,1
3012.340544,57,87,0.77,30,0.025666667,1
3012.340544,56,88,0.82,32,0.025625,1
3012.340544,55,90,0.89,35,0.025428571,1
3012.267337,46,69,0.58,23,0.025217391,1
3012.244582,54,68,0.49,14,0.035,1
3012.173884,38,60,0.79,22,0.035909091,1
3012.156243,45,60,0.52,15,0.034666667,1
3012.038651,41,76,0.91,35,0.026,1
3011.998445,36,64,0.97,28,0.034642857,1
3011.707914,46,58,0.4,12,0.033333333,1
3011.616422,44,72,0.85,28,0.030357143,1
3010.83918,58,82,0.66,24,0.0275,1
3010.322752,41,71,0.93,30,0.031,1
3010.212462,59,71,0.37,12,0.030833333,1
3010.212462,56,75,0.58,19,0.030526316,1
3010.181792,55,84,0.81,29,0.027931034,1
3010.165961,51,88,0.97,37,0.026216216,1
3010.142209,36,61,0.92,25,0.0368,1
3010.099774,44,73,0.72,29,0.024827586,1
3010.027333,56,89,0.82,33,0.024848485,1
3009.908795,38,61,0.79,23,0.034347826,1
3009.799509,51,82,0.89,31,0.028709677,1
3009.799509,51,83,0.91,32,0.0284375,1
3009.799509,50,84,0.96,34,0.028235294,1
3009.799509,50,84,0.97,34,0.028529412,1
3009.491885,37,57,0.63,20,0.0315,1
3009.429653,44,64,0.63,20,0.0315,1
3009.30352,46,51,0.16,5,0.032,1
3009.301234,42,70,0.78,28,0.027857143,1
3009.251774,46,70,0.7,24,0.029166667,1
3009.035556,47,65,0.58,18,0.032222222,1
3008.858028,58,81,0.64,23,0.027826087,1
3008.704082,50,67,0.43,17,0.025294118,1
3008.247319,43,68,0.72,25,0.0288,1
3007.972797,61,82,0.59,21,0.028095238,1
3007.932288,44,68,0.66,24,0.0275,1
3007.698813,42,68,0.81,26,0.031153846,1
3007.62552,51,77,0.92,26,0.035384615,1
3007.311342,37,60,0.84,23,0.036521739,1
3007.080547,45,72,0.76,27,0.028148148,1
3007.080547,44,73,0.82,29,0.028275862,1
3007.045175,34,99,0.14,65,0.002153846,1
3006.697266,61,79,0.52,18,0.028888889,1
3006.450048,40,56,0.58,16,0.03625,1
3006.382004,46,68,0.59,22,0.026818182,1
3006.237971,42,79,0.94,37,0.025405405,1
3006.115534,39,57,0.66,18,0.036666667,1
3006.057831,50,65,0.38,15,0.025333333,1
3006.010197,56,83,0.75,27,0.027777778,1
3006.010197,56,84,0.77,28,0.0275,1
3006.010197,54,86,0.88,32,0.0275,1
3006.010197,54,87,0.9,33,0.027272727,1
3006.010197,53,88,0.95,35,0.027142857,1
3006.010197,53,88,0.96,35,0.027428571,1
3005.944946,41,73,0.92,32,0.02875,1
3005.357004,47,71,0.59,24,0.024583333,1
3005.263279,42,65,0.68,23,0.029565217,1
3004.76934,39,75,0.98,36,0.027222222,1
3004.697895,50,61,0.36,11,0.032727273,1
3004.688209,55,85,0.83,30,0.027666667,1
3004.555755,49,62,0.3,13,0.023076923,1
3004.405877,58,71,0.45,13,0.034615385,1
3004.405877,57,72,0.52,15,0.034666667,1
3004.405877,56,73,0.59,17,0.034705882,1
3004.405877,55,74,0.66,19,0.034736842,1
3004.404981,60,82,0.62,22,0.028181818,1
3004.026405,36,63,0.97,27,0.035925926,1
3003.867341,43,75,0.9,32,0.028125,1
3003.830863,42,45,0.11,3,0.036666667,1
3003.748192,36,60,0.9,24,0.0375,1
3003.734721,37,59,0.82,22,0.037272727,1
3003.609924,61,80,0.55,19,0.028947368,1
3003.495418,41,64,0.8,23,0.034782609,1
3003.267554,50,73,0.81,23,0.035217391,1
3002.794771,40,75,0.9,35,0.025714286,1
3002.605832,36,57,0.71,21,0.033809524,1
3002.556192,46,85,0.83,39,0.021282051,1
3002.501755,52,76,0.82,24,0.034166667,1
3002.498498,36,64,0.98,28,0.035,1
3002.396925,54,75,0.47,21,0.022380952,1
3002.37943,55,69,0.47,14,0.033571429,1
3002.297369,59,83,0.69,24,0.02875,1
3002.205493,36,98,0.12,62,0.001935484,1
3002.191769,49,65,0.5,16,0.03125,1
3002.075011,74,98,0.4,24,0.016666667,1
3001.828097,47,70,0.57,23,0.024782609,1
3001.700379,38,56,0.6,18,0.033333333,1
3001.700379,37,57,0.67,20,0.0335,1
3001.593551,55,91,0.88,36,0.024444444,1
3001.593551,54,92,0.93,38,0.024473684,1
3001.297481,33,64,0.97,31,0.031290323,1
3001.259006,36,62,0.96,26,0.036923077,1
3001.176269,47,68,0.62,21,0.02952381,1
3001.038601,48,65,0.47,17,0.027647059,1
3000.958034,61,70,0.27,9,0.03,1
3000.806912,49,55,0.2,6,0.033333333,1
3000.266898,41,67,0.83,26,0.031923077,1
3000.01368,69,76,0.18,7,0.025714286,1
