% profit,ema1,ema2,threshold,diff,thresh / diff,ID
3702.727333,59,70,0.36,11,0.032727273,57
3669.148937,59,69,0.33,10,0.033,57
3652.445649,61,68,0.23,7,0.032857143,57
3646.341077,57,72,0.49,15,0.032666667,57
3603.669615,56,72,0.53,16,0.033125,57
3596.896765,62,65,0.1,3,0.033333333,57
3588.341692,59,68,0.3,9,0.033333333,57
3588.341692,56,71,0.5,15,0.033333333,57
3574.121735,56,75,0.61,19,0.032105263,57
3565.119792,58,70,0.4,12,0.033333333,57
3554.220492,53,77,0.79,24,0.032916667,57
3542.941432,61,67,0.2,6,0.033333333,57
3542.941432,58,71,0.43,13,0.033076923,57
3542.941432,55,74,0.63,19,0.033157895,57
3542.941432,52,77,0.83,25,0.0332,57
3541.426196,49,77,0.98,28,0.035,57
3539.179258,59,67,0.27,8,0.03375,57
3534.483121,54,75,0.69,21,0.032857143,57
3533.143258,58,73,0.48,15,0.032,57
3532.850814,55,73,0.6,18,0.033333333,57
3532.850814,54,74,0.67,20,0.0335,57
3527.620978,56,73,0.56,17,0.032941176,57
3527.620978,53,76,0.76,23,0.033043478,57
3525.639304,35,64,0.99,29,0.034137931,57
3524.443952,58,69,0.37,11,0.033636364,57
3501.249807,51,78,0.9,27,0.033333333,57
3494.370103,58,68,0.34,10,0.034,57
3489.840097,52,78,0.86,26,0.033076923,57
3488.851116,57,71,0.47,14,0.033571429,57
3488.451731,59,71,0.39,12,0.0325,57
3488.451731,57,73,0.52,16,0.0325,57
3488.214478,54,75,0.7,21,0.033333333,57
3486.033542,51,79,0.93,28,0.033214286,57
3485.103905,63,67,0.13,4,0.0325,57
3480.348868,45,68,0.73,23,0.03173913,57
3478.910323,57,70,0.44,13,0.033846154,57
3478.215476,55,72,0.57,17,0.033529412,57
3476.217661,57,72,0.5,15,0.033333333,57
3474.616794,56,70,0.49,14,0.035,57
3472.123534,36,62,0.89,26,0.034230769,57
3470.701254,54,73,0.64,19,0.033684211,57
3470.026687,61,69,0.26,8,0.0325,57
3461.563012,36,60,0.86,24,0.035833333,57
3461.541538,60,69,0.3,9,0.033333333,57
3455.104093,52,73,0.74,21,0.035238095,57
3453.131411,56,72,0.54,16,0.03375,57
3453.131411,53,76,0.77,23,0.033478261,57
3453.131411,52,77,0.84,25,0.0336,57
3450.509239,55,73,0.61,18,0.033888889,57
3449.516047,46,67,0.66,21,0.031428571,57
3447.778526,53,75,0.74,22,0.033636364,57
3444.531172,61,66,0.17,5,0.034,57
3443.888822,60,70,0.32,10,0.032,57
3442.435444,58,72,0.45,14,0.032142857,57
3440.191218,53,78,0.81,25,0.0324,57
3438.638485,51,78,0.91,27,0.033703704,57
3435.089952,56,71,0.51,15,0.034,57
3432.481094,55,72,0.58,17,0.034117647,57
3432.481094,54,73,0.65,19,0.034210526,57
3430.721414,54,74,0.7,20,0.035,57
3430.721414,53,75,0.77,22,0.035,57
3427.63725,52,77,0.87,25,0.0348,57
3424.552837,53,74,0.71,21,0.033809524,57
3422.428984,47,66,0.59,19,0.031052632,57
3420.419138,55,74,0.65,19,0.034210526,57
3420.356428,54,75,0.72,21,0.034285714,57
3416.682818,52,75,0.78,23,0.033913043,57
3415.565942,55,77,0.7,22,0.031818182,57
3414.491941,63,68,0.16,5,0.032,57
3413.698429,52,76,0.81,24,0.03375,57
3411.105357,50,79,0.98,29,0.033793103,57
3409.149251,37,56,0.71,19,0.037368421,57
3407.971803,54,77,0.75,23,0.032608696,57
3406.719185,48,64,0.51,16,0.031875,57
3406.198558,40,57,0.56,17,0.032941176,57
3404.937354,55,76,0.68,21,0.032380952,57
3404.823211,38,55,0.63,17,0.037058824,57
3404.752455,39,58,0.63,19,0.033157895,57
3404.14462,55,75,0.65,20,0.0325,57
3402.963215,47,66,0.6,19,0.031578947,57
3401.617874,60,68,0.27,8,0.03375,57
3401.617874,56,73,0.57,17,0.033529412,57
3401.523688,39,54,0.55,15,0.036666667,57
3399.367864,44,53,0.29,9,0.032222222,57
3399.367864,42,55,0.42,13,0.032307692,57
3398.033451,60,67,0.24,7,0.034285714,57
3398.033451,59,69,0.34,10,0.034,57
3398.033451,54,74,0.68,20,0.034,57
3398.025755,39,60,0.68,21,0.032380952,57
3397.600958,62,74,0.36,12,0.03,57
3397.600958,61,75,0.42,14,0.03,57
3395.814514,56,74,0.59,18,0.032777778,57
3394.701862,41,56,0.49,15,0.032666667,57
3390.735852,37,56,0.63,19,0.033157895,57
3390.237455,36,58,0.72,22,0.032727273,57
3388.952054,37,61,0.82,24,0.034166667,57
3384.006926,45,68,0.72,23,0.031304348,57
3382.533578,45,51,0.2,6,0.033333333,57
3381.112804,52,79,0.88,27,0.032592593,57
3377.138654,44,52,0.27,8,0.03375,57
3375.679339,45,67,0.71,22,0.032272727,57
3371.138214,55,74,0.64,19,0.033684211,57
3368.258748,51,80,0.95,29,0.032758621,57
3367.557515,50,79,0.99,29,0.034137931,57
3367.235559,53,75,0.75,22,0.034090909,57
3365.164897,35,61,0.96,26,0.036923077,57
3365.070951,40,52,0.45,12,0.0375,57
3364.24397,48,65,0.53,17,0.031176471,57
3363.146619,42,55,0.43,13,0.033076923,57
3359.435762,36,64,0.97,28,0.034642857,57
3358.441424,41,50,0.34,9,0.037777778,57
3357.980582,59,68,0.31,9,0.034444444,57
3355.956361,46,51,0.16,5,0.032,57
3355.674738,53,76,0.79,23,0.034347826,57
3354.258146,57,74,0.55,17,0.032352941,57
3353.726872,43,69,0.63,26,0.024230769,57
3352.837761,52,59,0.17,7,0.024285714,57
3352.671508,40,59,0.61,19,0.032105263,57
3350.506642,43,54,0.35,11,0.031818182,57
3349.790961,40,58,0.59,18,0.032777778,57
3347.867069,60,71,0.35,11,0.031818182,57
3345.667749,54,76,0.72,22,0.032727273,57
3345.267217,58,72,0.46,14,0.032857143,57
3345.074501,62,64,0.07,2,0.035,57
3345.074501,61,65,0.14,4,0.035,57
3345.074501,60,66,0.21,6,0.035,57
3345.074501,59,67,0.28,8,0.035,57
3345.074501,58,68,0.35,10,0.035,57
3342.720677,43,54,0.36,11,0.032727273,57
3341.875223,57,69,0.42,12,0.035,57
3338.778719,39,60,0.67,21,0.031904762,57
3337.148731,37,60,0.8,23,0.034782609,57
3335.277083,42,50,0.3,8,0.0375,57
3335.124512,53,74,0.72,21,0.034285714,57
3335.124512,52,75,0.79,23,0.034347826,57
3335.124512,51,76,0.86,25,0.0344,57
3333.432867,36,63,0.92,27,0.034074074,57
3329.841455,51,79,0.94,28,0.033571429,57
3328.860968,54,75,0.71,21,0.033809524,57
3327.53533,52,76,0.82,24,0.034166667,57
3327.043276,35,63,0.98,28,0.035,57
3327.001046,36,63,0.93,27,0.034444444,57
3326.489758,53,75,0.76,22,0.034545455,57
3326.358232,54,73,0.66,19,0.034736842,57
3324.103099,51,76,0.85,25,0.034,57
3323.942333,55,75,0.66,20,0.033,57
3322.431854,53,76,0.78,23,0.033913043,57
3322.431854,52,77,0.85,25,0.034,57
3322.431854,51,78,0.92,27,0.034074074,57
3321.576148,50,77,0.93,27,0.034444444,57
3321.166179,36,62,0.92,26,0.035384615,57
3321.108701,58,69,0.38,11,0.034545455,57
3321.079622,35,61,0.95,26,0.036538462,57
3319.603592,51,77,0.89,26,0.034230769,57
3318.429219,53,74,0.73,21,0.034761905,57
3318.403201,63,69,0.19,6,0.031666667,57
3317.607009,57,75,0.57,18,0.031666667,57
3316.859505,51,77,0.88,26,0.033846154,57
3315.420531,36,64,0.96,28,0.034285714,57
3314.337899,50,78,0.95,28,0.033928571,57
3313.139015,38,62,0.76,24,0.031666667,57
3313.051899,36,64,0.95,28,0.033928571,57
3311.86823,58,70,0.41,12,0.034166667,57
3311.86823,57,71,0.48,14,0.034285714,57
3310.80089,55,73,0.62,18,0.034444444,57
3308.588588,46,67,0.67,21,0.031904762,57
3308.011052,37,61,0.83,24,0.034583333,57
3306.380455,38,60,0.75,22,0.034090909,57
3305.435339,38,58,0.72,20,0.036,57
3305.115261,56,77,0.66,21,0.031428571,57
3304.783106,36,64,0.94,28,0.033571429,57
3304.075002,60,72,0.38,12,0.031666667,57
3303.891813,50,62,0.38,12,0.031666667,57
3303.7594,44,70,0.81,26,0.031153846,57
3303.357677,40,53,0.43,13,0.033076923,57
3302.657089,36,57,0.72,21,0.034285714,57
3302.537912,57,69,0.41,12,0.034166667,57
3299.607537,51,60,0.22,9,0.024444444,57
3298.910804,51,77,0.9,26,0.034615385,57
3298.835881,56,70,0.48,14,0.034285714,57
3298.835881,55,71,0.55,16,0.034375,57
3298.835881,54,72,0.62,18,0.034444444,57
3298.835881,53,73,0.69,20,0.0345,57
3298.835881,52,74,0.76,22,0.034545455,57
3298.835881,51,75,0.83,24,0.034583333,57
3298.122397,42,54,0.4,12,0.033333333,57
3296.933359,43,53,0.33,10,0.033,57
3296.321761,52,76,0.83,24,0.034583333,57
3293.95381,51,78,0.93,27,0.034444444,57
3291.368543,52,77,0.86,25,0.0344,57
3290.818353,50,55,0.13,5,0.026,57
3290.494766,37,61,0.84,24,0.035,57
3290.194627,52,74,0.77,22,0.035,57
3290.194627,51,75,0.84,24,0.035,57
3290.194627,50,76,0.91,26,0.035,57
3289.337219,61,73,0.37,12,0.030833333,57
3286.729654,46,50,0.13,4,0.0325,57
3286.386738,44,50,0.22,6,0.036666667,57
3286.050826,72,83,0.2,11,0.018181818,57
3286.050826,69,86,0.31,17,0.018235294,57
3285.122357,39,59,0.65,20,0.0325,57
3283.444462,53,78,0.82,25,0.0328,57
3283.384848,43,71,0.68,28,0.024285714,57
3282.902704,63,66,0.1,3,0.033333333,57
3282.296686,36,60,0.87,24,0.03625,57
3281.828966,57,70,0.45,13,0.034615385,57
3281.768725,56,71,0.52,15,0.034666667,57
3281.768725,55,72,0.59,17,0.034705882,57
3281.465577,37,62,0.87,25,0.0348,57
3280.900799,54,74,0.69,20,0.0345,57
3278.199149,39,57,0.64,18,0.035555556,57
3277.279446,40,52,0.41,12,0.034166667,57
3277.15406,49,64,0.47,15,0.031333333,57
3277.002776,43,49,0.22,6,0.036666667,57
3276.105083,45,69,0.74,24,0.030833333,57
3275.873099,37,62,0.85,25,0.034,57
3275.802212,38,57,0.69,19,0.036315789,57
3274.861313,41,51,0.34,10,0.034,57
3274.039224,61,70,0.29,9,0.032222222,57
3272.983939,58,74,0.51,16,0.031875,57
3270.668507,37,60,0.82,23,0.035652174,57
3270.666497,51,79,0.96,28,0.034285714,57
3269.604529,46,66,0.48,20,0.024,57
3268.732281,56,75,0.62,19,0.032631579,57
3268.323357,49,56,0.18,7,0.025714286,57
3268.187101,37,60,0.84,23,0.036521739,57
3267.94576,38,61,0.79,23,0.034347826,57
3267.283189,51,54,0.08,3,0.026666667,57
3266.473808,56,72,0.55,16,0.034375,57
3266.272945,35,63,0.99,28,0.035357143,57
3266.220956,40,58,0.61,18,0.033888889,57
3265.902664,59,73,0.44,14,0.031428571,57
3264.592781,45,67,0.53,22,0.024090909,57
3263.850541,50,61,0.27,11,0.024545455,57
3261.818869,40,55,0.54,15,0.036,57
3261.320477,44,68,0.58,24,0.024166667,57
3260.533439,48,63,0.37,15,0.024666667,57
3260.152356,47,65,0.43,18,0.023888889,57
3259.65523,38,59,0.75,21,0.035714286,57
3259.106089,72,73,0.02,1,0.02,57
3259.106089,71,74,0.06,3,0.02,57
3258.805006,40,56,0.57,16,0.035625,57
3257.707555,36,62,0.9,26,0.034615385,57
3257.187207,38,61,0.78,23,0.033913043,57
3256.06524,40,59,0.6,19,0.031578947,57
3255.340943,39,59,0.69,20,0.0345,57
3254.27408,42,53,0.39,11,0.035454545,57
3253.835249,54,76,0.73,22,0.033181818,57
3253.469065,55,70,0.53,15,0.035333333,57
3253.079814,39,58,0.66,19,0.034736842,57
3253.079814,38,59,0.73,21,0.034761905,57
3252.898508,47,65,0.58,18,0.032222222,57
3252.191521,52,79,0.89,27,0.032962963,57
3252.003972,43,52,0.33,9,0.036666667,57
3251.438281,38,58,0.7,20,0.035,57
3251.269789,45,62,0.43,17,0.025294118,57
3250.650725,37,63,0.84,26,0.032307692,57
3250.625436,38,55,0.56,17,0.032941176,57
3250.54548,41,51,0.37,10,0.037,57
3249.867202,62,71,0.28,9,0.031111111,57
3249.867202,59,74,0.47,15,0.031333333,57
3247.570097,45,69,0.75,24,0.03125,57
3246.332801,39,60,0.71,21,0.033809524,57
3245.533056,49,62,0.32,13,0.024615385,57
3245.331384,38,61,0.75,23,0.032608696,57
3245.053583,40,58,0.58,18,0.032222222,57
3243.317009,62,70,0.25,8,0.03125,57
3243.213394,36,62,0.93,26,0.035769231,57
3242.817967,36,62,0.91,26,0.035,57
3242.154558,50,77,0.94,27,0.034814815,57
3241.96302,57,79,0.67,22,0.030454545,57
3241.530932,36,63,0.94,27,0.034814815,57
3241.292476,38,59,0.74,21,0.035238095,57
3239.704004,60,70,0.33,10,0.033,57
3239.199278,41,55,0.49,14,0.035,57
3238.505286,45,52,0.23,7,0.032857143,57
3238.038034,44,70,0.62,26,0.023846154,57
3237.802051,40,55,0.55,15,0.036666667,57
3237.663924,37,62,0.86,25,0.0344,57
3236.962733,44,67,0.56,23,0.024347826,57
3236.761385,41,57,0.51,16,0.031875,57
3236.513241,50,78,0.96,28,0.034285714,57
3235.954628,39,59,0.68,20,0.034,57
3235.888019,52,75,0.8,23,0.034782609,57
3235.888019,51,76,0.87,25,0.0348,57
3234.843564,47,58,0.29,11,0.026363636,57
3234.254063,37,60,0.83,23,0.036086957,57
3233.121465,43,70,0.65,27,0.024074074,57
3232.522189,46,67,0.5,21,0.023809524,57
3231.964451,58,67,0.32,9,0.035555556,57
3231.964451,57,68,0.39,11,0.035454545,57
3229.630972,44,67,0.58,23,0.025217391,57
3229.622416,42,56,0.45,14,0.032142857,57
3229.559094,45,68,0.55,23,0.023913043,57
3229.548296,53,73,0.7,20,0.035,57
3229.514743,56,73,0.58,17,0.034117647,57
3229.03904,41,57,0.54,16,0.03375,57
3228.395547,37,58,0.77,21,0.036666667,57
3228.329204,42,55,0.46,13,0.035384615,57
3227.199137,41,55,0.5,14,0.035714286,57
3227.132779,41,56,0.53,15,0.035333333,57
3227.101243,37,61,0.85,24,0.035416667,57
3226.927853,60,75,0.46,15,0.030666667,57
3226.927853,59,76,0.52,17,0.030588235,57
3225.815996,37,59,0.8,22,0.036363636,57
3225.507894,37,63,0.87,26,0.033461538,57
3225.343572,63,70,0.22,7,0.031428571,57
3225.232211,40,53,0.47,13,0.036153846,57
3223.77533,67,79,0.24,12,0.02,57
3223.77533,66,80,0.28,14,0.02,57
3222.92059,44,48,0.15,4,0.0375,57
3222.766448,38,54,0.55,16,0.034375,57
3221.973983,62,72,0.31,10,0.031,57
3221.751482,41,58,0.53,17,0.031176471,57
3221.618178,53,77,0.8,24,0.033333333,57
3221.618178,52,78,0.87,26,0.033461538,57
3220.929778,49,58,0.23,9,0.025555556,57
3220.922912,56,69,0.46,13,0.035384615,57
3220.668629,59,70,0.37,11,0.033636364,57
3220.579288,51,80,0.96,29,0.033103448,57
3220.289315,58,76,0.56,18,0.031111111,57
3219.821244,59,75,0.5,16,0.03125,57
3219.27497,57,77,0.62,20,0.031,57
3219.060958,44,69,0.8,25,0.032,57
3218.630376,35,59,0.8,24,0.033333333,57
3218.537567,44,69,0.81,25,0.0324,57
3218.416301,54,72,0.63,18,0.035,57
3217.688446,43,71,0.67,28,0.023928571,57
3217.658638,43,64,0.55,21,0.026190476,57
3217.350235,56,76,0.64,20,0.032,57
3217.144287,42,52,0.37,10,0.037,57
3217.0464,43,55,0.39,12,0.0325,57
3216.965538,66,89,0.42,23,0.01826087,57
3216.35513,45,68,0.74,23,0.032173913,57
3216.130804,40,52,0.4,12,0.033333333,57
3215.840703,57,73,0.53,16,0.033125,57
3215.826685,43,71,0.66,28,0.023571429,57
3215.597496,44,53,0.31,9,0.034444444,57
3214.321125,38,59,0.76,21,0.036190476,57
3213.548703,40,57,0.59,17,0.034705882,57
3213.343143,38,60,0.77,22,0.035,57
3212.801264,44,69,0.6,25,0.024,57
3212.194271,55,71,0.56,16,0.035,57
3212.008357,38,60,0.76,22,0.034545455,57
3211.266758,58,75,0.53,17,0.031176471,57
3211.027793,46,51,0.17,5,0.034,57
3210.585218,57,78,0.65,21,0.030952381,57
3210.567408,45,60,0.4,15,0.026666667,57
3210.379712,41,52,0.4,11,0.036363636,57
3210.13345,44,68,0.6,24,0.025,57
3209.906474,43,54,0.39,11,0.035454545,57
3209.828113,54,71,0.6,17,0.035294118,57
3209.828113,53,72,0.67,19,0.035263158,57
3209.497133,43,69,0.65,26,0.025,57
3209.296317,42,54,0.43,12,0.035833333,57
3208.05646,37,59,0.78,22,0.035454545,57
3207.984035,45,61,0.42,16,0.02625,57
3207.838196,45,68,0.56,23,0.024347826,57
3207.376192,37,60,0.81,23,0.035217391,57
3206.421312,40,58,0.62,18,0.034444444,57
3206.325546,47,64,0.42,17,0.024705882,57
3205.712018,34,60,0.89,26,0.034230769,57
3205.137097,47,59,0.31,12,0.025833333,57
3204.670174,44,69,0.62,25,0.0248,57
3204.535211,40,57,0.6,17,0.035294118,57
3204.401898,39,59,0.7,20,0.035,57
3202.565526,39,58,0.67,19,0.035263158,57
3201.968747,39,58,0.69,19,0.036315789,57
3201.655194,43,72,0.89,29,0.030689655,57
3201.08306,56,79,0.71,23,0.030869565,57
3200.773126,42,49,0.25,7,0.035714286,57
3200.454039,46,64,0.44,18,0.024444444,57
3197.621035,43,63,0.53,20,0.0265,57
3197.586752,50,78,0.97,28,0.034642857,57
3197.344693,46,60,0.36,14,0.025714286,57
3196.394701,44,68,0.79,24,0.032916667,57
3196.18251,46,59,0.34,13,0.026153846,57
3195.428096,40,57,0.57,17,0.033529412,57
3195.068833,36,61,0.89,25,0.0356,57
3194.852346,38,62,0.77,24,0.032083333,57
3194.848632,44,63,0.49,19,0.025789474,57
3194.304786,41,57,0.52,16,0.0325,57
3193.43501,46,68,0.68,22,0.030909091,57
3193.351104,36,64,0.99,28,0.035357143,57
3191.768633,57,72,0.51,15,0.034,57
3191.738071,43,54,0.38,11,0.034545455,57
3191.738071,42,55,0.45,13,0.034615385,57
3191.738071,41,56,0.52,15,0.034666667,57
3191.375808,35,62,0.98,27,0.036296296,57
3190.776131,45,66,0.51,21,0.024285714,57
3190.197397,48,57,0.24,9,0.026666667,57
3190.02621,40,58,0.63,18,0.035,57
3189.995025,38,61,0.8,23,0.034782609,57
3189.440326,43,49,0.2,6,0.033333333,57
3189.320272,36,61,0.91,25,0.0364,57
3189.213038,39,57,0.63,18,0.035,57
3189.188948,44,49,0.18,5,0.036,57
3189.047717,61,72,0.34,11,0.030909091,57
3189.020414,47,63,0.39,16,0.024375,57
3188.958426,60,73,0.41,13,0.031538462,57
3188.141063,42,53,0.4,11,0.036363636,57
3188.072049,44,53,0.32,9,0.035555556,57
3188.030851,52,78,0.89,26,0.034230769,57
3187.920571,36,61,0.87,25,0.0348,57
3186.572708,42,54,0.42,12,0.035,57
3186.506163,36,63,0.97,27,0.035925926,57
3186.294055,37,61,0.86,24,0.035833333,57
3185.841404,60,74,0.43,14,0.030714286,57
3185.541901,53,78,0.84,25,0.0336,57
3185.023128,41,56,0.5,15,0.033333333,57
3184.594749,41,47,0.23,6,0.038333333,57
3184.571269,56,74,0.6,18,0.033333333,57
3184.046328,43,70,0.66,27,0.024444444,57
3184.046328,42,71,0.71,29,0.024482759,57
3183.4767,38,61,0.81,23,0.035217391,57
3182.761482,46,49,0.11,3,0.036666667,57
3182.039714,44,52,0.28,8,0.035,57
3180.898678,43,70,0.67,27,0.024814815,57
3180.732184,43,64,0.54,21,0.025714286,57
3180.328605,43,55,0.38,12,0.031666667,57
3180.106415,40,56,0.56,16,0.035,57
3179.722261,44,69,0.79,25,0.0316,57
3179.442297,55,81,0.8,26,0.030769231,57
3178.742998,45,67,0.54,22,0.024545455,57
3178.742998,44,68,0.59,24,0.024583333,57
3177.757839,36,54,0.65,18,0.036111111,57
3177.426903,45,61,0.41,16,0.025625,57
3177.235755,45,50,0.18,5,0.036,57
3176.791738,59,72,0.42,13,0.032307692,57
3176.033933,41,55,0.51,14,0.036428571,57
3175.87592,35,62,0.99,27,0.036666667,57
3175.689508,35,62,0.96,27,0.035555556,57
3175.382031,72,74,0.04,2,0.02,57
3175.382031,71,75,0.08,4,0.02,57
3175.382031,70,76,0.12,6,0.02,57
3175.382031,69,77,0.16,8,0.02,57
3175.382031,68,78,0.2,10,0.02,57
3175.16278,45,52,0.24,7,0.034285714,57
3174.553209,54,78,0.77,24,0.032083333,57
3174.166432,53,58,0.12,5,0.024,57
3173.814991,41,57,0.55,16,0.034375,57
3172.695656,36,61,0.88,25,0.0352,57
3172.335377,47,65,0.44,18,0.024444444,57
3172.223462,37,62,0.88,25,0.0352,57
3172.083982,52,78,0.88,26,0.033846154,57
3171.085728,51,80,0.98,29,0.033793103,57
3169.514272,42,70,0.69,28,0.024642857,57
3169.274609,43,53,0.36,10,0.036,57
3168.92251,46,68,0.69,22,0.031363636,57
3168.828902,44,52,0.29,8,0.03625,57
3167.029756,53,59,0.19,6,0.031666667,57
3166.807472,38,58,0.73,20,0.0365,57
3166.757331,40,56,0.54,16,0.03375,57
3166.049567,40,49,0.33,9,0.036666667,57
3165.833179,42,72,0.73,30,0.024333333,57
3165.524752,55,79,0.75,24,0.03125,57
3164.885939,51,65,0.32,14,0.022857143,57
3164.857801,48,59,0.28,11,0.025454545,57
3164.7601,55,80,0.78,25,0.0312,57
3164.129495,38,58,0.71,20,0.0355,57
3163.082453,49,63,0.45,14,0.032142857,57
3162.14492,38,51,0.48,13,0.036923077,57
3159.967755,51,61,0.32,10,0.032,57
3159.905493,49,55,0.16,6,0.026666667,57
3159.537664,42,72,0.72,30,0.024,57
3159.358214,41,54,0.46,13,0.035384615,57
3158.727569,54,77,0.76,23,0.033043478,57
3158.712434,40,55,0.53,15,0.035333333,57
3158.442175,51,81,0.98,30,0.032666667,57
3158.149493,55,76,0.69,21,0.032857143,57
3156.911668,48,55,0.19,7,0.027142857,57
3156.739868,52,79,0.91,27,0.033703704,57
3156.227516,54,81,0.84,27,0.031111111,57
3156.141782,48,63,0.38,15,0.025333333,57
3155.895379,36,63,0.95,27,0.035185185,57
3155.622705,45,67,0.72,22,0.032727273,57
3155.425374,39,51,0.43,12,0.035833333,57
3155.218172,36,62,0.94,26,0.036153846,57
3154.825643,70,86,0.29,16,0.018125,57
3154.046547,37,62,0.89,25,0.0356,57
3153.811818,34,56,0.83,22,0.037727273,57
3152.891086,43,68,0.63,25,0.0252,57
3152.457278,38,52,0.5,14,0.035714286,57
3152.109754,55,78,0.73,23,0.03173913,57
3152.074269,43,69,0.64,26,0.024615385,57
3149.77608,67,89,0.4,22,0.018181818,57
3149.77608,64,92,0.51,28,0.018214286,57
3149.688054,46,66,0.49,20,0.0245,57
3149.367749,40,56,0.58,16,0.03625,57
3149.03911,40,57,0.61,17,0.035882353,57
3148.446842,41,54,0.47,13,0.036153846,57
3148.388339,44,51,0.25,7,0.035714286,57
3148.290197,46,65,0.47,19,0.024736842,57
3147.952676,44,70,0.82,26,0.031538462,57
3147.371781,46,61,0.38,15,0.025333333,57
3146.471239,54,56,0.05,2,0.025,57
3146.286049,42,71,0.72,29,0.024827586,57
3145.765413,39,52,0.48,13,0.036923077,57
3144.283775,46,65,0.46,19,0.024210526,57
3144.171445,36,65,0.94,29,0.032413793,57
3144.106955,45,62,0.44,17,0.025882353,57
3143.399925,51,79,0.95,28,0.033928571,57
3143.356495,36,61,0.9,25,0.036,57
3143.041121,42,49,0.26,7,0.037142857,57
3142.894173,36,63,0.96,27,0.035555556,57
3142.661882,53,82,0.91,29,0.03137931,57
3142.430227,66,91,0.45,25,0.018,57
3141.804291,41,55,0.47,14,0.033571429,57
3141.306308,38,60,0.73,22,0.033181818,57
3141.156488,43,52,0.32,9,0.035555556,57
3140.45162,47,64,0.41,17,0.024117647,57
3140.416293,44,69,0.61,25,0.0244,57
3139.951361,50,59,0.22,9,0.024444444,57
3138.302126,44,71,0.83,27,0.030740741,57
3138.155887,59,73,0.45,14,0.032142857,57
3138.155887,57,75,0.58,18,0.032222222,57
3138.155887,55,77,0.71,22,0.032272727,57
3136.956163,53,80,0.86,27,0.031851852,57
3135.902037,46,60,0.37,14,0.026428571,57
3134.864474,47,67,0.62,20,0.031,57
3134.710632,56,78,0.69,22,0.031363636,57
3134.40916,57,77,0.63,20,0.0315,57
3134.06686,36,64,0.98,28,0.035,57
3133.723701,37,59,0.79,22,0.035909091,57
3133.527353,51,59,0.2,8,0.025,57
3133.288957,48,62,0.34,14,0.024285714,57
3132.998426,39,57,0.65,18,0.036111111,57
3132.898389,55,75,0.67,20,0.0335,57
3132.200863,52,81,0.93,29,0.032068966,57
3131.14029,37,61,0.87,24,0.03625,57
3131.006882,46,66,0.65,20,0.0325,57
3130.512545,58,71,0.44,13,0.033846154,57
3130.311237,38,53,0.53,15,0.035333333,57
3129.875581,53,77,0.82,24,0.034166667,57
3129.544026,48,58,0.26,10,0.026,57
3129.50215,54,76,0.74,22,0.033636364,57
3129.50215,53,77,0.81,24,0.03375,57
3129.50215,52,79,0.9,27,0.033333333,57
3129.50215,51,80,0.97,29,0.033448276,57
3128.273575,41,56,0.54,15,0.036,57
3127.272598,59,85,0.66,26,0.025384615,57
3127.272598,57,88,0.78,31,0.02516129,57
3127.211955,39,58,0.68,19,0.035789474,57
3127.19422,42,73,0.74,31,0.023870968,57
3127.041584,57,76,0.6,19,0.031578947,57
3126.999398,46,50,0.14,4,0.035,57
3126.999398,45,51,0.21,6,0.035,57
3126.985396,35,55,0.73,20,0.0365,57
3126.490088,35,57,0.77,22,0.035,57
3125.803811,49,61,0.3,12,0.025,57
3124.778112,36,60,0.88,24,0.036666667,57
3124.553514,44,62,0.47,18,0.026111111,57
3124.537765,53,79,0.84,26,0.032307692,57
3124.357683,47,60,0.33,13,0.025384615,57
3122.104969,38,60,0.78,22,0.035454545,57
3121.791164,37,62,0.83,25,0.0332,57
3120.120462,41,72,0.77,31,0.02483871,57
3119.871552,65,90,0.46,25,0.0184,57
3119.807367,38,57,0.7,19,0.036842105,57
3118.243178,48,56,0.21,8,0.02625,57
3117.808564,38,54,0.56,16,0.035,57
3117.365002,38,60,0.79,22,0.035909091,57
3116.998664,40,58,0.64,18,0.035555556,57
3116.998664,39,59,0.71,20,0.0355,57
3116.985671,52,80,0.91,28,0.0325,57
3115.848261,34,58,0.85,24,0.035416667,57
3115.183727,45,66,0.52,21,0.024761905,57
3115.183727,44,67,0.57,23,0.024782609,57
3113.607887,42,46,0.15,4,0.0375,57
3113.496064,61,80,0.42,19,0.022105263,57
3112.620559,37,55,0.63,18,0.035,57
3112.382394,44,61,0.45,17,0.026470588,57
3111.344184,61,71,0.32,10,0.032,57
3109.835435,42,55,0.47,13,0.036153846,57
3109.409385,36,57,0.73,21,0.034761905,57
3109.313752,43,71,0.87,28,0.031071429,57
3108.573294,48,63,0.36,15,0.024,57
3106.504299,51,68,0.43,17,0.025294118,57
3105.438467,54,79,0.8,25,0.032,57
3103.180596,50,59,0.23,9,0.025555556,57
3103.147203,50,60,0.25,10,0.025,57
3102.244654,47,49,0.07,2,0.035,57
3101.9366,43,48,0.18,5,0.036,57
3101.154547,55,92,0.91,37,0.024594595,57
3099.988721,43,53,0.35,10,0.035,57
3098.583736,39,59,0.72,20,0.036,57
3097.591262,44,65,0.52,21,0.024761905,57
3097.436051,36,57,0.71,21,0.033809524,57
3095.975258,37,52,0.56,15,0.037333333,57
3095.338727,38,54,0.61,16,0.038125,57
3094.462139,65,76,0.24,11,0.021818182,57
3094.339166,38,55,0.57,17,0.033529412,57
3094.339166,37,56,0.64,19,0.033684211,57
3092.979737,58,75,0.54,17,0.031764706,57
3092.979737,54,80,0.82,26,0.031538462,57
3091.298411,56,59,0.07,3,0.023333333,57
3088.914469,37,55,0.69,18,0.038333333,57
3087.71053,54,81,0.85,27,0.031481481,57
3086.524852,34,57,0.86,23,0.037391304,57
3086.188676,42,70,0.7,28,0.025,57
3085.939608,55,79,0.76,24,0.031666667,57
3085.924159,53,63,0.23,10,0.023,57
3085.435328,42,51,0.35,9,0.038888889,57
3085.411226,37,52,0.57,15,0.038,57
3085.358664,54,65,0.28,11,0.025454545,57
3085.358664,53,66,0.33,13,0.025384615,57
3085.248865,40,48,0.31,8,0.03875,57
3085.181662,41,57,0.53,16,0.033125,57
3085.00032,36,56,0.7,20,0.035,57
3084.487613,53,78,0.83,25,0.0332,57
3084.236535,42,73,0.95,31,0.030645161,57
3083.836927,45,60,0.39,15,0.026,57
3083.232453,48,62,0.35,14,0.025,57
3083.232453,47,63,0.4,16,0.025,57
3082.838692,33,58,0.94,25,0.0376,57
3082.470387,49,57,0.21,8,0.02625,57
3082.349417,39,55,0.61,16,0.038125,57
3081.72569,39,53,0.48,14,0.034285714,57
3081.605561,52,63,0.26,11,0.023636364,57
3081.494468,39,59,0.66,20,0.033,57
3081.422355,64,78,0.3,14,0.021428571,57
3081.194938,39,54,0.5,15,0.033333333,57
3080.777973,36,59,0.86,23,0.037391304,57
3080.730052,56,77,0.67,21,0.031904762,57
3080.394314,48,61,0.33,13,0.025384615,57
3080.300146,53,57,0.1,4,0.025,57
3080.300146,52,58,0.15,6,0.025,57
3079.874735,49,68,0.43,19,0.022631579,57
3078.598299,59,71,0.4,12,0.033333333,57
3077.468205,54,93,0.97,39,0.024871795,57
3076.955058,36,55,0.67,19,0.035263158,57
3075.768215,34,56,0.81,22,0.036818182,57
3074.602541,45,66,0.53,21,0.025238095,57
3074.087724,44,64,0.5,20,0.025,57
3074.050113,35,55,0.72,20,0.036,57
3073.806143,45,67,0.55,22,0.025,57
3073.791669,44,70,0.8,26,0.030769231,57
3072.092662,54,88,0.92,34,0.027058824,57
3071.04846,37,62,0.9,25,0.036,57
3070.950435,38,60,0.74,22,0.033636364,57
3070.798683,46,61,0.39,15,0.026,57
3070.485949,34,53,0.75,19,0.039473684,57
3070.452799,53,62,0.21,9,0.023333333,57
3070.190493,37,55,0.62,18,0.034444444,57
3069.889676,55,89,0.88,34,0.025882353,57
3069.748829,46,66,0.5,20,0.025,57
3069.55307,46,64,0.46,18,0.025555556,57
3069.426535,35,56,0.74,21,0.035238095,57
3068.259962,42,72,0.74,30,0.024666667,57
3068.117804,33,62,0.97,29,0.033448276,57
3066.970043,56,88,0.82,32,0.025625,57
3066.970043,54,91,0.94,37,0.025405405,57
3066.656142,73,83,0.18,10,0.018,57
3066.546909,39,56,0.62,17,0.036470588,57
3066.450911,42,71,0.84,29,0.028965517,57
3065.455293,43,70,0.88,27,0.032592593,57
3065.194302,36,54,0.69,18,0.038333333,57
3064.862807,39,52,0.46,13,0.035384615,57
3064.469525,37,54,0.6,17,0.035294118,57
3064.032369,46,62,0.53,16,0.033125,57
3063.842904,62,83,0.53,21,0.025238095,57
3063.842904,61,84,0.58,23,0.025217391,57
3063.807081,35,56,0.75,21,0.035714286,57
3062.820889,41,73,0.79,32,0.0246875,57
3062.64139,46,58,0.32,12,0.026666667,57
3062.033791,49,60,0.28,11,0.025454545,57
3061.786664,57,86,0.76,29,0.026206897,57
3061.786664,54,90,0.94,36,0.026111111,57
3061.670069,60,71,0.36,11,0.032727273,57
3061.278668,40,50,0.36,10,0.036,57
3060.374994,43,66,0.76,23,0.033043478,57
3060.016418,42,72,0.97,30,0.032333333,57
3059.93922,50,65,0.43,15,0.028666667,57
3059.362954,37,56,0.65,19,0.034210526,57
3059.202942,34,58,0.84,24,0.035,57
3056.3174,39,56,0.61,17,0.035882353,57
3055.787563,36,55,0.71,19,0.037368421,57
3055.787563,35,56,0.79,21,0.037619048,57
3055.766763,51,57,0.15,6,0.025,57
3055.606039,53,90,0.99,37,0.026756757,57
3055.526564,45,52,0.22,7,0.031428571,57
3055.238486,38,61,0.76,23,0.033043478,57
3055.20219,39,53,0.53,14,0.037857143,57
3054.834549,52,80,0.92,28,0.032857143,57
3054.257084,48,68,0.46,20,0.023,57
3052.9778,52,81,0.94,29,0.032413793,57
3052.707884,53,79,0.85,26,0.032692308,57
3052.389648,45,64,0.47,19,0.024736842,57
3052.273134,37,52,0.55,15,0.036666667,57
3052.214167,47,70,0.6,23,0.026086957,57
3050.88456,53,93,0.99,40,0.02475,57
3049.821184,53,81,0.89,28,0.031785714,57
3049.536009,43,71,0.89,28,0.031785714,57
3049.520858,48,67,0.44,19,0.023157895,57
3049.352406,36,63,0.91,27,0.033703704,57
3049.139026,54,60,0.14,6,0.023333333,57
3048.666137,57,74,0.34,17,0.02,57
3048.55452,55,77,0.72,22,0.032727273,57
3048.289039,44,60,0.43,16,0.026875,57
3047.371978,46,71,0.65,25,0.026,57
3047.236552,45,71,0.75,26,0.028846154,57
3047.16947,33,59,0.92,26,0.035384615,57
3047.077903,36,64,0.93,28,0.033214286,57
3047.035503,67,75,0.17,8,0.02125,57
3046.944032,56,89,0.83,33,0.025151515,57
3046.944032,55,91,0.9,36,0.025,57
3046.852354,36,57,0.7,21,0.033333333,57
3046.604753,58,73,0.49,15,0.032666667,57
3046.368476,49,66,0.49,17,0.028823529,57
3046.304785,37,54,0.63,17,0.037058824,57
3046.17806,53,61,0.19,8,0.02375,57
3045.890018,68,90,0.39,22,0.017727273,57
3045.502529,56,76,0.65,20,0.0325,57
3045.502529,54,78,0.78,24,0.0325,57
3044.845199,47,61,0.46,14,0.032857143,57
3044.630306,47,69,0.62,22,0.028181818,57
3044.590602,36,55,0.68,19,0.035789474,57
3044.45645,53,90,0.98,37,0.026486486,57
3044.325698,50,61,0.36,11,0.032727273,57
3044.215196,39,51,0.45,12,0.0375,57
3044.15292,56,87,0.82,31,0.026451613,57
3044.055662,69,88,0.34,19,0.017894737,57
3043.5943,51,65,0.33,14,0.023571429,57
3043.542801,46,57,0.36,11,0.032727273,57
3043.284132,54,90,0.93,36,0.025833333,57
3042.321545,50,58,0.2,8,0.025,57
3041.276283,35,57,0.78,22,0.035454545,57
3041.064208,55,90,0.88,35,0.025142857,57
3041.064208,54,92,0.95,38,0.025,57
3040.989442,52,67,0.38,15,0.025333333,57
3040.319625,47,66,0.45,19,0.023684211,57
3040.15796,53,79,0.86,26,0.033076923,57
3039.584426,45,63,0.45,18,0.025,57
3038.607717,37,53,0.61,16,0.038125,57
3037.957848,57,87,0.77,30,0.025666667,57
3037.840557,54,77,0.77,23,0.033478261,57
3037.840557,52,80,0.93,28,0.033214286,57
3037.751259,44,66,0.54,22,0.024545455,57
3037.719384,37,50,0.51,13,0.039230769,57
3037.511122,34,58,0.83,24,0.034583333,57
3037.160285,41,53,0.44,12,0.036666667,57
3037.103787,43,51,0.29,8,0.03625,57
3037.070312,45,70,0.77,25,0.0308,57
3035.827752,48,66,0.56,18,0.031111111,57
3035.607337,41,52,0.43,11,0.039090909,57
3034.89694,38,56,0.59,18,0.032777778,57
3034.73934,44,68,0.57,24,0.02375,57
3034.181452,58,82,0.68,24,0.028333333,57
3034.149889,55,84,0.84,29,0.028965517,57
3034.149889,54,85,0.9,31,0.029032258,57
3034.053048,45,68,0.53,23,0.023043478,57
3033.736968,55,88,0.87,33,0.026363636,57
3032.713083,56,75,0.63,19,0.033157895,57
3032.199406,57,83,0.74,26,0.028461538,57
3031.845416,53,91,0.99,38,0.026052632,57
3031.534291,52,82,0.96,30,0.032,57
3031.518041,34,57,0.82,23,0.035652174,57
3031.264044,39,62,0.72,23,0.031304348,57
3030.598593,50,66,0.37,16,0.023125,57
3030.401174,55,76,0.7,21,0.033333333,57
3030.120966,37,58,0.78,21,0.037142857,57
3030.000452,37,61,0.81,24,0.03375,57
3029.953983,46,63,0.42,17,0.024705882,57
3029.912412,35,57,0.76,22,0.034545455,57
3029.668052,44,65,0.69,21,0.032857143,57
3029.556284,39,48,0.35,9,0.038888889,57
3028.748583,42,71,0.94,29,0.032413793,57
3028.728941,53,87,0.97,34,0.028529412,57
3028.268434,39,55,0.62,16,0.03875,57
3028.135218,46,71,0.57,25,0.0228,57
3027.904407,53,87,0.98,34,0.028823529,57
3027.831724,39,53,0.49,14,0.035,57
3027.539419,38,56,0.7,18,0.038888889,57
3027.216618,47,63,0.41,16,0.025625,57
3027.154719,50,53,0.08,3,0.026666667,57
3027.141093,53,80,0.88,27,0.032592593,57
3027.014919,43,70,0.86,27,0.031851852,57
3026.884091,35,59,0.81,24,0.03375,57
3026.871366,53,80,0.87,27,0.032222222,57
3026.829382,41,64,0.75,23,0.032608696,57
3026.647442,36,56,0.69,20,0.0345,57
3026.538515,58,86,0.72,28,0.025714286,57
3026.538515,55,90,0.9,35,0.025714286,57
3026.538515,54,91,0.95,37,0.025675676,57
3026.482104,37,52,0.58,15,0.038666667,57
3025.907763,49,59,0.25,10,0.025,57
3025.902405,45,63,0.6,18,0.033333333,57
3025.596508,48,67,0.55,19,0.028947368,57
3025.262249,43,46,0.11,3,0.036666667,57
3025.256209,37,63,0.85,26,0.032692308,57
3025.089089,41,71,0.95,30,0.031666667,57
3024.940836,56,67,0.24,11,0.021818182,57
3024.512377,36,57,0.79,21,0.037619048,57
3024.499663,42,63,0.68,21,0.032380952,57
3023.682887,39,52,0.5,13,0.038461538,57
3023.658811,56,89,0.84,33,0.025454545,57
3023.658811,55,90,0.89,35,0.025428571,57
3023.658811,54,92,0.96,38,0.025263158,57
3022.026377,45,64,0.62,19,0.032631579,57
3021.930803,54,79,0.81,25,0.0324,57
3021.915591,47,64,0.43,17,0.025294118,57
3021.740514,55,78,0.74,23,0.032173913,57
3021.63754,48,64,0.39,16,0.024375,57
3021.361116,43,70,0.87,27,0.032222222,57
3020.871372,46,70,0.69,24,0.02875,57
3020.305079,39,53,0.47,14,0.033571429,57
3019.268584,45,59,0.37,14,0.026428571,57
3019.232846,49,60,0.35,11,0.031818182,57
3018.954715,40,56,0.55,16,0.034375,57
3018.930575,33,62,0.96,29,0.033103448,57
3018.898506,63,78,0.33,15,0.022,57
3018.546319,58,85,0.71,27,0.026296296,57
3018.546319,57,87,0.78,30,0.026,57
3018.546319,56,88,0.83,32,0.0259375,57
3018.546319,55,89,0.89,34,0.026176471,57
3018.356904,62,80,0.39,18,0.021666667,57
3018.268297,41,69,0.72,28,0.025714286,57
3017.290864,51,63,0.29,12,0.024166667,57
3017.062344,51,63,0.28,12,0.023333333,57
3016.935246,50,83,0.9,33,0.027272727,57
3016.846754,39,53,0.52,14,0.037142857,57
3016.730187,43,50,0.27,7,0.038571429,57
3016.689716,49,84,0.96,35,0.027428571,57
3016.411771,36,53,0.65,17,0.038235294,57
3016.259662,54,89,0.93,35,0.026571429,57
3015.511601,54,93,0.96,39,0.024615385,57
3015.307881,56,74,0.37,18,0.020555556,57
3014.504599,56,85,0.8,29,0.027586207,57
3014.388957,32,55,0.91,23,0.039565217,57
3013.935991,47,61,0.35,14,0.025,57
3013.79124,48,81,0.97,33,0.029393939,57
3013.503383,42,73,0.97,31,0.031290323,57
3013.230257,35,62,0.97,27,0.035925926,57
3012.625782,49,59,0.33,10,0.033,57
3012.387505,34,57,0.87,23,0.037826087,57
3012.107245,46,70,0.63,24,0.02625,57
3011.929357,61,83,0.56,22,0.025454545,57
3011.929357,60,84,0.61,24,0.025416667,57
3011.929357,58,87,0.73,29,0.025172414,57
3011.31348,57,74,0.56,17,0.032941176,57
3010.927151,47,67,0.63,20,0.0315,57
3010.856441,36,55,0.69,19,0.036315789,57
3010.805772,47,58,0.36,11,0.032727273,57
3010.646025,35,61,0.94,26,0.036153846,57
3009.934063,52,64,0.28,12,0.023333333,57
3009.697429,53,81,0.9,28,0.032142857,57
3009.654722,46,65,0.48,19,0.025263158,57
3009.460417,62,78,0.45,16,0.028125,57
3009.278363,52,62,0.24,10,0.024,57
3008.096347,43,65,0.57,22,0.025909091,57
3007.614109,52,59,0.23,7,0.032857143,57
3007.423312,66,77,0.23,11,0.020909091,57
3007.154357,36,57,0.78,21,0.037142857,57
3007.147919,54,87,0.95,33,0.028787879,57
3007.065774,39,59,0.67,20,0.0335,57
3006.664939,60,81,0.47,21,0.022380952,57
3006.545168,53,74,0.62,21,0.02952381,57
3006.545168,52,75,0.68,23,0.029565217,57
3006.545168,51,76,0.74,25,0.0296,57
3006.296236,48,69,0.48,21,0.022857143,57
3006.076801,57,84,0.76,27,0.028148148,57
3006.014333,52,80,0.56,28,0.02,57
3005.823882,38,55,0.58,17,0.034117647,57
3005.753113,39,76,0.98,37,0.026486486,57
3005.467053,43,65,0.56,22,0.025454545,57
3005.12667,46,71,0.58,25,0.0232,57
3004.886645,46,62,0.4,16,0.025,57
3004.598187,68,87,0.35,19,0.018421053,57
3004.285115,37,56,0.7,19,0.036842105,57
3003.943926,44,67,0.69,23,0.03,57
3003.584116,43,71,0.88,28,0.031428571,57
3003.154199,59,83,0.53,24,0.022083333,57
3002.883169,49,85,0.97,36,0.026944444,57
3002.85486,49,79,0.89,30,0.029666667,57
3002.85486,48,80,0.95,32,0.0296875,57
3002.68964,39,76,0.99,37,0.026756757,57
3002.188606,45,72,0.62,27,0.022962963,57
3002.145809,38,49,0.43,11,0.039090909,57
3002.099085,41,74,0.8,33,0.024242424,57
3001.633023,47,62,0.37,15,0.024666667,57
3001.257425,52,83,0.98,31,0.031612903,57
3001.209954,54,80,0.83,26,0.031923077,57
3001.195826,53,79,0.52,26,0.02,57
3000.762841,37,58,0.79,21,0.037619048,57
3000.521238,58,84,0.58,26,0.022307692,57
3000.011875,55,86,0.86,31,0.027741935,57
2999.939009,59,81,0.62,22,0.028181818,57
2999.939009,55,86,0.87,31,0.028064516,57
2999.729815,33,59,0.91,26,0.035,57
2999.61608,37,53,0.6,16,0.0375,57
2999.510121,40,51,0.4,11,0.036363636,57
2999.413835,34,61,0.88,27,0.032592593,57
2999.145101,41,74,0.81,33,0.024545455,57
2998.776572,44,66,0.69,22,0.031363636,57
2998.247797,55,91,0.91,36,0.025277778,57
2998.236735,36,59,0.89,23,0.038695652,57
2997.900463,49,67,0.42,18,0.023333333,57
2996.767433,58,73,0.3,15,0.02,57
2996.668784,47,62,0.48,15,0.032,57
2996.665991,35,52,0.67,17,0.039411765,57
2996.616089,56,84,0.8,28,0.028571429,57
2996.463515,45,64,0.61,19,0.032105263,57
2996.419702,44,58,0.43,14,0.030714286,57
2994.832037,38,52,0.53,14,0.037857143,57
2994.277799,55,88,0.88,33,0.026666667,57
2994.009007,47,69,0.51,22,0.023181818,57
2993.989881,66,88,0.41,22,0.018636364,57
2993.434587,43,73,0.91,30,0.030333333,57
2993.235474,36,58,0.73,22,0.033181818,57
2992.6251,49,65,0.5,16,0.03125,57
2991.92177,42,56,0.46,14,0.032857143,57
2991.833313,44,64,0.51,20,0.0255,57
2991.632527,39,61,0.7,22,0.031818182,57
2991.526997,37,63,0.83,26,0.031923077,57
2991.445854,48,68,0.47,20,0.0235,57
2991.231034,46,64,0.45,18,0.025,57
2990.640911,54,92,0.97,38,0.025526316,57
2990.536085,50,64,0.33,14,0.023571429,57
2990.439632,44,51,0.24,7,0.034285714,57
2990.406785,37,54,0.61,17,0.035882353,57
2990.330987,57,89,0.8,32,0.025,57
2990.323684,48,60,0.3,12,0.025,57
2989.764764,56,75,0.38,19,0.02,57
2989.764764,55,76,0.42,21,0.02,57
2989.662383,43,69,0.77,26,0.029615385,57
2989.156013,36,56,0.78,20,0.039,57
2989.104393,53,71,0.65,18,0.036111111,57
2988.611545,43,71,0.69,28,0.024642857,57
2988.513318,42,70,0.92,28,0.032857143,57
2988.499885,54,78,0.48,24,0.02,57
2988.263542,55,61,0.14,6,0.023333333,57
2987.313669,40,58,0.57,18,0.031666667,57
2987.03342,37,67,0.91,30,0.030333333,57
2986.613762,63,81,0.46,18,0.025555556,57
2986.613762,62,82,0.51,20,0.0255,57
2986.613762,60,85,0.63,25,0.0252,57
2986.613762,59,86,0.68,27,0.025185185,57
2986.473539,42,66,0.62,24,0.025833333,57
2986.044392,42,70,0.88,28,0.031428571,57
2985.647891,36,51,0.59,15,0.039333333,57
2985.377899,43,58,0.47,15,0.031333333,57
2985.205321,37,53,0.58,16,0.03625,57
2985.093138,58,88,0.75,30,0.025,57
2984.964477,42,57,0.43,15,0.028666667,57
2984.47946,40,51,0.42,11,0.038181818,57
2984.423911,43,48,0.19,5,0.038,57
2983.930808,64,83,0.38,19,0.02,57
2983.789799,39,58,0.64,19,0.033684211,57
2983.745623,38,59,0.72,21,0.034285714,57
2983.621505,38,54,0.59,16,0.036875,57
2983.516669,71,86,0.27,15,0.018,57
2983.354467,52,72,0.74,20,0.037,57
2983.30946,42,72,0.95,30,0.031666667,57
2982.740479,55,90,0.91,35,0.026,57
2982.740479,54,91,0.96,37,0.025945946,57
2982.672662,42,69,0.67,27,0.024814815,57
2982.605561,46,63,0.55,17,0.032352941,57
2982.604397,54,78,0.79,24,0.032916667,57
2982.495229,43,69,0.76,26,0.029230769,57
2982.377423,46,60,0.45,14,0.032142857,57
2982.071704,47,53,0.19,6,0.031666667,57
2981.595512,65,93,0.5,28,0.017857143,57
2981.258432,59,72,0.26,13,0.02,57
2981.132824,52,82,0.97,30,0.032333333,57
2980.457459,70,84,0.26,14,0.018571429,57
2979.944358,34,61,0.96,27,0.035555556,57
2979.846993,66,94,0.49,28,0.0175,57
2979.743232,41,51,0.38,10,0.038,57
2979.63328,49,61,0.31,12,0.025833333,57
2979.395177,63,80,0.36,17,0.021176471,57
2979.199429,43,68,0.81,25,0.0324,57
2978.037754,45,57,0.37,12,0.030833333,57
2977.764393,38,57,0.67,19,0.035263158,57
2977.762178,37,55,0.67,18,0.037222222,57
2977.743853,35,67,0.99,32,0.0309375,57
2977.675803,50,63,0.41,13,0.031538462,57
2977.455997,48,57,0.23,9,0.025555556,57
2977.243774,44,70,0.6,26,0.023076923,57
2977.096153,37,62,0.84,25,0.0336,57
2976.899524,53,62,0.24,9,0.026666667,57
2976.659378,41,49,0.29,8,0.03625,57
2976.588745,53,89,0.99,36,0.0275,57
2976.417382,54,90,0.95,36,0.026388889,57
2976.401292,54,91,0.93,37,0.025135135,57
2976.28944,39,61,0.69,22,0.031363636,57
2976.123529,44,56,0.38,12,0.031666667,57
2974.730288,54,88,0.93,34,0.027352941,57
2974.689669,50,78,0.82,28,0.029285714,57
2974.689669,49,79,0.88,30,0.029333333,57
2974.374554,34,61,0.87,27,0.032222222,57
2974.075503,53,60,0.22,7,0.031428571,57
2973.797533,41,58,0.55,17,0.032352941,57
2973.448891,49,64,0.46,15,0.030666667,57
2973.166293,44,64,0.52,20,0.026,57
2972.668456,36,65,0.96,29,0.033103448,57
2972.292706,41,55,0.48,14,0.034285714,57
2972.118667,52,76,0.7,24,0.029166667,57
2971.867328,45,58,0.43,13,0.033076923,57
2971.130293,35,58,0.8,23,0.034782609,57
2970.790251,56,85,0.82,29,0.028275862,57
2970.680082,51,77,0.76,26,0.029230769,57
2970.680082,49,80,0.9,31,0.029032258,57
2970.680082,48,81,0.96,33,0.029090909,57
2970.324105,58,83,0.7,25,0.028,57
2970.258894,43,61,0.54,18,0.03,57
2970.022243,51,81,0.61,30,0.020333333,57
2969.822494,35,60,0.95,25,0.038,57
2969.648393,47,56,0.24,9,0.026666667,57
2969.32741,48,61,0.32,13,0.024615385,57
2969.126224,37,63,0.88,26,0.033846154,57
2968.848293,55,86,0.88,31,0.028387097,57
2968.848293,54,87,0.94,33,0.028484848,57
2968.742678,38,53,0.56,15,0.037333333,57
2968.702462,53,78,0.69,25,0.0276,57
2968.582718,34,60,0.9,26,0.034615385,57
2968.038721,34,60,0.95,26,0.036538462,57
2967.912685,53,91,0.98,38,0.025789474,57
2967.620124,47,50,0.1,3,0.033333333,57
2967.586644,43,70,0.64,27,0.023703704,57
2967.550692,35,61,0.99,26,0.038076923,57
2967.173008,32,58,0.99,26,0.038076923,57
2966.760248,64,66,0.06,2,0.03,57
2966.760248,63,67,0.12,4,0.03,57
2966.760248,62,68,0.18,6,0.03,57
2966.760248,61,69,0.24,8,0.03,57
2966.727335,35,55,0.77,20,0.0385,57
2966.576534,56,75,0.57,19,0.03,57
2966.517295,38,55,0.62,17,0.036470588,57
2966.167956,71,84,0.24,13,0.018461538,57
2964.762633,52,66,0.36,14,0.025714286,57
2964.672232,54,87,0.93,33,0.028181818,57
2964.583113,36,53,0.66,17,0.038823529,57
2964.488947,67,76,0.19,9,0.021111111,57
2964.428369,40,61,0.65,21,0.030952381,57
2964.23992,70,88,0.32,18,0.017777778,57
2964.23992,67,92,0.44,25,0.0176,57
2964.088158,58,83,0.69,25,0.0276,57
2963.99999,49,83,0.95,34,0.027941176,57
2962.998832,50,82,0.88,32,0.0275,57
2962.862068,56,67,0.41,11,0.037272727,57
2962.753764,42,54,0.41,12,0.034166667,57
2962.734542,43,69,0.85,26,0.032692308,57
2962.617772,45,65,0.49,20,0.0245,57
2962.480433,57,73,0.33,16,0.020625,57
2962.376558,38,54,0.6,16,0.0375,57
2962.078097,43,66,0.58,23,0.025217391,57
2961.995446,48,75,0.66,27,0.024444444,57
2961.995446,47,76,0.71,29,0.024482759,57
2961.942005,57,84,0.75,27,0.027777778,57
2961.942005,56,85,0.81,29,0.027931034,57
2961.907811,41,51,0.35,10,0.035,57
2961.6395,52,81,0.95,29,0.032758621,57
2961.003147,45,65,0.51,20,0.0255,57
2960.381069,50,75,0.89,25,0.0356,57
2960.32592,38,56,0.69,18,0.038333333,57
2960.130729,59,82,0.64,23,0.027826087,57
2960.057139,36,65,0.9,29,0.031034483,57
2959.783875,63,82,0.48,19,0.025263158,57
2959.318334,52,60,0.26,8,0.0325,57
2959.147852,54,58,0.13,4,0.0325,57
2959.06917,53,55,0.05,2,0.025,57
2959.06917,52,56,0.1,4,0.025,57
2958.966071,65,79,0.29,14,0.020714286,57
2958.872034,46,57,0.33,11,0.03,57
2958.872034,45,58,0.39,13,0.03,57
2958.373172,40,54,0.52,14,0.037142857,57
2958.05735,36,59,0.87,23,0.037826087,57
2957.799033,42,47,0.19,5,0.038,57
2957.799033,39,50,0.42,11,0.038181818,57
2957.605235,45,70,0.74,25,0.0296,57
2957.482194,56,68,0.43,12,0.035833333,57
2957.482194,51,74,0.82,23,0.035652174,57
2957.464294,51,59,0.18,8,0.0225,57
2957.438061,32,57,0.97,25,0.0388,57
2957.382266,49,83,0.94,34,0.027647059,57
2957.36761,47,64,0.56,17,0.032941176,57
2957.223778,49,64,0.48,15,0.032,57
2957.053413,51,62,0.35,11,0.031818182,57
2956.857396,46,70,0.56,24,0.023333333,57
2956.305207,43,59,0.49,16,0.030625,57
2955.935515,36,58,0.75,22,0.034090909,57
2955.502944,44,68,0.78,24,0.0325,57
2954.893831,51,58,0.18,7,0.025714286,57
2954.831481,53,88,0.97,35,0.027714286,57
2954.813132,39,60,0.69,21,0.032857143,57
2954.519796,39,74,0.99,35,0.028285714,57
2954.349903,49,76,0.99,27,0.036666667,57
2953.638493,36,54,0.66,18,0.036666667,57
2953.638493,35,56,0.76,21,0.036190476,57
2953.638038,53,92,0.99,39,0.025384615,57
2953.091371,34,60,0.96,26,0.036923077,57
2952.927787,55,76,0.43,21,0.02047619,57
2952.752978,47,70,0.53,23,0.023043478,57
2952.626641,46,54,0.25,8,0.03125,57
2952.623371,45,67,0.52,22,0.023636364,57
2952.603996,60,81,0.58,21,0.027619048,57
2952.153538,40,52,0.42,12,0.035,57
2951.398349,53,89,0.98,36,0.027222222,57
2951.209748,43,71,0.9,28,0.032142857,57
2950.725605,39,55,0.57,16,0.035625,57
2950.64655,37,63,0.86,26,0.033076923,57
2950.465886,56,86,0.83,30,0.027666667,57
2950.45886,38,64,0.81,26,0.031153846,57
2950.421034,48,60,0.4,12,0.033333333,57
2950.31577,45,65,0.63,20,0.0315,57
2950.250084,44,66,0.72,22,0.032727273,57
2950.250084,43,67,0.79,24,0.032916667,57
2949.783828,47,65,0.42,18,0.023333333,57
2949.747222,42,73,0.99,31,0.031935484,57
2949.676269,45,63,0.46,18,0.025555556,57
2949.530077,39,50,0.41,11,0.037272727,57
2949.419049,41,61,0.66,20,0.033,57
2948.911334,36,54,0.68,18,0.037777778,57
2948.859286,53,78,0.51,25,0.0204,57
2948.596451,47,71,0.54,24,0.0225,57
2948.390438,56,71,0.53,15,0.035333333,57
2948.2631,50,65,0.35,15,0.023333333,57
2947.983659,38,63,0.71,25,0.0284,57
2947.955009,43,68,0.61,25,0.0244,57
2947.944566,38,51,0.5,13,0.038461538,57
2947.87327,40,60,0.57,20,0.0285,57
2947.657466,51,81,0.99,30,0.033,57
2947.515588,48,56,0.26,8,0.0325,57
2947.495415,47,68,0.56,21,0.026666667,57
2947.209274,51,66,0.34,15,0.022666667,57
2947.053921,46,55,0.28,9,0.031111111,57
2946.601301,58,65,0.26,7,0.037142857,57
2946.37301,40,52,0.44,12,0.036666667,57
2945.777117,37,68,0.99,31,0.031935484,57
2945.747559,52,80,0.57,28,0.020357143,57
2945.607465,36,65,0.91,29,0.03137931,57
2945.220182,51,75,0.87,24,0.03625,57
2945.082963,33,57,0.91,24,0.037916667,57
2944.129446,54,77,0.47,23,0.020434783,57
2943.458502,44,70,0.61,26,0.023461538,57
2943.197077,34,57,0.84,23,0.036521739,57
2943.150162,40,61,0.66,21,0.031428571,57
2943.026311,52,79,0.75,27,0.027777778,57
2942.882983,40,58,0.6,18,0.033333333,57
2942.823707,49,54,0.17,5,0.034,57
2942.653618,42,62,0.6,20,0.03,57
2942.375678,40,53,0.51,13,0.039230769,57
2942.224309,35,55,0.76,20,0.038,57
2942.203664,35,58,0.86,23,0.037391304,57
2942.151951,43,67,0.59,24,0.024583333,57
2942.054197,41,73,0.8,32,0.025,57
2941.874406,33,56,0.88,23,0.03826087,57
2941.630258,37,57,0.65,20,0.0325,57
2941.626501,41,68,0.7,27,0.025925926,57
2941.534003,53,92,0.98,39,0.025128205,57
2941.429588,37,58,0.76,21,0.036190476,57
2941.429588,36,59,0.84,23,0.036521739,57
2941.060942,48,65,0.54,17,0.031764706,57
2941.058824,51,64,0.3,13,0.023076923,57
2941.022546,53,79,0.53,26,0.020384615,57
2940.533461,42,64,0.59,22,0.026818182,57
2940.249106,52,76,0.85,24,0.035416667,57
2940.075205,40,51,0.39,11,0.035454545,57
2939.123164,52,73,0.64,21,0.03047619,57
2939.042353,49,60,0.36,11,0.032727273,57
2939.042353,47,62,0.49,15,0.032666667,57
2938.903086,51,64,0.31,13,0.023846154,57
2938.449949,53,76,0.8,23,0.034782609,57
2938.43733,48,64,0.52,16,0.0325,57
2937.981724,46,66,0.47,20,0.0235,57
2937.925073,37,58,0.75,21,0.035714286,57
2937.882703,33,64,0.99,31,0.031935484,57
2937.857193,41,70,0.99,29,0.034137931,57
2937.744597,50,62,0.39,12,0.0325,57
2937.536028,54,59,0.12,5,0.024,57
2937.311482,42,58,0.51,16,0.031875,57
2937.27673,47,57,0.27,10,0.027,57
2937.145438,64,79,0.39,15,0.026,57
2937.053702,38,63,0.82,25,0.0328,57
2937.053702,37,65,0.91,28,0.0325,57
2937.053702,36,66,0.98,30,0.032666667,57
2936.286245,37,57,0.66,20,0.033,57
2936.022449,52,72,0.43,20,0.0215,57
2935.858241,33,55,0.86,22,0.039090909,57
2935.847809,54,77,0.46,23,0.02,57
2935.764715,41,61,0.62,20,0.031,57
2935.710431,45,59,0.38,14,0.027142857,57
2935.394832,35,62,0.95,27,0.035185185,57
2935.330758,39,57,0.62,18,0.034444444,57
2935.021697,43,48,0.17,5,0.034,57
2934.996543,42,49,0.27,7,0.038571429,57
2934.724973,45,64,0.48,19,0.025263158,57
2934.724973,44,65,0.53,21,0.025238095,57
2934.701332,39,54,0.51,15,0.034,57
2934.658487,38,57,0.68,19,0.035789474,57
2934.403372,51,63,0.37,12,0.030833333,57
2934.26749,64,81,0.35,17,0.020588235,57
2934.180342,57,64,0.25,7,0.035714286,57
2934.174317,44,73,0.76,29,0.026206897,57
2934.163812,43,62,0.51,19,0.026842105,57
2934.162598,33,54,0.83,21,0.03952381,57
2933.762428,46,63,0.56,17,0.032941176,57
2933.474808,55,87,0.89,32,0.0278125,57
2933.467705,52,59,0.22,7,0.031428571,57
2932.708151,40,60,0.63,20,0.0315,57
2932.426926,39,55,0.6,16,0.0375,57
2932.424052,38,56,0.68,18,0.037777778,57
2932.423765,46,64,0.47,18,0.026111111,57
2932.336443,35,60,0.93,25,0.0372,57
2932.333756,57,68,0.23,11,0.020909091,57
2931.78546,37,66,0.94,29,0.032413793,57
2931.477655,50,59,0.29,9,0.032222222,57
2931.477655,48,61,0.42,13,0.032307692,57
2931.277974,65,79,0.36,14,0.025714286,57
2931.051258,37,51,0.54,14,0.038571429,57
2931.012171,44,53,0.3,9,0.033333333,57
2930.932589,40,53,0.48,13,0.036923077,57
2930.932589,38,56,0.66,18,0.036666667,57
2930.932589,37,57,0.73,20,0.0365,57
2930.562062,53,56,0.07,3,0.023333333,57
2930.300153,45,65,0.52,20,0.026,57
2930.265539,41,71,0.94,30,0.031333333,57
2930.014651,44,73,0.67,29,0.023103448,57
2930.007971,43,68,0.62,25,0.0248,57
2929.862217,46,72,0.59,26,0.022692308,57
2929.747751,55,85,0.85,30,0.028333333,57
2929.565581,37,63,0.89,26,0.034230769,57
2928.079198,39,55,0.58,16,0.03625,57
2927.964673,58,84,0.7,26,0.026923077,57
2927.960673,44,71,0.84,27,0.031111111,57
2927.915595,41,62,0.64,21,0.03047619,57
2927.898977,44,57,0.43,13,0.033076923,57
2927.898977,43,58,0.5,15,0.033333333,57
2927.762696,47,68,0.65,21,0.030952381,57
2927.697831,36,57,0.77,21,0.036666667,57
2927.660642,38,65,0.88,27,0.032592593,57
2927.385647,41,53,0.43,12,0.035833333,57
2927.385647,40,54,0.5,14,0.035714286,57
2927.385647,38,56,0.65,18,0.036111111,57
2927.099917,42,70,0.68,28,0.024285714,57
2927.024913,42,63,0.57,21,0.027142857,57
2926.926228,50,63,0.4,13,0.030769231,57
2926.860025,39,63,0.74,24,0.030833333,57
2926.681613,74,80,0.11,6,0.018333333,57
2926.533249,45,64,0.63,19,0.033157895,57
2926.52835,52,62,0.27,10,0.027,57
2926.52835,50,64,0.38,14,0.027142857,57
2926.115679,47,66,0.44,19,0.023157895,57
2926.050527,52,61,0.28,9,0.031111111,57
2925.924878,52,76,0.84,24,0.035,57
2925.455703,38,61,0.77,23,0.033478261,57
2925.132115,42,73,0.98,31,0.031612903,57
2925.05178,70,79,0.17,9,0.018888889,57
2925.009283,33,57,0.93,24,0.03875,57
2924.966838,54,88,0.96,34,0.028235294,57
2924.90641,43,65,0.55,22,0.025,57
2924.818065,45,56,0.34,11,0.030909091,57
2924.640662,44,49,0.19,5,0.038,57
2924.360197,38,59,0.71,21,0.033809524,57
2923.935353,42,58,0.5,16,0.03125,57
2923.567158,44,74,0.68,30,0.022666667,57
2923.45714,54,70,0.49,16,0.030625,57
2923.40377,54,88,0.94,34,0.027647059,57
2923.395264,42,50,0.28,8,0.035,57
2923.035805,37,62,0.82,25,0.0328,57
2922.895103,37,64,0.89,27,0.032962963,57
2922.892287,35,63,0.97,28,0.034642857,57
2922.601504,37,63,0.82,26,0.031538462,57
2922.394998,39,59,0.64,20,0.032,57
2922.086978,42,67,0.64,25,0.0256,57
2921.95853,39,64,0.81,25,0.0324,57
2921.920618,44,70,0.83,26,0.031923077,57
2921.764156,57,86,0.77,29,0.026551724,57
2921.638228,39,61,0.75,22,0.034090909,57
2921.477942,49,66,0.4,17,0.023529412,57
2921.477942,48,67,0.45,19,0.023684211,57
2921.331149,66,83,0.33,17,0.019411765,57
2921.331149,65,84,0.37,19,0.019473684,57
2921.268604,48,64,0.38,16,0.02375,57
2921.265812,44,61,0.55,17,0.032352941,57
2921.210686,54,93,0.98,39,0.025128205,57
2921.160779,43,57,0.47,14,0.033571429,57
2921.041958,58,63,0.18,5,0.036,57
2920.975225,43,72,0.9,29,0.031034483,57
2920.975225,42,74,0.98,32,0.030625,57
2920.969274,41,74,0.82,33,0.024848485,57
2920.929608,40,52,0.46,12,0.038333333,57
2920.65865,51,80,0.81,29,0.027931034,57
2920.613141,45,65,0.65,20,0.0325,57
2920.478887,38,52,0.51,14,0.036428571,57
2920.426342,62,82,0.42,20,0.021,57
2920.40227,44,54,0.31,10,0.031,57
2920.347732,40,60,0.66,20,0.033,57
2920.319019,49,66,0.45,17,0.026470588,57
2920.124254,37,57,0.78,20,0.039,57
2920.124254,36,58,0.86,22,0.039090909,57
2919.919602,38,62,0.81,24,0.03375,57
2919.84048,33,60,0.93,27,0.034444444,57
2919.819961,40,51,0.41,11,0.037272727,57
2919.038057,57,74,0.5,17,0.029411765,57
2919.038057,56,75,0.56,19,0.029473684,57
2918.860344,39,68,0.84,29,0.028965517,57
2918.822203,42,71,0.93,29,0.032068966,57
2918.523152,42,72,0.94,30,0.031333333,57
2918.449416,45,68,0.54,23,0.023478261,57
2918.423612,35,61,0.97,26,0.037307692,57
2918.315757,48,80,0.96,32,0.03,57
2918.229902,41,74,0.78,33,0.023636364,57
2918.167056,41,63,0.66,22,0.03,57
2918.038842,49,76,0.97,27,0.035925926,57
2917.938219,49,55,0.2,6,0.033333333,57
2917.921964,38,63,0.78,25,0.0312,57
2917.751049,46,57,0.3,11,0.027272727,57
2917.710622,44,56,0.4,12,0.033333333,57
2917.346902,39,52,0.49,13,0.037692308,57
2917.266074,60,82,0.59,22,0.026818182,57
2917.147302,45,54,0.29,9,0.032222222,57
2917.147212,36,65,0.98,29,0.033793103,57
2917.041646,37,55,0.7,18,0.038888889,57
2916.848898,46,58,0.39,12,0.0325,57
2916.801642,40,63,0.75,23,0.032608696,57
2916.674073,46,64,0.58,18,0.032222222,57
2916.254982,44,60,0.52,16,0.0325,57
2916.08999,57,89,0.81,32,0.0253125,57
2915.961778,51,78,0.94,27,0.034814815,57
2915.954398,50,64,0.44,14,0.031428571,57
2915.922324,53,71,0.66,18,0.036666667,57
2915.895701,41,56,0.48,15,0.032,57
2915.829015,63,79,0.41,16,0.025625,57
2915.737736,45,73,0.64,28,0.022857143,57
2915.728446,55,69,0.43,14,0.030714286,57
2915.649832,43,62,0.62,19,0.032631579,57
2915.413054,55,87,0.9,32,0.028125,57
2915.074678,34,56,0.85,22,0.038636364,57
2914.47089,43,72,0.91,29,0.03137931,57
2914.364943,38,61,0.74,23,0.032173913,57
2914.265779,42,57,0.52,15,0.034666667,57
2914.021166,42,74,0.99,32,0.0309375,57
2914.01037,56,75,0.39,19,0.020526316,57
2913.948298,62,80,0.46,18,0.025555556,57
2913.796221,40,63,0.7,23,0.030434783,57
2913.758079,44,59,0.41,15,0.027333333,57
2913.569862,46,65,0.45,19,0.023684211,57
2913.509112,36,64,0.89,28,0.031785714,57
2913.509112,35,66,0.98,31,0.031612903,57
2913.120834,44,74,0.7,30,0.023333333,57
2912.971915,48,55,0.23,7,0.032857143,57
2912.857835,44,52,0.26,8,0.0325,57
2912.68723,36,53,0.63,17,0.037058824,57
2912.568817,46,69,0.68,23,0.029565217,57
2912.270501,44,66,0.7,22,0.031818182,57
2912.225086,55,72,0.6,17,0.035294118,57
2912.036409,35,55,0.74,20,0.037,57
2911.640534,51,73,0.68,22,0.030909091,57
2911.608087,44,45,0.04,1,0.04,57
2911.608087,43,46,0.12,3,0.04,57
2911.579541,42,47,0.2,5,0.04,57
2911.578352,58,66,0.17,8,0.02125,57
2911.263828,43,61,0.49,18,0.027222222,57
2911.222394,41,53,0.45,12,0.0375,57
2911.135419,57,71,0.49,14,0.035,57
2911.075432,42,69,0.87,27,0.032222222,57
2910.826902,45,66,0.5,21,0.023809524,57
2910.779034,39,54,0.52,15,0.034666667,57
2910.640759,43,61,0.59,18,0.032777778,57
2910.454248,33,58,0.9,25,0.036,57
2910.338463,35,60,0.97,25,0.0388,57
2910.073727,36,59,0.88,23,0.03826087,57
2909.925201,51,56,0.13,5,0.026,57
2909.786272,56,90,0.85,34,0.025,57
2909.682323,47,65,0.59,18,0.032777778,57
2909.609332,35,60,0.96,25,0.0384,57
2908.782744,41,60,0.63,19,0.033157895,57
2908.782744,40,61,0.7,21,0.033333333,57
2908.747956,57,85,0.77,28,0.0275,57
2908.362993,51,89,0.99,38,0.026052632,57
2908.247872,40,54,0.53,14,0.037857143,57
2908.088221,35,59,0.87,24,0.03625,57
2907.935563,47,69,0.63,22,0.028636364,57
2907.926554,52,63,0.29,11,0.026363636,57
2907.922983,41,71,0.75,30,0.025,57
2907.775977,41,48,0.28,7,0.04,57
2907.754629,42,69,0.68,27,0.025185185,57
2907.656651,38,54,0.57,16,0.035625,57
2907.558206,39,75,0.99,36,0.0275,57
2907.351901,42,73,0.73,31,0.023548387,57
2907.317531,41,59,0.61,18,0.033888889,57
2907.317531,40,60,0.68,20,0.034,57
2907.088973,60,83,0.6,23,0.026086957,57
2907.088973,60,84,0.62,24,0.025833333,57
2907.088973,59,85,0.67,26,0.025769231,57
2906.814504,43,66,0.59,23,0.025652174,57
2906.76194,45,65,0.66,20,0.033,57
2906.76194,44,65,0.7,21,0.033333333,57
2906.671817,45,55,0.34,10,0.034,57
2906.57443,47,61,0.47,14,0.033571429,57
2906.53335,43,49,0.21,6,0.035,57
2906.418434,35,59,0.79,24,0.032916667,57
2906.00601,54,93,0.99,39,0.025384615,57
2905.927115,61,80,0.5,19,0.026315789,57
2905.859593,60,63,0.11,3,0.036666667,57
2905.859593,57,66,0.33,9,0.036666667,57
2905.859593,54,70,0.58,16,0.03625,57
2905.859593,51,73,0.8,22,0.036363636,57
2905.726982,37,66,0.89,29,0.030689655,57
2905.687693,54,69,0.33,15,0.022,57
2904.97856,44,67,0.59,23,0.025652174,57
2904.886963,31,55,0.99,24,0.04125,57
2904.483036,36,52,0.62,16,0.03875,57
2904.394637,54,91,0.97,37,0.026216216,57
2904.35826,39,54,0.54,15,0.036,57
2903.985097,50,57,0.18,7,0.025714286,57
2903.939322,45,71,0.61,26,0.023461538,57
2903.822281,56,88,0.84,32,0.02625,57
2903.662416,42,70,0.84,28,0.03,57
2903.562387,61,79,0.41,18,0.022777778,57
2903.230478,50,75,0.9,25,0.036,57
2903.130041,61,80,0.52,19,0.027368421,57
2902.912098,47,61,0.36,14,0.025714286,57
2902.87566,64,69,0.14,5,0.028,57
2902.69975,34,56,0.84,22,0.038181818,57
2902.552009,47,60,0.34,13,0.026153846,57
2902.440876,35,60,0.81,25,0.0324,57
2902.177089,53,72,0.4,19,0.021052632,57
2902.079429,42,63,0.62,21,0.02952381,57
2902.022524,42,70,0.87,28,0.031071429,57
2901.907101,43,51,0.3,8,0.0375,57
2901.784238,40,50,0.38,10,0.038,57
2901.752009,53,69,0.39,16,0.024375,57
2901.636805,60,88,0.55,28,0.019642857,57
2901.628463,68,73,0.11,5,0.022,57
2901.548784,56,67,0.34,11,0.030909091,57
2901.413002,53,60,0.17,7,0.024285714,57
2901.354808,42,63,0.69,21,0.032857143,57
2901.195563,54,87,0.86,33,0.026060606,57
2901.057715,57,88,0.79,31,0.025483871,57
2901.041067,52,70,0.44,18,0.024444444,57
2900.984255,52,80,0.83,28,0.029642857,57
2900.755032,46,62,0.41,16,0.025625,57
2900.711521,47,69,0.52,22,0.023636364,57
2900.586244,41,54,0.48,13,0.036923077,57
2900.586244,39,56,0.63,17,0.037058824,57
2900.5834,38,57,0.71,19,0.037368421,57
2900.559476,55,87,0.88,32,0.0275,57
2900.487318,42,68,0.66,26,0.025384615,57
2900.441355,34,57,0.83,23,0.036086957,57
2900.121839,43,67,0.77,24,0.032083333,57
2900.019374,41,60,0.58,19,0.030526316,57
2899.980023,45,54,0.31,9,0.034444444,57
2899.980023,44,55,0.38,11,0.034545455,57
2899.980023,43,56,0.45,13,0.034615385,57
2899.726982,46,69,0.71,23,0.030869565,57
2899.71014,50,74,0.88,24,0.036666667,57
2899.71014,49,76,0.98,27,0.036296296,57
2899.420155,47,52,0.17,5,0.034,57
2899.420155,42,58,0.54,16,0.03375,57
2899.035547,35,66,0.97,31,0.031290323,57
2898.990351,49,63,0.33,14,0.023571429,57
2898.964168,54,88,0.95,34,0.027941176,57
2898.746946,56,86,0.82,30,0.027333333,57
2898.376739,62,77,0.4,15,0.026666667,57
2898.376233,42,68,0.85,26,0.032692308,57
2898.362679,51,77,0.92,26,0.035384615,57
2898.362679,50,78,0.99,28,0.035357143,57
2898.361881,37,55,0.68,18,0.037777778,57
2898.110413,47,53,0.2,6,0.033333333,57
2897.768016,46,67,0.49,21,0.023333333,57
2897.622227,39,56,0.64,17,0.037647059,57
2897.582788,53,78,0.75,25,0.03,57
2897.579106,54,89,0.94,35,0.026857143,57
2897.503162,43,88,0.99,45,0.022,57
2897.48747,35,58,0.79,23,0.034347826,57
2897.309334,58,72,0.29,14,0.020714286,57
2897.193987,40,74,0.99,34,0.029117647,57
2896.974639,52,86,0.91,34,0.026764706,57
2896.637319,65,74,0.24,9,0.026666667,57
2896.637319,58,82,0.64,24,0.026666667,57
2896.325856,40,55,0.56,15,0.037333333,57
2895.948413,71,85,0.25,14,0.017857143,57
2895.328981,36,66,0.99,30,0.033,57
2895.328336,54,86,0.91,32,0.0284375,57
2895.29128,41,59,0.57,18,0.031666667,57
2895.279512,53,88,0.99,35,0.028285714,57
2895.181542,42,51,0.3,9,0.033333333,57
2895.090203,52,60,0.25,8,0.03125,57
2895.046337,70,87,0.33,17,0.019411765,57
2894.927501,44,60,0.53,16,0.033125,57
2894.599751,56,78,0.61,22,0.027727273,57
2894.599751,53,82,0.8,29,0.027586207,57
2894.490147,54,86,0.92,32,0.02875,57
2894.300145,47,68,0.62,21,0.02952381,57
2894.150993,58,82,0.63,24,0.02625,57
2894.144371,65,91,0.47,26,0.018076923,57
2894.062539,50,89,0.97,39,0.024871795,57
2894.034527,55,76,0.63,21,0.03,57
2893.561348,34,60,0.87,26,0.033461538,57
2893.501763,59,69,0.35,10,0.035,57
2893.501763,58,70,0.42,12,0.035,57
2893.409235,68,88,0.36,20,0.018,57
2893.408702,43,47,0.15,4,0.0375,57
2893.082842,51,57,0.2,6,0.033333333,57
2893.026511,40,66,0.84,26,0.032307692,57
2892.801861,58,67,0.19,9,0.021111111,57
2892.775162,42,71,0.95,29,0.032758621,57
2892.688551,34,57,0.88,23,0.03826087,57
2892.581378,76,78,0.04,2,0.02,57
2892.581378,75,79,0.08,4,0.02,57
2892.411525,44,61,0.47,17,0.027647059,57
2892.354495,47,52,0.16,5,0.032,57
2892.259544,33,62,0.98,29,0.033793103,57
2892.091969,43,67,0.6,24,0.025,57
2892.014326,45,66,0.63,21,0.03,57
2891.95533,35,66,0.96,31,0.030967742,57
2891.930394,49,60,0.29,11,0.026363636,57
2891.606139,36,58,0.82,22,0.037272727,57
2891.547252,71,83,0.22,12,0.018333333,57
2891.396512,53,74,0.75,21,0.035714286,57
2891.396512,52,75,0.82,23,0.035652174,57
2891.352211,47,65,0.45,18,0.025,57
2891.227685,51,74,0.83,23,0.036086957,57
2891.151596,44,72,0.82,28,0.029285714,57
2890.896065,47,68,0.5,21,0.023809524,57
2890.827837,37,64,0.91,27,0.033703704,57
2890.695931,52,90,0.98,38,0.025789474,57
2890.533396,46,66,0.64,20,0.032,57
2890.20965,41,70,0.93,29,0.032068966,57
2890.164716,67,82,0.29,15,0.019333333,57
2890.026052,54,73,0.67,19,0.035263158,57
2890.026052,53,74,0.74,21,0.035238095,57
2890.019562,43,56,0.42,13,0.032307692,57
2889.703695,56,72,0.56,16,0.035,57
2889.703695,55,73,0.63,18,0.035,57
2889.610208,48,62,0.36,14,0.025714286,57
2889.574012,37,64,0.83,27,0.030740741,57
2889.561207,42,60,0.59,18,0.032777778,57
2889.483683,41,50,0.32,9,0.035555556,57
2889.471459,53,65,0.31,12,0.025833333,57
2889.362534,53,86,0.87,33,0.026363636,57
2888.74058,41,58,0.54,17,0.031764706,57
2888.705356,38,60,0.72,22,0.032727273,57
2888.670107,59,86,0.69,27,0.025555556,57
2888.451599,42,56,0.47,14,0.033571429,57
2888.313467,58,84,0.68,26,0.026153846,57
2888.23089,43,57,0.44,14,0.031428571,57
2888.107333,58,84,0.71,26,0.027307692,57
2887.936599,35,58,0.85,23,0.036956522,57
2887.778906,42,57,0.48,15,0.032,57
2887.718076,45,49,0.15,4,0.0375,57
2887.638692,55,89,0.9,34,0.026470588,57
2887.439044,52,62,0.28,10,0.028,57
2887.18222,54,89,0.95,35,0.027142857,57
2887.156388,48,64,0.5,16,0.03125,57
2886.991536,54,77,0.69,23,0.03,57
2886.966466,52,72,0.71,20,0.0355,57
2886.894166,48,90,0.85,42,0.020238095,57
2886.717215,38,52,0.49,14,0.035,57
2886.709936,42,62,0.66,20,0.033,57
2886.648845,56,84,0.79,28,0.028214286,57
2886.648845,54,87,0.92,33,0.027878788,57
2886.648845,53,88,0.98,35,0.028,57
2886.553065,50,78,0.83,28,0.029642857,57
2886.47282,56,86,0.81,30,0.027,57
2886.430668,45,59,0.46,14,0.032857143,57
2886.351978,41,60,0.64,19,0.033684211,57
2886.014399,55,88,0.9,33,0.027272727,57
2885.981317,41,61,0.67,20,0.0335,57
2885.704174,64,94,0.59,30,0.019666667,57
2885.502822,63,76,0.35,13,0.026923077,57
2885.397839,50,67,0.39,17,0.022941176,57
2885.33183,51,81,0.89,30,0.029666667,57
2885.179241,42,51,0.32,9,0.035555556,57
2884.912355,33,61,0.97,28,0.034642857,57
2884.836004,47,65,0.57,18,0.031666667,57
2884.623679,43,66,0.75,23,0.032608696,57
2884.355516,56,84,0.65,28,0.023214286,57
2884.241255,55,85,0.86,30,0.028666667,57
2884.210655,56,87,0.84,31,0.027096774,57
2884.210655,55,89,0.91,34,0.026764706,57
2884.05105,53,72,0.58,19,0.030526316,57
2884.038846,63,95,0.63,32,0.0196875,57
2883.927325,64,92,0.57,28,0.020357143,57
2883.927325,63,93,0.61,30,0.020333333,57
2883.853896,68,81,0.25,13,0.019230769,57
2883.781852,42,69,0.81,27,0.03,57
2883.747608,50,61,0.35,11,0.031818182,57
2883.624195,61,85,0.6,24,0.025,57
2883.624195,60,86,0.65,26,0.025,57
2883.624195,59,87,0.7,28,0.025,57
2883.612863,64,87,0.44,23,0.019130435,57
2883.272337,41,73,0.76,32,0.02375,57
2883.090183,66,88,0.45,22,0.020454545,57
2882.779956,77,79,0.04,2,0.02,57
2882.779956,76,80,0.08,4,0.02,57
2882.779956,75,81,0.12,6,0.02,57
2882.779956,74,82,0.16,8,0.02,57
2882.697906,46,59,0.42,13,0.032307692,57
2882.370715,43,68,0.78,25,0.0312,57
2882.168974,43,67,0.78,24,0.0325,57
2882.163315,57,69,0.43,12,0.035833333,57
2882.163315,54,72,0.65,18,0.036111111,57
2882.12045,54,90,0.97,36,0.026944444,57
2882.092038,65,82,0.34,17,0.02,57
2882.057882,44,67,0.72,23,0.031304348,57
2882.000445,46,53,0.24,7,0.034285714,57
2881.96206,44,65,0.68,21,0.032380952,57
2881.761872,57,67,0.21,10,0.021,57
2881.68697,41,48,0.25,7,0.035714286,57
2881.671572,33,59,0.96,26,0.036923077,57
2881.442001,42,48,0.22,6,0.036666667,57
2881.360048,39,62,0.77,23,0.033478261,57
2881.201126,53,60,0.2,7,0.028571429,57
2881.08863,73,83,0.2,10,0.02,57
2881.08863,72,84,0.24,12,0.02,57
2881.08863,71,85,0.28,14,0.02,57
2880.81515,43,68,0.79,25,0.0316,57
2880.733532,47,57,0.33,10,0.033,57
2880.535178,69,88,0.37,19,0.019473684,57
2880.344362,46,67,0.65,21,0.030952381,57
2880.271601,43,60,0.47,17,0.027647059,57
2880.083155,67,79,0.3,12,0.025,57
2880.083155,66,80,0.35,14,0.025,57
2880.083155,66,81,0.37,15,0.024666667,57
2880.083155,65,82,0.42,17,0.024705882,57
2880.008098,60,82,0.57,22,0.025909091,57
2879.888297,44,67,0.55,23,0.023913043,57
2879.830708,54,70,0.34,16,0.02125,57
2879.773653,52,72,0.73,20,0.0365,57
2879.719769,44,65,0.67,21,0.031904762,57
2879.56321,39,60,0.7,21,0.033333333,57
2879.447027,61,82,0.45,21,0.021428571,57
2879.272399,67,70,0.08,3,0.026666667,57
2879.267832,53,78,0.52,25,0.0208,57
2879.211364,71,86,0.29,15,0.019333333,57
2879.06581,37,57,0.77,20,0.0385,57
2878.944781,44,74,0.71,30,0.023666667,57
2878.89156,48,61,0.35,13,0.026923077,57
2878.6647,34,59,0.85,25,0.034,57
2878.28004,44,66,0.71,22,0.032272727,57
2878.28004,43,68,0.8,25,0.032,57
2878.063777,55,71,0.57,16,0.035625,57
2877.735566,64,80,0.41,16,0.025625,57
2877.68455,64,79,0.32,15,0.021333333,57
2877.681105,41,72,0.75,31,0.024193548,57
2877.65242,59,83,0.62,24,0.025833333,57
2877.505758,45,58,0.36,13,0.027692308,57
2877.473612,67,87,0.41,20,0.0205,57
2877.149826,44,62,0.46,18,0.025555556,57
2877.114054,53,71,0.55,18,0.030555556,57
2876.871064,62,79,0.44,17,0.025882353,57
2876.644063,58,87,0.74,29,0.025517241,57
2876.496386,43,68,0.75,25,0.03,57
2876.455124,44,71,0.63,27,0.023333333,57
2876.412272,39,57,0.66,18,0.036666667,57
2876.26361,37,67,0.97,30,0.032333333,57
2876.247525,43,53,0.34,10,0.034,57
2876.117035,47,60,0.44,13,0.033846154,57
2876.097541,61,81,0.44,20,0.022,57
2875.947353,68,86,0.38,18,0.021111111,57
2875.85253,58,70,0.25,12,0.020833333,57
2875.809761,60,74,0.38,14,0.027142857,57
2875.804075,53,73,0.6,20,0.03,57
2875.758187,64,75,0.29,11,0.026363636,57
2875.700511,64,77,0.34,13,0.026153846,57
2875.683565,63,78,0.39,15,0.026,57
2875.653007,57,81,0.64,24,0.026666667,57
2875.635703,61,67,0.21,6,0.035,57
2875.635703,60,68,0.28,8,0.035,57
2875.444349,66,90,0.44,24,0.018333333,57
2875.290499,38,66,0.93,28,0.033214286,57
2875.132368,43,68,0.64,25,0.0256,57
2874.956029,37,66,0.95,29,0.032758621,57
2874.775283,50,53,0.1,3,0.033333333,57
2874.702782,37,60,0.79,23,0.034347826,57
2874.686424,41,71,0.96,30,0.032,57
2874.663687,66,90,0.48,24,0.02,57
2874.663687,65,91,0.52,26,0.02,57
2874.663687,64,92,0.56,28,0.02,57
2874.49729,73,82,0.18,9,0.02,57
2874.49729,72,83,0.22,11,0.02,57
2874.49729,71,84,0.26,13,0.02,57
2874.49729,70,85,0.3,15,0.02,57
2874.493257,69,86,0.34,17,0.02,57
2874.493257,68,87,0.38,19,0.02,57
2874.42256,42,67,0.83,25,0.0332,57
2874.305354,44,70,0.63,26,0.024230769,57
2874.03252,60,79,0.51,19,0.026842105,57
2873.712406,55,86,0.8,31,0.025806452,57
2873.698645,43,60,0.51,17,0.03,57
2873.635407,44,69,0.59,25,0.0236,57
2873.475614,65,69,0.11,4,0.0275,57
2873.475614,63,71,0.22,8,0.0275,57
2873.151201,34,58,0.89,24,0.037083333,57
2873.127341,49,80,0.91,31,0.029354839,57
2873.039115,62,93,0.64,31,0.020645161,57
2873.020861,40,74,0.85,34,0.025,57
2872.932371,38,62,0.82,24,0.034166667,57
2872.896173,51,74,0.7,23,0.030434783,57
2872.893893,45,48,0.11,3,0.036666667,57
2872.860142,50,87,0.98,37,0.026486486,57
2872.859443,55,59,0.11,4,0.0275,57
2872.859443,53,61,0.22,8,0.0275,57
2872.685804,48,68,0.52,20,0.026,57
2872.637681,54,89,0.96,35,0.027428571,57
2872.562839,56,89,0.85,33,0.025757576,57
2872.467355,39,61,0.63,22,0.028636364,57
2872.371767,41,65,0.77,24,0.032083333,57
2872.270789,37,67,0.98,30,0.032666667,57
2872.195915,41,51,0.4,10,0.04,57
2872.075627,38,63,0.79,25,0.0316,57
2871.578586,62,86,0.47,24,0.019583333,57
2871.544664,44,71,0.81,27,0.03,57
2871.327736,46,52,0.19,6,0.031666667,57
2871.279005,63,96,0.64,33,0.019393939,57
2871.279005,62,97,0.68,35,0.019428571,57
2871.279005,62,98,0.69,36,0.019166667,57
2871.279005,61,98,0.72,37,0.019459459,57
2871.265061,41,71,0.97,30,0.032333333,57
2871.091164,41,78,0.87,37,0.023513514,57
2870.956856,62,79,0.45,17,0.026470588,57
2870.82873,38,66,0.84,28,0.03,57
2870.737112,56,79,0.62,23,0.026956522,57
2870.656255,70,85,0.27,15,0.018,57
2870.611111,69,84,0.32,15,0.021333333,57
2870.496715,41,60,0.59,19,0.031052632,57
2870.100679,38,62,0.83,24,0.034583333,57
2870.092996,42,68,0.87,26,0.033461538,57
2870.03107,42,69,0.86,27,0.031851852,57
2869.874307,61,78,0.45,17,0.026470588,57
2869.863264,58,76,0.5,18,0.027777778,57
2869.830228,68,73,0.13,5,0.026,57
2869.749411,44,78,0.84,34,0.024705882,57
2869.647868,32,56,0.94,24,0.039166667,57
2869.601222,36,65,0.93,29,0.032068966,57
2869.591025,63,75,0.32,12,0.026666667,57
2869.591025,60,78,0.48,18,0.026666667,57
2869.522022,63,83,0.5,20,0.025,57
2869.521227,43,75,0.75,32,0.0234375,57
2869.482592,40,62,0.72,22,0.032727273,57
2869.288719,40,65,0.82,25,0.0328,57
2869.225124,50,77,0.98,27,0.036296296,57
2869.086674,40,70,0.98,30,0.032666667,57
2869.061952,55,82,0.73,27,0.027037037,57
2869.059665,49,68,0.44,19,0.023157895,57
2868.853727,49,62,0.33,13,0.025384615,57
2868.713963,65,75,0.26,10,0.026,57
2868.649361,57,85,0.76,28,0.027142857,57
2868.649361,55,88,0.89,33,0.026969697,57
2868.480789,32,57,0.96,25,0.0384,57
