% profit,ema1,ema2,threshold,diff,thresh / diff,ID
3563.187496,37,52,0.57,15,0.038,31
3546.304013,42,48,0.22,6,0.036666667,31
3504.741481,36,53,0.65,17,0.038235294,31
3490.58376,36,51,0.58,15,0.038666667,31
3484.121534,37,50,0.5,13,0.038461538,31
3481.705465,63,74,0.32,11,0.029090909,31
3479.266957,60,71,0.36,11,0.032727273,31
3460.420385,62,69,0.23,7,0.032857143,31
3457.995082,53,85,0.91,32,0.0284375,31
3452.266973,63,66,0.1,3,0.033333333,31
3450.257048,60,70,0.33,10,0.033,31
3445.592546,40,47,0.26,7,0.037142857,31
3440.668685,32,56,0.92,24,0.038333333,31
3434.712102,57,73,0.53,16,0.033125,31
3433.710674,52,86,0.97,34,0.028529412,31
3430.821061,52,85,0.96,33,0.029090909,31
3427.606042,39,47,0.31,8,0.03875,31
3423.165793,38,49,0.42,11,0.038181818,31
3419.93268,64,73,0.26,9,0.028888889,31
3419.93268,61,77,0.46,16,0.02875,31
3416.632957,40,46,0.23,6,0.038333333,31
3406.775152,40,49,0.34,9,0.037777778,31
3384.695642,59,79,0.58,20,0.029,31
3383.861587,38,48,0.39,10,0.039,31
3382.565392,45,54,0.31,9,0.034444444,31
3369.862568,45,53,0.28,8,0.035,31
3369.862568,44,54,0.35,10,0.035,31
3365.764507,66,72,0.17,6,0.028333333,31
3353.818219,62,76,0.4,14,0.028571429,31
3351.898368,36,51,0.57,15,0.038,31
3337.299791,61,78,0.48,17,0.028235294,31
3337.299791,60,79,0.54,19,0.028421053,31
3334.133996,41,52,0.4,11,0.036363636,31
3330.610031,62,68,0.2,6,0.033333333,31
3330.318597,60,78,0.52,18,0.028888889,31
3324.384713,42,45,0.11,3,0.036666667,31
3320.554266,57,74,0.56,17,0.032941176,31
3320.289976,48,50,0.07,2,0.035,31
3320.289976,47,51,0.14,4,0.035,31
3320.289976,46,52,0.21,6,0.035,31
3318.245858,41,46,0.19,5,0.038,31
3317.575762,56,75,0.63,19,0.033157895,31
3316.698822,57,87,0.8,30,0.026666667,31
3313.312608,44,49,0.18,5,0.036,31
3312.789099,44,55,0.38,11,0.034545455,31
3312.789099,43,56,0.45,13,0.034615385,31
3307.874614,59,72,0.43,13,0.033076923,31
3303.825269,61,69,0.27,8,0.03375,31
3303.800449,34,59,0.93,25,0.0372,31
3302.340078,39,50,0.42,11,0.038181818,31
3302.053708,59,80,0.6,21,0.028571429,31
3300.423101,37,53,0.59,16,0.036875,31
3300.034003,59,71,0.4,12,0.033333333,31
3298.48344,36,50,0.55,14,0.039285714,31
3297.415478,61,66,0.17,5,0.034,31
3295.85883,32,57,0.95,25,0.038,31
3292.324697,33,55,0.85,22,0.038636364,31
3291.925,40,52,0.45,12,0.0375,31
3287.962671,33,55,0.84,22,0.038181818,31
3287.962671,32,57,0.94,25,0.0376,31
3287.656921,35,52,0.65,17,0.038235294,31
3285.884703,38,55,0.61,17,0.035882353,31
3283.175392,58,81,0.66,23,0.028695652,31
3282.145085,58,72,0.47,14,0.033571429,31
3277.810058,34,54,0.77,20,0.0385,31
3277.796868,56,74,0.6,18,0.033333333,31
3277.451604,38,51,0.5,13,0.038461538,31
3275.375881,34,53,0.73,19,0.038421053,31
3274.819089,34,54,0.76,20,0.038,31
3274.428089,55,90,0.93,35,0.026571429,31
3274.122709,59,85,0.69,26,0.026538462,31
3274.122709,56,89,0.87,33,0.026363636,31
3274.122709,55,91,0.94,36,0.026111111,31
3269.389683,37,49,0.47,12,0.039166667,31
3269.010626,57,82,0.72,25,0.0288,31
3268.23041,51,62,0.27,11,0.024545455,31
3266.203345,39,49,0.38,10,0.038,31
3262.400455,55,84,0.81,29,0.027931034,31
3260.252284,38,54,0.58,16,0.03625,31
3259.72854,57,85,0.77,28,0.0275,31
3259.450159,63,77,0.39,14,0.027857143,31
3259.450159,60,81,0.58,21,0.027619048,31
3257.566309,32,56,0.93,24,0.03875,31
3255.061415,42,58,0.55,16,0.034375,31
3255.044202,33,59,0.96,26,0.036923077,31
3254.120895,35,55,0.75,20,0.0375,31
3251.535522,43,49,0.22,6,0.036666667,31
3251.418042,61,68,0.24,7,0.034285714,31
3250.917027,35,53,0.66,18,0.036666667,31
3250.096695,59,70,0.37,11,0.033636364,31
3249.930034,57,81,0.69,24,0.02875,31
3249.930034,54,85,0.89,31,0.028709677,31
3249.80496,56,72,0.55,16,0.034375,31
3249.126959,33,54,0.82,21,0.039047619,31
3248.890345,67,72,0.14,5,0.028,31
3248.890345,61,79,0.5,18,0.027777778,31
3246.766942,63,75,0.34,12,0.028333333,31
3246.766942,60,78,0.51,18,0.028333333,31
3246.644728,57,73,0.54,16,0.03375,31
3244.725849,55,75,0.68,20,0.034,31
3244.556573,58,84,0.71,26,0.027307692,31
3244.450401,56,74,0.61,18,0.033888889,31
3243.602308,39,49,0.36,10,0.036,31
3241.553387,54,76,0.74,22,0.033636364,31
3241.553387,53,77,0.81,24,0.03375,31
3241.2015,65,76,0.3,11,0.027272727,31
3239.457974,58,86,0.74,28,0.026428571,31
3239.148826,61,77,0.45,16,0.028125,31
3239.148826,57,82,0.7,25,0.028,31
3238.278103,42,70,0.93,28,0.033214286,31
3236.538682,38,51,0.49,13,0.037692308,31
3234.682611,62,67,0.17,5,0.034,31
3234.355428,60,80,0.56,20,0.028,31
3234.095362,50,63,0.32,13,0.024615385,31
3232.401517,36,50,0.54,14,0.038571429,31
3230.860439,33,56,0.86,23,0.037391304,31
3230.108094,54,85,0.87,31,0.028064516,31
3229.677711,60,82,0.6,22,0.027272727,31
3229.677711,59,84,0.67,25,0.0268,31
3229.677711,58,85,0.73,27,0.027037037,31
3229.609468,58,71,0.44,13,0.033846154,31
3229.609468,55,75,0.67,20,0.0335,31
3228.151407,41,59,0.62,18,0.034444444,31
3226.94484,53,87,0.92,34,0.027058824,31
3226.80541,34,59,0.92,25,0.0368,31
3225.270414,34,56,0.83,22,0.037727273,31
3223.585051,63,78,0.41,15,0.027333333,31
3223.585051,61,80,0.52,19,0.027368421,31
3223.585051,59,83,0.65,24,0.027083333,31
3222.655138,65,77,0.32,12,0.026666667,31
3222.655138,62,81,0.5,19,0.026315789,31
3222.583418,54,86,0.87,32,0.0271875,31
3221.999757,42,50,0.29,8,0.03625,31
3220.889472,35,53,0.68,18,0.037777778,31
3220.434458,35,58,0.85,23,0.036956522,31
3220.415547,46,51,0.18,5,0.036,31
3219.279568,58,80,0.63,22,0.028636364,31
3219.279568,56,83,0.77,27,0.028518519,31
3219.279568,55,84,0.83,29,0.02862069,31
3219.254206,55,84,0.82,29,0.028275862,31
3219.115432,52,88,0.98,36,0.027222222,31
3218.979179,59,79,0.57,20,0.0285,31
3218.254301,52,87,0.98,35,0.028,31
3216.506313,59,78,0.55,19,0.028947368,31
3216.330795,57,88,0.81,31,0.026129032,31
3216.029501,35,51,0.63,16,0.039375,31
3214.554092,32,57,0.96,25,0.0384,31
3213.499079,57,82,0.69,25,0.0276,31
3213.499079,56,83,0.75,27,0.027777778,31
3213.499079,53,87,0.94,34,0.027647059,31
3213.308503,57,84,0.75,27,0.027777778,31
3213.194022,37,51,0.51,14,0.036428571,31
3213.148009,64,75,0.31,11,0.028181818,31
3212.86414,40,50,0.37,10,0.037,31
3212.51461,42,47,0.19,5,0.038,31
3212.450519,68,72,0.11,4,0.0275,31
3212.450519,66,74,0.22,8,0.0275,31
3212.450519,64,76,0.33,12,0.0275,31
3212.302216,33,56,0.87,23,0.037826087,31
3210.688232,36,57,0.76,21,0.036190476,31
3210.624801,39,51,0.44,12,0.036666667,31
3210.131194,42,46,0.15,4,0.0375,31
3210.083995,34,58,0.87,24,0.03625,31
3209.488539,55,87,0.83,32,0.0259375,31
3207.86872,36,52,0.58,16,0.03625,31
3207.837556,37,57,0.71,20,0.0355,31
3207.110639,52,89,0.98,37,0.026486486,31
3206.965607,36,57,0.77,21,0.036666667,31
3206.073165,37,56,0.68,19,0.035789474,31
3205.007536,60,79,0.53,19,0.027894737,31
3204.697993,34,57,0.86,23,0.037391304,31
3203.248737,37,56,0.69,19,0.036315789,31
3202.397021,65,73,0.23,8,0.02875,31
3202.397021,64,74,0.29,10,0.029,31
3202.166942,60,83,0.61,23,0.026521739,31
3200.743193,40,48,0.3,8,0.0375,31
3200.024127,61,82,0.56,21,0.026666667,31
3199.346891,58,79,0.61,21,0.029047619,31
3199.346891,57,80,0.67,23,0.029130435,31
3199.346891,56,81,0.73,25,0.0292,31
3199.346891,56,82,0.75,26,0.028846154,31
3199.346891,55,83,0.81,28,0.028928571,31
3199.346891,54,84,0.87,30,0.029,31
3199.267176,54,89,0.9,35,0.025714286,31
3199.267176,53,91,0.97,38,0.025526316,31
3198.08936,54,91,0.99,37,0.026756757,31
3197.714486,63,79,0.43,16,0.026875,31
3197.606728,38,49,0.41,11,0.037272727,31
3197.595651,45,52,0.25,7,0.035714286,31
3196.78732,56,83,0.76,27,0.028148148,31
3196.761392,39,53,0.51,14,0.036428571,31
3194.660546,57,72,0.51,15,0.034,31
3194.252435,39,48,0.33,9,0.036666667,31
3193.850567,35,52,0.66,17,0.038823529,31
3192.725916,54,84,0.85,30,0.028333333,31
3191.8064,63,76,0.36,13,0.027692308,31
3191.575382,54,89,0.91,35,0.026,31
3191.18402,54,90,0.92,36,0.025555556,31
3191.18402,53,92,0.99,39,0.025384615,31
3191.156594,56,86,0.78,30,0.026,31
3191.156594,55,88,0.85,33,0.025757576,31
3191.156594,53,90,0.96,37,0.025945946,31
3190.560684,58,84,0.72,26,0.027692308,31
3189.257481,52,86,0.98,34,0.028823529,31
3188.901958,39,54,0.55,15,0.036666667,31
3188.288239,56,85,0.81,29,0.027931034,31
3188.266843,60,83,0.63,23,0.027391304,31
3187.967482,56,73,0.58,17,0.034117647,31
3187.93273,62,77,0.42,15,0.028,31
3187.907608,56,84,0.78,28,0.027857143,31
3187.401338,54,85,0.88,31,0.028387097,31
3187.401338,53,86,0.94,33,0.028484848,31
3185.5331,53,85,0.93,32,0.0290625,31
3184.77048,56,83,0.78,27,0.028888889,31
3184.77048,56,84,0.8,28,0.028571429,31
3184.77048,55,85,0.86,30,0.028666667,31
3184.77048,54,86,0.92,32,0.02875,31
3183.973459,67,74,0.19,7,0.027142857,31
3183.944976,56,87,0.84,31,0.027096774,31
3183.563072,36,56,0.74,20,0.037,31
3182.403596,53,86,0.93,33,0.028181818,31
3182.403596,52,87,0.99,35,0.028285714,31
3182.381035,62,80,0.51,18,0.028333333,31
3182.355701,34,54,0.73,20,0.0365,31
3182.106544,57,81,0.68,24,0.028333333,31
3182.106544,56,82,0.74,26,0.028461538,31
3180.734585,58,86,0.75,28,0.026785714,31
3180.305228,62,78,0.45,16,0.028125,31
3180.305228,57,84,0.76,27,0.028148148,31
3180.277892,63,76,0.37,13,0.028461538,31
3179.760684,59,81,0.6,22,0.027272727,31
3177.863136,54,87,0.92,33,0.027878788,31
3177.752898,59,81,0.61,22,0.027727273,31
3176.003216,53,91,0.98,38,0.025789474,31
3175.717687,71,92,0.41,21,0.01952381,31
3175.675431,60,69,0.3,9,0.033333333,31
3175.013976,54,91,0.94,37,0.025405405,31
3174.717423,52,89,0.99,37,0.026756757,31
3174.652748,54,87,0.94,33,0.028484848,31
3174.037878,38,55,0.62,17,0.036470588,31
3173.788576,36,57,0.75,21,0.035714286,31
3172.104795,55,83,0.8,28,0.028571429,31
3172.104795,54,84,0.86,30,0.028666667,31
3172.104795,53,85,0.92,32,0.02875,31
3170.93004,39,55,0.58,16,0.03625,31
3170.416033,56,89,0.88,33,0.026666667,31
3170.104735,68,98,0.56,30,0.018666667,31
3170.02189,35,58,0.83,23,0.036086957,31
3169.631136,61,79,0.49,18,0.027222222,31
3168.793478,37,54,0.62,17,0.036470588,31
3168.643262,39,51,0.45,12,0.0375,31
3167.843544,58,83,0.66,25,0.0264,31
3167.843544,58,84,0.68,26,0.026153846,31
3167.843544,57,85,0.73,28,0.026071429,31
3167.764417,58,82,0.67,24,0.027916667,31
3167.739448,55,86,0.86,31,0.027741935,31
3166.981852,55,74,0.65,19,0.034210526,31
3166.957352,41,50,0.33,9,0.036666667,31
3165.741187,57,83,0.74,26,0.028461538,31
3165.381528,60,67,0.24,7,0.034285714,31
3165.029959,54,85,0.86,31,0.027741935,31
3165.029959,53,86,0.92,33,0.027878788,31
3165.029959,53,87,0.93,34,0.027352941,31
3165.029959,52,88,0.99,36,0.0275,31
3164.911401,56,87,0.81,31,0.026129032,31
3164.884194,54,89,0.92,35,0.026285714,31
3163.693367,38,54,0.6,16,0.0375,31
3163.586121,40,52,0.44,12,0.036666667,31
3163.551669,55,86,0.87,31,0.028064516,31
3163.41738,61,82,0.57,21,0.027142857,31
3163.41738,58,86,0.76,28,0.027142857,31
3163.331564,57,86,0.82,29,0.028275862,31
3163.324514,36,53,0.64,17,0.037647059,31
3163.10409,59,80,0.59,21,0.028095238,31
3163.06086,57,83,0.72,26,0.027692308,31
3162.874902,54,88,0.9,34,0.026470588,31
3162.874902,53,89,0.96,36,0.026666667,31
3162.151345,57,88,0.82,31,0.026451613,31
3161.801873,57,86,0.75,29,0.025862069,31
3161.801873,55,89,0.87,34,0.025588235,31
3161.774692,56,87,0.8,31,0.025806452,31
3160.09311,43,70,0.87,27,0.032222222,31
3159.91812,35,55,0.74,20,0.037,31
3159.652167,56,87,0.85,31,0.027419355,31
3159.536984,61,78,0.47,17,0.027647059,31
3159.536984,58,82,0.66,24,0.0275,31
3159.536984,55,86,0.84,31,0.027096774,31
3159.536984,54,87,0.9,33,0.027272727,31
3159.010474,61,81,0.54,20,0.027,31
3158.847994,54,90,0.93,36,0.025833333,31
3158.639182,37,58,0.75,21,0.035714286,31
3158.43503,55,87,0.84,32,0.02625,31
3158.235663,34,52,0.7,18,0.038888889,31
3158.19177,35,58,0.84,23,0.036521739,31
3158.07399,41,51,0.37,10,0.037,31
3158.011062,56,88,0.86,32,0.026875,31
3157.7557,37,52,0.56,15,0.037333333,31
3157.261491,34,57,0.85,23,0.036956522,31
3155.971071,53,88,0.97,35,0.027714286,31
3155.552439,36,52,0.61,16,0.038125,31
3155.552439,35,53,0.69,18,0.038333333,31
3154.995995,40,60,0.71,20,0.0355,31
3154.875751,40,59,0.68,19,0.035789474,31
3153.922328,69,74,0.13,5,0.026,31
3153.572297,53,89,0.98,36,0.027222222,31
3153.277305,54,88,0.93,34,0.027352941,31
3153.277305,53,89,0.99,36,0.0275,31
3153.135392,58,81,0.65,23,0.02826087,31
3153.135392,57,83,0.73,26,0.028076923,31
3153.135392,56,84,0.79,28,0.028214286,31
3153.135392,55,85,0.85,30,0.028333333,31
3153.110535,55,85,0.84,30,0.028,31
3153.110535,53,88,0.98,35,0.028,31
3153.009997,55,87,0.87,32,0.0271875,31
3152.982889,57,84,0.74,27,0.027407407,31
3152.982889,56,85,0.8,29,0.027586207,31
3152.797506,56,86,0.79,30,0.026333333,31
3152.797506,55,88,0.86,33,0.026060606,31
3152.797506,53,90,0.97,37,0.026216216,31
3152.675534,35,51,0.62,16,0.03875,31
3151.405036,59,82,0.62,23,0.026956522,31
3151.089131,32,55,0.9,23,0.039130435,31
3150.253733,56,85,0.78,29,0.026896552,31
3149.493041,58,83,0.7,25,0.028,31
3149.469897,57,84,0.73,27,0.027037037,31
3149.465962,58,82,0.68,24,0.028333333,31
3149.147168,44,47,0.11,3,0.036666667,31
3148.719317,34,55,0.75,21,0.035714286,31
3148.586993,63,79,0.45,16,0.028125,31
3148.292611,65,78,0.34,13,0.026153846,31
3148.25967,56,86,0.83,30,0.027666667,31
3148.018928,55,89,0.88,34,0.025882353,31
3148.018928,53,91,0.99,38,0.026052632,31
3147.965708,62,79,0.47,17,0.027647059,31
3147.223106,39,48,0.34,9,0.037777778,31
3146.511522,66,73,0.2,7,0.028571429,31
3146.465823,57,78,0.6,21,0.028571429,31
3146.244302,55,84,0.84,29,0.028965517,31
3143.978526,37,56,0.7,19,0.036842105,31
3143.959339,36,55,0.7,19,0.036842105,31
3143.819146,36,54,0.68,18,0.037777778,31
3142.92689,54,88,0.94,34,0.027647059,31
3142.084885,60,80,0.55,20,0.0275,31
3141.732679,34,53,0.74,19,0.038947368,31
3140.838429,66,77,0.29,11,0.026363636,31
3140.215317,60,81,0.56,21,0.026666667,31
3140.215317,58,83,0.67,25,0.0268,31
3140.215317,57,85,0.74,28,0.026428571,31
3140.215317,55,87,0.85,32,0.0265625,31
3139.977072,55,91,0.95,36,0.026388889,31
3139.801692,54,87,0.87,33,0.026363636,31
3139.801692,53,89,0.94,36,0.026111111,31
3139.51508,54,86,0.91,32,0.0284375,31
3138.951068,67,99,0.6,32,0.01875,31
3138.476508,39,54,0.54,15,0.036,31
3138.221208,60,80,0.54,20,0.027,31
3138.081663,33,58,0.94,25,0.0376,31
3137.823619,34,60,0.93,26,0.035769231,31
3136.99224,66,97,0.69,31,0.022258065,31
3136.144095,33,59,0.94,26,0.036153846,31
3135.427722,39,61,0.78,22,0.035454545,31
3135.244233,37,50,0.49,13,0.037692308,31
3135.040027,60,69,0.31,9,0.034444444,31
3134.912183,56,86,0.8,30,0.026666667,31
3134.818685,38,51,0.48,13,0.036923077,31
3134.644192,34,61,0.95,27,0.035185185,31
3134.35856,35,57,0.83,22,0.037727273,31
3133.814883,62,78,0.43,16,0.026875,31
3133.814883,59,82,0.61,23,0.026521739,31
3133.809201,59,83,0.66,24,0.0275,31
3133.784918,52,90,0.99,38,0.026052632,31
3133.263988,56,71,0.52,15,0.034666667,31
3132.684257,56,86,0.81,30,0.027,31
3132.684257,54,89,0.94,35,0.026857143,31
3132.657318,58,83,0.68,25,0.0272,31
3132.657318,56,85,0.79,29,0.027241379,31
3132.657318,54,88,0.92,34,0.027058824,31
3132.6209,54,86,0.85,32,0.0265625,31
3132.535139,33,56,0.83,23,0.036086957,31
3131.837293,55,86,0.82,31,0.026451613,31
3131.837293,54,88,0.89,34,0.026176471,31
3131.124266,39,53,0.52,14,0.037142857,31
3131.073235,55,86,0.85,31,0.027419355,31
3131.073235,54,87,0.91,33,0.027575758,31
3130.653769,53,87,0.95,34,0.027941176,31
3129.333887,67,97,0.58,30,0.019333333,31
3128.836571,38,51,0.46,13,0.035384615,31
3128.469421,62,77,0.43,15,0.028666667,31
3128.219955,57,84,0.72,27,0.026666667,31
3127.990955,54,90,0.94,36,0.026111111,31
3127.964055,53,90,0.98,37,0.026486486,31
3127.180934,35,59,0.86,24,0.035833333,31
3127.136163,34,56,0.84,22,0.038181818,31
3127.071906,40,53,0.47,13,0.036153846,31
3126.86423,64,77,0.36,13,0.027692308,31
3126.86423,63,79,0.44,16,0.0275,31
3126.86423,61,81,0.55,20,0.0275,31
3126.86423,58,85,0.74,27,0.027407407,31
3126.818168,59,85,0.68,26,0.026153846,31
3126.707195,55,84,0.78,29,0.026896552,31
3126.701125,58,69,0.38,11,0.034545455,31
3126.701125,57,70,0.45,13,0.034615385,31
3126.552534,53,86,0.9,33,0.027272727,31
3125.714005,34,59,0.94,25,0.0376,31
3125.537207,61,80,0.5,19,0.026315789,31
3125.5284,36,54,0.67,18,0.037222222,31
3125.26489,51,61,0.27,10,0.027,31
3124.884766,53,88,0.93,35,0.026571429,31
3124.789768,60,84,0.62,24,0.025833333,31
3124.789768,57,88,0.8,31,0.025806452,31
3124.789768,56,89,0.85,33,0.025757576,31
3124.069771,68,96,0.54,28,0.019285714,31
3123.730618,59,82,0.64,23,0.027826087,31
3123.703754,59,81,0.62,22,0.028181818,31
3123.477483,55,88,0.87,33,0.026363636,31
3122.32749,53,87,0.91,34,0.026764706,31
3120.62224,51,85,0.99,34,0.029117647,31
3120.517255,62,82,0.52,20,0.026,31
3119.936083,54,83,0.84,29,0.028965517,31
3119.413655,33,58,0.93,25,0.0372,31
3119.181268,62,80,0.49,18,0.027222222,31
3119.181268,60,83,0.62,23,0.026956522,31
3118.578895,53,85,0.88,32,0.0275,31
3118.517733,67,77,0.26,10,0.026,31
3118.517733,63,81,0.47,18,0.026111111,31
3118.517733,63,82,0.49,19,0.025789474,31
3118.517733,62,83,0.54,21,0.025714286,31
3118.196551,37,51,0.53,14,0.037857143,31
3118.058497,53,75,0.76,22,0.034545455,31
3117.685673,56,82,0.71,26,0.027307692,31
3117.417118,54,85,0.84,31,0.027096774,31
3116.957038,53,89,0.95,36,0.026388889,31
3116.807292,67,73,0.17,6,0.028333333,31
3116.807292,65,75,0.28,10,0.028,31
3116.807292,64,76,0.34,12,0.028333333,31
3116.807292,61,79,0.51,18,0.028333333,31
3116.807292,61,80,0.53,19,0.027894737,31
3116.807292,60,81,0.59,21,0.028095238,31
3115.479553,43,56,0.46,13,0.035384615,31
3115.479553,42,57,0.53,15,0.035333333,31
3114.979173,63,77,0.4,14,0.028571429,31
3114.979173,60,80,0.57,20,0.0285,31
3114.965028,54,88,0.91,34,0.026764706,31
3114.952381,61,78,0.49,17,0.028823529,31
3114.714255,36,57,0.78,21,0.037142857,31
3114.664111,57,85,0.75,28,0.026785714,31
3114.664111,55,88,0.88,33,0.026666667,31
3114.664111,54,89,0.93,35,0.026571429,31
3114.637323,55,87,0.86,32,0.026875,31
3114.637323,53,90,0.99,37,0.026756757,31
3114.412008,38,53,0.55,15,0.036666667,31
3114.30198,55,86,0.88,31,0.028387097,31
3113.041923,55,85,0.81,30,0.027,31
3112.387143,40,48,0.31,8,0.03875,31
3111.720334,56,89,0.84,33,0.025454545,31
3111.720334,54,92,0.96,38,0.025263158,31
3110.137721,52,87,0.96,35,0.027428571,31
3109.346753,57,86,0.79,29,0.027241379,31
3109.346753,55,89,0.92,34,0.027058824,31
3109.228157,58,81,0.64,23,0.027826087,31
3109.142441,35,53,0.65,18,0.036111111,31
3109.131916,65,79,0.36,14,0.025714286,31
3109.111113,55,57,0.05,2,0.025,31
3108.431922,59,85,0.67,26,0.025769231,31
3108.417211,55,82,0.77,27,0.028518519,31
3108.417211,54,83,0.83,29,0.02862069,31
3108.249251,56,90,0.87,34,0.025588235,31
3108.23963,53,89,0.97,36,0.026944444,31
3107.915921,35,61,0.93,26,0.035769231,31
3107.738915,43,57,0.48,14,0.034285714,31
3107.491021,52,88,0.97,36,0.026944444,31
3107.319465,56,79,0.67,23,0.029130435,31
3107.109526,57,87,0.81,30,0.027,31
3106.920923,56,89,0.86,33,0.026060606,31
3106.184502,54,84,0.82,30,0.027333333,31
3105.874085,54,86,0.88,32,0.0275,31
3105.718288,52,86,0.94,34,0.027647059,31
3105.533676,53,83,0.85,30,0.028333333,31
3105.435987,62,73,0.32,11,0.029090909,31
3104.265215,38,54,0.59,16,0.036875,31
3103.753432,35,59,0.87,24,0.03625,31
3103.579693,66,78,0.31,12,0.025833333,31
3103.579693,61,84,0.59,23,0.025652174,31
3103.380261,53,86,0.95,33,0.028787879,31
3103.380261,52,86,0.99,34,0.029117647,31
3103.019643,68,77,0.23,9,0.025555556,31
3103.019643,61,85,0.61,24,0.025416667,31
3102.984966,57,84,0.71,27,0.026296296,31
3102.822535,40,49,0.32,9,0.035555556,31
3102.758989,43,69,0.86,26,0.033076923,31
3102.496745,68,73,0.14,5,0.028,31
3102.496745,66,75,0.25,9,0.027777778,31
3102.496745,65,76,0.31,11,0.028181818,31
3102.496745,63,78,0.42,15,0.028,31
3102.496745,62,80,0.5,18,0.027777778,31
3102.496745,60,82,0.61,22,0.027727273,31
3102.473406,58,87,0.74,29,0.025517241,31
3102.473406,57,88,0.79,31,0.025483871,31
3102.473406,55,91,0.91,36,0.025277778,31
3102.473406,54,92,0.97,38,0.025526316,31
3102.335629,53,84,0.9,31,0.029032258,31
3101.566642,41,45,0.15,4,0.0375,31
3100.480256,47,67,0.5,20,0.025,31
3100.152568,36,58,0.79,22,0.035909091,31
3099.795964,56,81,0.69,25,0.0276,31
3099.659687,54,92,0.98,38,0.025789474,31
3099.488566,58,77,0.54,19,0.028421053,31
3099.410454,62,64,0.07,2,0.035,31
3099.410454,61,65,0.14,4,0.035,31
3099.410454,60,66,0.21,6,0.035,31
3099.410454,54,73,0.66,19,0.034736842,31
3099.370849,59,77,0.51,18,0.028333333,31
3098.873283,54,88,0.88,34,0.025882353,31
3098.67167,58,88,0.77,30,0.025666667,31
3098.581918,61,83,0.58,22,0.026363636,31
3098.533014,38,50,0.43,12,0.035833333,31
3097.777385,62,84,0.56,22,0.025454545,31
3097.483143,60,86,0.66,26,0.025384615,31
3097.467044,58,85,0.76,27,0.028148148,31
3096.759795,67,75,0.22,8,0.0275,31
3096.069591,63,80,0.45,17,0.026470588,31
3095.682027,55,85,0.83,30,0.027666667,31
3095.538061,38,50,0.45,12,0.0375,31
3094.688768,58,78,0.58,20,0.029,31
3094.259894,55,82,0.75,27,0.027777778,31
3093.837194,58,79,0.59,21,0.028095238,31
3093.763188,56,85,0.77,29,0.026551724,31
3092.622494,57,87,0.82,30,0.027333333,31
3092.169153,41,49,0.3,8,0.0375,31
3091.949089,64,76,0.32,12,0.026666667,31
3091.623269,61,74,0.37,13,0.028461538,31
3090.807537,37,55,0.67,18,0.037222222,31
3089.835182,54,83,0.81,29,0.027931034,31
3089.835182,53,84,0.87,31,0.028064516,31
3089.612282,52,89,0.97,37,0.026216216,31
3089.3738,54,82,0.81,28,0.028928571,31
3089.3738,53,83,0.87,30,0.029,31
3089.278148,35,54,0.68,19,0.035789474,31
3089.088449,62,79,0.48,17,0.028235294,31
3089.077381,51,86,0.99,35,0.028285714,31
3088.641188,55,90,0.94,35,0.026857143,31
3088.566899,55,72,0.59,17,0.034705882,31
3088.237555,54,87,0.88,33,0.026666667,31
3088.237555,53,88,0.94,35,0.026857143,31
3087.518442,56,90,0.89,34,0.026176471,31
3087.210472,60,76,0.46,16,0.02875,31
3086.829868,43,55,0.42,12,0.035,31
3086.585118,56,83,0.73,27,0.027037037,31
3085.781829,53,84,0.89,31,0.028709677,31
3084.97599,59,80,0.58,21,0.027619048,31
3084.97599,57,83,0.71,26,0.027307692,31
3084.97599,56,84,0.77,28,0.0275,31
3084.902012,42,71,0.94,29,0.032413793,31
3084.892454,56,85,0.82,29,0.028275862,31
3084.892454,56,86,0.84,30,0.028,31
3084.892454,55,87,0.9,32,0.028125,31
3084.892454,54,88,0.96,34,0.028235294,31
3083.612033,65,98,0.74,33,0.022424242,31
3083.485932,39,49,0.4,10,0.04,31
3083.145083,34,54,0.75,20,0.0375,31
3082.789238,58,89,0.78,31,0.02516129,31
3082.6869,62,74,0.34,12,0.028333333,31
3082.549521,41,48,0.25,7,0.035714286,31
3082.421267,65,71,0.17,6,0.028333333,31
3082.250815,68,97,0.55,29,0.018965517,31
3082.094762,59,68,0.31,9,0.034444444,31
3081.884777,56,84,0.76,28,0.027142857,31
3081.874064,36,68,0.88,32,0.0275,31
3081.835374,59,84,0.69,25,0.0276,31
3081.79322,56,89,0.89,33,0.026969697,31
3081.656795,52,85,0.95,33,0.028787879,31
3081.309428,54,82,0.79,28,0.028214286,31
3081.203728,54,86,0.89,32,0.0278125,31
3081.129232,42,56,0.5,14,0.035714286,31
3080.630955,51,60,0.23,9,0.025555556,31
3080.398408,60,76,0.45,16,0.028125,31
3080.353305,34,60,0.94,26,0.036153846,31
3080.294903,56,90,0.86,34,0.025294118,31
3080.294903,54,93,0.98,39,0.025128205,31
3080.17619,52,84,0.92,32,0.02875,31
3080.061379,37,53,0.64,16,0.04,31
3079.773209,59,84,0.71,25,0.0284,31
3079.147743,53,88,0.96,35,0.027428571,31
3078.720833,57,82,0.71,25,0.0284,31
3078.696545,54,86,0.9,32,0.028125,31
3078.696545,53,87,0.96,34,0.028235294,31
3078.378046,59,84,0.7,25,0.028,31
3078.378046,57,87,0.83,30,0.027666667,31
3078.378046,56,88,0.89,32,0.0278125,31
3078.059212,57,90,0.84,33,0.025454545,31
3077.973827,58,77,0.55,19,0.028947368,31
3077.973827,57,78,0.61,21,0.029047619,31
3077.973827,56,80,0.69,24,0.02875,31
3077.973827,55,81,0.75,26,0.028846154,31
3077.508111,44,45,0.04,1,0.04,31
3077.508111,43,46,0.12,3,0.04,31
3077.450458,48,64,0.46,16,0.02875,31
3077.450458,47,65,0.52,18,0.028888889,31
3077.099139,55,83,0.77,28,0.0275,31
3077.099139,54,84,0.83,30,0.027666667,31
3076.798942,55,91,0.92,36,0.025555556,31
3076.776583,54,74,0.69,20,0.0345,31
3076.601348,34,57,0.84,23,0.036521739,31
3076.552257,60,85,0.65,25,0.026,31
3076.552257,58,87,0.76,29,0.026206897,31
3076.552257,57,89,0.83,32,0.0259375,31
3076.391524,64,77,0.35,13,0.026923077,31
3076.095529,57,87,0.84,30,0.028,31
3076.083313,63,72,0.26,9,0.028888889,31
3075.799658,56,89,0.9,33,0.027272727,31
3075.613415,56,77,0.67,21,0.031904762,31
3075.613415,54,79,0.8,25,0.032,31
3075.613415,53,80,0.87,27,0.032222222,31
3075.583601,60,83,0.64,23,0.027826087,31
3075.483635,55,90,0.91,35,0.026,31
3075.248996,65,74,0.25,9,0.027777778,31
3075.193931,38,50,0.44,12,0.036666667,31
3074.897568,59,78,0.53,19,0.027894737,31
3074.143316,57,80,0.65,23,0.02826087,31
3074.078856,69,95,0.5,26,0.019230769,31
3074.078856,67,98,0.59,31,0.019032258,31
3074.078856,66,99,0.63,33,0.019090909,31
3073.67591,58,86,0.77,28,0.0275,31
3073.67591,55,90,0.96,35,0.027428571,31
3073.536871,56,80,0.7,24,0.029166667,31
3072.904136,53,85,0.9,32,0.028125,31
3072.904136,52,86,0.96,34,0.028235294,31
3072.870329,55,92,0.96,37,0.025945946,31
3072.705988,34,52,0.71,18,0.039444444,31
3072.619642,64,78,0.39,14,0.027857143,31
3072.398764,56,80,0.68,24,0.028333333,31
3072.373391,59,84,0.68,25,0.0272,31
3071.908657,55,89,0.95,34,0.027941176,31
3071.829774,37,52,0.58,15,0.038666667,31
3071.446657,54,91,0.98,37,0.026486486,31
3071.229687,58,79,0.58,21,0.027619048,31
3071.178046,41,58,0.6,17,0.035294118,31
3070.875573,41,55,0.5,14,0.035714286,31
3070.538269,34,60,0.95,26,0.036538462,31
3070.328377,55,73,0.62,18,0.034444444,31
3070.207752,75,89,0.27,14,0.019285714,31
3069.979654,64,99,0.79,35,0.022571429,31
3069.701337,61,76,0.42,15,0.028,31
3069.631689,59,81,0.59,22,0.026818182,31
3069.46496,58,83,0.69,25,0.0276,31
3069.296699,63,73,0.28,10,0.028,31
3069.288882,53,85,0.89,32,0.0278125,31
3069.140865,55,81,0.76,26,0.029230769,31
3069.140865,54,82,0.82,28,0.029285714,31
3069.140865,53,83,0.88,30,0.029333333,31
3069.140865,52,84,0.94,32,0.029375,31
3069.032183,62,75,0.36,13,0.027692308,31
3069.032183,60,77,0.47,17,0.027647059,31
3068.535963,55,82,0.76,27,0.028148148,31
3068.535963,54,83,0.82,29,0.028275862,31
3068.513583,56,88,0.88,32,0.0275,31
3068.513583,55,89,0.94,34,0.027647059,31
3068.495816,55,90,0.95,35,0.027142857,31
3068.47708,53,79,0.85,26,0.032692308,31
3068.228517,52,81,0.94,29,0.032413793,31
3068.177757,54,89,0.97,35,0.027714286,31
3067.57411,38,65,0.75,27,0.027777778,31
3067.255606,57,79,0.64,22,0.029090909,31
3066.724313,64,71,0.2,7,0.028571429,31
3066.499057,56,81,0.71,25,0.0284,31
3065.911867,36,51,0.55,15,0.036666667,31
3065.605534,61,74,0.38,13,0.029230769,31
3065.458694,59,77,0.52,18,0.028888889,31
3065.406121,55,78,0.74,23,0.032173913,31
3064.977493,52,85,0.93,33,0.028181818,31
3064.928899,69,96,0.48,27,0.017777778,31
3064.84012,55,88,0.91,33,0.027575758,31
3064.84012,54,90,0.99,36,0.0275,31
3064.51167,58,81,0.61,23,0.026521739,31
3064.364443,35,56,0.77,21,0.036666667,31
3064.147807,58,82,0.65,24,0.027083333,31
3064.147807,57,83,0.7,26,0.026923077,31
3064.147807,55,86,0.83,31,0.026774194,31
3064.147807,54,87,0.89,33,0.026969697,31
3064.146884,53,84,0.88,31,0.028387097,31
3064.046258,40,48,0.29,8,0.03625,31
3063.741181,41,50,0.34,9,0.037777778,31
3063.654959,42,49,0.26,7,0.037142857,31
3063.637219,37,55,0.66,18,0.036666667,31
3063.427011,72,93,0.37,21,0.017619048,31
3063.40157,33,59,0.95,26,0.036538462,31
3063.27922,54,58,0.1,4,0.025,31
3063.27922,53,59,0.15,6,0.025,31
3062.948268,70,93,0.45,23,0.019565217,31
3062.753663,58,78,0.56,20,0.028,31
3062.492934,62,80,0.47,18,0.026111111,31
3062.492934,59,83,0.63,24,0.02625,31
3062.492934,58,85,0.7,27,0.025925926,31
3062.337743,60,75,0.43,15,0.028666667,31
3061.954538,59,87,0.72,28,0.025714286,31
3061.954538,56,91,0.9,35,0.025714286,31
3061.911349,42,56,0.49,14,0.035,31
3061.585172,63,77,0.38,14,0.027142857,31
3061.396529,37,60,0.81,23,0.035217391,31
3061.116537,52,87,0.97,35,0.027714286,31
3060.978983,39,47,0.3,8,0.0375,31
3060.535764,55,90,0.92,35,0.026285714,31
3060.50317,55,91,0.93,36,0.025833333,31
3060.379747,68,74,0.16,6,0.026666667,31
3059.882984,61,81,0.52,20,0.026,31
3059.053355,58,75,0.54,17,0.031764706,31
3058.777596,75,89,0.25,14,0.017857143,31
3058.651036,52,60,0.2,8,0.025,31
3058.651036,51,61,0.25,10,0.025,31
3058.547859,75,90,0.27,15,0.018,31
3058.530162,52,88,0.96,36,0.026666667,31
3058.512895,53,87,0.97,34,0.028529412,31
3058.471076,56,88,0.9,32,0.028125,31
3058.471076,55,89,0.96,34,0.028235294,31
3057.98018,43,55,0.43,12,0.035833333,31
3057.960699,57,80,0.64,23,0.027826087,31
3057.960699,56,81,0.7,25,0.028,31
3057.632369,36,54,0.73,18,0.040555556,31
3057.501262,64,80,0.45,16,0.028125,31
3057.089045,55,85,0.82,30,0.027333333,31
3057.089045,53,88,0.95,35,0.027142857,31
3056.899472,45,57,0.33,12,0.0275,31
3056.866529,64,78,0.38,14,0.027142857,31
3056.844731,54,85,0.85,31,0.027419355,31
3056.80522,62,79,0.46,17,0.027058824,31
3056.80522,60,81,0.57,21,0.027142857,31
3056.80522,58,84,0.7,26,0.026923077,31
3056.524888,49,63,0.4,14,0.028571429,31
3055.83882,52,84,0.93,32,0.0290625,31
3055.691093,55,88,0.9,33,0.027272727,31
3055.649085,60,75,0.44,15,0.029333333,31
3055.631954,58,78,0.57,20,0.0285,31
3055.631954,57,79,0.63,22,0.028636364,31
3055.180846,61,75,0.4,14,0.028571429,31
3055.124246,29,85,0.16,56,0.002857143,31
3054.976488,54,88,0.95,34,0.027941176,31
3054.919307,54,93,0.99,39,0.025384615,31
3054.599511,69,72,0.08,3,0.026666667,31
3054.599511,66,75,0.24,9,0.026666667,31
3054.45279,59,86,0.7,27,0.025925926,31
3054.364279,60,84,0.63,24,0.02625,31
3053.671032,33,55,0.83,22,0.037727273,31
3053.586269,57,79,0.62,22,0.028181818,31
3052.83708,55,81,0.74,26,0.028461538,31
3052.69532,71,95,0.42,24,0.0175,31
3052.637913,72,92,0.36,20,0.018,31
3052.498667,57,81,0.66,24,0.0275,31
3052.498667,56,82,0.72,26,0.027692308,31
3052.230115,40,60,0.7,20,0.035,31
3051.930448,56,88,0.87,32,0.0271875,31
3051.563067,59,76,0.5,17,0.029411765,31
3051.400595,47,55,0.22,8,0.0275,31
3051.26075,59,76,0.49,17,0.028823529,31
3050.578388,36,52,0.59,16,0.036875,31
3050.523193,32,55,0.89,23,0.038695652,31
3050.480894,38,50,0.48,12,0.04,31
3050.476375,56,86,0.85,30,0.028333333,31
3050.476375,55,87,0.91,32,0.0284375,31
3050.177459,69,97,0.49,28,0.0175,31
3049.799411,55,80,0.73,25,0.0292,31
3049.560788,60,81,0.55,21,0.026190476,31
3049.496328,57,85,0.78,28,0.027857143,31
3049.146337,58,74,0.52,16,0.0325,31
3049.141637,63,78,0.4,15,0.026666667,31
3049.141637,58,84,0.69,26,0.026538462,31
3049.115394,65,75,0.27,10,0.027,31
3048.846761,70,96,0.46,26,0.017692308,31
3048.769246,49,63,0.38,14,0.027142857,31
3048.663653,54,84,0.84,30,0.028,31
3048.663653,53,86,0.91,33,0.027575758,31
3048.424014,63,80,0.44,17,0.025882353,31
3048.097705,58,80,0.6,22,0.027272727,31
3047.911583,36,53,0.6,17,0.035294118,31
3046.486986,37,54,0.63,17,0.037058824,31
3046.383027,61,76,0.44,15,0.029333333,31
3046.359984,45,68,0.62,23,0.026956522,31
3046.185012,37,50,0.48,13,0.036923077,31
3046.179284,55,80,0.76,25,0.0304,31
3045.878998,38,52,0.52,14,0.037142857,31
3045.797973,56,86,0.82,30,0.027333333,31
3045.797973,54,89,0.95,35,0.027142857,31
3045.513284,59,82,0.63,23,0.027391304,31
3045.513284,57,85,0.76,28,0.027142857,31
3045.513284,55,88,0.89,33,0.026969697,31
3044.633195,59,84,0.66,25,0.0264,31
3044.591307,52,86,0.95,34,0.027941176,31
3044.400575,53,86,0.89,33,0.026969697,31
3043.988684,61,75,0.39,14,0.027857143,31
3043.987559,61,80,0.51,19,0.026842105,31
3043.565154,42,71,0.95,29,0.032758621,31
3043.123114,55,87,0.89,32,0.0278125,31
3042.708454,55,88,0.93,33,0.028181818,31
3042.656456,57,87,0.78,30,0.026,31
3042.249778,55,83,0.78,28,0.027857143,31
3041.714896,53,76,0.79,23,0.034347826,31
3040.918884,72,93,0.39,21,0.018571429,31
3040.820511,57,85,0.79,28,0.028214286,31
3040.764796,73,90,0.33,17,0.019411765,31
3040.678701,39,49,0.39,10,0.039,31
3040.377736,34,57,0.79,23,0.034347826,31
3040.253005,52,85,0.94,33,0.028484848,31
3040.17797,54,88,0.97,34,0.028529412,31
3040.174584,48,62,0.45,14,0.032142857,31
3039.633608,62,73,0.31,11,0.028181818,31
3039.435949,64,72,0.24,8,0.03,31
3039.435949,63,73,0.3,10,0.03,31
3039.435949,62,74,0.36,12,0.03,31
3039.247343,55,84,0.79,29,0.027241379,31
3039.23472,62,78,0.46,16,0.02875,31
3039.208052,60,82,0.59,22,0.026818182,31
3039.064564,45,66,0.67,21,0.031904762,31
3038.647698,54,92,0.99,38,0.026052632,31
3038.571553,62,79,0.45,17,0.026470588,31
3038.518518,57,87,0.77,30,0.025666667,31
3038.518518,56,88,0.82,32,0.025625,31
3037.814303,72,91,0.37,19,0.019473684,31
3037.608932,46,67,0.56,21,0.026666667,31
3037.377688,71,94,0.43,23,0.018695652,31
3037.348865,58,82,0.69,24,0.02875,31
3037.348865,57,84,0.77,27,0.028518519,31
3037.348865,56,85,0.83,29,0.02862069,31
3037.348865,55,86,0.89,31,0.028709677,31
3037.025881,34,99,0.05,65,0.000769231,31
3036.663688,64,78,0.37,14,0.026428571,31
3036.309936,54,89,0.98,35,0.028,31
3035.337859,54,75,0.72,21,0.034285714,31
3035.305056,59,84,0.65,25,0.026,31
3034.949196,62,78,0.44,16,0.0275,31
3034.610428,39,50,0.39,11,0.035454545,31
3034.590494,59,81,0.63,22,0.028636364,31
3034.590494,58,83,0.71,25,0.0284,31
3034.503593,54,87,0.93,33,0.028181818,31
3034.503593,53,88,0.99,35,0.028285714,31
3034.193533,35,55,0.76,20,0.038,31
3034.133304,60,74,0.41,14,0.029285714,31
3034.133304,59,75,0.47,16,0.029375,31
3033.724435,36,55,0.69,19,0.036315789,31
3033.331799,68,97,0.52,29,0.017931034,31
3033.323074,58,70,0.41,12,0.034166667,31
3033.167518,60,82,0.58,22,0.026363636,31
3033.005872,57,86,0.8,29,0.027586207,31
3032.857718,39,50,0.41,11,0.037272727,31
3032.84815,61,81,0.53,20,0.0265,31
3032.59726,35,58,0.86,23,0.037391304,31
3032.350076,39,52,0.49,13,0.037692308,31
3032.320878,54,81,0.79,27,0.029259259,31
3032.320878,53,82,0.85,29,0.029310345,31
3032.169524,36,56,0.75,20,0.0375,31
3031.64588,36,59,0.83,23,0.036086957,31
3031.530032,62,80,0.48,18,0.026666667,31
3030.98972,53,86,0.98,33,0.02969697,31
3030.92379,37,54,0.67,17,0.039411765,31
3030.791169,54,82,0.78,28,0.027857143,31
3030.746127,35,54,0.71,19,0.037368421,31
3030.672759,65,99,0.75,34,0.022058824,31
3030.36114,59,83,0.68,24,0.028333333,31
3030.198173,55,91,0.96,36,0.026666667,31
3029.922902,52,87,0.95,35,0.027142857,31
3029.725434,33,54,0.81,21,0.038571429,31
3029.648379,67,74,0.2,7,0.028571429,31
3029.098909,54,90,0.98,36,0.027222222,31
3029.028607,54,82,0.8,28,0.028571429,31
3029.028607,53,83,0.86,30,0.028666667,31
3028.937773,44,70,0.69,26,0.026538462,31
3028.474481,37,68,0.84,31,0.027096774,31
3028.288969,43,47,0.15,4,0.0375,31
3028.106151,39,66,0.93,27,0.034444444,31
3028.087482,54,89,0.99,35,0.028285714,31
3027.720739,59,83,0.64,24,0.026666667,31
3027.670944,69,73,0.11,4,0.0275,31
3027.670944,62,81,0.52,19,0.027368421,31
3027.479493,67,75,0.21,8,0.02625,31
3027.479493,63,79,0.42,16,0.02625,31
3026.957765,57,71,0.48,14,0.034285714,31
3026.31742,58,86,0.72,28,0.025714286,31
3025.557095,55,90,0.97,35,0.027714286,31
3025.269269,64,77,0.37,13,0.028461538,31
3025.269269,61,80,0.54,19,0.028421053,31
3025.269269,60,81,0.6,21,0.028571429,31
3025.242719,55,89,0.9,34,0.026470588,31
3023.972718,58,76,0.53,18,0.029444444,31
3023.972718,57,77,0.59,20,0.0295,31
3023.972718,56,78,0.65,22,0.029545455,31
3023.972718,55,79,0.71,24,0.029583333,31
3023.57063,44,69,0.67,25,0.0268,31
3023.490807,34,58,0.95,24,0.039583333,31
3023.46218,55,81,0.73,26,0.028076923,31
3023.241455,59,82,0.65,23,0.02826087,31
3022.741163,56,89,0.91,33,0.027575758,31
3022.310577,35,52,0.63,17,0.037058824,31
3022.303011,55,90,0.98,35,0.028,31
3021.30675,46,68,0.55,22,0.025,31
3021.140278,53,57,0.13,4,0.0325,31
3021.140278,51,59,0.26,8,0.0325,31
3020.943849,60,82,0.62,22,0.028181818,31
3020.804002,36,59,0.84,23,0.036521739,31
3020.348234,58,84,0.74,26,0.028461538,31
3020.116937,34,55,0.79,21,0.037619048,31
3019.986051,69,76,0.18,7,0.025714286,31
3019.986051,64,81,0.44,17,0.025882353,31
3019.332196,38,59,0.74,21,0.035238095,31
3018.911111,61,82,0.55,21,0.026190476,31
3018.75922,52,78,0.88,26,0.033846154,31
3018.404545,44,58,0.39,14,0.027857143,31
3017.621986,35,53,0.67,18,0.037222222,31
3017.515012,43,58,0.51,15,0.034,31
3017.49984,56,87,0.83,31,0.026774194,31
3017.217913,32,57,0.92,25,0.0368,31
3016.956681,57,86,0.76,29,0.026206897,31
3016.358903,33,55,0.86,22,0.039090909,31
3016.327637,33,53,0.78,20,0.039,31
3016.289803,57,81,0.71,24,0.029583333,31
3015.655063,36,53,0.67,17,0.039411765,31
3015.392426,41,56,0.53,15,0.035333333,31
3015.156173,34,58,0.88,24,0.036666667,31
3015.12096,41,65,0.8,24,0.033333333,31
3015.062701,64,80,0.42,16,0.02625,31
3015.062701,61,84,0.6,23,0.026086957,31
3014.51943,60,68,0.27,8,0.03375,31
3013.918579,38,52,0.56,14,0.04,31
3013.686733,56,88,0.83,32,0.0259375,31
3013.523121,65,78,0.35,13,0.026923077,31
3013.277756,58,76,0.52,18,0.028888889,31
3013.277756,57,77,0.58,20,0.029,31
3013.124179,42,59,0.58,17,0.034117647,31
3012.665792,48,64,0.44,16,0.0275,31
3012.220354,57,86,0.77,29,0.026551724,31
3012.066383,55,87,0.88,32,0.0275,31
3011.847574,44,69,0.68,25,0.0272,31
3011.505842,37,51,0.57,14,0.040714286,31
3011.191883,45,65,0.65,20,0.0325,31
3010.992332,35,69,0.94,34,0.027647059,31
3010.955889,36,53,0.63,17,0.037058824,31
3010.715578,63,71,0.23,8,0.02875,31
3010.202634,37,60,0.82,23,0.035652174,31
3010.1953,71,93,0.4,22,0.018181818,31
3010.155773,44,68,0.75,24,0.03125,31
3010.024529,35,60,0.88,25,0.0352,31
3009.620981,39,68,0.94,29,0.032413793,31
3009.392708,60,77,0.5,17,0.029411765,31
3009.392708,58,80,0.64,22,0.029090909,31
3009.378016,49,53,0.11,4,0.0275,31
3009.347152,61,81,0.56,20,0.028,31
3009.347152,59,83,0.67,24,0.027916667,31
3009.347152,58,84,0.73,26,0.028076923,31
3009.347152,56,87,0.86,31,0.027741935,31
3009.347152,55,88,0.92,33,0.027878788,31
3009.304428,33,53,0.79,20,0.0395,31
3009.191848,47,64,0.54,17,0.031764706,31
3009.115938,40,61,0.72,21,0.034285714,31
3008.778329,53,87,0.98,34,0.028823529,31
3008.518959,67,69,0.06,2,0.03,31
3008.43455,56,87,0.82,31,0.026451613,31
3008.43455,54,90,0.95,36,0.026388889,31
3008.236317,77,87,0.19,10,0.019,31
3007.997054,55,89,0.91,34,0.026764706,31
3007.997054,54,90,0.97,36,0.026944444,31
3007.904172,54,91,0.95,37,0.025675676,31
3007.715786,57,86,0.78,29,0.026896552,31
3007.708242,33,56,0.84,23,0.036521739,31
3007.291566,40,65,0.67,25,0.0268,31
3007.229413,40,63,0.63,23,0.027391304,31
3007.135476,53,83,0.84,30,0.028,31
3007.042729,37,52,0.53,15,0.035333333,31
3006.780127,39,59,0.7,20,0.035,31
3006.528573,67,78,0.22,11,0.02,31
3006.406906,56,82,0.78,26,0.03,31
3006.12967,66,77,0.3,11,0.027272727,31
3006.12967,64,79,0.41,15,0.027333333,31
3005.915128,60,83,0.6,23,0.026086957,31
3005.915128,58,85,0.71,27,0.026296296,31
3005.624391,62,72,0.29,10,0.029,31
3005.624391,56,79,0.66,23,0.028695652,31
3005.106689,61,81,0.57,20,0.0285,31
3004.124222,34,99,0.04,65,0.000615385,31
3004.011389,59,85,0.7,26,0.026923077,31
3003.962981,42,60,0.5,18,0.027777778,31
3003.814283,27,88,0.19,61,0.003114754,31
3003.754197,63,80,0.46,17,0.027058824,31
3003.63108,58,85,0.72,27,0.026666667,31
3002.886992,62,75,0.38,13,0.029230769,31
3002.68066,37,69,0.86,32,0.026875,31
3002.675083,57,92,0.87,35,0.024857143,31
3002.445723,34,55,0.76,21,0.036190476,31
3002.072535,34,54,0.74,20,0.037,31
3001.89692,52,85,0.97,33,0.029393939,31
3001.318045,51,83,0.95,32,0.0296875,31
3001.087898,54,90,0.96,36,0.026666667,31
3000.979817,43,54,0.39,11,0.035454545,31
3000.942417,59,76,0.48,17,0.028235294,31
3000.845076,74,89,0.29,15,0.019333333,31
3000.747555,60,86,0.67,26,0.025769231,31
3000.594835,36,55,0.75,19,0.039473684,31
3000.325971,53,83,0.9,30,0.03,31
2999.95928,42,57,0.52,15,0.034666667,31
2999.705018,34,57,0.91,23,0.039565217,31
2999.702856,60,78,0.49,18,0.027222222,31
2999.639224,76,89,0.23,13,0.017692308,31
2999.559296,79,85,0.1,6,0.016666667,31
2999.196287,43,69,0.75,26,0.028846154,31
2999.056109,59,78,0.52,19,0.027368421,31
2999.045297,43,57,0.49,14,0.035,31
2998.959213,40,65,0.86,25,0.0344,31
2998.797455,57,81,0.65,24,0.027083333,31
2998.523746,37,51,0.52,14,0.037142857,31
2998.366176,34,59,0.91,25,0.0364,31
2997.96462,65,76,0.29,11,0.026363636,31
2997.953569,66,76,0.28,10,0.028,31
2997.648765,55,85,0.79,30,0.026333333,31
2997.60015,52,84,0.96,32,0.03,31
2996.893006,63,81,0.49,18,0.027222222,31
2996.849384,61,73,0.35,12,0.029166667,31
2996.689169,36,53,0.61,17,0.035882353,31
2996.63703,38,48,0.38,10,0.038,31
2996.596841,40,66,0.88,26,0.033846154,31
2996.596841,39,67,0.95,28,0.033928571,31
2996.350367,38,58,0.73,20,0.0365,31
2996.269017,54,80,0.77,26,0.029615385,31
2996.018119,35,56,0.78,21,0.037142857,31
2995.918907,77,88,0.18,11,0.016363636,31
2995.826741,38,63,0.85,25,0.034,31
2995.784735,46,63,0.56,17,0.032941176,31
2995.653198,40,57,0.6,17,0.035294118,31
2995.412962,54,85,0.91,31,0.029354839,31
2995.327228,46,64,0.58,18,0.032222222,31
2995.17294,68,96,0.53,28,0.018928571,31
2995.119248,39,68,0.95,29,0.032758621,31
2995.000319,50,61,0.32,11,0.029090909,31
2994.725723,52,83,0.91,31,0.029354839,31
2994.721983,70,94,0.46,24,0.019166667,31
2994.721983,69,96,0.51,27,0.018888889,31
2994.606119,56,88,0.84,32,0.02625,31
2994.52021,42,60,0.13,18,0.007222222,31
2993.695959,57,82,0.67,25,0.0268,31
2993.680894,61,76,0.45,15,0.03,31
2993.614816,74,91,0.3,17,0.017647059,31
2993.459358,36,54,0.66,18,0.036666667,31
2993.27018,73,96,0.41,23,0.017826087,31
2993.092428,47,65,0.49,18,0.027222222,31
2992.431196,56,87,0.88,31,0.028387097,31
2992.431196,55,88,0.94,33,0.028484848,31
2992.388511,56,87,0.87,31,0.028064516,31
2992.15737,74,91,0.31,17,0.018235294,31
2992.079287,63,81,0.48,18,0.026666667,31
2991.848196,40,66,0.69,26,0.026538462,31
2991.717458,45,55,0.35,10,0.035,31
2991.618679,40,51,0.41,11,0.037272727,31
2991.573626,41,64,0.79,23,0.034347826,31
2991.43796,53,70,0.43,17,0.025294118,31
2991.301268,67,99,0.57,32,0.0178125,31
2990.224609,40,59,0.66,19,0.034736842,31
2989.478123,43,62,0.65,19,0.034210526,31
2989.057129,70,95,0.45,25,0.018,31
2989.057129,69,97,0.5,28,0.017857143,31
2988.69328,54,83,0.8,29,0.027586207,31
2987.81359,58,85,0.75,27,0.027777778,31
2987.81359,57,86,0.81,29,0.027931034,31
2987.621165,80,90,0.17,10,0.017,31
2987.60179,71,94,0.41,23,0.017826087,31
2987.533736,35,60,0.91,25,0.0364,31
2987.532643,68,98,0.55,30,0.018333333,31
2987.509139,40,56,0.58,16,0.03625,31
2986.877593,55,77,0.65,22,0.029545455,31
2986.861173,26,89,0.24,63,0.003809524,31
2986.852813,44,52,0.29,8,0.03625,31
2986.844274,43,68,0.8,25,0.032,31
2986.470152,67,73,0.16,6,0.026666667,31
2985.917707,39,64,0.69,25,0.0276,31
2985.44766,35,55,0.82,20,0.041,31
2985.360337,77,87,0.18,10,0.018,31
2985.256221,46,66,0.55,20,0.0275,31
2985.23334,51,84,0.96,33,0.029090909,31
2985.203296,42,54,0.43,12,0.035833333,31
2984.864119,67,98,0.58,31,0.018709677,31
2984.617308,55,83,0.76,28,0.027142857,31
2984.594591,38,56,0.65,18,0.036111111,31
2984.000979,40,73,0.95,33,0.028787879,31
2983.779368,75,95,0.34,20,0.017,31
2983.309843,53,81,0.83,28,0.029642857,31
2983.286285,52,82,0.89,30,0.029666667,31
2983.241965,51,85,0.98,34,0.028823529,31
2982.84231,37,94,0.03,57,0.000526316,31
2982.656619,68,75,0.19,7,0.027142857,31
2982.656619,62,82,0.54,20,0.027,31
2982.656619,60,84,0.65,24,0.027083333,31
2982.637973,61,77,0.43,16,0.026875,31
2982.637973,59,79,0.54,20,0.027,31
2982.633065,61,83,0.59,22,0.026818182,31
2982.44717,73,92,0.35,19,0.018421053,31
2982.095834,74,90,0.29,16,0.018125,31
2982.095834,73,92,0.34,19,0.017894737,31
2982.083676,55,89,0.93,34,0.027352941,31
2982.018731,36,55,0.72,19,0.037894737,31
2981.711411,55,89,0.89,34,0.026176471,31
2981.687928,45,68,0.66,23,0.028695652,31
2981.60404,55,78,0.68,23,0.029565217,31
2981.196094,48,53,0.14,5,0.028,31
2980.710575,35,54,0.75,19,0.039473684,31
2980.596881,75,88,0.25,13,0.019230769,31
2980.365927,57,75,0.53,18,0.029444444,31
2980.185917,57,81,0.7,24,0.029166667,31
2980.094454,70,95,0.43,25,0.0172,31
2980.03896,56,88,0.85,32,0.0265625,31
2980.011212,69,93,0.55,24,0.022916667,31
2980.011212,65,98,0.75,33,0.022727273,31
2980.011212,64,99,0.8,35,0.022857143,31
2979.925328,32,58,0.9,26,0.034615385,31
2979.530224,59,78,0.56,19,0.029473684,31
2979.530224,58,79,0.62,21,0.02952381,31
2979.397798,35,56,0.84,21,0.04,31
2978.997047,66,99,0.62,33,0.018787879,31
2978.880353,40,50,0.38,10,0.038,31
2978.664866,66,70,0.12,4,0.03,31
2978.664866,65,71,0.18,6,0.03,31
2978.339503,56,83,0.72,27,0.026666667,31
2978.081318,58,75,0.5,17,0.029411765,31
2977.303252,66,97,0.7,31,0.022580645,31
2976.957568,49,64,0.39,15,0.026,31
2976.784878,54,89,0.96,35,0.027428571,31
2976.776022,27,88,0.18,61,0.00295082,31
2976.731115,69,97,0.51,28,0.018214286,31
2976.580113,41,72,0.88,31,0.028387097,31
2976.421778,73,98,0.43,25,0.0172,31
2976.403999,60,73,0.38,13,0.029230769,31
2976.189603,53,85,0.87,32,0.0271875,31
2976.189603,52,87,0.94,35,0.026857143,31
2976.130298,32,57,0.91,25,0.0364,31
2976.109189,42,63,0.56,21,0.026666667,31
2976.075397,35,61,0.92,26,0.035384615,31
2975.913092,35,61,0.91,26,0.035,31
2975.311247,37,53,0.6,16,0.0375,31
2974.92519,51,87,0.99,36,0.0275,31
2974.923143,38,56,0.66,18,0.036666667,31
2974.25488,61,83,0.57,22,0.025909091,31
2974.232837,35,56,0.76,21,0.036190476,31
2974.12718,67,98,0.56,31,0.018064516,31
2974.028538,57,76,0.56,19,0.029473684,31
2974.028538,56,77,0.62,21,0.02952381,31
2973.564757,36,63,0.94,27,0.034814815,31
2973.489757,65,79,0.38,14,0.027142857,31
2973.240423,41,65,0.81,24,0.03375,31
2973.028593,68,97,0.54,29,0.01862069,31
2972.772627,42,70,0.88,28,0.031428571,31
2972.687275,77,86,0.17,9,0.018888889,31
2972.687275,70,94,0.45,24,0.01875,31
2972.687275,69,95,0.49,26,0.018846154,31
2972.251888,53,82,0.84,29,0.028965517,31
2972.176948,45,67,0.69,22,0.031363636,31
2972.154802,37,67,0.82,30,0.027333333,31
2971.928443,51,87,0.98,36,0.027222222,31
2971.835438,39,69,0.98,30,0.032666667,31
2971.397411,51,60,0.26,9,0.028888889,31
2971.184471,49,62,0.41,13,0.031538462,31
2970.28087,71,91,0.45,20,0.0225,31
2969.902201,36,59,0.82,23,0.035652174,31
2969.738462,51,84,0.97,33,0.029393939,31
2969.662135,44,67,0.73,23,0.03173913,31
2968.490394,64,80,0.43,16,0.026875,31
2968.490394,62,83,0.56,21,0.026666667,31
2968.490394,60,85,0.67,25,0.0268,31
2968.466948,61,84,0.61,23,0.026521739,31
2968.466948,59,86,0.72,27,0.026666667,31
2968.466948,59,87,0.74,28,0.026428571,31
2968.266467,44,60,0.43,16,0.026875,31
2968.189258,69,75,0.16,6,0.026666667,31
2968.189258,66,78,0.32,12,0.026666667,31
2968.189258,64,81,0.45,17,0.026470588,31
2967.694424,34,56,0.77,22,0.035,31
2967.643477,64,81,0.34,17,0.02,31
2967.143956,67,99,0.59,32,0.0184375,31
2966.706567,51,86,0.97,35,0.027714286,31
2966.527878,34,58,0.94,24,0.039166667,31
2966.421561,40,58,0.63,18,0.035,31
2966.364486,56,78,0.64,22,0.029090909,31
2966.364486,55,79,0.7,24,0.029166667,31
2966.358148,46,65,0.61,19,0.032105263,31
2965.803258,45,55,0.33,10,0.033,31
2965.773435,73,98,0.42,25,0.0168,31
2965.537967,60,75,0.46,15,0.030666667,31
2965.537967,58,79,0.63,21,0.03,31
2965.537967,57,79,0.67,22,0.030454545,31
2965.537967,56,79,0.71,23,0.030869565,31
2965.537967,54,83,0.88,29,0.030344828,31
2965.537967,54,84,0.9,30,0.03,31
2965.537967,53,84,0.94,31,0.030322581,31
2965.383893,44,56,0.42,12,0.035,31
2965.29874,52,83,0.96,31,0.030967742,31
2965.263561,79,84,0.09,5,0.018,31
2965.13896,80,84,0.07,4,0.0175,31
2965.13896,78,86,0.14,8,0.0175,31
2965.13896,76,88,0.21,12,0.0175,31
2965.042543,59,77,0.5,18,0.027777778,31
2965.010898,42,62,0.54,20,0.027,31
2964.886778,54,79,0.74,25,0.0296,31
2964.69954,69,95,0.47,26,0.018076923,31
2964.699376,55,80,0.72,25,0.0288,31
2964.699376,54,81,0.78,27,0.028888889,31
2964.461432,45,69,0.64,24,0.026666667,31
2964.448508,32,56,0.94,24,0.039166667,31
2964.333272,47,62,0.49,15,0.032666667,31
2964.033237,34,56,0.81,22,0.036818182,31
2963.696384,57,80,0.69,23,0.03,31
2963.696384,56,80,0.73,24,0.030416667,31
2963.696384,55,81,0.79,26,0.030384615,31
2963.083992,52,86,0.93,34,0.027352941,31
2963.038324,76,87,0.2,11,0.018181818,31
2962.81933,38,60,0.77,22,0.035,31
2961.683654,76,93,0.29,17,0.017058824,31
2961.547085,58,76,0.56,18,0.031111111,31
2961.49341,60,88,0.7,28,0.025,31
2961.024542,51,73,0.55,22,0.025,31
2961.024542,50,74,0.6,24,0.025,31
2960.792566,33,56,0.88,23,0.03826087,31
2960.712607,63,82,0.5,19,0.026315789,31
2960.684472,48,59,0.31,11,0.028181818,31
2960.661512,73,97,0.42,24,0.0175,31
2960.661512,71,99,0.49,28,0.0175,31
2960.521398,46,67,0.6,21,0.028571429,31
2960.452878,38,50,0.47,12,0.039166667,31
2960.452878,36,53,0.66,17,0.038823529,31
2960.404342,40,66,0.87,26,0.033461538,31
2960.244693,38,69,0.82,31,0.026451613,31
2960.0522,53,84,0.86,31,0.027741935,31
2960.0522,52,85,0.92,33,0.027878788,31
2960.0522,51,86,0.98,35,0.028,31
2959.964054,40,63,0.77,23,0.033478261,31
2959.863689,31,56,0.99,25,0.0396,31
2959.824961,62,81,0.51,19,0.026842105,31
2959.824961,60,84,0.64,24,0.026666667,31
2959.809433,40,62,0.74,22,0.033636364,31
2959.135497,57,81,0.72,24,0.03,31
2959.05825,75,97,0.37,22,0.016818182,31
2958.709506,63,82,0.38,19,0.02,31
2958.633947,56,76,0.59,20,0.0295,31
2958.391184,52,72,0.5,20,0.025,31
2958.226067,60,87,0.68,27,0.025185185,31
2958.226067,59,88,0.73,29,0.025172414,31
2957.699506,57,87,0.79,30,0.026333333,31
2957.699506,54,91,0.97,37,0.026216216,31
2957.689824,53,81,0.82,28,0.029285714,31
2957.442234,73,91,0.34,18,0.018888889,31
2957.442234,70,95,0.47,25,0.0188,31
2957.162625,56,80,0.67,24,0.027916667,31
2957.024044,58,88,0.78,30,0.026,31
2956.889111,33,58,0.95,25,0.038,31
2956.789383,68,98,0.53,30,0.017666667,31
2955.966767,58,80,0.65,22,0.029545455,31
2955.829381,77,95,0.3,18,0.016666667,31
2955.777415,54,91,0.96,37,0.025945946,31
2955.146313,62,72,0.31,10,0.031,31
2955.117627,65,72,0.19,7,0.027142857,31
2954.965901,52,83,0.9,31,0.029032258,31
2954.897018,52,85,0.91,33,0.027575758,31
2954.376973,44,55,0.39,11,0.035454545,31
2953.895076,52,88,0.95,36,0.026388889,31
2953.875028,39,61,0.75,22,0.034090909,31
2953.679011,54,80,0.81,26,0.031153846,31
2953.67763,57,88,0.83,31,0.026774194,31
2953.640191,53,87,0.9,34,0.026470588,31
2953.569277,39,62,0.78,23,0.033913043,31
2953.458936,55,90,0.9,35,0.025714286,31
2952.958965,36,69,0.9,33,0.027272727,31
2952.764825,72,92,0.38,20,0.019,31
2952.764825,71,93,0.42,22,0.019090909,31
2952.761892,59,75,0.46,16,0.02875,31
2952.652681,34,58,0.89,24,0.037083333,31
2951.923586,52,84,0.91,32,0.0284375,31
2951.923224,50,60,0.32,10,0.032,31
2951.609401,81,88,0.12,7,0.017142857,31
2951.558053,36,54,0.63,18,0.035,31
2951.39751,36,58,0.82,22,0.037272727,31
2951.252455,35,97,0.04,62,0.000645161,31
2951.178462,39,63,0.67,24,0.027916667,31
2951.177647,36,54,0.64,18,0.035555556,31
2951.168372,31,56,0.98,25,0.0392,31
2951.145344,59,76,0.52,17,0.030588235,31
2951.145344,58,77,0.58,19,0.030526316,31
2950.928131,36,62,0.91,26,0.035,31
2950.571703,48,55,0.19,7,0.027142857,31
2950.451155,40,78,0.83,38,0.021842105,31
2950.325834,73,88,0.34,15,0.022666667,31
2950.325834,69,93,0.54,24,0.0225,31
2949.918429,35,54,0.72,19,0.037894737,31
2949.918154,59,74,0.44,15,0.029333333,31
2949.906364,42,58,0.56,16,0.035,31
2949.906364,41,59,0.63,18,0.035,31
2949.873747,72,89,0.4,17,0.023529412,31
2949.819116,43,63,0.66,20,0.033,31
2949.719752,75,88,0.24,13,0.018461538,31
2949.700496,72,98,0.44,26,0.016923077,31
2949.592079,74,90,0.3,16,0.01875,31
2949.515603,55,90,0.89,35,0.025428571,31
2949.465357,59,85,0.71,26,0.027307692,31
2949.393966,64,79,0.39,15,0.026,31
2949.347175,60,85,0.64,25,0.0256,31
2949.347175,59,87,0.71,28,0.025357143,31
2948.94315,44,56,0.4,12,0.033333333,31
2948.625197,63,82,0.51,19,0.026842105,31
2948.605814,50,61,0.28,11,0.025454545,31
2948.570356,49,62,0.38,13,0.029230769,31
2948.011186,65,77,0.33,12,0.0275,31
2947.87527,39,67,0.94,28,0.033571429,31
2947.598464,41,57,0.56,16,0.035,31
2947.446083,54,80,0.76,26,0.029230769,31
2947.390365,41,47,0.22,6,0.036666667,31
2947.014837,55,82,0.82,27,0.03037037,31
2946.697067,55,83,0.85,28,0.030357143,31
2946.66721,48,60,0.4,12,0.033333333,31
2946.625964,39,60,0.73,21,0.034761905,31
2946.510458,58,86,0.73,28,0.026071429,31
2946.361889,26,90,0.18,64,0.0028125,31
2946.22955,41,63,0.6,22,0.027272727,31
2946.156558,40,53,0.44,13,0.033846154,31
2946.066582,44,53,0.32,9,0.035555556,31
2945.938066,39,68,0.97,29,0.033448276,31
2945.375248,37,53,0.56,16,0.035,31
2945.227442,35,57,0.85,22,0.038636364,31
2945.005548,56,82,0.77,26,0.029615385,31
2945.005548,55,83,0.83,28,0.029642857,31
2944.609625,77,84,0.16,7,0.022857143,31
2944.609625,70,92,0.5,22,0.022727273,31
2944.609625,67,96,0.65,29,0.022413793,31
2944.515216,53,82,0.89,29,0.030689655,31
2944.462566,57,88,0.64,31,0.020645161,31
2944.415261,46,66,0.59,20,0.0295,31
2944.324621,44,59,0.41,15,0.027333333,31
2944.225439,43,60,0.47,17,0.027647059,31
2944.136593,34,55,0.8,21,0.038095238,31
2943.801402,54,84,0.91,30,0.030333333,31
2943.666279,67,77,0.27,10,0.027,31
2943.631364,36,51,0.56,15,0.037333333,31
2943.328652,39,51,0.47,12,0.039166667,31
2943.109073,57,89,0.88,32,0.0275,31
2942.985377,44,68,0.68,24,0.028333333,31
2942.915608,39,54,0.51,15,0.034,31
2942.803767,52,83,0.95,31,0.030645161,31
2942.42052,49,55,0.16,6,0.026666667,31
2942.213607,40,67,0.88,27,0.032592593,31
2942.012816,39,68,0.96,29,0.033103448,31
2941.97479,49,60,0.36,11,0.032727273,31
2941.865323,39,66,0.73,27,0.027037037,31
2941.47909,37,63,0.89,26,0.034230769,31
2941.343491,38,66,0.77,28,0.0275,31
2941.102294,52,82,0.88,30,0.029333333,31
2940.970778,75,89,0.26,14,0.018571429,31
2940.874819,50,62,0.3,12,0.025,31
2940.714686,76,87,0.21,11,0.019090909,31
2940.453396,51,86,0.96,35,0.027428571,31
2940.394751,59,86,0.69,27,0.025555556,31
2940.373006,43,71,0.79,28,0.028214286,31
2940.373006,42,72,0.85,30,0.028333333,31
2940.369781,65,77,0.34,12,0.028333333,31
2940.33551,69,96,0.47,27,0.017407407,31
2940.265231,55,74,0.64,19,0.033684211,31
2940.245614,70,73,0.08,3,0.026666667,31
2940.245614,65,79,0.37,14,0.026428571,31
2939.808911,42,63,0.72,21,0.034285714,31
2939.795401,66,79,0.26,13,0.02,31
2939.795401,65,80,0.3,15,0.02,31
2939.684477,42,64,0.73,22,0.033181818,31
2939.574868,57,78,0.65,21,0.030952381,31
2939.49584,36,63,0.93,27,0.034444444,31
2939.368397,57,91,0.85,34,0.025,31
2939.265766,59,73,0.41,14,0.029285714,31
2939.042306,38,52,0.55,14,0.039285714,31
2939.025989,58,87,0.77,29,0.026551724,31
2938.764195,52,86,0.92,34,0.027058824,31
2938.613038,71,93,0.41,22,0.018636364,31
2938.593197,36,61,0.9,25,0.036,31
2938.240607,39,52,0.48,13,0.036923077,31
2938.16143,78,86,0.15,8,0.01875,31
2938.132218,47,66,0.49,19,0.025789474,31
2937.876051,66,98,0.63,32,0.0196875,31
2937.843947,37,49,0.46,12,0.038333333,31
2937.5638,49,59,0.33,10,0.033,31
2937.500354,38,62,0.82,24,0.034166667,31
2937.04813,53,86,0.97,33,0.029393939,31
2936.715902,36,55,0.71,19,0.037368421,31
2936.658776,37,57,0.73,20,0.0365,31
2936.36928,58,79,0.64,21,0.03047619,31
2936.05717,34,62,0.99,28,0.035357143,31
2935.918864,36,59,0.85,23,0.036956522,31
2935.699785,61,86,0.63,25,0.0252,31
2935.660464,39,65,0.71,26,0.027307692,31
2935.617786,59,75,0.5,16,0.03125,31
2935.34872,55,83,0.84,28,0.03,31
2934.969224,39,92,0.04,53,0.000754717,31
2934.747844,51,83,0.92,32,0.02875,31
2934.39398,56,92,0.91,36,0.025277778,31
2934.195531,74,90,0.28,16,0.0175,31
2934.195531,71,94,0.4,23,0.017391304,31
2934.085512,58,80,0.62,22,0.028181818,31
2934.051432,60,85,0.54,25,0.0216,31
2933.998047,42,43,0.04,1,0.04,31
2933.998047,41,44,0.12,3,0.04,31
2933.998047,40,45,0.2,5,0.04,31
2933.943397,45,54,0.32,9,0.035555556,31
2933.756021,64,74,0.28,10,0.028,31
2933.447828,41,48,0.26,7,0.037142857,31
2933.241485,41,58,0.59,17,0.034705882,31
2933.232282,48,65,0.44,17,0.025882353,31
2932.574643,67,76,0.24,9,0.026666667,31
2932.574643,64,79,0.4,15,0.026666667,31
2932.372461,47,66,0.51,19,0.026842105,31
2932.28679,61,76,0.41,15,0.027333333,31
2932.136235,36,56,0.73,20,0.0365,31
2932.107945,44,69,0.71,25,0.0284,31
2932.089568,40,56,0.57,16,0.035625,31
2932.033709,63,74,0.3,11,0.027272727,31
2931.963072,60,86,0.68,26,0.026153846,31
2931.726367,37,62,0.87,25,0.0348,31
2931.668903,40,48,0.32,8,0.04,31
2931.663011,34,59,0.9,25,0.036,31
2931.384387,67,98,0.57,31,0.018387097,31
2931.023728,54,78,0.71,24,0.029583333,31
2930.913005,53,81,0.8,28,0.028571429,31
2930.68376,55,93,0.96,38,0.025263158,31
2930.644725,68,74,0.17,6,0.028333333,31
2930.560888,66,77,0.24,11,0.021818182,31
2930.44875,38,67,0.79,29,0.027241379,31
2930.016487,77,93,0.27,16,0.016875,31
2929.987149,53,85,0.96,32,0.03,31
2929.89513,40,64,0.65,24,0.027083333,31
2929.682059,78,85,0.13,7,0.018571429,31
2929.597744,76,88,0.23,12,0.019166667,31
2929.173262,58,87,0.75,29,0.025862069,31
2929.06526,69,97,0.48,28,0.017142857,31
2928.950798,45,61,0.42,16,0.02625,31
2928.894966,44,66,0.71,22,0.032272727,31
2928.894586,46,53,0.24,7,0.034285714,31
2928.853277,68,94,0.6,26,0.023076923,31
2928.756436,51,85,0.95,34,0.027941176,31
2928.724082,42,51,0.33,9,0.036666667,31
2928.632338,75,90,0.26,15,0.017333333,31
2928.618405,52,71,0.48,19,0.025263158,31
2928.577014,41,62,0.58,21,0.027619048,31
2928.256329,73,99,0.44,26,0.016923077,31
2928.166922,56,81,0.75,25,0.03,31
2928.166922,55,82,0.81,27,0.03,31
2927.840039,57,80,0.71,23,0.030869565,31
2927.840039,54,84,0.92,30,0.030666667,31
2927.840039,53,85,0.99,32,0.0309375,31
2927.279473,43,58,0.42,15,0.028,31
2927.139525,61,82,0.59,21,0.028095238,31
2926.531737,35,67,0.91,32,0.0284375,31
2926.456391,50,84,0.98,34,0.028823529,31
2926.437489,61,82,0.58,21,0.027619048,31
2926.340869,74,92,0.31,18,0.017222222,31
2926.274287,66,79,0.34,13,0.026153846,31
2926.167692,57,90,0.83,33,0.025151515,31
2925.852631,51,83,0.94,32,0.029375,31
2925.669124,52,82,0.86,30,0.028666667,31
2925.496932,39,53,0.53,14,0.037857143,31
2925.496932,38,54,0.61,16,0.038125,31
2925.438732,61,75,0.42,14,0.03,31
2925.438732,60,76,0.48,16,0.03,31
2925.438732,59,77,0.54,18,0.03,31
2925.438732,58,78,0.6,20,0.03,31
2925.415877,61,72,0.32,11,0.029090909,31
2925.282274,55,77,0.72,22,0.032727273,31
2925.16709,54,82,0.77,28,0.0275,31
2925.072931,52,83,0.87,31,0.028064516,31
2924.928042,34,56,0.82,22,0.037272727,31
2924.512957,69,96,0.53,27,0.01962963,31
2924.361414,43,70,0.77,27,0.028518519,31
2923.755531,46,65,0.6,19,0.031578947,31
2923.682346,66,99,0.61,33,0.018484848,31
2923.586698,46,59,0.44,13,0.033846154,31
2923.586698,45,60,0.51,15,0.034,31
2923.552965,75,96,0.36,21,0.017142857,31
2923.211128,59,86,0.55,27,0.02037037,31
2923.014037,37,66,0.81,29,0.027931034,31
2922.970974,36,64,0.96,28,0.034285714,31
2922.967683,47,63,0.51,16,0.031875,31
2922.913812,60,77,0.51,17,0.03,31
2922.913812,59,78,0.57,19,0.03,31
2922.700504,58,88,0.79,30,0.026333333,31
2922.628405,50,85,0.99,35,0.028285714,31
2922.551847,33,61,0.99,28,0.035357143,31
2921.926887,59,89,0.75,30,0.025,31
2921.926887,58,90,0.8,32,0.025,31
2921.926887,56,93,0.92,37,0.024864865,31
2921.811872,62,82,0.53,20,0.0265,31
2921.811872,60,85,0.66,25,0.0264,31
2921.811872,59,86,0.71,27,0.026296296,31
2921.809174,39,67,0.75,28,0.026785714,31
2921.763545,55,82,0.84,27,0.031111111,31
2921.6618,38,61,0.79,23,0.034347826,31
2921.231942,70,95,0.44,25,0.0176,31
2921.178043,54,78,0.79,24,0.032916667,31
2921.074534,26,89,0.25,63,0.003968254,31
2921.040605,55,76,0.7,21,0.033333333,31
2921.040605,53,79,0.86,26,0.033076923,31
2921.040605,52,80,0.93,28,0.033214286,31
2920.911864,38,61,0.8,23,0.034782609,31
2920.800675,66,78,0.26,12,0.021666667,31
2920.449929,51,88,0.99,37,0.026756757,31
2920.370468,60,85,0.51,25,0.0204,31
2920.280914,76,90,0.24,14,0.017142857,31
2920.107047,75,86,0.25,11,0.022727273,31
2920.019796,34,62,0.98,28,0.035,31
2919.962932,55,80,0.71,25,0.0284,31
2919.73605,73,91,0.32,18,0.017777778,31
2919.58785,35,55,0.71,20,0.0355,31
2919.457003,61,83,0.6,22,0.027272727,31
2919.454575,58,88,0.76,30,0.025333333,31
2919.454575,56,91,0.88,35,0.025142857,31
2919.407028,67,95,0.65,28,0.023214286,31
2919.250945,55,85,0.8,30,0.026666667,31
2919.159752,60,77,0.49,17,0.028823529,31
2918.825803,46,67,0.57,21,0.027142857,31
2918.820422,42,61,0.52,19,0.027368421,31
2918.291775,40,47,0.27,7,0.038571429,31
2917.920709,45,65,0.64,20,0.032,31
2917.898454,36,52,0.6,16,0.0375,31
2917.865273,65,72,0.2,7,0.028571429,31
2917.813575,44,61,0.58,17,0.034117647,31
2917.719739,40,67,0.89,27,0.032962963,31
2917.459852,37,55,0.69,18,0.038333333,31
2916.86163,39,79,0.88,40,0.022,31
2916.470143,41,47,0.23,6,0.038333333,31
2916.424082,43,70,0.81,27,0.03,31
2916.363383,51,84,0.93,33,0.028181818,31
2916.280255,70,98,0.51,28,0.018214286,31
2915.839165,39,70,0.99,31,0.031935484,31
2915.692391,53,81,0.88,28,0.031428571,31
2915.563736,71,97,0.47,26,0.018076923,31
2915.46407,71,99,0.47,28,0.016785714,31
2915.251605,67,97,0.57,30,0.019,31
2914.921928,72,94,0.41,22,0.018636364,31
2914.710114,38,60,0.76,22,0.034545455,31
2914.541399,38,94,0.04,56,0.000714286,31
2914.505948,54,85,0.83,31,0.026774194,31
2913.727617,36,58,0.81,22,0.036818182,31
2913.648386,39,69,0.97,30,0.032333333,31
2913.406666,78,91,0.22,13,0.016923077,31
2913.144347,34,57,0.87,23,0.037826087,31
2913.101476,76,88,0.2,12,0.016666667,31
2913.101476,73,91,0.3,18,0.016666667,31
2912.748429,33,58,0.92,25,0.0368,31
2912.476341,45,51,0.22,6,0.036666667,31
2912.423743,39,80,0.89,41,0.021707317,31
2912.132627,58,74,0.47,16,0.029375,31
2912.100981,35,60,0.92,25,0.0368,31
2912.085672,60,83,0.65,23,0.02826087,31
2911.812955,58,80,0.59,22,0.026818182,31
2911.812955,56,82,0.7,26,0.026923077,31
2911.688327,68,76,0.21,8,0.02625,31
2911.415389,34,57,0.93,23,0.040434783,31
2911.289572,77,96,0.3,19,0.015789474,31
2911.285029,59,69,0.34,10,0.034,31
2911.048166,47,61,0.39,14,0.027857143,31
2910.698161,60,74,0.4,14,0.028571429,31
2910.692459,32,58,0.97,26,0.037307692,31
2910.359422,74,89,0.31,15,0.020666667,31
2909.96982,35,99,0.14,64,0.0021875,31
2909.944847,40,70,0.96,30,0.032,31
2909.935904,65,70,0.14,5,0.028,31
2909.787956,63,74,0.31,11,0.028181818,31
2909.638458,33,60,0.99,27,0.036666667,31
2909.580428,36,98,0.13,62,0.002096774,31
2909.462925,59,79,0.59,20,0.0295,31
2909.301123,50,83,0.98,33,0.02969697,31
2909.057241,61,74,0.4,13,0.030769231,31
2908.542945,48,63,0.48,15,0.032,31
2908.509358,54,86,0.84,32,0.02625,31
2908.452583,35,56,0.79,21,0.037619048,31
2908.197493,57,89,0.84,32,0.02625,31
2908.197493,56,91,0.91,35,0.026,31
2908.171717,42,66,0.8,24,0.033333333,31
2908.149495,52,81,0.93,29,0.032068966,31
2907.950134,71,96,0.46,25,0.0184,31
2907.925257,59,87,0.73,28,0.026071429,31
2907.881157,42,48,0.23,6,0.038333333,31
2907.594008,31,56,0.97,25,0.0388,31
2907.5077,55,92,0.94,37,0.025405405,31
2907.251086,70,94,0.44,24,0.018333333,31
2907.235177,37,62,0.86,25,0.0344,31
2907.209196,42,70,0.81,28,0.028928571,31
2907.193358,40,69,0.94,29,0.032413793,31
2907.174804,67,95,0.64,28,0.022857143,31
2907.154471,47,52,0.17,5,0.034,31
2907.061639,55,79,0.75,24,0.03125,31
2906.910103,79,85,0.11,6,0.018333333,31
2906.815062,58,87,0.79,29,0.027241379,31
2906.64647,33,55,0.82,22,0.037272727,31
2906.63877,37,65,0.79,28,0.028214286,31
2906.485553,49,76,0.67,27,0.024814815,31
2906.358245,55,92,0.95,37,0.025675676,31
2906.197351,59,77,0.55,18,0.030555556,31
2906.197351,58,78,0.61,20,0.0305,31
2906.055444,37,61,0.83,24,0.034583333,31
2905.963864,66,70,0.11,4,0.0275,31
2905.926353,71,99,0.48,28,0.017142857,31
2905.469705,52,82,0.95,30,0.031666667,31
2905.349495,54,86,0.86,32,0.026875,31
2904.850371,50,55,0.17,5,0.034,31
2904.750243,36,67,0.87,31,0.028064516,31
2904.671007,72,99,0.46,27,0.017037037,31
2904.663534,49,51,0.07,2,0.035,31
2904.663534,48,52,0.14,4,0.035,31
2904.663534,47,53,0.21,6,0.035,31
2904.663534,46,54,0.28,8,0.035,31
2904.503529,80,92,0.19,12,0.015833333,31
2904.150373,66,99,0.64,33,0.019393939,31
2904.138298,57,89,0.81,32,0.0253125,31
2904.138298,55,92,0.93,37,0.025135135,31
2903.996948,72,92,0.37,20,0.0185,31
2903.763018,62,75,0.35,13,0.026923077,31
2903.763018,60,77,0.46,17,0.027058824,31
2903.763018,58,79,0.57,21,0.027142857,31
2903.763018,57,80,0.62,23,0.026956522,31
2903.763018,56,81,0.68,25,0.0272,31
2903.756123,55,81,0.8,26,0.030769231,31
2903.756123,54,82,0.86,28,0.030714286,31
2903.756123,53,84,0.95,31,0.030645161,31
2903.756123,53,85,0.97,32,0.0303125,31
2903.696308,70,99,0.52,29,0.017931034,31
2903.584164,55,83,0.75,28,0.026785714,31
2903.584164,54,84,0.81,30,0.027,31
2903.584164,53,86,0.88,33,0.026666667,31
2903.545129,49,77,0.69,28,0.024642857,31
2903.545129,48,78,0.74,30,0.024666667,31
2903.509634,69,96,0.5,27,0.018518519,31
2903.499314,77,93,0.28,16,0.0175,31
2903.499314,75,95,0.35,20,0.0175,31
2903.491265,74,96,0.37,22,0.016818182,31
2903.410969,75,88,0.27,13,0.020769231,31
2903.333478,55,84,0.77,29,0.026551724,31
2902.820952,56,77,0.61,21,0.029047619,31
2902.820952,55,78,0.67,23,0.029130435,31
2902.804114,52,83,0.88,31,0.028387097,31
2902.804114,51,84,0.94,33,0.028484848,31
2902.769544,55,81,0.71,26,0.027307692,31
2902.699519,54,81,0.84,27,0.031111111,31
2902.688099,66,76,0.27,10,0.027,31
2902.585429,56,91,0.89,35,0.025428571,31
2902.335482,56,79,0.65,23,0.02826087,31
2902.327615,62,81,0.53,19,0.027894737,31
2902.31,76,88,0.22,12,0.018333333,31
2902.31,73,91,0.33,18,0.018333333,31
2902.31,72,93,0.38,21,0.018095238,31
2902.31,71,94,0.42,23,0.01826087,31
2902.31,68,97,0.53,29,0.018275862,31
2902.31,67,99,0.58,32,0.018125,31
2902.122443,44,71,0.65,27,0.024074074,31
2901.801488,81,92,0.17,11,0.015454545,31
2901.773648,54,80,0.74,26,0.028461538,31
2901.645768,33,57,0.83,24,0.034583333,31
2901.615492,51,86,0.94,35,0.026857143,31
2901.398055,61,74,0.36,13,0.027692308,31
2901.077261,67,71,0.11,4,0.0275,31
2901.077261,65,73,0.22,8,0.0275,31
2901.077261,63,75,0.33,12,0.0275,31
2901.077261,61,77,0.44,16,0.0275,31
2900.857899,59,79,0.56,20,0.028,31
2900.601993,79,91,0.21,12,0.0175,31
2900.584787,33,59,0.97,26,0.037307692,31
2900.378597,33,59,0.98,26,0.037692308,31
2900.291663,57,81,0.64,24,0.026666667,31
2900.231699,33,55,0.89,22,0.040454545,31
2900.108448,47,63,0.52,16,0.0325,31
2899.950324,38,95,0.03,57,0.000526316,31
2899.902955,49,56,0.24,7,0.034285714,31
2899.860095,63,73,0.29,10,0.029,31
2899.716161,46,57,0.3,11,0.027272727,31
2899.687955,63,80,0.47,17,0.027647059,31
2899.602183,56,80,0.66,24,0.0275,31
2899.546889,51,72,0.53,21,0.025238095,31
2899.477937,62,73,0.3,11,0.027272727,31
2899.435688,68,97,0.51,29,0.017586207,31
2899.391126,77,88,0.19,11,0.017272727,31
2899.391126,73,92,0.33,19,0.017368421,31
2898.889179,60,72,0.35,12,0.029166667,31
2898.744857,56,93,0.93,37,0.025135135,31
2898.635627,44,68,0.65,24,0.027083333,31
2898.404337,54,85,0.92,31,0.029677419,31
2898.23501,36,66,0.94,30,0.031333333,31
2898.205033,37,64,0.85,27,0.031481481,31
2898.156331,58,81,0.63,23,0.027391304,31
2897.914603,27,87,0.19,60,0.003166667,31
2897.906352,54,79,0.73,25,0.0292,31
2897.906352,53,80,0.79,27,0.029259259,31
2897.906352,53,81,0.81,28,0.028928571,31
2897.848235,65,80,0.39,15,0.026,31
2897.848235,62,83,0.55,21,0.026190476,31
2897.848235,61,85,0.62,24,0.025833333,31
2897.848235,57,90,0.85,33,0.025757576,31
2897.758121,70,95,0.46,25,0.0184,31
2897.506813,51,86,0.95,35,0.027142857,31
2897.482685,53,86,0.99,33,0.03,31
2897.141044,52,84,0.9,32,0.028125,31
2896.953803,41,54,0.5,13,0.038461538,31
2896.901895,54,75,0.71,21,0.033809524,31
2896.684237,39,57,0.65,18,0.036111111,31
2896.658419,62,76,0.39,14,0.027857143,31
2896.658419,60,78,0.5,18,0.027777778,31
2896.638938,61,84,0.62,23,0.026956522,31
2896.638938,58,88,0.8,30,0.026666667,31
2896.500753,36,58,0.8,22,0.036363636,31
2896.429022,51,85,0.97,34,0.028529412,31
2896.42178,55,80,0.78,25,0.0312,31
2896.42178,54,82,0.87,28,0.031071429,31
2896.42178,53,83,0.93,30,0.031,31
2896.315891,68,99,0.53,31,0.017096774,31
2896.29773,41,68,0.87,27,0.032222222,31
2896.277201,36,66,0.85,30,0.028333333,31
2896.206173,58,89,0.79,31,0.025483871,31
2896.206173,55,93,0.97,38,0.025526316,31
2896.118028,55,94,0.98,39,0.025128205,31
2896.035566,73,97,0.41,24,0.017083333,31
2896.019963,36,65,0.98,29,0.033793103,31
2895.558061,54,84,0.89,30,0.029666667,31
2895.248394,41,63,0.73,22,0.033181818,31
2895.223644,35,52,0.64,17,0.037647059,31
2894.900262,44,68,0.79,24,0.032916667,31
2894.855316,72,89,0.39,17,0.022941176,31
2894.855316,68,94,0.59,26,0.022692308,31
2894.832375,49,62,0.36,13,0.027692308,31
2894.64191,35,63,0.97,28,0.034642857,31
2894.552148,79,90,0.19,11,0.017272727,31
2894.359297,29,85,0.17,56,0.003035714,31
2894.256261,38,49,0.43,11,0.039090909,31
2894.179579,70,94,0.42,24,0.0175,31
2894.179579,68,97,0.5,29,0.017241379,31
2894.179579,67,98,0.54,31,0.017419355,31
2893.945841,51,87,0.97,36,0.026944444,31
2893.882975,53,85,0.98,32,0.030625,31
2893.628535,43,53,0.37,10,0.037,31
2893.573605,66,98,0.72,32,0.0225,31
2893.573605,65,99,0.77,34,0.022647059,31
2893.54589,70,99,0.5,29,0.017241379,31
2893.384888,59,77,0.49,18,0.027222222,31
2893.377776,55,93,0.83,38,0.021842105,31
2893.214895,72,99,0.47,27,0.017407407,31
2893.030034,38,51,0.47,13,0.036153846,31
2892.979169,71,92,0.48,21,0.022857143,31
2892.914235,40,68,0.91,28,0.0325,31
2892.910724,54,81,0.77,27,0.028518519,31
2892.910724,53,82,0.83,29,0.02862069,31
2892.82957,55,91,0.98,36,0.027222222,31
2892.78374,41,65,0.82,24,0.034166667,31
2892.520877,57,77,0.63,20,0.0315,31
