% profit,ema1,ema2,threshold,diff,thresh / diff,ID
3726.62041,51,75,0.84,24,0.035,26
3726.62041,50,76,0.91,26,0.035,26
3640.758077,58,69,0.37,11,0.033636364,26
3638.764592,59,69,0.33,10,0.033,26
3631.223359,60,71,0.35,11,0.031818182,26
3624.057226,54,74,0.67,20,0.0335,26
3616.722593,52,76,0.81,24,0.03375,26
3616.722593,51,77,0.88,26,0.033846154,26
3614.206761,55,73,0.6,18,0.033333333,26
3612.301196,54,74,0.69,20,0.0345,26
3611.023304,57,76,0.6,19,0.031578947,26
3606.356769,55,78,0.73,23,0.03173913,26
3600.557422,50,77,0.93,27,0.034444444,26
3600.190151,58,70,0.4,12,0.033333333,26
3597.167379,58,73,0.48,15,0.032,26
3595.717908,55,72,0.58,17,0.034117647,26
3595.717908,54,73,0.65,19,0.034210526,26
3595.338099,54,72,0.63,18,0.035,26
3595.338099,53,73,0.7,20,0.035,26
3595.338099,52,74,0.77,22,0.035,26
3589.653086,63,68,0.16,5,0.032,26
3588.707,54,79,0.8,25,0.032,26
3588.412628,58,74,0.51,16,0.031875,26
3588.412628,56,76,0.64,20,0.032,26
3587.846789,61,70,0.29,9,0.032222222,26
3587.589144,51,80,0.98,29,0.033793103,26
3587.376815,57,70,0.44,13,0.033846154,26
3583.774525,59,72,0.42,13,0.032307692,26
3580.916128,60,72,0.38,12,0.031666667,26
3578.808789,58,69,0.38,11,0.034545455,26
3578.808789,57,70,0.45,13,0.034615385,26
3578.272412,54,78,0.78,24,0.0325,26
3575.865245,55,77,0.71,22,0.032272727,26
3575.717776,53,75,0.74,22,0.033636364,26
3573.212224,62,64,0.07,2,0.035,26
3573.212224,61,65,0.14,4,0.035,26
3573.212224,60,66,0.21,6,0.035,26
3573.212224,56,71,0.52,15,0.034666667,26
3572.689345,57,69,0.42,12,0.035,26
3572.689345,56,70,0.49,14,0.035,26
3572.689345,55,71,0.56,16,0.035,26
3571.346491,53,74,0.72,21,0.034285714,26
3571.05368,58,73,0.49,15,0.032666667,26
3568.606424,51,81,0.98,30,0.032666667,26
3563.359899,52,75,0.79,23,0.034347826,26
3563.359899,51,76,0.86,25,0.0344,26
3562.855839,53,75,0.76,22,0.034545455,26
3561.14169,54,73,0.66,19,0.034736842,26
3561.14169,53,74,0.73,21,0.034761905,26
3559.465918,56,71,0.51,15,0.034,26
3558.572914,53,80,0.87,27,0.032222222,26
3556.971444,59,67,0.28,8,0.035,26
3552.287267,60,67,0.24,7,0.034285714,26
3552.206715,56,72,0.54,16,0.03375,26
3552.206715,55,73,0.61,18,0.033888889,26
3551.720563,57,75,0.58,18,0.032222222,26
3549.987227,57,71,0.47,14,0.033571429,26
3549.393475,56,74,0.6,18,0.033333333,26
3546.769851,63,67,0.13,4,0.0325,26
3544.452817,53,79,0.85,26,0.032692308,26
3544.246512,59,68,0.31,9,0.034444444,26
3543.586132,57,74,0.55,17,0.032352941,26
3543.24892,51,76,0.87,25,0.0348,26
3543.24892,50,77,0.94,27,0.034814815,26
3542.954571,52,80,0.92,28,0.032857143,26
3542.589291,37,55,0.67,18,0.037222222,26
3542.381882,59,70,0.37,11,0.033636364,26
3541.359433,52,78,0.86,26,0.033076923,26
3539.414371,51,79,0.95,28,0.033928571,26
3538.702526,55,72,0.59,17,0.034705882,26
3538.285283,51,79,0.93,28,0.033214286,26
3537.576314,55,76,0.68,21,0.032380952,26
3537.456564,61,69,0.26,8,0.0325,26
3537.456564,59,71,0.39,12,0.0325,26
3537.456564,57,73,0.52,16,0.0325,26
3537.456564,54,76,0.72,22,0.032727273,26
3537.005922,53,77,0.79,24,0.032916667,26
3534.161355,55,76,0.69,21,0.032857143,26
3534.161355,52,79,0.89,27,0.032962963,26
3532.430295,54,76,0.73,22,0.033181818,26
3531.748387,53,79,0.84,26,0.032307692,26
3531.084066,56,75,0.62,19,0.032631579,26
3528.443439,52,76,0.83,24,0.034583333,26
3528.443439,51,77,0.9,26,0.034615385,26
3528.202253,54,74,0.68,20,0.034,26
3528.202253,53,75,0.75,22,0.034090909,26
3527.194706,38,54,0.59,16,0.036875,26
3524.994133,53,77,0.81,24,0.03375,26
3524.73755,39,54,0.55,15,0.036666667,26
3524.328288,59,70,0.36,11,0.032727273,26
3523.453265,50,78,0.97,28,0.034642857,26
3522.699442,42,49,0.26,7,0.037142857,26
3522.614328,58,68,0.35,10,0.035,26
3521.042348,61,66,0.17,5,0.034,26
3521.012118,53,78,0.82,25,0.0328,26
3520.309516,52,76,0.82,24,0.034166667,26
3520.309516,51,77,0.89,26,0.034230769,26
3520.309516,50,78,0.96,28,0.034285714,26
3518.681988,52,79,0.91,27,0.033703704,26
3518.500696,61,68,0.23,7,0.032857143,26
3517.875907,51,80,0.96,29,0.033103448,26
3517.108374,52,78,0.88,26,0.033846154,26
3516.842042,44,47,0.11,3,0.036666667,26
3514.926888,51,79,0.94,28,0.033571429,26
3514.19227,58,72,0.46,14,0.032857143,26
3511.210531,55,75,0.66,20,0.033,26
3510.744701,64,90,0.48,26,0.018461538,26
3510.40401,54,76,0.74,22,0.033636364,26
3510.324381,55,75,0.67,20,0.0335,26
3508.992735,43,49,0.22,6,0.036666667,26
3508.982695,58,71,0.43,13,0.033076923,26
3508.161834,56,73,0.57,17,0.033529412,26
3508.161834,55,74,0.64,19,0.033684211,26
3508.161834,53,77,0.8,24,0.033333333,26
3508.108672,55,77,0.72,22,0.032727273,26
3505.555144,60,70,0.34,10,0.034,26
3503.813933,51,81,0.99,30,0.033,26
3503.028806,54,77,0.75,23,0.032608696,26
3502.86331,52,59,0.2,7,0.028571429,26
3501.726817,45,67,0.62,22,0.028181818,26
3500.146685,54,77,0.76,23,0.033043478,26
3498.970906,52,80,0.91,28,0.0325,26
3498.838921,41,50,0.34,9,0.037777778,26
3498.408927,51,80,0.97,29,0.033448276,26
3498.329563,52,79,0.9,27,0.033333333,26
3496.803635,57,74,0.57,17,0.033529412,26
3496.715367,56,74,0.59,18,0.032777778,26
3495.656424,56,75,0.63,19,0.033157895,26
3493.932052,56,77,0.67,21,0.031904762,26
3493.575306,52,75,0.8,23,0.034782609,26
3493.51603,60,70,0.33,10,0.033,26
3493.51603,57,73,0.53,16,0.033125,26
3489.582662,56,76,0.65,20,0.0325,26
3489.294849,42,57,0.52,15,0.034666667,26
3489.166286,63,69,0.19,6,0.031666667,26
3486.552224,59,72,0.43,13,0.033076923,26
3484.917768,52,78,0.87,26,0.033461538,26
3484.356846,35,58,0.83,23,0.036086957,26
3484.338745,63,66,0.1,3,0.033333333,26
3484.338745,60,69,0.3,9,0.033333333,26
3484.338745,57,72,0.5,15,0.033333333,26
3482.892622,42,71,0.81,29,0.027931034,26
3482.654898,54,75,0.72,21,0.034285714,26
3482.654898,53,76,0.79,23,0.034347826,26
3480.883806,51,79,0.96,28,0.034285714,26
3480.667588,57,74,0.56,17,0.032941176,26
3476.405512,53,78,0.83,25,0.0332,26
3475.374423,42,48,0.23,6,0.038333333,26
3474.154692,38,54,0.58,16,0.03625,26
3474.154692,37,55,0.66,18,0.036666667,26
3473.955117,52,84,0.97,32,0.0303125,26
3473.235679,43,50,0.25,7,0.035714286,26
3473.235679,40,53,0.47,13,0.036153846,26
3469.870723,67,79,0.24,12,0.02,26
3469.870723,66,80,0.28,14,0.02,26
3469.44853,61,69,0.27,8,0.03375,26
3468.825127,53,78,0.84,25,0.0336,26
3468.331071,54,78,0.79,24,0.032916667,26
3465.198359,35,58,0.85,23,0.036956522,26
3464.69993,62,68,0.2,6,0.033333333,26
3463.855777,65,81,0.32,16,0.02,26
3463.855777,64,82,0.36,18,0.02,26
3463.394004,54,77,0.77,23,0.033478261,26
3460.109936,48,50,0.07,2,0.035,26
3460.109936,47,51,0.14,4,0.035,26
3460.109936,46,52,0.21,6,0.035,26
3458.291231,38,56,0.65,18,0.036111111,26
3456.825136,60,71,0.36,11,0.032727273,26
3456.466697,55,75,0.68,20,0.034,26
3455.347731,36,56,0.74,20,0.037,26
3449.458427,41,51,0.37,10,0.037,26
3448.235683,62,71,0.28,9,0.031111111,26
3445.28927,34,60,0.95,26,0.036538462,26
3444.832589,66,79,0.26,13,0.02,26
3442.92158,35,58,0.87,23,0.037826087,26
3442.608313,59,74,0.47,15,0.031333333,26
3440.265362,34,60,0.94,26,0.036153846,26
3436.587296,36,57,0.76,21,0.036190476,26
3436.587296,35,58,0.84,23,0.036521739,26
3436.541172,67,78,0.22,11,0.02,26
3435.784478,58,72,0.47,14,0.033571429,26
3434.737799,61,68,0.24,7,0.034285714,26
3434.211011,41,50,0.33,9,0.036666667,26
3431.227855,45,53,0.28,8,0.035,26
3431.227855,44,54,0.35,10,0.035,26
3431.147485,37,57,0.73,20,0.0365,26
3430.190464,59,73,0.45,14,0.032142857,26
3426.098291,59,71,0.41,12,0.034166667,26
3421.434992,55,78,0.74,23,0.032173913,26
3421.147844,58,71,0.44,13,0.033846154,26
3421.065158,55,74,0.65,19,0.034210526,26
3420.139616,55,76,0.7,21,0.033333333,26
3418.93948,47,66,0.51,19,0.026842105,26
3418.173616,57,75,0.59,18,0.032777778,26
3416.199163,40,54,0.51,14,0.036428571,26
3416.108118,59,71,0.4,12,0.033333333,26
3416.093407,62,67,0.17,5,0.034,26
3416.093407,57,73,0.54,16,0.03375,26
3415.79568,40,51,0.41,11,0.037272727,26
3413.358397,34,59,0.91,25,0.0364,26
3413.132909,56,74,0.61,18,0.033888889,26
3412.374323,45,48,0.11,3,0.036666667,26
3412.151536,46,69,0.63,23,0.027391304,26
3410.282836,42,51,0.33,9,0.036666667,26
3409.288302,64,82,0.37,18,0.020555556,26
3406.575821,57,72,0.51,15,0.034,26
3406.335037,54,76,0.75,22,0.034090909,26
3406.310861,34,59,0.92,25,0.0368,26
3404.932908,41,58,0.6,17,0.035294118,26
3401.735867,61,70,0.3,9,0.033333333,26
3401.274991,35,57,0.82,22,0.037272727,26
3399.484524,56,73,0.58,17,0.034117647,26
3395.504929,39,60,0.75,21,0.035714286,26
3393.983092,72,73,0.02,1,0.02,26
3393.983092,71,74,0.06,3,0.02,26
3393.983092,70,75,0.1,5,0.02,26
3393.983092,69,76,0.14,7,0.02,26
3393.983092,68,77,0.18,9,0.02,26
3392.473809,64,81,0.35,17,0.020588235,26
3391.59803,63,91,0.52,28,0.018571429,26
3389.744033,59,70,0.38,11,0.034545455,26
3388.622748,44,72,0.76,28,0.027142857,26
3388.451281,63,82,0.39,19,0.020526316,26
3385.822744,45,67,0.63,22,0.028636364,26
3384.296716,48,63,0.43,15,0.028666667,26
3383.045166,62,85,0.46,23,0.02,26
3380.840794,42,52,0.36,10,0.036,26
3380.840794,39,55,0.58,16,0.03625,26
3378.032672,53,77,0.82,24,0.034166667,26
3376.001631,43,52,0.34,9,0.037777778,26
3375.904699,64,80,0.34,16,0.02125,26
3375.209506,36,57,0.75,21,0.035714286,26
3374.988144,60,72,0.39,12,0.0325,26
3374.988144,58,74,0.52,16,0.0325,26
3374.332969,67,84,0.34,17,0.02,26
3374.332969,66,85,0.38,19,0.02,26
3373.249358,52,78,0.89,26,0.034230769,26
3372.350481,63,74,0.32,11,0.029090909,26
3370.880046,36,56,0.75,20,0.0375,26
3370.76795,55,85,0.82,30,0.027333333,26
3369.931328,52,96,0.98,44,0.022272727,26
3369.632647,56,73,0.56,17,0.032941176,26
3369.428991,61,93,0.62,32,0.019375,26
3368.718479,62,92,0.58,30,0.019333333,26
3367.686246,61,71,0.32,10,0.032,26
3367.268205,63,91,0.54,28,0.019285714,26
3367.239258,68,83,0.3,15,0.02,26
3367.228241,58,73,0.5,15,0.033333333,26
3364.525321,47,66,0.53,19,0.027894737,26
3364.403564,52,97,0.99,45,0.022,26
3364.116026,34,59,0.95,25,0.038,26
3363.600182,58,70,0.41,12,0.034166667,26
3362.774972,61,85,0.5,24,0.020833333,26
3361.923258,40,59,0.67,19,0.035263158,26
3361.842912,52,87,0.97,35,0.027714286,26
3360.777666,42,50,0.29,8,0.03625,26
3360.588055,37,58,0.75,21,0.035714286,26
3360.529482,55,88,0.84,33,0.025454545,26
3360.529482,53,91,0.96,38,0.025263158,26
3360.506225,61,67,0.2,6,0.033333333,26
3360.506225,55,74,0.63,19,0.033157895,26
3359.719135,53,76,0.77,23,0.033478261,26
3359.543232,47,64,0.49,17,0.028823529,26
3358.027505,62,75,0.38,13,0.029230769,26
3357.303644,50,62,0.33,12,0.0275,26
3357.105785,52,85,0.93,33,0.028181818,26
3356.841571,60,69,0.31,9,0.034444444,26
3356.786321,34,60,0.93,26,0.035769231,26
3356.78194,45,68,0.62,23,0.026956522,26
3356.517685,63,82,0.4,19,0.021052632,26
3355.608613,36,59,0.83,23,0.036086957,26
3354.900513,57,85,0.72,28,0.025714286,26
3354.900513,56,87,0.79,31,0.025483871,26
3354.698766,54,88,0.88,34,0.025882353,26
3354.698766,54,89,0.89,35,0.025428571,26
3354.698766,53,90,0.95,37,0.025675676,26
3354.584989,52,85,0.94,33,0.028484848,26
3353.407164,60,85,0.53,25,0.0212,26
3353.345344,57,71,0.48,14,0.034285714,26
3353.345344,56,72,0.55,16,0.034375,26
3353.345344,55,73,0.62,18,0.034444444,26
3352.897399,62,69,0.23,7,0.032857143,26
3352.548069,41,53,0.43,12,0.035833333,26
3352.450275,53,95,0.93,42,0.022142857,26
3352.286023,38,57,0.67,19,0.035263158,26
3351.733949,53,90,0.98,37,0.026486486,26
3350.845475,42,51,0.32,9,0.035555556,26
3350.845475,41,52,0.39,11,0.035454545,26
3349.265194,66,87,0.4,21,0.019047619,26
3349.264317,62,92,0.57,30,0.019,26
3348.392634,52,83,0.89,31,0.028709677,26
3348.354458,36,59,0.82,23,0.035652174,26
3348.16818,44,71,0.74,27,0.027407407,26
3347.409994,36,56,0.77,20,0.0385,26
3346.751719,44,68,0.69,24,0.02875,26
3346.237852,61,77,0.46,16,0.02875,26
3346.218402,65,88,0.45,23,0.019565217,26
3345.640741,59,69,0.34,10,0.034,26
3345.463289,34,59,0.93,25,0.0372,26
3344.595515,53,84,0.87,31,0.028064516,26
3343.939279,40,51,0.42,11,0.038181818,26
3343.540216,63,91,0.53,28,0.018928571,26
3343.540216,61,94,0.62,33,0.018787879,26
3343.095795,54,90,0.91,36,0.025277778,26
3342.366293,40,54,0.5,14,0.035714286,26
3341.446909,56,92,0.79,36,0.021944444,26
3341.11162,52,86,0.95,34,0.027941176,26
3340.897915,37,58,0.74,21,0.035238095,26
3340.31947,51,86,0.99,35,0.028285714,26
3339.232598,65,73,0.23,8,0.02875,26
3339.232598,59,80,0.6,21,0.028571429,26
3338.976085,64,71,0.2,7,0.028571429,26
3337.810915,51,85,0.98,34,0.028823529,26
3337.495184,57,86,0.74,29,0.025517241,26
3337.359011,53,86,0.91,33,0.027575758,26
3337.188272,58,84,0.67,26,0.025769231,26
3336.979815,53,76,0.78,23,0.033913043,26
3336.795308,54,89,0.9,35,0.025714286,26
3336.795308,53,91,0.97,38,0.025526316,26
3336.332893,42,71,0.83,29,0.02862069,26
3335.867707,53,88,0.95,35,0.027142857,26
3335.795309,53,59,0.17,6,0.028333333,26
3335.708983,46,68,0.61,22,0.027727273,26
3335.580055,36,58,0.8,22,0.036363636,26
3335.384009,68,76,0.17,8,0.02125,26
3335.272731,54,75,0.7,21,0.033333333,26
3335.141847,42,71,0.82,29,0.028275862,26
3334.874668,50,62,0.34,12,0.028333333,26
3334.498403,41,75,0.92,34,0.027058824,26
3333.524084,52,77,0.84,25,0.0336,26
3333.188837,63,90,0.53,27,0.01962963,26
3333.188837,62,91,0.57,29,0.019655172,26
3332.485747,64,89,0.49,25,0.0196,26
3332.080927,69,82,0.26,13,0.02,26
3331.23246,37,56,0.7,19,0.036842105,26
3330.986892,41,52,0.4,11,0.036363636,26
3329.50306,52,77,0.85,25,0.034,26
3328.930174,55,84,0.83,29,0.02862069,26
3328.659228,53,85,0.89,32,0.0278125,26
3328.072182,34,60,0.92,26,0.035384615,26
3327.212012,65,88,0.44,23,0.019130435,26
3327.212012,61,93,0.61,32,0.0190625,26
3326.553022,48,67,0.47,19,0.024736842,26
3326.531422,61,74,0.37,13,0.028461538,26
3325.613939,52,86,0.98,34,0.028823529,26
3325.292785,42,56,0.5,14,0.035714286,26
3325.103136,54,82,0.8,28,0.028571429,26
3325.103136,53,84,0.88,31,0.028387097,26
3324.577691,60,75,0.43,15,0.028666667,26
3324.577691,55,81,0.74,26,0.028461538,26
3324.525732,50,79,0.99,29,0.034137931,26
3324.472982,59,83,0.62,24,0.025833333,26
3324.307143,70,76,0.12,6,0.02,26
3323.639356,58,72,0.48,14,0.034285714,26
3323.587776,57,79,0.62,22,0.028181818,26
3323.528852,61,83,0.46,22,0.020909091,26
3323.364389,46,67,0.57,21,0.027142857,26
3322.145362,39,53,0.52,14,0.037142857,26
3321.766674,36,57,0.79,21,0.037619048,26
3321.726212,51,85,0.97,34,0.028529412,26
3321.69475,36,60,0.86,24,0.035833333,26
3321.671806,50,83,0.98,33,0.02969697,26
3321.252903,35,60,0.9,25,0.036,26
3320.097938,41,76,0.94,35,0.026857143,26
3319.622659,35,59,0.89,24,0.037083333,26
3319.481191,54,90,0.92,36,0.025555556,26
3319.460928,39,53,0.54,14,0.038571429,26
3319.191484,37,56,0.69,19,0.036315789,26
3319.175887,55,88,0.85,33,0.025757576,26
3318.92694,54,88,0.92,34,0.027058824,26
3318.92694,53,89,0.98,36,0.027222222,26
3318.272592,52,80,0.85,28,0.030357143,26
3318.272592,51,81,0.91,30,0.030333333,26
3318.142374,60,73,0.41,13,0.031538462,26
3317.929921,44,49,0.18,5,0.036,26
3317.247034,53,92,0.98,39,0.025128205,26
3317.19322,53,81,0.82,28,0.029285714,26
3315.928669,43,74,0.83,31,0.026774194,26
3315.837517,53,83,0.85,30,0.028333333,26
3315.837517,52,84,0.91,32,0.0284375,26
3315.690087,35,60,0.89,25,0.0356,26
3315.472032,35,61,0.91,26,0.035,26
3314.971778,60,78,0.52,18,0.028888889,26
3314.936491,51,84,0.96,33,0.029090909,26
3314.668005,58,63,0.18,5,0.036,26
3314.250907,42,74,0.87,32,0.0271875,26
3314.025538,53,83,0.86,30,0.028666667,26
3314.025538,52,84,0.92,32,0.02875,26
3313.767179,34,62,0.99,28,0.035357143,26
3313.501793,56,79,0.66,23,0.028695652,26
3313.099749,69,77,0.16,8,0.02,26
3313.053015,58,88,0.63,30,0.021,26
3312.884329,53,82,0.83,29,0.02862069,26
3312.213157,55,95,0.86,40,0.0215,26
3312.173323,57,90,0.69,33,0.020909091,26
3311.980627,63,70,0.22,7,0.031428571,26
3311.688469,56,88,0.81,32,0.0253125,26
3311.688469,55,89,0.86,34,0.025294118,26
3311.688469,54,91,0.93,37,0.025135135,26
3310.956934,50,79,0.98,29,0.033793103,26
3310.881705,51,78,0.91,27,0.033703704,26
3310.636042,38,62,0.85,24,0.035416667,26
3310.316739,61,76,0.44,15,0.029333333,26
3310.242073,69,75,0.13,6,0.021666667,26
3309.893564,57,78,0.6,21,0.028571429,26
3309.891701,56,77,0.63,21,0.03,26
3309.689799,43,50,0.26,7,0.037142857,26
3309.631263,58,77,0.54,19,0.028421053,26
3309.25703,59,77,0.51,18,0.028333333,26
3309.25381,56,80,0.68,24,0.028333333,26
3308.981433,36,57,0.77,21,0.036666667,26
3308.523089,54,75,0.71,21,0.033809524,26
3308.271543,56,81,0.7,25,0.028,26
3307.748681,60,76,0.45,16,0.028125,26
3307.57188,66,79,0.27,13,0.020769231,26
3306.819075,52,77,0.86,25,0.0344,26
3306.591081,36,56,0.76,20,0.038,26
3306.44432,54,81,0.77,27,0.028518519,26
3306.328224,55,82,0.76,27,0.028148148,26
3306.328224,54,83,0.82,29,0.028275862,26
3305.085169,38,55,0.62,17,0.036470588,26
3304.562982,51,78,0.93,27,0.034444444,26
3304.085809,54,81,0.78,27,0.028888889,26
3304.085809,53,82,0.84,29,0.028965517,26
3304.085809,52,83,0.9,31,0.029032258,26
3303.922041,34,59,0.94,25,0.0376,26
3303.865225,41,51,0.36,10,0.036,26
3303.667836,67,78,0.23,11,0.020909091,26
3303.536789,51,78,0.92,27,0.034074074,26
3303.389917,56,93,0.8,37,0.021621622,26
3303.293313,62,76,0.4,14,0.028571429,26
3303.293313,56,83,0.77,27,0.028518519,26
3302.12933,35,57,0.83,22,0.037727273,26
3301.845213,61,78,0.48,17,0.028235294,26
3301.546408,64,89,0.48,25,0.0192,26
3301.219322,40,52,0.44,12,0.036666667,26
3300.967926,39,53,0.51,14,0.036428571,26
3300.967926,37,56,0.68,19,0.035789474,26
3300.329587,61,85,0.49,24,0.020416667,26
3299.935284,55,79,0.72,24,0.03,26
3299.926185,56,77,0.61,21,0.029047619,26
3299.411764,40,56,0.6,16,0.0375,26
3298.388504,40,52,0.43,12,0.035833333,26
3298.243613,39,52,0.49,13,0.037692308,26
3297.867791,72,74,0.04,2,0.02,26
3297.867791,71,75,0.08,4,0.02,26
3297.391413,52,86,0.96,34,0.028235294,26
3295.622921,40,53,0.48,13,0.036923077,26
3295.521553,68,78,0.2,10,0.02,26
3295.39496,55,93,0.84,38,0.022105263,26
3295.270515,35,59,0.86,24,0.035833333,26
3294.740865,53,96,0.94,43,0.021860465,26
3294.197763,58,85,0.69,27,0.025555556,26
3294.153259,35,58,0.86,23,0.037391304,26
3294.014611,58,75,0.54,17,0.031764706,26
3293.915547,34,62,0.98,28,0.035,26
3293.856161,37,55,0.68,18,0.037777778,26
3293.77247,57,78,0.61,21,0.029047619,26
3293.269133,60,79,0.54,19,0.028421053,26
3293.269133,57,83,0.73,26,0.028076923,26
3293.269133,56,84,0.79,28,0.028214286,26
3293.106851,44,70,0.72,26,0.027692308,26
3292.787116,38,53,0.58,15,0.038666667,26
3291.023806,37,55,0.69,18,0.038333333,26
3291.019632,58,81,0.64,23,0.027826087,26
3291.016266,53,90,0.94,37,0.025405405,26
3290.947648,35,57,0.84,22,0.038181818,26
3290.896257,57,83,0.71,26,0.027307692,26
3290.896257,54,87,0.9,33,0.027272727,26
3290.896257,53,88,0.96,35,0.027428571,26
3289.929875,55,87,0.86,32,0.026875,26
3289.929875,53,89,0.97,36,0.026944444,26
3289.576755,63,76,0.36,13,0.027692308,26
3289.576755,61,79,0.49,18,0.027222222,26
3289.576755,60,80,0.55,20,0.0275,26
3289.576755,59,81,0.6,22,0.027272727,26
3289.576755,58,82,0.66,24,0.0275,26
3289.576755,56,85,0.79,29,0.027241379,26
3289.576755,55,86,0.85,31,0.027419355,26
3289.549341,35,58,0.82,23,0.035652174,26
3289.453623,54,68,0.5,14,0.035714286,26
3289.250927,51,84,0.95,33,0.028787879,26
3288.900319,54,80,0.76,26,0.029230769,26
3288.570753,44,68,0.68,24,0.028333333,26
3288.401522,57,73,0.55,16,0.034375,26
3288.242719,54,85,0.89,31,0.028709677,26
3287.985928,58,82,0.67,24,0.027916667,26
3287.354114,54,77,0.71,23,0.030869565,26
3286.901268,59,74,0.44,15,0.029333333,26
3286.901268,58,75,0.5,17,0.029411765,26
3286.848737,36,54,0.68,18,0.037777778,26
3286.710799,38,55,0.61,17,0.035882353,26
3286.505792,51,82,0.92,31,0.029677419,26
3286.495361,55,78,0.68,23,0.029565217,26
3286.220866,37,63,0.89,26,0.034230769,26
3286.148819,58,82,0.65,24,0.027083333,26
3285.930981,41,58,0.59,17,0.034705882,26
3285.691287,54,80,0.75,26,0.028846154,26
3285.427052,51,83,0.94,32,0.029375,26
3285.075396,55,86,0.86,31,0.027741935,26
3284.218114,55,86,0.84,31,0.027096774,26
3283.940267,55,67,0.43,12,0.035833333,26
3283.865589,61,78,0.47,17,0.027647059,26
3282.47176,39,54,0.54,15,0.036,26
3282.274027,56,84,0.76,28,0.027142857,26
3282.266417,58,82,0.68,24,0.028333333,26
3281.814914,52,81,0.87,29,0.03,26
3281.497634,56,86,0.78,30,0.026,26
3281.34784,50,84,0.99,34,0.029117647,26
3280.800347,40,57,0.63,17,0.037058824,26
3280.692114,66,77,0.25,11,0.022727273,26
3280.595304,52,82,0.87,30,0.029,26
3280.409291,55,79,0.69,24,0.02875,26
3280.187116,57,87,0.76,30,0.025333333,26
3279.449126,53,87,0.93,34,0.027352941,26
3279.381834,64,75,0.31,11,0.028181818,26
3278.890185,34,57,0.86,23,0.037391304,26
3277.662695,56,85,0.78,29,0.026896552,26
3277.662695,54,88,0.91,34,0.026764706,26
3277.077515,45,52,0.25,7,0.035714286,26
3276.611564,48,66,0.5,18,0.027777778,26
3276.341591,54,87,0.92,33,0.027878788,26
3276.267015,57,85,0.73,28,0.026071429,26
3276.267015,54,89,0.91,35,0.026,26
3276.267015,53,90,0.96,37,0.025945946,26
3276.185939,34,59,0.96,25,0.0384,26
3276.174295,60,80,0.56,20,0.028,26
3276.167133,59,74,0.45,15,0.03,26
3276.167133,58,75,0.51,17,0.03,26
3275.874264,65,79,0.29,14,0.020714286,26
3275.800081,55,87,0.83,32,0.0259375,26
3275.537659,60,68,0.27,8,0.03375,26
3275.211638,61,73,0.37,12,0.030833333,26
3275.019269,51,83,0.93,32,0.0290625,26
3274.994825,58,76,0.56,18,0.031111111,26
3274.591113,69,74,0.11,5,0.022,26
3274.584751,58,71,0.45,13,0.034615385,26
3274.449953,57,81,0.7,24,0.029166667,26
3274.193789,41,75,0.95,34,0.027941176,26
3273.954577,57,82,0.71,25,0.0284,26
3273.884871,38,53,0.57,15,0.038,26
3273.253695,40,58,0.65,18,0.036111111,26
3273.208988,53,81,0.84,28,0.03,26
3273.204561,35,61,0.93,26,0.035769231,26
3272.851859,53,90,0.99,37,0.026756757,26
3272.500518,60,81,0.57,21,0.027142857,26
3272.500518,58,83,0.68,25,0.0272,26
3271.533619,55,80,0.74,25,0.0296,26
3271.504112,36,60,0.83,24,0.034583333,26
3271.130689,41,77,0.96,36,0.026666667,26
3271.128892,55,85,0.85,30,0.028333333,26
3271.026995,43,70,0.76,27,0.028148148,26
3270.987271,54,84,0.84,30,0.028,26
3270.987271,53,85,0.9,32,0.028125,26
3270.920767,39,61,0.77,22,0.035,26
3270.578275,54,88,0.89,34,0.026176471,26
3270.578275,53,89,0.95,36,0.026388889,26
3270.54188,38,56,0.66,18,0.036666667,26
3270.54188,37,57,0.74,20,0.037,26
3269.962099,40,50,0.39,10,0.039,26
3269.496898,42,74,0.89,32,0.0278125,26
3269.2197,53,79,0.79,26,0.030384615,26
3269.185115,36,57,0.8,21,0.038095238,26
3268.976478,61,72,0.32,11,0.029090909,26
3268.976478,59,75,0.46,16,0.02875,26
3268.915295,56,80,0.69,24,0.02875,26
3268.664031,50,82,0.98,32,0.030625,26
3268.579533,52,84,0.94,32,0.029375,26
3268.39847,59,76,0.49,17,0.028823529,26
3268.39847,58,77,0.55,19,0.028947368,26
3268.361903,53,81,0.81,28,0.028928571,26
3268.113035,54,87,0.89,33,0.026969697,26
3268.021836,53,89,0.99,36,0.0275,26
3267.855057,59,79,0.58,20,0.029,26
3267.855057,58,80,0.64,22,0.029090909,26
3267.717856,54,86,0.88,32,0.0275,26
3267.717856,53,87,0.94,34,0.027647059,26
3267.716244,57,90,0.74,33,0.022424242,26
3267.707982,39,59,0.73,20,0.0365,26
3267.558638,52,82,0.88,30,0.029333333,26
3267.22733,49,64,0.42,15,0.028,26
3267.055565,58,76,0.52,18,0.028888889,26
3267.055565,57,76,0.56,19,0.029473684,26
3266.422036,58,81,0.66,23,0.028695652,26
3266.030518,53,84,0.9,31,0.029032258,26
3266.030518,52,85,0.96,33,0.029090909,26
3265.873493,45,51,0.22,6,0.036666667,26
3265.477163,57,74,0.52,17,0.030588235,26
3264.848212,55,87,0.84,32,0.02625,26
3264.305641,51,84,0.97,33,0.029393939,26
3264.240982,59,96,0.71,37,0.019189189,26
3263.562747,57,77,0.58,20,0.029,26
3263.562747,56,78,0.64,22,0.029090909,26
3263.562747,55,79,0.7,24,0.029166667,26
3263.445895,74,76,0.04,2,0.02,26
3263.445895,73,77,0.08,4,0.02,26
3263.445895,72,78,0.12,6,0.02,26
3263.445895,71,79,0.16,8,0.02,26
3263.445895,70,80,0.2,10,0.02,26
3263.445895,69,81,0.24,12,0.02,26
3263.050934,53,85,0.91,32,0.0284375,26
3263.050934,52,86,0.97,34,0.028529412,26
3262.988961,43,53,0.37,10,0.037,26
3262.89004,37,57,0.72,20,0.036,26
3262.867958,50,63,0.35,13,0.026923077,26
3262.83439,60,95,0.67,35,0.019142857,26
3262.473443,53,92,0.99,39,0.025384615,26
3262.202234,57,84,0.75,27,0.027777778,26
3262.202234,56,85,0.81,29,0.027931034,26
3261.945938,42,55,0.47,13,0.036153846,26
3261.786704,56,84,0.77,28,0.0275,26
3261.786704,55,85,0.83,30,0.027666667,26
3261.578642,60,73,0.38,13,0.029230769,26
3261.0322,62,83,0.43,21,0.02047619,26
3260.980076,35,62,0.94,27,0.034814815,26
3260.965141,54,94,0.89,40,0.02225,26
3260.965141,53,95,0.94,42,0.022380952,26
3260.908013,54,82,0.82,28,0.029285714,26
3260.828618,57,84,0.73,27,0.027037037,26
3260.64648,56,86,0.8,30,0.026666667,26
3260.64648,54,89,0.93,35,0.026571429,26
3260.609879,64,81,0.36,17,0.021176471,26
3260.499776,34,61,0.99,27,0.036666667,26
3260.405791,52,88,0.99,36,0.0275,26
3260.208919,55,85,0.84,30,0.028,26
3260.055058,55,78,0.69,23,0.03,26
3259.621274,65,74,0.25,9,0.027777778,26
3259.621274,62,78,0.44,16,0.0275,26
3259.621274,57,83,0.72,26,0.027692308,26
3259.602358,43,47,0.15,4,0.0375,26
3259.602358,41,49,0.3,8,0.0375,26
3259.504626,57,91,0.74,34,0.021764706,26
3259.313852,54,88,0.94,34,0.027647059,26
3259.257831,56,87,0.8,31,0.025806452,26
3259.178712,58,83,0.66,25,0.0264,26
3259.178712,56,85,0.77,29,0.026551724,26
3259.018827,46,67,0.59,21,0.028095238,26
3258.722334,39,55,0.57,16,0.035625,26
3258.722334,38,56,0.64,18,0.035555556,26
3258.456624,56,77,0.62,21,0.02952381,26
3257.407245,63,77,0.38,14,0.027142857,26
3257.123387,58,81,0.65,23,0.02826087,26
3257.123387,54,86,0.9,32,0.028125,26
3257.123387,53,87,0.96,34,0.028235294,26
3256.796117,59,81,0.62,22,0.028181818,26
3256.255729,36,58,0.81,22,0.036818182,26
3256.246444,55,90,0.88,35,0.025142857,26
3256.233985,54,95,0.88,41,0.021463415,26
3256.122205,39,52,0.5,13,0.038461538,26
3256.120276,37,54,0.65,17,0.038235294,26
3255.989026,41,52,0.41,11,0.037272727,26
3255.956737,53,83,0.88,30,0.029333333,26
3255.810287,37,56,0.72,19,0.037894737,26
3255.458074,45,70,0.66,25,0.0264,26
3254.627456,53,83,0.87,30,0.029,26
3254.59806,38,54,0.6,16,0.0375,26
3254.140424,62,72,0.29,10,0.029,26
3254.041841,53,89,0.94,36,0.026111111,26
3253.9428,41,55,0.52,14,0.037142857,26
3253.403693,42,74,0.88,32,0.0275,26
3253.40346,37,57,0.71,20,0.0355,26
3253.40346,36,58,0.78,22,0.035454545,26
3253.32914,58,78,0.57,20,0.0285,26
3253.32914,57,79,0.63,22,0.028636364,26
3253.239072,35,59,0.87,24,0.03625,26
3252.700501,44,71,0.75,27,0.027777778,26
3252.700501,43,72,0.81,29,0.027931034,26
3252.582942,46,65,0.55,19,0.028947368,26
3252.582751,47,66,0.61,19,0.032105263,26
3251.678515,52,82,0.89,30,0.029666667,26
3251.628629,54,94,0.88,40,0.022,26
3251.157826,41,72,0.89,31,0.028709677,26
3250.860184,50,72,0.56,22,0.025454545,26
3250.85561,35,60,0.91,25,0.0364,26
3250.832631,59,73,0.42,14,0.03,26
3250.832631,58,74,0.48,16,0.03,26
3250.742763,57,76,0.57,19,0.03,26
3249.853177,60,87,0.55,27,0.02037037,26
3248.735742,43,73,0.82,30,0.027333333,26
3248.586087,55,86,0.82,31,0.026451613,26
3247.720912,63,83,0.41,20,0.0205,26
3247.696974,41,49,0.31,8,0.03875,26
3247.667414,34,60,0.97,26,0.037307692,26
3246.113322,46,64,0.57,18,0.031666667,26
3245.804912,61,80,0.51,19,0.026842105,26
3245.80337,45,68,0.65,23,0.02826087,26
3245.80337,44,69,0.71,25,0.0284,26
3245.740811,39,54,0.56,15,0.037333333,26
3245.627842,55,87,0.88,32,0.0275,26
3245.337792,57,81,0.69,24,0.02875,26
3245.235048,55,89,0.87,34,0.025588235,26
3245.214132,35,57,0.85,22,0.038636364,26
3244.993762,54,80,0.78,26,0.03,26
3244.822414,58,74,0.49,16,0.030625,26
3244.779613,34,61,0.98,27,0.036296296,26
3243.897211,57,85,0.75,28,0.026785714,26
3243.897211,55,88,0.88,33,0.026666667,26
3243.830584,56,89,0.83,33,0.025151515,26
3243.777794,51,85,0.99,34,0.029117647,26
3243.574032,34,58,0.91,24,0.037916667,26
3243.413335,52,87,0.99,35,0.028285714,26
3243.118845,51,83,0.95,32,0.0296875,26
3242.909718,52,96,0.99,44,0.0225,26
3242.733384,55,82,0.77,27,0.028518519,26
3242.695949,59,82,0.63,23,0.027391304,26
3242.695949,57,84,0.74,27,0.027407407,26
3242.695949,57,85,0.76,28,0.027142857,26
3242.695949,55,87,0.87,32,0.0271875,26
3242.682583,41,73,0.89,32,0.0278125,26
3242.526789,45,70,0.69,25,0.0276,26
3242.22028,56,84,0.8,28,0.028571429,26
3242.097668,35,59,0.88,24,0.036666667,26
3241.711575,59,87,0.59,28,0.021071429,26
3240.895951,42,72,0.83,30,0.027666667,26
3240.832126,53,88,0.98,35,0.028,26
3240.70861,34,58,0.92,24,0.038333333,26
3240.675705,51,83,0.96,32,0.03,26
3240.45212,36,59,0.81,23,0.035217391,26
3240.436364,57,78,0.62,21,0.02952381,26
3240.388971,50,83,0.99,33,0.03,26
3240.332724,54,79,0.74,25,0.0296,26
3240.332724,53,80,0.8,27,0.02962963,26
3240.332724,52,81,0.86,29,0.029655172,26
3240.323627,46,67,0.68,21,0.032380952,26
3240.227713,53,85,0.92,32,0.02875,26
3239.661561,54,81,0.8,27,0.02962963,26
3239.534078,36,60,0.85,24,0.035416667,26
3238.852817,54,59,0.14,5,0.028,26
3238.818769,53,80,0.81,27,0.03,26
3238.65823,54,92,0.95,38,0.025,26
3238.588401,56,86,0.81,30,0.027,26
3238.588401,54,89,0.94,35,0.026857143,26
3238.569442,65,78,0.29,13,0.022307692,26
3238.545913,41,72,0.88,31,0.028387097,26
3238.500569,68,82,0.28,14,0.02,26
3238.338735,52,84,0.93,32,0.0290625,26
3237.890862,55,93,0.85,38,0.022368421,26
3237.837996,36,58,0.79,22,0.035909091,26
3237.3983,56,82,0.72,26,0.027692308,26
3237.343081,54,83,0.81,29,0.027931034,26
3237.343081,52,86,0.94,34,0.027647059,26
3237.26786,60,94,0.66,34,0.019411765,26
3237.260902,54,87,0.88,33,0.026666667,26
3236.998314,55,84,0.81,29,0.027931034,26
3235.803474,51,84,0.98,33,0.02969697,26
3235.734664,58,73,0.46,15,0.030666667,26
3235.734664,55,77,0.67,22,0.030454545,26
3235.497128,52,86,0.89,34,0.026176471,26
3235.416701,56,87,0.82,31,0.026451613,26
3234.940052,65,78,0.28,13,0.021538462,26
3234.854092,43,55,0.43,12,0.035833333,26
3234.605605,61,84,0.48,23,0.020869565,26
3234.457254,38,55,0.63,17,0.037058824,26
3233.779352,54,88,0.9,34,0.026470588,26
3233.779352,53,90,0.97,37,0.026216216,26
3233.233408,54,78,0.72,24,0.03,26
3233.028165,55,94,0.83,39,0.021282051,26
3232.530406,62,83,0.44,21,0.020952381,26
3232.529913,43,55,0.42,12,0.035,26
3232.076819,60,79,0.53,19,0.027894737,26
3231.121242,36,55,0.73,19,0.038421053,26
3231.109358,33,59,0.96,26,0.036923077,26
3230.767509,67,77,0.21,10,0.021,26
3230.207836,53,96,0.95,43,0.022093023,26
3230.07811,62,82,0.44,20,0.022,26
3229.788515,37,54,0.66,17,0.038823529,26
3228.920702,41,56,0.55,15,0.036666667,26
3228.89734,56,78,0.69,22,0.031363636,26
3228.649359,58,80,0.63,22,0.028636364,26
3228.631904,42,73,0.98,31,0.031612903,26
3228.24059,53,91,0.98,38,0.025789474,26
3228.050037,55,78,0.7,23,0.030434783,26
3227.845932,55,80,0.72,25,0.0288,26
3227.486054,56,78,0.66,22,0.03,26
3227.340335,37,56,0.71,19,0.037368421,26
3226.987494,67,76,0.2,9,0.022222222,26
3226.856285,52,69,0.44,17,0.025882353,26
3226.841475,55,86,0.87,31,0.028064516,26
3226.583859,56,93,0.79,37,0.021351351,26
3226.507011,59,82,0.62,23,0.026956522,26
3225.803478,62,82,0.42,20,0.021,26
3225.421245,43,54,0.4,11,0.036363636,26
3225.382619,57,83,0.74,26,0.028461538,26
3225.08588,36,58,0.82,22,0.037272727,26
3225.08588,35,59,0.9,24,0.0375,26
3225.042232,57,75,0.55,18,0.030555556,26
3224.394577,61,83,0.49,22,0.022272727,26
3224.298361,46,65,0.56,19,0.029473684,26
3224.166206,56,79,0.67,23,0.029130435,26
3224.166206,55,80,0.73,25,0.0292,26
3224.068779,54,96,0.91,42,0.021666667,26
3223.968809,61,73,0.35,12,0.029166667,26
3223.968809,60,74,0.41,14,0.029285714,26
3223.795065,53,85,0.84,32,0.02625,26
3223.317591,59,78,0.53,19,0.027894737,26
3222.93099,64,80,0.35,16,0.021875,26
3222.765302,55,86,0.88,31,0.028387097,26
3222.269737,56,67,0.39,11,0.035454545,26
3222.215004,45,70,0.7,25,0.028,26
3222.20924,55,94,0.85,39,0.021794872,26
3221.902993,55,83,0.77,28,0.0275,26
3221.774132,53,87,0.95,34,0.027941176,26
3221.685495,66,78,0.25,12,0.020833333,26
3221.611761,58,76,0.53,18,0.029444444,26
3221.611761,57,77,0.59,20,0.0295,26
3220.797268,42,73,0.97,31,0.031290323,26
3220.634745,52,91,0.99,39,0.025384615,26
3220.620553,55,95,0.87,40,0.02175,26
3220.620553,53,97,0.96,44,0.021818182,26
3220.325921,56,82,0.75,26,0.028846154,26
3220.325921,55,83,0.81,28,0.028928571,26
3220.274335,53,96,0.93,43,0.021627907,26
3219.858396,60,85,0.52,25,0.0208,26
3219.808652,43,72,0.9,29,0.031034483,26
3218.754152,55,80,0.75,25,0.03,26
3218.734223,44,70,0.83,26,0.031923077,26
3218.724912,34,61,0.96,27,0.035555556,26
3218.614374,36,65,0.97,29,0.033448276,26
3218.527738,54,95,0.89,41,0.021707317,26
3218.41921,40,70,0.96,30,0.032,26
3218.244951,54,94,0.9,40,0.0225,26
3217.822624,57,79,0.61,22,0.027727273,26
3217.822624,56,80,0.67,24,0.027916667,26
3217.822624,55,81,0.73,26,0.028076923,26
3217.231717,55,85,0.86,30,0.028666667,26
3216.89609,54,90,0.95,36,0.026388889,26
3216.157747,54,89,0.92,35,0.026285714,26
3215.975207,40,73,0.97,33,0.029393939,26
3215.919623,55,81,0.75,26,0.028846154,26
3215.919623,54,82,0.81,28,0.028928571,26
3215.895081,58,79,0.56,21,0.026666667,26
3215.807513,48,60,0.39,12,0.0325,26
3215.567228,35,60,0.88,25,0.0352,26
3215.321819,64,71,0.19,7,0.027142857,26
3215.281066,56,79,0.68,23,0.029565217,26
3215.259339,45,64,0.61,19,0.032105263,26
3215.254047,54,84,0.86,30,0.028666667,26
3215.169684,44,65,0.68,21,0.032380952,26
3214.905656,54,69,0.53,15,0.035333333,26
3214.889415,55,82,0.75,27,0.027777778,26
3214.88685,44,48,0.15,4,0.0375,26
3214.883427,62,71,0.27,9,0.03,26
3214.883427,61,72,0.33,11,0.03,26
3214.621694,54,91,0.94,37,0.025405405,26
3214.380878,56,81,0.69,25,0.0276,26
3214.380878,53,84,0.86,31,0.027741935,26
3214.380878,52,85,0.92,33,0.027878788,26
3214.357051,67,83,0.32,16,0.02,26
3214.357051,66,84,0.36,18,0.02,26
3214.357051,65,85,0.4,20,0.02,26
3213.923444,56,82,0.76,26,0.029230769,26
3213.278522,44,71,0.76,27,0.028148148,26
3213.167175,35,62,0.93,27,0.034444444,26
3212.599689,54,95,0.9,41,0.02195122,26
3212.52966,34,61,0.9,27,0.033333333,26
3212.235884,49,60,0.35,11,0.031818182,26
3211.988445,46,51,0.18,5,0.036,26
3211.988445,41,57,0.57,16,0.035625,26
3211.896604,53,85,0.96,32,0.03,26
3211.588164,54,82,0.83,28,0.029642857,26
3211.250405,54,79,0.75,25,0.03,26
3211.168682,60,84,0.51,24,0.02125,26
3211.059809,56,91,0.79,35,0.022571429,26
3211.023849,63,75,0.34,12,0.028333333,26
3211.023849,57,82,0.7,25,0.028,26
3211.023849,56,83,0.76,27,0.028148148,26
3210.837493,54,83,0.85,29,0.029310345,26
3210.689,44,72,0.73,28,0.026071429,26
3210.668053,54,84,0.83,30,0.027666667,26
3210.2698,34,60,0.98,26,0.037692308,26
3209.937526,60,74,0.42,14,0.03,26
3209.61501,62,77,0.42,15,0.028,26
3209.115165,52,83,0.91,31,0.029354839,26
3208.90317,54,86,0.89,32,0.0278125,26
3208.658791,53,86,0.9,33,0.027272727,26
3208.558073,54,78,0.73,24,0.030416667,26
3208.009194,43,69,0.76,26,0.029230769,26
3207.768806,55,83,0.83,28,0.029642857,26
3207.704241,45,69,0.76,24,0.031666667,26
3207.627315,52,82,0.9,30,0.03,26
3207.416705,41,57,0.58,16,0.03625,26
3207.324716,43,49,0.23,6,0.038333333,26
3206.798749,55,84,0.82,29,0.028275862,26
3206.771805,59,81,0.61,22,0.027727273,26
3206.771805,56,85,0.8,29,0.027586207,26
3206.771805,54,87,0.91,33,0.027575758,26
3206.369539,42,74,0.97,32,0.0303125,26
3205.728486,36,60,0.87,24,0.03625,26
3205.165353,56,82,0.77,26,0.029615385,26
3205.002795,52,83,0.92,31,0.029677419,26
3204.893198,55,89,0.89,34,0.026176471,26
3204.301854,63,69,0.18,6,0.03,26
3204.301854,62,70,0.24,8,0.03,26
3204.020685,41,75,0.94,34,0.027647059,26
3203.762261,59,79,0.57,20,0.0285,26
3203.762261,55,83,0.8,28,0.028571429,26
3203.762261,54,85,0.88,31,0.028387097,26
3203.762261,53,86,0.94,33,0.028484848,26
3203.73249,55,79,0.71,24,0.029583333,26
3203.73249,54,80,0.77,26,0.029615385,26
3203.73249,53,81,0.83,28,0.029642857,26
3203.73249,53,82,0.85,29,0.029310345,26
3203.717478,60,73,0.39,13,0.03,26
3203.67712,57,91,0.75,34,0.022058824,26
3203.67712,56,92,0.8,36,0.022222222,26
3203.67712,56,93,0.81,37,0.021891892,26
3203.67712,55,94,0.86,39,0.022051282,26
3203.67018,52,85,0.95,33,0.028787879,26
3203.633183,54,88,0.93,34,0.027352941,26
3203.6199,51,63,0.32,12,0.026666667,26
3203.496487,38,55,0.64,17,0.037647059,26
3203.337921,43,70,0.73,27,0.027037037,26
3202.526521,57,92,0.74,35,0.021142857,26
3202.515341,64,74,0.29,10,0.029,26
3202.273572,53,91,0.99,38,0.026052632,26
3201.923532,50,57,0.23,7,0.032857143,26
3201.534763,43,73,0.83,30,0.027666667,26
3201.028209,58,86,0.64,28,0.022857143,26
3200.92937,47,68,0.52,21,0.024761905,26
3200.837796,53,86,0.93,33,0.028181818,26
3200.209004,53,86,0.96,33,0.029090909,26
3200.194478,49,63,0.4,14,0.028571429,26
3199.943047,58,77,0.56,19,0.029473684,26
3199.361016,54,84,0.87,30,0.029,26
3199.276685,54,84,0.79,30,0.026333333,26
3199.181559,63,80,0.39,17,0.022941176,26
3198.614965,60,76,0.43,16,0.026875,26
3198.405345,52,87,0.91,35,0.026,26
3198.287578,54,82,0.79,28,0.028214286,26
3198.261602,59,95,0.7,36,0.019444444,26
3198.093847,46,69,0.61,23,0.026521739,26
3197.922197,56,85,0.82,29,0.028275862,26
3197.553331,53,88,0.99,35,0.028285714,26
3197.475801,66,82,0.34,16,0.02125,26
3197.360598,44,69,0.68,25,0.0272,26
3197.189866,54,85,0.84,31,0.027096774,26
3197.132998,42,56,0.49,14,0.035,26
3197.0395,64,79,0.34,15,0.022666667,26
3196.920841,64,77,0.34,13,0.026153846,26
3196.394005,44,69,0.67,25,0.0268,26
3195.863177,61,71,0.3,10,0.03,26
3195.863177,60,72,0.36,12,0.03,26
3195.805892,59,85,0.55,26,0.021153846,26
3195.587601,57,82,0.72,25,0.0288,26
3195.304696,56,86,0.82,30,0.027333333,26
3195.154419,53,87,0.97,34,0.028529412,26
3195.129787,46,78,0.81,32,0.0253125,26
3194.867417,59,76,0.48,17,0.028235294,26
3194.867417,59,77,0.5,18,0.027777778,26
3194.844679,51,82,0.93,31,0.03,26
3194.806013,52,87,0.96,35,0.027428571,26
3194.604127,65,70,0.14,5,0.028,26
3194.283657,63,77,0.39,14,0.027857143,26
3193.651693,40,52,0.45,12,0.0375,26
3193.553725,52,82,0.91,30,0.030333333,26
3193.553464,58,79,0.58,21,0.027619048,26
3193.393716,53,80,0.82,27,0.03037037,26
3193.138148,53,88,0.97,35,0.027714286,26
3192.356032,38,57,0.68,19,0.035789474,26
3192.33983,40,74,0.96,34,0.028235294,26
3191.904512,72,80,0.15,8,0.01875,26
3191.453622,60,81,0.58,21,0.027619048,26
3191.373091,42,73,0.87,31,0.028064516,26
3191.261964,54,90,0.93,36,0.025833333,26
3190.94552,42,54,0.45,12,0.0375,26
3190.941002,43,69,0.75,26,0.028846154,26
3190.211628,56,78,0.65,22,0.029545455,26
3190.186341,52,88,0.97,36,0.026944444,26
3190.149574,54,83,0.83,29,0.02862069,26
3190.149574,53,84,0.89,31,0.028709677,26
3190.112728,61,79,0.5,18,0.027777778,26
3190.0348,56,83,0.78,27,0.028888889,26
3189.788832,56,81,0.71,25,0.0284,26
3189.785344,68,74,0.16,6,0.026666667,26
3189.711185,53,79,0.8,26,0.030769231,26
3189.548708,57,80,0.63,23,0.027391304,26
3189.507918,62,73,0.31,11,0.028181818,26
3189.372657,43,70,0.78,27,0.028888889,26
3189.367189,59,78,0.51,19,0.026842105,26
3188.87847,51,88,0.97,37,0.026216216,26
3188.852316,36,57,0.78,21,0.037142857,26
3188.785805,55,81,0.76,26,0.029230769,26
3188.753804,41,71,0.86,30,0.028666667,26
3188.531358,58,80,0.58,22,0.026363636,26
3188.499658,56,82,0.71,26,0.027307692,26
3188.325008,61,94,0.63,33,0.019090909,26
3188.165618,63,71,0.23,8,0.02875,26
3187.786678,56,76,0.6,20,0.03,26
3187.786678,55,77,0.66,22,0.03,26
3187.526293,35,61,0.9,26,0.034615385,26
3187.454252,55,94,0.84,39,0.021538462,26
3187.328782,54,85,0.87,31,0.028064516,26
3186.962659,55,83,0.78,28,0.027857143,26
3186.904336,38,51,0.5,13,0.038461538,26
3186.902277,51,84,0.99,33,0.03,26
3186.69434,41,51,0.38,10,0.038,26
3186.69434,40,52,0.46,12,0.038333333,26
3186.63574,62,84,0.45,22,0.020454545,26
3186.390326,42,75,0.89,33,0.026969697,26
3186.095544,58,78,0.56,20,0.028,26
3186.030118,65,80,0.31,15,0.020666667,26
3185.815406,59,82,0.64,23,0.027826087,26
3185.815406,58,83,0.7,25,0.028,26
3185.615488,34,57,0.85,23,0.036956522,26
3185.179257,53,87,0.91,34,0.026764706,26
3185.003889,47,65,0.51,18,0.028333333,26
3185.003889,46,66,0.57,20,0.0285,26
3184.478222,51,86,0.98,35,0.028,26
3184.46032,54,83,0.8,29,0.027586207,26
3184.297934,55,68,0.46,13,0.035384615,26
3184.27591,66,67,0.03,1,0.03,26
3184.27591,65,68,0.09,3,0.03,26
3184.27591,64,69,0.15,5,0.03,26
3184.27591,63,70,0.21,7,0.03,26
3183.633268,64,73,0.24,9,0.026666667,26
3183.633268,61,76,0.4,15,0.026666667,26
3183.49208,62,74,0.34,12,0.028333333,26
3183.454433,44,55,0.38,11,0.034545455,26
3183.024232,55,85,0.78,30,0.026,26
3182.929782,42,50,0.3,8,0.0375,26
3182.889855,43,71,0.75,28,0.026785714,26
3182.48054,66,72,0.17,6,0.028333333,26
3182.48054,59,80,0.59,21,0.028095238,26
3182.414405,57,80,0.64,23,0.027826087,26
3182.083173,59,77,0.48,18,0.026666667,26
3181.818327,58,83,0.69,25,0.0276,26
3181.803029,44,79,0.9,35,0.025714286,26
3181.703954,63,73,0.27,10,0.027,26
3181.703954,62,73,0.3,11,0.027272727,26
3181.703954,58,78,0.54,20,0.027,26
3181.128927,60,82,0.57,22,0.025909091,26
3180.967072,51,85,0.96,34,0.028235294,26
3180.940696,54,87,0.93,33,0.028181818,26
3180.7553,44,67,0.66,23,0.028695652,26
3180.7553,43,68,0.72,25,0.0288,26
3180.666947,53,86,0.86,33,0.026060606,26
3180.018135,58,90,0.7,32,0.021875,26
3179.717287,56,76,0.61,20,0.0305,26
3179.660645,56,84,0.78,28,0.027857143,26
3179.262019,43,69,0.74,26,0.028461538,26
3179.089652,56,86,0.79,30,0.026333333,26
3178.520499,59,84,0.64,25,0.0256,26
3178.165387,44,81,0.93,37,0.025135135,26
3178.159161,45,79,0.86,34,0.025294118,26
3178.070262,41,58,0.58,17,0.034117647,26
3177.936069,60,86,0.54,26,0.020769231,26
3177.696883,60,75,0.42,15,0.028,26
3176.953355,60,71,0.34,11,0.030909091,26
3176.851238,70,81,0.22,11,0.02,26
3176.75972,53,83,0.89,30,0.029666667,26
3176.404334,62,79,0.46,17,0.027058824,26
3176.037612,54,86,0.91,32,0.0284375,26
3176.011585,60,83,0.61,23,0.026521739,26
3175.935681,65,67,0.06,2,0.03,26
3175.935681,64,68,0.12,4,0.03,26
3175.869767,65,79,0.3,14,0.021428571,26
3175.683177,52,81,0.88,29,0.030344828,26
3175.66524,54,88,0.95,34,0.027941176,26
3175.54009,37,58,0.76,21,0.036190476,26
3175.44625,55,80,0.71,25,0.0284,26
3175.0488,44,54,0.36,10,0.036,26
3174.988105,59,90,0.66,31,0.021290323,26
3174.56608,40,59,0.68,19,0.035789474,26
3174.540045,47,65,0.5,18,0.027777778,26
3174.289138,61,75,0.39,14,0.027857143,26
3174.27015,54,79,0.76,25,0.0304,26
3174.14906,62,75,0.35,13,0.026923077,26
3173.911555,57,75,0.54,18,0.03,26
3173.564648,55,86,0.83,31,0.026774194,26
3173.2717,59,87,0.58,28,0.020714286,26
3173.195822,62,81,0.43,19,0.022631579,26
3173.008035,44,80,0.91,36,0.025277778,26
3172.707681,57,80,0.61,23,0.026521739,26
3172.707681,55,82,0.72,27,0.026666667,26
3172.681778,52,86,0.9,34,0.026470588,26
3172.25109,59,79,0.53,20,0.0265,26
3172.225317,61,75,0.38,14,0.027142857,26
3172.225317,59,77,0.49,18,0.027222222,26
3172.129491,63,81,0.4,18,0.022222222,26
3172.013392,68,72,0.11,4,0.0275,26
3172.013392,66,74,0.22,8,0.0275,26
3172.013392,64,76,0.33,12,0.0275,26
3171.515056,42,56,0.51,14,0.036428571,26
3171.434981,57,81,0.65,24,0.027083333,26
3171.391466,53,86,0.97,33,0.029393939,26
3171.323954,59,91,0.65,32,0.0203125,26
3171.093294,43,72,0.8,29,0.027586207,26
3170.888657,54,70,0.58,16,0.03625,26
3170.660346,53,86,0.98,33,0.02969697,26
3169.744671,57,80,0.65,23,0.02826087,26
3168.9029,46,63,0.54,17,0.031764706,26
3168.874005,38,52,0.53,14,0.037857143,26
3168.816645,54,85,0.91,31,0.029354839,26
3168.491137,34,58,0.93,24,0.03875,26
3167.719251,56,82,0.69,26,0.026538462,26
3167.380645,42,69,0.78,27,0.028888889,26
3167.114103,38,62,0.82,24,0.034166667,26
3166.935717,58,79,0.59,21,0.028095238,26
3166.867111,52,85,0.88,33,0.026666667,26
3166.789122,62,74,0.33,12,0.0275,26
3166.374611,55,83,0.76,28,0.027142857,26
3166.374611,54,84,0.82,30,0.027333333,26
3166.374611,53,85,0.88,32,0.0275,26
3166.199468,40,74,0.97,34,0.028529412,26
3166.146697,54,83,0.77,29,0.026551724,26
3166.142109,54,81,0.81,27,0.03,26
3166.021676,63,71,0.25,8,0.03125,26
3165.76932,60,75,0.41,15,0.027333333,26
3165.579657,44,67,0.72,23,0.031304348,26
3165.465994,42,70,0.81,28,0.028928571,26
3165.383589,55,88,0.89,33,0.026969697,26
3165.141883,51,87,0.96,36,0.026666667,26
3164.90724,43,81,0.97,38,0.025526316,26
3164.575304,58,89,0.64,31,0.020645161,26
3164.154764,48,64,0.46,16,0.02875,26
3163.92178,52,80,0.86,28,0.030714286,26
3163.92178,51,81,0.92,30,0.030666667,26
3163.868976,53,82,0.82,29,0.028275862,26
3163.868976,52,83,0.88,31,0.028387097,26
3163.745949,39,50,0.42,11,0.038181818,26
3163.44981,48,66,0.48,18,0.026666667,26
3163.443452,48,65,0.46,17,0.027058824,26
3163.413088,46,50,0.15,4,0.0375,26
3163.279607,52,89,0.97,37,0.026216216,26
3163.165846,54,87,0.94,33,0.028484848,26
3162.998992,46,77,0.79,31,0.025483871,26
3162.990051,34,58,0.88,24,0.036666667,26
3162.852161,57,80,0.62,23,0.026956522,26
3162.802351,54,82,0.78,28,0.027857143,26
3162.802351,53,83,0.84,30,0.028,26
3162.765553,35,58,0.88,23,0.03826087,26
3162.674221,62,72,0.31,10,0.031,26
3162.570034,55,88,0.86,33,0.026060606,26
3162.287151,54,91,0.85,37,0.022972973,26
3162.18502,50,61,0.28,11,0.025454545,26
3161.968148,35,59,0.85,24,0.035416667,26
3161.852745,47,80,0.79,33,0.023939394,26
3161.470267,55,76,0.65,21,0.030952381,26
3161.45643,75,76,0.02,1,0.02,26
3161.45643,74,77,0.06,3,0.02,26
3161.45643,73,78,0.1,5,0.02,26
3161.45643,72,79,0.14,7,0.02,26
3161.44432,44,72,0.77,28,0.0275,26
3161.426475,62,78,0.43,16,0.026875,26
3161.426475,60,81,0.56,21,0.026666667,26
3161.426475,59,82,0.61,23,0.026521739,26
3161.426475,58,83,0.67,25,0.0268,26
3161.426475,57,84,0.72,27,0.026666667,26
3161.426475,55,87,0.85,32,0.0265625,26
3161.225103,51,74,0.83,23,0.036086957,26
3161.002967,56,79,0.69,23,0.03,26
3160.869874,52,84,0.95,32,0.0296875,26
3160.59886,66,87,0.39,21,0.018571429,26
3160.542419,64,79,0.32,15,0.021333333,26
3160.075957,45,69,0.67,24,0.027916667,26
3160.015593,44,72,0.78,28,0.027857143,26
3159.858803,53,89,0.96,36,0.026666667,26
3159.674322,53,84,0.91,31,0.029354839,26
3159.118268,55,84,0.84,29,0.028965517,26
3159.118268,54,85,0.9,31,0.029032258,26
3159.014637,42,70,0.8,28,0.028571429,26
3158.477113,47,73,0.68,26,0.026153846,26
3158.414208,52,57,0.16,5,0.032,26
3158.40305,47,74,0.7,27,0.025925926,26
3158.301588,56,92,0.81,36,0.0225,26
3158.301588,55,94,0.87,39,0.022307692,26
3158.301588,54,95,0.92,41,0.022439024,26
3158.301588,53,97,0.98,44,0.022272727,26
3157.596544,52,95,0.98,43,0.022790698,26
3157.431329,51,86,0.94,35,0.026857143,26
3157.423774,52,73,0.75,21,0.035714286,26
3157.315775,71,80,0.18,9,0.02,26
3157.197363,40,54,0.45,14,0.032142857,26
3157.095402,64,77,0.35,13,0.026923077,26
3156.81673,57,79,0.59,22,0.026818182,26
3156.677377,58,89,0.7,31,0.022580645,26
3156.660584,55,84,0.76,29,0.026206897,26
3156.660584,53,87,0.88,34,0.025882353,26
3156.651505,62,87,0.51,25,0.0204,26
3156.492481,55,83,0.74,28,0.026428571,26
3156.16098,54,85,0.81,31,0.026129032,26
3156.143651,50,61,0.3,11,0.027272727,26
3156.129445,41,68,0.86,27,0.031851852,26
3156.080103,53,96,0.96,43,0.022325581,26
3155.954671,44,82,0.92,38,0.024210526,26
3155.931232,60,80,0.54,20,0.027,26
3155.8741,67,72,0.14,5,0.028,26
3155.835494,53,88,0.9,35,0.025714286,26
3155.745821,56,86,0.83,30,0.027666667,26
3155.740484,43,56,0.45,13,0.034615385,26
3155.581021,56,78,0.63,22,0.028636364,26
3155.211089,54,86,0.93,32,0.0290625,26
3155.052258,55,84,0.78,29,0.026896552,26
3154.983798,61,75,0.4,14,0.028571429,26
3154.825617,35,61,0.95,26,0.036538462,26
3154.476253,53,86,0.89,33,0.026969697,26
3154.476253,52,87,0.95,35,0.027142857,26
3154.006721,47,63,0.51,16,0.031875,26
3154.006721,45,65,0.64,20,0.032,26
3153.876922,45,68,0.75,23,0.032608696,26
3153.351931,52,85,0.97,33,0.029393939,26
3153.100334,54,85,0.82,31,0.026451613,26
3153.076884,41,73,0.91,32,0.0284375,26
3153.026127,38,62,0.81,24,0.03375,26
3152.96175,57,77,0.6,20,0.03,26
3152.9583,54,91,0.95,37,0.025675676,26
3152.887596,59,85,0.59,26,0.022692308,26
3152.784235,64,70,0.17,6,0.028333333,26
3152.784235,61,73,0.34,12,0.028333333,26
3152.526062,44,52,0.3,8,0.0375,26
3152.45805,52,89,0.96,37,0.025945946,26
3152.403453,57,91,0.76,34,0.022352941,26
3152.352208,44,70,0.7,26,0.026923077,26
3152.188683,52,83,0.96,31,0.030967742,26
3151.979744,52,84,0.89,32,0.0278125,26
3151.979744,51,85,0.95,34,0.027941176,26
3151.740613,48,74,0.67,26,0.025769231,26
3151.740613,47,76,0.74,29,0.025517241,26
3151.675449,64,72,0.22,8,0.0275,26
3151.675449,59,78,0.52,19,0.027368421,26
3151.635685,54,89,0.95,35,0.027142857,26
3151.435198,59,88,0.65,29,0.022413793,26
3151.34676,53,85,0.93,32,0.0290625,26
3151.325765,44,69,0.7,25,0.028,26
3151.315908,38,63,0.84,25,0.0336,26
3151.225254,51,87,0.95,36,0.026388889,26
3151.177117,47,50,0.11,3,0.036666667,26
3151.13268,48,72,0.63,24,0.02625,26
3151.069257,44,80,0.92,36,0.025555556,26
3151.063082,45,78,0.85,33,0.025757576,26
3150.977157,36,64,0.96,28,0.034285714,26
3150.966633,55,82,0.73,27,0.027037037,26
3150.966633,55,83,0.75,28,0.026785714,26
3150.917005,51,86,0.97,35,0.027714286,26
3150.815141,40,50,0.38,10,0.038,26
3150.807526,42,47,0.19,5,0.038,26
3150.781797,58,78,0.55,20,0.0275,26
3150.781797,58,79,0.57,21,0.027142857,26
3150.781797,56,81,0.68,25,0.0272,26
3150.457282,55,91,0.9,36,0.025,26
3150.426824,42,73,0.86,31,0.027741935,26
3150.412423,62,71,0.26,9,0.028888889,26
3150.352447,52,88,0.93,36,0.025833333,26
3150.221415,44,70,0.73,26,0.028076923,26
3150.221415,43,71,0.79,28,0.028214286,26
3150.155822,35,56,0.79,21,0.037619048,26
3150.136149,44,52,0.28,8,0.035,26
3149.573728,62,85,0.47,23,0.020434783,26
3149.085184,53,95,0.95,42,0.022619048,26
3148.184666,52,90,0.99,38,0.026052632,26
3148.126257,53,84,0.83,31,0.026774194,26
3148.126257,52,85,0.89,33,0.026969697,26
3148.035875,46,75,0.75,29,0.025862069,26
3147.756702,60,77,0.46,17,0.027058824,26
3147.756702,57,81,0.64,24,0.026666667,26
3147.697755,38,57,0.69,19,0.036315789,26
3147.670417,42,73,0.9,31,0.029032258,26
3147.620077,60,74,0.4,14,0.028571429,26
3147.449018,61,80,0.52,19,0.027368421,26
3147.270983,34,61,0.97,27,0.035925926,26
3147.254281,52,88,0.94,36,0.026111111,26
3146.485913,39,56,0.6,17,0.035294118,26
3146.193846,45,78,0.84,33,0.025454545,26
3146.106621,55,84,0.85,29,0.029310345,26
3146.106621,53,87,0.99,34,0.029117647,26
3146.06621,36,54,0.72,18,0.04,26
3145.848467,57,79,0.6,22,0.027272727,26
3145.753374,55,82,0.74,27,0.027407407,26
3145.722714,62,81,0.41,19,0.021578947,26
3145.688543,55,87,0.89,32,0.0278125,26
3145.233179,55,81,0.77,26,0.029615385,26
3144.995842,62,79,0.45,17,0.026470588,26
3144.995842,59,83,0.63,24,0.02625,26
3144.995842,58,84,0.68,26,0.026153846,26
3144.995842,58,84,0.69,26,0.026538462,26
3144.995842,57,85,0.74,28,0.026428571,26
3144.995842,56,87,0.81,31,0.026129032,26
3143.643988,61,80,0.5,19,0.026315789,26
3143.615615,63,71,0.24,8,0.03,26
3143.615615,62,72,0.3,10,0.03,26
3143.615615,61,73,0.36,12,0.03,26
3143.45851,58,84,0.7,26,0.026923077,26
3142.568402,40,53,0.49,13,0.037692308,26
3142.516393,56,93,0.82,37,0.022162162,26
3142.444648,49,73,0.61,24,0.025416667,26
3142.378547,45,76,0.8,31,0.025806452,26
3141.860157,59,75,0.45,16,0.028125,26
3141.823993,56,83,0.71,27,0.026296296,26
3141.764016,54,91,0.96,37,0.025945946,26
3141.297602,43,81,0.96,38,0.025263158,26
3141.019802,58,86,0.6,28,0.021428571,26
3140.840396,46,69,0.64,23,0.027826087,26
3140.536416,48,66,0.49,18,0.027222222,26
3140.134181,64,78,0.36,14,0.025714286,26
3140.108599,40,74,0.95,34,0.027941176,26
3140.076497,53,86,0.95,33,0.028787879,26
3139.96353,64,69,0.16,5,0.032,26
3139.879816,36,60,0.84,24,0.035,26
3139.615968,61,86,0.51,25,0.0204,26
3139.342679,51,82,0.94,31,0.030322581,26
3139.270635,51,60,0.26,9,0.028888889,26
3139.166454,54,82,0.76,28,0.027142857,26
3138.940238,54,83,0.79,29,0.027241379,26
3138.940238,54,84,0.81,30,0.027,26
3138.924174,60,77,0.5,17,0.029411765,26
3138.924174,59,78,0.56,19,0.029473684,26
3138.573747,40,69,0.93,29,0.032068966,26
3138.464726,55,90,0.89,35,0.025428571,26
3138.461084,54,86,0.84,32,0.02625,26
3138.452142,41,72,0.9,31,0.029032258,26
3138.040595,39,69,0.97,30,0.032333333,26
3137.698181,43,73,0.79,30,0.026333333,26
3137.624143,59,72,0.4,13,0.030769231,26
3137.414322,57,79,0.64,22,0.029090909,26
3137.414322,56,80,0.7,24,0.029166667,26
3137.347991,63,84,0.42,21,0.02,26
3137.203436,68,84,0.32,16,0.02,26
3137.203436,67,85,0.36,18,0.02,26
3137.203436,66,86,0.4,20,0.02,26
3137.158184,37,53,0.6,16,0.0375,26
3136.995471,58,80,0.59,22,0.026818182,26
3136.899388,49,64,0.41,15,0.027333333,26
3136.860245,59,83,0.64,24,0.026666667,26
3136.848921,62,87,0.52,25,0.0208,26
3136.845534,55,80,0.7,25,0.028,26
3136.845534,54,81,0.76,27,0.028148148,26
3136.516513,42,55,0.48,13,0.036923077,26
3136.477899,61,87,0.56,26,0.021538462,26
3136.477899,59,89,0.65,30,0.021666667,26
3136.475623,54,86,0.92,32,0.02875,26
3136.475623,53,87,0.98,34,0.028823529,26
3136.422662,53,86,0.88,33,0.026666667,26
3136.238653,56,82,0.7,26,0.026923077,26
3136.082103,34,58,0.89,24,0.037083333,26
3135.998205,54,86,0.83,32,0.0259375,26
3135.951656,43,82,0.96,39,0.024615385,26
3135.89135,55,82,0.78,27,0.028888889,26
3135.89135,54,83,0.84,29,0.028965517,26
3135.438432,40,73,0.94,33,0.028484848,26
3135.401826,38,61,0.79,23,0.034347826,26
3135.175671,55,70,0.53,15,0.035333333,26
3135.127207,52,86,0.99,34,0.029117647,26
3134.906028,55,89,0.92,34,0.027058824,26
3134.799637,42,56,0.48,14,0.034285714,26
3134.552568,54,96,0.93,42,0.022142857,26
3134.478228,53,81,0.85,28,0.030357143,26
3134.466685,54,78,0.74,24,0.030833333,26
3134.426325,53,85,0.87,32,0.0271875,26
3133.930132,53,84,0.85,31,0.027419355,26
3133.841006,56,80,0.66,24,0.0275,26
3133.727186,57,85,0.77,28,0.0275,26
3133.727186,55,88,0.9,33,0.027272727,26
3133.503554,37,56,0.73,19,0.038421053,26
3133.249912,35,59,0.91,24,0.037916667,26
3132.927789,43,68,0.79,25,0.0316,26
3132.909669,63,86,0.47,23,0.020434783,26
3132.822118,50,76,0.92,26,0.035384615,26
3132.723562,40,69,0.94,29,0.032413793,26
3132.682418,63,76,0.37,13,0.028461538,26
3132.558637,43,70,0.77,27,0.028518519,26
3132.548584,54,90,0.96,36,0.026666667,26
3132.501601,52,60,0.22,8,0.0275,26
3132.387654,61,76,0.45,15,0.03,26
3132.055201,58,86,0.71,28,0.025357143,26
3131.717578,56,88,0.82,32,0.025625,26
3131.706331,51,89,0.99,38,0.026052632,26
3131.627526,58,78,0.58,20,0.029,26
3131.532195,52,89,0.99,37,0.026756757,26
3131.418979,48,71,0.61,23,0.026521739,26
3131.416052,45,68,0.63,23,0.027391304,26
3131.412819,54,85,0.85,31,0.027419355,26
3131.412643,60,95,0.68,35,0.019428571,26
3131.412643,59,96,0.72,37,0.019459459,26
3131.412643,58,97,0.76,39,0.019487179,26
3131.40961,55,88,0.87,33,0.026363636,26
3131.07109,52,86,0.93,34,0.027352941,26
3131.07109,51,87,0.99,36,0.0275,26
3130.829622,42,73,0.85,31,0.027419355,26
3130.828532,43,81,0.95,38,0.025,26
3130.800717,39,53,0.53,14,0.037857143,26
3130.791419,45,66,0.62,21,0.02952381,26
3130.761477,56,80,0.65,24,0.027083333,26
3130.557759,44,53,0.32,9,0.035555556,26
3130.546874,53,88,0.91,35,0.026,26
3130.51205,42,72,0.97,30,0.032333333,26
3129.993302,55,81,0.72,26,0.027692308,26
3129.836409,43,74,0.84,31,0.027096774,26
3129.761978,43,78,0.91,35,0.026,26
3129.638977,44,67,0.73,23,0.03173913,26
3129.617294,53,87,0.9,34,0.026470588,26
3129.457712,36,55,0.74,19,0.038947368,26
3129.328254,53,84,0.92,31,0.029677419,26
3129.328254,52,85,0.98,33,0.02969697,26
3128.627235,37,54,0.63,17,0.037058824,26
3128.609153,66,68,0.06,2,0.03,26
3128.609153,65,69,0.12,4,0.03,26
3128.609153,64,70,0.18,6,0.03,26
3128.54418,51,75,0.86,24,0.035833333,26
3128.527645,57,86,0.79,29,0.027241379,26
3128.348203,55,90,0.91,35,0.026,26
3128.294943,65,75,0.27,10,0.027,26
3128.290429,60,76,0.44,16,0.0275,26
3128.186398,57,84,0.76,27,0.028148148,26
3128.068412,53,98,0.99,45,0.022,26
3128.047706,34,60,0.99,26,0.038076923,26
3127.447467,62,81,0.5,19,0.026315789,26
3127.359328,58,80,0.66,22,0.03,26
3127.359328,57,81,0.72,24,0.03,26
3127.288643,65,77,0.32,12,0.026666667,26
3127.023253,42,49,0.27,7,0.038571429,26
3126.940482,44,70,0.69,26,0.026538462,26
3126.88043,59,75,0.48,16,0.03,26
3126.865349,64,67,0.1,3,0.033333333,26
3126.832751,40,73,0.95,33,0.028787879,26
3126.711088,52,81,0.94,29,0.032413793,26
3126.541833,35,56,0.77,21,0.036666667,26
3126.414443,33,59,0.97,26,0.037307692,26
3126.314819,53,94,0.93,41,0.022682927,26
3125.962133,55,70,0.54,15,0.036,26
3125.811069,46,74,0.73,28,0.026071429,26
3125.745362,48,74,0.66,26,0.025384615,26
3125.623808,61,81,0.52,20,0.026,26
3125.60725,57,87,0.79,30,0.026333333,26
3125.470024,59,84,0.67,25,0.0268,26
3125.470024,56,88,0.85,32,0.0265625,26
3125.415973,66,76,0.22,10,0.022,26
3125.204131,55,84,0.77,29,0.026551724,26
3124.762718,36,65,0.98,29,0.033793103,26
3124.69951,43,54,0.39,11,0.035454545,26
3124.692466,49,78,0.71,29,0.024482759,26
3124.674418,66,73,0.2,7,0.028571429,26
3124.646717,40,71,0.97,31,0.031290323,26
3124.621609,52,88,0.96,36,0.026666667,26
3123.97978,37,62,0.87,25,0.0348,26
3123.450151,48,61,0.42,13,0.032307692,26
3123.326025,51,69,0.47,18,0.026111111,26
3123.312781,41,75,0.96,34,0.028235294,26
3123.161534,42,70,0.87,28,0.031071429,26
3122.560217,53,83,0.82,30,0.027333333,26
3122.220785,59,86,0.57,27,0.021111111,26
3122.012777,56,88,0.86,32,0.026875,26
3121.887837,54,93,0.99,39,0.025384615,26
3121.545247,49,65,0.43,16,0.026875,26
3121.406648,52,87,0.93,35,0.026571429,26
3121.406648,51,88,0.99,37,0.026756757,26
3121.18709,54,83,0.86,29,0.029655172,26
3121.177888,57,78,0.58,21,0.027619048,26
3121.105184,54,85,0.83,31,0.026774194,26
3121.023062,37,63,0.88,26,0.033846154,26
3121.023062,36,64,0.95,28,0.033928571,26
3120.912452,56,81,0.67,25,0.0268,26
3120.912452,54,84,0.8,30,0.026666667,26
3120.912452,53,85,0.85,32,0.0265625,26
3120.912452,52,86,0.91,34,0.026764706,26
3120.912452,52,87,0.92,35,0.026285714,26
3120.912452,51,87,0.97,36,0.026944444,26
3120.912452,51,88,0.98,37,0.026486486,26
3120.770862,46,78,0.8,32,0.025,26
3120.770739,35,56,0.82,21,0.039047619,26
3120.645753,59,75,0.5,16,0.03125,26
3120.634301,60,82,0.58,22,0.026363636,26
3120.634301,58,85,0.7,27,0.025925926,26
3120.634301,57,86,0.75,29,0.025862069,26
3120.634301,57,86,0.76,29,0.026206897,26
3120.601069,43,52,0.32,9,0.035555556,26
3120.587922,41,72,0.91,31,0.029354839,26
3120.552822,54,90,0.97,36,0.026944444,26
3120.504149,52,89,0.95,37,0.025675676,26
3120.487466,53,92,0.9,39,0.023076923,26
3120.487466,52,93,0.95,41,0.023170732,26
3120.216863,50,69,0.5,19,0.026315789,26
3120.175551,47,66,0.52,19,0.027368421,26
3119.985501,57,82,0.67,25,0.0268,26
3119.552564,45,76,0.81,31,0.026129032,26
3119.430516,62,72,0.28,10,0.028,26
3119.342882,59,75,0.47,16,0.029375,26
3119.020112,46,68,0.62,22,0.028181818,26
3118.88689,57,86,0.77,29,0.026551724,26
3118.464712,54,95,0.91,41,0.022195122,26
3118.377878,55,92,0.96,37,0.025945946,26
3118.369405,36,55,0.71,19,0.037368421,26
3118.227468,52,85,0.91,33,0.027575758,26
3118.138775,59,76,0.47,17,0.027647059,26
3118.138775,54,82,0.77,28,0.0275,26
3118.094036,57,88,0.66,31,0.021290323,26
3118.065788,35,61,0.94,26,0.036153846,26
3117.840188,48,73,0.65,25,0.026,26
3117.730537,67,74,0.19,7,0.027142857,26
3117.689271,59,76,0.5,17,0.029411765,26
3117.653215,41,72,0.87,31,0.028064516,26
3117.53028,44,51,0.25,7,0.035714286,26
3117.506561,54,96,0.92,42,0.021904762,26
3117.450493,38,54,0.61,16,0.038125,26
3117.064259,35,56,0.78,21,0.037142857,26
3116.940315,40,73,0.96,33,0.029090909,26
3116.704575,39,70,0.99,31,0.031935484,26
3116.595406,42,74,0.98,32,0.030625,26
3116.522144,54,81,0.79,27,0.029259259,26
3116.461421,51,84,0.94,33,0.028484848,26
3116.219463,40,59,0.65,19,0.034210526,26
3116.122666,52,87,0.94,35,0.026857143,26
3116.007712,55,82,0.8,27,0.02962963,26
3115.84883,65,71,0.17,6,0.028333333,26
3115.709913,48,75,0.68,27,0.025185185,26
3115.709913,47,76,0.73,29,0.025172414,26
3115.709913,46,77,0.78,31,0.02516129,26
3115.4801,53,97,0.97,44,0.022045455,26
3115.368322,52,94,0.95,42,0.022619048,26
3115.364197,53,88,0.94,35,0.026857143,26
3115.200678,43,70,0.79,27,0.029259259,26
3115.189765,51,86,0.95,35,0.027142857,26
3115.144896,55,92,0.84,37,0.022702703,26
3114.921335,53,83,0.9,30,0.03,26
3114.921335,52,84,0.96,32,0.03,26
3114.836063,59,73,0.43,14,0.030714286,26
3114.836063,57,76,0.58,19,0.030526316,26
3114.836063,56,77,0.64,21,0.03047619,26
3114.828751,49,72,0.59,23,0.025652174,26
3114.747806,59,80,0.56,21,0.026666667,26
3114.745428,57,67,0.35,10,0.035,26
3114.668568,63,75,0.32,12,0.026666667,26
3114.450588,58,76,0.51,18,0.028333333,26
3114.450588,57,77,0.57,20,0.0285,26
3114.434504,50,77,0.96,27,0.035555556,26
3113.934706,58,86,0.73,28,0.026071429,26
3113.828162,41,67,0.84,26,0.032307692,26
3113.817042,45,83,0.9,38,0.023684211,26
3113.803244,39,61,0.75,22,0.034090909,26
3113.776548,60,82,0.59,22,0.026818182,26
3113.776548,58,85,0.72,27,0.026666667,26
3113.776548,56,87,0.83,31,0.026774194,26
3113.76543,55,92,0.94,37,0.025405405,26
3113.406103,46,64,0.58,18,0.032222222,26
3112.751176,63,80,0.38,17,0.022352941,26
3112.688639,46,50,0.14,4,0.035,26
3112.688639,45,51,0.21,6,0.035,26
3112.367365,63,80,0.45,17,0.026470588,26
3112.242631,35,61,0.92,26,0.035384615,26
3111.871282,54,94,0.98,40,0.0245,26
3111.727037,40,69,0.92,29,0.031724138,26
3111.680467,51,83,0.98,32,0.030625,26
3111.50714,41,69,0.89,28,0.031785714,26
3111.466847,63,72,0.25,9,0.027777778,26
3111.466847,61,74,0.36,13,0.027692308,26
3111.347226,49,71,0.57,22,0.025909091,26
3111.324635,58,78,0.6,20,0.03,26
3111.324635,53,83,0.91,30,0.030333333,26
3111.312142,41,53,0.44,12,0.036666667,26
3111.281579,57,79,0.66,22,0.03,26
3111.211997,58,76,0.54,18,0.03,26
3110.942842,57,93,0.76,36,0.021111111,26
3110.876062,45,71,0.68,26,0.026153846,26
3110.701311,40,58,0.62,18,0.034444444,26
3110.217763,52,60,0.23,8,0.02875,26
3110.081097,45,66,0.61,21,0.029047619,26
3110.021372,53,85,0.94,32,0.029375,26
3109.850927,41,67,0.83,26,0.031923077,26
3109.781973,47,67,0.56,20,0.028,26
3109.775121,56,83,0.73,27,0.027037037,26
3109.618611,65,76,0.3,11,0.027272727,26
3109.618611,63,78,0.41,15,0.027333333,26
3109.618611,61,81,0.54,20,0.027,26
3109.618611,59,83,0.65,24,0.027083333,26
3109.289837,53,82,0.88,29,0.030344828,26
3109.261691,56,79,0.64,23,0.027826087,26
3108.901307,53,82,0.81,29,0.027931034,26
3108.745184,53,65,0.32,12,0.026666667,26
3108.719868,38,52,0.52,14,0.037142857,26
3108.719868,36,55,0.7,19,0.036842105,26
3108.540674,55,83,0.84,28,0.03,26
3108.50999,34,57,0.87,23,0.037826087,26
3108.407434,42,75,0.91,33,0.027575758,26
3108.129271,40,71,0.93,31,0.03,26
3108.074555,52,95,0.99,43,0.023023256,26
3108.030185,37,64,0.91,27,0.033703704,26
3107.809599,58,67,0.32,9,0.035555556,26
3107.685152,41,76,0.96,35,0.027428571,26
3107.621632,59,80,0.55,21,0.026190476,26
3107.465825,61,74,0.38,13,0.029230769,26
3107.238665,59,84,0.66,25,0.0264,26
3107.238665,56,88,0.84,32,0.02625,26
3107.16175,57,88,0.69,31,0.022258065,26
3107.150066,54,90,0.94,36,0.026111111,26
3107.126687,50,60,0.29,10,0.029,26
3107.004017,54,92,0.98,38,0.025789474,26
3106.770633,46,81,0.84,35,0.024,26
3106.768147,69,73,0.09,4,0.0225,26
3106.553586,66,81,0.31,15,0.020666667,26
3106.089811,41,73,0.9,32,0.028125,26
3106.086326,42,74,0.9,32,0.028125,26
3106.022215,43,48,0.19,5,0.038,26
3106.011026,53,86,0.87,33,0.026363636,26
3105.737255,63,85,0.47,22,0.021363636,26
3105.624403,65,81,0.33,16,0.020625,26
3105.565752,55,89,0.9,34,0.026470588,26
3105.499764,43,83,0.99,40,0.02475,26
3105.307186,55,89,0.8,34,0.023529412,26
3105.274724,59,90,0.65,31,0.020967742,26
3105.206339,56,91,0.9,35,0.025714286,26
3104.859947,58,79,0.62,21,0.02952381,26
3104.859947,57,80,0.68,23,0.029565217,26
3104.859947,56,81,0.74,25,0.0296,26
3104.859947,54,84,0.88,30,0.029333333,26
3104.842168,41,59,0.61,18,0.033888889,26
3104.666776,62,84,0.46,22,0.020909091,26
3104.653413,38,62,0.86,24,0.035833333,26
3104.52055,60,75,0.44,15,0.029333333,26
3104.416276,44,68,0.7,24,0.029166667,26
3104.399798,53,85,0.86,32,0.026875,26
3104.346105,58,91,0.71,33,0.021515152,26
3104.341285,43,72,0.91,29,0.03137931,26
3104.340054,38,55,0.65,17,0.038235294,26
3104.325855,54,86,0.95,32,0.0296875,26
3104.197512,42,70,0.82,28,0.029285714,26
3104.16017,54,91,0.97,37,0.026216216,26
3104.127319,54,83,0.78,29,0.026896552,26
3103.83818,54,58,0.11,4,0.0275,26
3103.707681,60,87,0.6,27,0.022222222,26
3103.659524,56,94,0.81,38,0.021315789,26
3103.579475,53,72,0.68,19,0.035789474,26
3103.268971,40,70,0.95,30,0.031666667,26
3103.245288,53,82,0.86,29,0.029655172,26
3103.176667,52,88,0.95,36,0.026388889,26
3103.006442,44,77,0.86,33,0.026060606,26
3102.727941,54,71,0.61,17,0.035882353,26
3102.384631,63,72,0.26,9,0.028888889,26
3102.217202,62,70,0.26,8,0.0325,26
3102.194066,40,72,0.95,32,0.0296875,26
3102.146816,62,80,0.48,18,0.026666667,26
3102.141981,42,72,0.82,30,0.027333333,26
3101.805985,67,75,0.18,8,0.0225,26
3101.414627,60,89,0.61,29,0.021034483,26
3101.414627,58,92,0.71,34,0.020882353,26
3101.303824,43,53,0.35,10,0.035,26
3101.232868,57,87,0.69,30,0.023,26
3101.192171,56,84,0.73,28,0.026071429,26
3101.066662,43,72,0.82,29,0.028275862,26
3100.597544,60,77,0.47,17,0.027647059,26
3100.564702,62,77,0.43,15,0.028666667,26
3100.564702,61,79,0.51,18,0.028333333,26
3100.462027,65,73,0.2,8,0.025,26
3100.193103,60,76,0.48,16,0.03,26
3100.193103,59,77,0.54,18,0.03,26
3100.188681,42,53,0.39,11,0.035454545,26
3100.168647,54,84,0.9,30,0.03,26
3100.159003,53,66,0.34,13,0.026153846,26
3099.864926,40,68,0.9,28,0.032142857,26
3099.717617,54,89,0.96,35,0.027428571,26
3099.714241,53,61,0.2,8,0.025,26
3098.919407,55,84,0.79,29,0.027241379,26
3098.911305,56,62,0.16,6,0.026666667,26
3098.769889,42,75,0.9,33,0.027272727,26
3098.724343,41,74,0.94,33,0.028484848,26
3098.612738,51,86,0.96,35,0.027428571,26
3098.603902,41,57,0.55,16,0.034375,26
3098.406731,46,66,0.56,20,0.028,26
3098.353253,71,77,0.12,6,0.02,26
3098.145845,51,83,0.97,32,0.0303125,26
3098.109797,62,73,0.32,11,0.029090909,26
3098.109797,59,77,0.52,18,0.028888889,26
3098.034794,54,83,0.87,29,0.03,26
3098.034794,53,84,0.93,31,0.03,26
3097.836662,40,51,0.4,11,0.036363636,26
3097.762046,63,81,0.38,18,0.021111111,26
3097.748469,43,82,0.98,39,0.025128205,26
3097.6855,58,79,0.63,21,0.03,26
3097.544296,60,83,0.59,23,0.025652174,26
3097.528938,64,73,0.27,9,0.03,26
3097.528938,63,74,0.33,11,0.03,26
3097.241251,48,65,0.48,17,0.028235294,26
3097.241251,47,66,0.54,19,0.028421053,26
3097.193146,55,81,0.78,26,0.03,26
3096.588181,50,70,0.52,20,0.026,26
3096.469235,46,69,0.62,23,0.026956522,26
3096.33583,57,86,0.78,29,0.026896552,26
3096.096027,58,86,0.63,28,0.0225,26
3096.038338,42,79,0.97,37,0.026216216,26
3095.914798,56,90,0.79,34,0.023235294,26
3095.694656,44,51,0.26,7,0.037142857,26
3095.672326,66,78,0.26,12,0.021666667,26
3095.6643,54,73,0.67,19,0.035263158,26
3095.6643,53,74,0.74,21,0.035238095,26
3095.6643,52,76,0.84,24,0.035,26
3095.6643,51,77,0.91,26,0.035,26
3095.493973,60,87,0.56,27,0.020740741,26
3095.466269,44,84,0.95,40,0.02375,26
3095.446855,44,53,0.33,9,0.036666667,26
3095.388117,53,87,0.89,34,0.026176471,26
3095.222977,48,66,0.52,18,0.028888889,26
3095.168546,53,80,0.83,27,0.030740741,26
3095.026014,63,73,0.28,10,0.028,26
3094.963958,46,68,0.59,22,0.026818182,26
3094.703721,37,58,0.77,21,0.036666667,26
3094.702533,67,73,0.14,6,0.023333333,26
3094.696953,38,55,0.58,17,0.034117647,26
3094.57276,54,90,0.98,36,0.027222222,26
3094.505702,50,78,0.99,28,0.035357143,26
3094.435528,44,68,0.67,24,0.027916667,26
3093.903026,39,56,0.54,17,0.031764706,26
3093.664476,60,77,0.51,17,0.03,26
3093.664476,59,78,0.57,19,0.03,26
3093.449011,38,53,0.55,15,0.036666667,26
3093.39569,34,60,0.96,26,0.036923077,26
3092.879162,55,83,0.82,28,0.029285714,26
3092.799652,53,73,0.71,20,0.0355,26
3092.685815,59,85,0.68,26,0.026153846,26
3092.605465,59,74,0.46,15,0.030666667,26
3092.545669,52,86,0.92,34,0.027058824,26
3092.524409,64,77,0.3,13,0.023076923,26
3092.427059,66,72,0.16,6,0.026666667,26
3092.386988,43,71,0.9,28,0.032142857,26
3092.337337,42,73,0.89,31,0.028709677,26
3092.330114,42,69,0.8,27,0.02962963,26
3092.175383,65,75,0.28,10,0.028,26
3092.141358,62,75,0.39,13,0.03,26
3092.095146,52,85,0.99,33,0.03,26
3092.0584,56,87,0.85,31,0.027419355,26
3092.052348,56,80,0.72,24,0.03,26
3091.96073,39,54,0.57,15,0.038,26
3091.529989,51,76,0.6,25,0.024,26
3091.47371,39,60,0.72,21,0.034285714,26
3091.426903,60,83,0.52,23,0.022608696,26
3091.363986,34,61,0.95,27,0.035185185,26
3091.296247,54,93,0.89,39,0.022820513,26
3091.257842,57,88,0.78,31,0.02516129,26
3091.16121,56,88,0.83,32,0.0259375,26
3091.16121,55,89,0.88,34,0.025882353,26
3090.922624,43,72,0.83,29,0.02862069,26
3090.687558,67,70,0.08,3,0.026666667,26
3090.687558,62,76,0.37,14,0.026428571,26
3090.637772,58,81,0.61,23,0.026521739,26
3090.471199,41,55,0.49,14,0.035,26
3089.962275,41,56,0.54,15,0.036,26
3089.913263,41,72,0.92,31,0.029677419,26
3089.734305,40,57,0.62,17,0.036470588,26
3089.676234,61,63,0.07,2,0.035,26
3089.676234,60,64,0.14,4,0.035,26
3089.676234,59,65,0.21,6,0.035,26
3089.676234,58,66,0.28,8,0.035,26
3089.576326,61,83,0.47,22,0.021363636,26
3089.572903,56,69,0.46,13,0.035384615,26
3089.518843,57,68,0.39,11,0.035454545,26
3089.503195,62,75,0.36,13,0.027692308,26
3089.503195,57,81,0.66,24,0.0275,26
3089.450102,40,72,0.93,32,0.0290625,26
3089.445374,40,72,0.94,32,0.029375,26
3089.351812,52,83,0.93,31,0.03,26
3089.297957,37,50,0.48,13,0.036923077,26
3089.21067,50,65,0.37,15,0.024666667,26
3088.896153,55,71,0.57,16,0.035625,26
3088.840522,53,84,0.84,31,0.027096774,26
3088.778313,43,64,0.63,21,0.03,26
3088.12641,54,91,0.99,37,0.026756757,26
3087.979191,64,88,0.48,24,0.02,26
3087.957098,44,70,0.84,26,0.032307692,26
3087.777161,55,89,0.91,34,0.026764706,26
3087.607328,51,87,0.98,36,0.027222222,26
3087.566263,61,76,0.42,15,0.028,26
3087.551207,35,60,0.92,25,0.0368,26
3087.487263,60,84,0.54,24,0.0225,26
3087.361672,53,94,0.94,41,0.022926829,26
3087.205718,64,78,0.39,14,0.027857143,26
3087.205718,62,80,0.5,18,0.027777778,26
3087.010663,57,83,0.64,26,0.024615385,26
3087.010663,56,84,0.69,28,0.024642857,26
3086.949329,55,82,0.81,27,0.03,26
3086.939863,60,78,0.53,18,0.029444444,26
3086.492361,64,85,0.44,21,0.020952381,26
3086.396594,58,88,0.69,30,0.023,26
3086.368114,46,82,0.89,36,0.024722222,26
3086.000831,42,71,0.85,29,0.029310345,26
3085.951312,42,72,0.84,30,0.028,26
3085.864834,38,61,0.83,23,0.036086957,26
3085.655214,68,70,0.05,2,0.025,26
3085.655214,67,71,0.1,4,0.025,26
3085.655214,66,72,0.15,6,0.025,26
3085.550174,39,58,0.71,19,0.037368421,26
3085.254228,56,69,0.45,13,0.034615385,26
3085.254228,55,70,0.52,15,0.034666667,26
3084.967104,48,76,0.63,28,0.0225,26
3084.680174,51,73,0.56,22,0.025454545,26
3084.607846,37,62,0.85,25,0.034,26
3084.593491,48,73,0.64,25,0.0256,26
3084.440969,56,81,0.75,25,0.03,26
3084.282807,41,75,0.97,34,0.028529412,26
3084.173279,62,81,0.49,19,0.025789474,26
3084.173279,57,87,0.78,30,0.026,26
3084.168637,39,69,0.96,30,0.032,26
3083.932219,48,79,0.77,31,0.02483871,26
3083.758573,61,84,0.49,23,0.021304348,26
3083.743825,42,54,0.44,12,0.036666667,26
3083.508624,63,86,0.48,23,0.020869565,26
3083.494655,43,83,0.98,40,0.0245,26
3083.383863,37,62,0.86,25,0.0344,26
3083.095327,51,82,0.95,31,0.030645161,26
3082.975903,56,89,0.86,33,0.026060606,26
3082.975903,55,90,0.92,35,0.026285714,26
3082.845647,47,62,0.48,15,0.032,26
3082.787288,63,75,0.35,12,0.029166667,26
3082.280407,35,60,0.87,25,0.0348,26
3081.837687,43,68,0.73,25,0.0292,26
3081.741701,54,86,0.85,32,0.0265625,26
3081.454827,56,90,0.87,34,0.025588235,26
3081.399644,68,75,0.15,7,0.021428571,26
3081.380604,50,76,0.93,26,0.035769231,26
3081.105583,51,67,0.43,16,0.026875,26
3081.085536,61,78,0.42,17,0.024705882,26
3080.937407,54,80,0.79,26,0.030384615,26
3080.92803,52,84,0.9,32,0.028125,26
3080.904899,47,61,0.46,14,0.032857143,26
3080.732164,65,84,0.38,19,0.02,26
3080.718848,54,93,0.9,39,0.023076923,26
3080.567174,62,82,0.52,20,0.026,26
3080.457812,46,49,0.11,3,0.036666667,26
3080.453459,40,74,0.98,34,0.028823529,26
3080.370903,37,54,0.64,17,0.037647059,26
3080.183248,60,80,0.57,20,0.0285,26
3080.182106,44,66,0.7,22,0.031818182,26
3080.153013,42,54,0.42,12,0.035,26
3080.050223,46,62,0.52,16,0.0325,26
3080.050223,42,67,0.81,25,0.0324,26
3079.971682,49,66,0.42,17,0.024705882,26
3079.971283,40,58,0.66,18,0.036666667,26
3079.932996,56,79,0.65,23,0.02826087,26
3079.856173,42,70,0.83,28,0.029642857,26
3079.595082,47,49,0.07,2,0.035,26
3079.428612,41,70,0.86,29,0.029655172,26
3079.428612,40,71,0.92,31,0.029677419,26
3079.333132,61,88,0.55,27,0.02037037,26
3079.126085,60,80,0.49,20,0.0245,26
3079.126085,59,81,0.54,22,0.024545455,26
3079.126085,58,82,0.59,24,0.024583333,26
3079.088163,68,81,0.27,13,0.020769231,26
3078.964789,62,78,0.45,16,0.028125,26
3078.90316,59,88,0.6,29,0.020689655,26
3078.834553,56,83,0.72,27,0.026666667,26
3078.748512,36,59,0.84,23,0.036521739,26
3078.325073,54,71,0.59,17,0.034705882,26
3078.288906,36,51,0.56,15,0.037333333,26
3078.239961,43,70,0.9,27,0.033333333,26
3078.085446,38,60,0.81,22,0.036818182,26
3078.082542,52,84,0.88,32,0.0275,26
3077.532901,48,66,0.51,18,0.028333333,26
3077.41698,53,72,0.66,19,0.034736842,26
3077.369747,54,71,0.6,17,0.035294118,26
3077.369747,53,72,0.67,19,0.035263158,26
3077.34435,63,79,0.43,16,0.026875,26
3077.043952,52,85,0.9,33,0.027272727,26
3076.959416,61,77,0.43,16,0.026875,26
3076.299181,36,63,0.93,27,0.034444444,26
3076.207063,37,53,0.61,16,0.038125,26
3076.172214,49,73,0.62,24,0.025833333,26
3076.080531,73,74,0.02,1,0.02,26
3076.080531,72,75,0.06,3,0.02,26
3076.080531,71,76,0.1,5,0.02,26
3076.080531,70,77,0.14,7,0.02,26
3076.080531,69,78,0.18,9,0.02,26
3076.080531,68,79,0.22,11,0.02,26
3076.025892,67,74,0.17,7,0.024285714,26
3076.006985,56,90,0.73,34,0.021470588,26
3075.697982,44,69,0.72,25,0.0288,26
3075.691619,39,72,0.99,33,0.03,26
3075.647356,40,57,0.59,17,0.034705882,26
3075.413405,40,67,0.89,27,0.032962963,26
3075.023307,47,69,0.54,22,0.024545455,26
3074.897219,67,76,0.23,9,0.025555556,26
3074.897219,61,83,0.56,22,0.025454545,26
3074.897219,60,84,0.61,24,0.025416667,26
3074.897219,59,85,0.66,26,0.025384615,26
3074.897219,58,87,0.73,29,0.025172414,26
3074.73818,60,83,0.53,23,0.023043478,26
3074.217808,42,73,0.88,31,0.028387097,26
3074.212156,44,71,0.77,27,0.028518519,26
3074.198696,60,76,0.46,16,0.02875,26
3074.065708,53,60,0.19,7,0.027142857,26
3073.988718,45,70,0.67,25,0.0268,26
3073.939128,56,82,0.78,26,0.03,26
3073.85619,52,90,0.97,38,0.025526316,26
3073.841184,44,81,0.92,37,0.024864865,26
3073.841184,43,82,0.97,39,0.024871795,26
3073.663795,59,79,0.54,20,0.027,26
3073.546504,41,71,0.87,30,0.029,26
3073.546504,41,71,0.88,30,0.029333333,26
3073.333323,41,74,0.92,33,0.027878788,26
3073.312299,45,80,0.87,35,0.024857143,26
3073.305512,44,82,0.93,38,0.024473684,26
3073.215616,62,77,0.37,15,0.024666667,26
3073.173486,57,92,0.75,35,0.021428571,26
3073.166573,51,85,0.94,34,0.027647059,26
3073.16138,63,83,0.42,20,0.021,26
3073.001223,60,72,0.37,12,0.030833333,26
3073.001223,58,75,0.52,17,0.030588235,26
3072.924743,68,77,0.19,9,0.021111111,26
3072.531561,59,66,0.25,7,0.035714286,26
3072.35542,42,65,0.69,23,0.03,26
3072.271334,38,58,0.71,20,0.0355,26
3072.222525,55,81,0.71,26,0.027307692,26
3071.666368,50,82,0.99,32,0.0309375,26
3071.48014,41,76,0.95,35,0.027142857,26
3071.176919,67,73,0.17,6,0.028333333,26
3071.176919,64,76,0.34,12,0.028333333,26
3070.945855,47,65,0.52,18,0.028888889,26
3070.801309,61,82,0.56,21,0.026666667,26
3070.437435,59,91,0.66,32,0.020625,26
3070.431034,38,60,0.77,22,0.035,26
3070.304095,42,69,0.79,27,0.029259259,26
3070.304095,41,70,0.85,29,0.029310345,26
3070.243885,39,69,0.98,30,0.032666667,26
3069.986177,57,88,0.79,31,0.025483871,26
3069.986177,56,89,0.84,33,0.025454545,26
3069.986177,54,92,0.96,38,0.025263158,26
3069.905765,49,76,0.97,27,0.035925926,26
3069.460515,41,74,0.93,33,0.028181818,26
3069.440918,43,67,0.77,24,0.032083333,26
3069.253579,58,77,0.53,19,0.027894737,26
3069.206888,44,72,0.75,28,0.026785714,26
3068.973553,65,87,0.44,22,0.02,26
3068.926013,45,69,0.64,24,0.026666667,26
3068.885709,45,67,0.64,22,0.029090909,26
3068.872543,54,81,0.82,27,0.03037037,26
3068.850318,49,63,0.38,14,0.027142857,26
3068.728716,64,82,0.38,18,0.021111111,26
3068.536637,55,92,0.85,37,0.022972973,26
3068.536637,53,95,0.96,42,0.022857143,26
3068.28251,61,82,0.54,21,0.025714286,26
3068.249526,43,73,0.84,30,0.028,26
3068.206457,46,67,0.6,21,0.028571429,26
3068.146126,60,78,0.49,18,0.027222222,26
3068.146126,58,80,0.6,22,0.027272727,26
3068.083642,66,76,0.27,10,0.027,26
3067.975442,42,48,0.22,6,0.036666667,26
3067.910748,47,64,0.5,17,0.029411765,26
3067.8658,54,84,0.89,30,0.029666667,26
3067.8658,53,85,0.95,32,0.0296875,26
3067.844179,50,58,0.26,8,0.0325,26
3067.647882,51,74,0.82,23,0.035652174,26
3067.53575,49,74,0.63,25,0.0252,26
3067.512162,66,77,0.29,11,0.026363636,26
3067.304542,57,89,0.74,32,0.023125,26
3067.250693,57,88,0.8,31,0.025806452,26
3066.965688,45,75,0.79,30,0.026333333,26
3066.92978,38,53,0.56,15,0.037333333,26
3066.907927,45,66,0.66,21,0.031428571,26
3066.809361,39,57,0.64,18,0.035555556,26
3066.321554,43,66,0.74,23,0.032173913,26
3066.321554,41,68,0.87,27,0.032222222,26
3066.221669,36,54,0.69,18,0.038333333,26
3066.183637,61,86,0.52,25,0.0208,26
3065.953067,61,76,0.41,15,0.027333333,26
3065.838506,45,68,0.71,23,0.030869565,26
3065.657387,54,85,0.92,31,0.029677419,26
3065.467378,66,70,0.11,4,0.0275,26
3065.241054,40,56,0.57,16,0.035625,26
3065.114755,45,78,0.83,33,0.025151515,26
3064.958334,51,76,0.89,25,0.0356,26
3064.93412,54,88,0.96,34,0.028235294,26
3064.863206,42,74,0.99,32,0.0309375,26
3064.79732,40,75,0.98,35,0.028,26
3064.71709,55,93,0.95,38,0.025,26
3064.500203,44,64,0.64,20,0.032,26
3064.461842,64,78,0.31,14,0.022142857,26
3064.351267,57,78,0.59,21,0.028095238,26
3064.287757,49,77,0.7,28,0.025,26
3064.22944,41,76,0.97,35,0.027714286,26
3064.172837,52,75,0.81,23,0.035217391,26
3064.172837,50,78,0.98,28,0.035,26
3064.116592,58,91,0.7,33,0.021212121,26
3064.007899,41,71,0.89,30,0.029666667,26
3064.000185,52,94,0.99,42,0.023571429,26
3063.3817,57,87,0.77,30,0.025666667,26
3063.373111,44,69,0.82,25,0.0328,26
3063.201019,59,79,0.59,20,0.0295,26
3063.13182,46,65,0.6,19,0.031578947,26
3062.781599,54,91,0.98,37,0.026486486,26
3062.761188,56,91,0.8,35,0.022857143,26
3062.694898,37,55,0.65,18,0.036111111,26
3062.206505,50,77,0.66,27,0.024444444,26
3062.012548,43,71,0.8,28,0.028571429,26
3061.988957,42,69,0.85,27,0.031481481,26
3061.852141,56,89,0.74,33,0.022424242,26
3061.852141,55,90,0.79,35,0.022571429,26
3061.834472,48,59,0.36,11,0.032727273,26
3061.827951,60,82,0.6,22,0.027272727,26
3061.827951,58,84,0.71,26,0.027307692,26
3061.827951,58,85,0.73,27,0.027037037,26
3061.577377,43,79,0.92,36,0.025555556,26
3061.173157,57,82,0.73,25,0.0292,26
3061.130773,62,76,0.41,14,0.029285714,26
3061.090417,41,69,0.84,28,0.03,26
3061.060123,61,84,0.54,23,0.023478261,26
3060.818986,61,81,0.48,20,0.024,26
3060.818986,60,82,0.53,22,0.024090909,26
3060.809318,55,85,0.79,30,0.026333333,26
3060.514655,51,76,0.61,25,0.0244,26
3060.486902,65,77,0.33,12,0.0275,26
3060.486902,63,79,0.44,16,0.0275,26
3060.486902,59,84,0.68,25,0.0272,26
3060.486902,58,85,0.74,27,0.027407407,26
3060.057913,40,54,0.52,14,0.037142857,26
3059.791448,46,66,0.58,20,0.029,26
3059.588946,67,80,0.27,13,0.020769231,26
3059.50425,57,82,0.74,25,0.0296,26
3059.50425,56,83,0.8,27,0.02962963,26
3059.50425,55,85,0.88,30,0.029333333,26
3059.50425,54,86,0.94,32,0.029375,26
3059.423883,61,77,0.47,16,0.029375,26
3059.350463,59,87,0.65,28,0.023214286,26
3059.124282,58,87,0.62,29,0.02137931,26
3058.985687,54,65,0.29,11,0.026363636,26
3058.98343,56,87,0.84,31,0.027096774,26
3058.948538,61,85,0.52,24,0.021666667,26
3058.840126,52,83,0.87,31,0.028064516,26
3058.840126,51,84,0.93,33,0.028181818,26
3058.808539,53,93,0.95,40,0.02375,26
3058.73916,60,88,0.57,28,0.020357143,26
3058.719218,44,68,0.71,24,0.029583333,26
3058.701832,53,80,0.88,27,0.032592593,26
3058.446035,58,90,0.66,32,0.020625,26
3058.299155,59,96,0.73,37,0.01972973,26
3057.895624,52,73,0.74,21,0.035238095,26
3057.871278,58,80,0.65,22,0.029545455,26
3057.871278,57,81,0.71,24,0.029583333,26
3057.746692,42,66,0.77,24,0.032083333,26
3057.675289,48,63,0.44,15,0.029333333,26
3057.618137,60,84,0.63,24,0.02625,26
3057.618137,60,85,0.65,25,0.026,26
3057.618137,57,88,0.81,31,0.026129032,26
3057.618137,56,90,0.88,34,0.025882353,26
3057.618137,55,91,0.93,36,0.025833333,26
3057.618137,55,92,0.95,37,0.025675676,26
3057.618137,54,92,0.99,38,0.026052632,26
3057.569752,47,60,0.43,13,0.033076923,26
3057.416785,65,76,0.29,11,0.026363636,26
3057.416785,65,77,0.31,12,0.025833333,26
3057.396968,40,59,0.66,19,0.034736842,26
3057.236823,57,90,0.75,33,0.022727273,26
3056.882822,45,62,0.56,17,0.032941176,26
3056.882822,42,66,0.78,24,0.0325,26
3056.838364,61,82,0.55,21,0.026190476,26
3056.629032,56,89,0.88,33,0.026666667,26
3056.622095,36,63,0.94,27,0.034814815,26
3056.574169,54,72,0.64,18,0.035555556,26
3056.514623,59,86,0.72,27,0.026666667,26
3056.48833,62,80,0.41,18,0.022777778,26
3056.44986,42,71,0.84,29,0.028965517,26
3056.406177,61,78,0.49,17,0.028823529,26
3056.372259,52,93,0.96,41,0.023414634,26
3056.347114,52,95,0.97,43,0.02255814,26
3056.345158,61,82,0.48,21,0.022857143,26
3056.310715,60,78,0.48,18,0.026666667,26
3056.310715,60,79,0.5,19,0.026315789,26
3056.310715,57,82,0.66,25,0.0264,26
3056.308391,55,91,0.78,36,0.021666667,26
3056.11558,40,68,0.91,28,0.0325,26
3056.051935,57,89,0.69,32,0.0215625,26
3056.035376,43,65,0.72,22,0.032727273,26
3056.009906,45,69,0.68,24,0.028333333,26
3055.948547,43,56,0.44,13,0.033846154,26
3055.928435,45,67,0.61,22,0.027727273,26
3055.655777,48,76,0.7,28,0.025,26
3055.333811,58,86,0.75,28,0.026785714,26
3054.978808,63,74,0.3,11,0.027272727,26
3054.978552,67,78,0.24,11,0.021818182,26
3054.580608,71,81,0.19,10,0.019,26
3054.569528,34,58,0.9,24,0.0375,26
3054.494803,65,72,0.19,7,0.027142857,26
3054.467069,57,88,0.68,31,0.021935484,26
3054.406251,47,61,0.45,14,0.032142857,26
3054.185441,44,64,0.65,20,0.0325,26
3054.180846,69,80,0.23,11,0.020909091,26
3053.923162,52,62,0.25,10,0.025,26
3053.923162,51,63,0.3,12,0.025,26
3053.843198,47,67,0.52,20,0.026,26
3053.821059,60,84,0.53,24,0.022083333,26
3053.672792,44,77,0.85,33,0.025757576,26
3053.619557,51,75,0.85,24,0.035416667,26
3053.601593,42,68,0.82,26,0.031538462,26
3053.374067,57,64,0.18,7,0.025714286,26
3053.259853,41,48,0.27,7,0.038571429,26
3053.235315,49,61,0.31,12,0.025833333,26
3053.155357,64,78,0.32,14,0.022857143,26
3053.00784,45,71,0.7,26,0.026923077,26
3052.974974,42,72,0.86,30,0.028666667,26
3052.895571,55,69,0.51,14,0.036428571,26
3052.532783,62,80,0.47,18,0.026111111,26
3052.259696,55,90,0.94,35,0.026857143,26
3051.784702,62,80,0.43,18,0.023888889,26
3051.696878,47,80,0.82,33,0.024848485,26
3051.658395,35,55,0.76,20,0.038,26
3051.610972,41,67,0.77,26,0.029615385,26
3051.317622,42,55,0.45,13,0.034615385,26
3051.317622,41,56,0.52,15,0.034666667,26
3051.291395,66,84,0.37,18,0.020555556,26
3050.957749,38,49,0.41,11,0.037272727,26
3050.955352,51,75,0.83,24,0.034583333,26
3050.954756,36,59,0.74,23,0.032173913,26
3050.72467,63,80,0.37,17,0.021764706,26
3050.72467,62,82,0.43,20,0.0215,26
3050.723944,55,88,0.91,33,0.027575758,26
3050.723944,54,89,0.97,35,0.027714286,26
3050.695467,53,82,0.87,29,0.03,26
3050.554176,66,76,0.23,10,0.023,26
3050.448073,46,53,0.24,7,0.034285714,26
3050.211596,41,77,0.98,36,0.027222222,26
3050.112846,57,68,0.38,11,0.034545455,26
3049.842404,39,51,0.45,12,0.0375,26
3049.837594,58,86,0.74,28,0.026428571,26
3049.837594,57,87,0.8,30,0.026666667,26
3049.732823,42,72,0.85,30,0.028333333,26
3049.603813,59,86,0.68,27,0.025185185,26
3049.596971,37,61,0.84,24,0.035,26
3049.533921,47,65,0.6,18,0.033333333,26
3049.516772,40,70,0.9,30,0.03,26
3049.466234,42,67,0.8,25,0.032,26
3049.319741,41,70,0.87,29,0.03,26
3049.313461,58,81,0.67,23,0.029130435,26
3049.111185,63,78,0.4,15,0.026666667,26
3049.027851,55,91,0.91,36,0.025277778,26
3048.818344,56,68,0.42,12,0.035,26
3048.685513,42,66,0.79,24,0.032916667,26
3048.64063,41,77,0.99,36,0.0275,26
3048.392206,44,69,0.83,25,0.0332,26
3048.384141,43,73,0.85,30,0.028333333,26
3048.143051,49,63,0.46,14,0.032857143,26
3048.143051,48,64,0.53,16,0.033125,26
3047.857872,45,80,0.86,35,0.024571429,26
3047.733188,43,71,0.76,28,0.027142857,26
3047.700771,59,95,0.72,36,0.02,26
3047.641935,68,75,0.18,7,0.025714286,26
3047.49631,67,83,0.33,16,0.020625,26
3047.467185,68,73,0.14,5,0.028,26
3047.467185,65,76,0.31,11,0.028181818,26
3047.467185,63,78,0.42,15,0.028,26
3047.467185,60,81,0.59,21,0.028095238,26
3047.366528,37,63,0.94,26,0.036153846,26
3047.164882,57,84,0.66,27,0.024444444,26
3047.064378,58,87,0.63,29,0.021724138,26
3046.991877,41,75,0.98,34,0.028823529,26
3046.866564,42,74,0.91,32,0.0284375,26
3046.744417,36,56,0.73,20,0.0365,26
3046.631824,51,80,0.9,29,0.031034483,26
3046.581587,61,83,0.48,22,0.021818182,26
3046.191627,59,86,0.7,27,0.025925926,26
3046.191627,58,87,0.75,29,0.025862069,26
3046.191627,58,88,0.77,30,0.025666667,26
3046.191627,57,89,0.82,32,0.025625,26
3046.191627,56,91,0.89,35,0.025428571,26
3046.043986,41,74,0.96,33,0.029090909,26
3045.911767,50,75,0.9,25,0.036,26
3045.714867,35,61,0.98,26,0.037692308,26
3045.68153,49,72,0.6,23,0.026086957,26
3045.604268,47,79,0.78,32,0.024375,26
3045.456522,62,77,0.44,15,0.029333333,26
3045.456436,34,57,0.88,23,0.03826087,26
3045.30695,39,60,0.76,21,0.036190476,26
3045.133737,45,63,0.59,18,0.032777778,26
3045.003038,46,61,0.49,15,0.032666667,26
3044.8886,62,84,0.48,22,0.021818182,26
3044.731895,62,82,0.51,20,0.0255,26
3044.592741,44,65,0.67,21,0.031904762,26
3044.388329,58,87,0.69,29,0.023793103,26
3044.388329,56,90,0.8,34,0.023529412,26
3044.388329,55,91,0.85,36,0.023611111,26
3044.118403,59,86,0.58,27,0.021481481,26
3044.083549,33,62,0.96,29,0.033103448,26
3043.974184,69,82,0.25,13,0.019230769,26
3043.90396,38,59,0.73,21,0.034761905,26
3043.83072,62,83,0.45,21,0.021428571,26
3043.772181,39,50,0.43,11,0.039090909,26
3043.724257,49,77,0.99,28,0.035357143,26
3043.472815,57,88,0.67,31,0.021612903,26
3043.344979,39,60,0.77,21,0.036666667,26
3043.325116,57,76,0.61,19,0.032105263,26
3043.286854,42,70,0.79,28,0.028214286,26
3043.046253,61,88,0.57,27,0.021111111,26
3042.990575,55,90,0.76,35,0.021714286,26
3042.874216,45,79,0.85,34,0.025,26
3042.737623,50,71,0.54,21,0.025714286,26
3042.491949,43,70,0.75,27,0.027777778,26
3042.483483,49,76,0.66,27,0.024444444,26
3042.458713,53,93,0.89,40,0.02225,26
3042.094375,56,89,0.72,33,0.021818182,26
3042.027634,61,72,0.35,11,0.031818182,26
3041.629497,45,52,0.26,7,0.037142857,26
3041.475626,55,65,0.26,10,0.026,26
3040.959649,59,89,0.62,30,0.020666667,26
3040.945075,63,90,0.54,27,0.02,26
3040.86913,51,62,0.3,11,0.027272727,26
3040.697132,63,82,0.42,19,0.022105263,26
3040.547284,56,83,0.79,27,0.029259259,26
3040.439714,44,81,0.91,37,0.024594595,26
3040.33042,43,68,0.74,25,0.0296,26
3040.293355,41,73,0.94,32,0.029375,26
3040.282304,52,92,0.95,40,0.02375,26
3040.260219,54,92,0.89,38,0.023421053,26
3040.246712,53,93,0.94,40,0.0235,26
3040.112042,55,79,0.73,24,0.030416667,26
3040.059645,40,75,0.96,35,0.027428571,26
3040.038576,56,90,0.85,34,0.025,26
3040.038576,56,91,0.87,35,0.024857143,26
3040.038576,55,92,0.92,37,0.024864865,26
3040.038576,54,93,0.97,39,0.024871795,26
3039.980859,39,59,0.69,20,0.0345,26
3039.710674,66,78,0.27,12,0.0225,26
3039.467063,41,57,0.59,16,0.036875,26
3039.435434,59,74,0.48,15,0.032,26
3039.366791,68,84,0.3,16,0.01875,26
3039.069505,53,94,0.95,41,0.023170732,26
3038.997957,51,75,0.59,24,0.024583333,26
3038.850574,48,80,0.78,32,0.024375,26
3038.570641,60,87,0.58,27,0.021481481,26
3038.505122,41,74,0.95,33,0.028787879,26
3038.350944,52,81,0.89,29,0.030689655,26
3037.99189,55,85,0.74,30,0.024666667,26
3037.850679,57,88,0.74,31,0.023870968,26
3037.707736,37,59,0.78,22,0.035454545,26
3037.553154,40,70,0.91,30,0.030333333,26
3037.469176,42,72,0.98,30,0.032666667,26
3037.365632,35,60,0.83,25,0.0332,26
3036.84546,39,52,0.48,13,0.036923077,26
3036.791646,37,58,0.67,21,0.031904762,26
3036.657289,63,75,0.3,12,0.025,26
3036.657289,62,76,0.35,14,0.025,26
3036.569185,55,85,0.89,30,0.029666667,26
3036.519232,45,68,0.76,23,0.033043478,26
3036.193873,37,58,0.78,21,0.037142857,26
3036.113314,35,57,0.8,22,0.036363636,26
3035.981086,52,75,0.55,23,0.023913043,26
3035.868939,46,66,0.67,20,0.0335,26
3035.807306,56,94,0.82,38,0.021578947,26
3035.63366,41,58,0.61,17,0.035882353,26
3035.620004,45,54,0.31,9,0.034444444,26
3035.546705,43,69,0.73,26,0.028076923,26
3035.518684,35,56,0.83,21,0.03952381,26
3035.490185,36,59,0.85,23,0.036956522,26
3035.485935,54,89,0.83,35,0.023714286,26
3035.485935,53,90,0.88,37,0.023783784,26
3035.467803,44,80,0.9,36,0.025,26
3035.263723,39,53,0.5,14,0.035714286,26
3035.134111,46,67,0.69,21,0.032857143,26
3035.063951,54,94,0.91,40,0.02275,26
3034.720516,36,56,0.72,20,0.036,26
3034.071744,49,61,0.38,12,0.031666667,26
3033.96794,69,76,0.15,7,0.021428571,26
3033.87415,33,58,0.94,25,0.0376,26
3033.804886,50,60,0.3,10,0.03,26
3033.804886,49,61,0.36,12,0.03,26
3033.804886,48,62,0.42,14,0.03,26
3033.716174,63,81,0.39,18,0.021666667,26
3033.646184,53,96,0.97,43,0.02255814,26
3033.582685,57,86,0.69,29,0.023793103,26
3033.489652,55,85,0.87,30,0.029,26
3033.489652,54,87,0.95,33,0.028787879,26
3033.447639,59,80,0.61,21,0.029047619,26
3033.447639,56,84,0.81,28,0.028928571,26
3033.410304,53,71,0.46,18,0.025555556,26
3033.35942,56,88,0.7,32,0.021875,26
3033.261856,51,70,0.49,19,0.025789474,26
3033.092575,60,85,0.59,25,0.0236,26
3032.983456,52,74,0.78,22,0.035454545,26
3032.917353,35,55,0.78,20,0.039,26
3032.831989,64,84,0.41,20,0.0205,26
3032.808898,58,85,0.75,27,0.027777778,26
3032.526478,56,89,0.79,33,0.023939394,26
3032.522071,56,67,0.28,11,0.025454545,26
3032.19968,64,73,0.25,9,0.027777778,26
3032.084112,61,85,0.55,24,0.022916667,26
3032.059229,43,63,0.68,20,0.034,26
3032.058233,40,56,0.56,16,0.035,26
3031.988674,55,84,0.86,29,0.029655172,26
3031.881851,59,79,0.6,20,0.03,26
3031.564139,55,88,0.97,33,0.029393939,26
3030.785165,59,86,0.59,27,0.021851852,26
3030.722876,73,75,0.04,2,0.02,26
3030.722876,72,76,0.08,4,0.02,26
3030.56257,53,93,0.91,40,0.02275,26
3030.542913,56,75,0.64,19,0.033684211,26
3030.204505,59,85,0.67,26,0.025769231,26
3030.204505,58,86,0.72,28,0.025714286,26
3030.204505,56,89,0.85,33,0.025757576,26
3030.204505,55,90,0.9,35,0.025714286,26
3029.957593,55,88,0.78,33,0.023636364,26
3029.915991,68,69,0.03,1,0.03,26
3029.915991,67,70,0.09,3,0.03,26
3029.915991,66,71,0.15,5,0.03,26
3029.915991,65,72,0.21,7,0.03,26
3029.900616,41,70,0.91,29,0.03137931,26
3029.900003,55,70,0.38,15,0.025333333,26
3029.900003,54,71,0.43,17,0.025294118,26
3029.842459,57,89,0.75,32,0.0234375,26
3029.712598,57,89,0.83,32,0.0259375,26
3029.712598,55,91,0.94,36,0.026111111,26
3029.580183,40,55,0.54,15,0.036,26
3029.527736,35,57,0.81,22,0.036818182,26
3029.114821,58,85,0.64,27,0.023703704,26
3029.030328,52,73,0.76,21,0.036190476,26
3028.883095,58,88,0.7,30,0.023333333,26
3028.871406,60,84,0.66,24,0.0275,26
3028.856406,70,82,0.23,12,0.019166667,26
3028.835042,59,88,0.66,29,0.022758621,26
3028.771283,54,79,0.81,25,0.0324,26
3028.758319,52,83,0.94,31,0.030322581,26
3028.750043,45,63,0.58,18,0.032222222,26
3028.689785,45,67,0.69,22,0.031363636,26
3028.551086,57,99,0.83,42,0.019761905,26
3028.489208,52,74,0.54,22,0.024545455,26
3028.449774,63,76,0.32,13,0.024615385,26
3028.428177,54,92,0.86,38,0.022631579,26
3028.2591,42,74,0.92,32,0.02875,26
3028.242233,44,70,0.74,26,0.028461538,26
3028.149474,53,91,0.9,38,0.023684211,26
3027.895505,59,86,0.64,27,0.023703704,26
3027.537914,36,60,0.76,24,0.031666667,26
3027.526687,34,62,0.97,28,0.034642857,26
3027.471763,49,66,0.43,17,0.025294118,26
3027.451612,60,94,0.68,34,0.02,26
3027.420587,53,88,0.87,35,0.024857143,26
3027.075661,40,59,0.69,19,0.036315789,26
3027.043747,55,93,0.94,38,0.024736842,26
3027.043747,54,94,0.99,40,0.02475,26
3026.715793,46,79,0.82,33,0.024848485,26
3026.631312,39,48,0.33,9,0.036666667,26
3026.628744,55,89,0.78,34,0.022941176,26
3026.558405,40,47,0.26,7,0.037142857,26
3026.503144,57,90,0.76,33,0.023030303,26
3026.503144,56,92,0.82,36,0.022777778,26
3026.503144,54,95,0.93,41,0.022682927,26
3026.414025,38,61,0.8,23,0.034782609,26
3026.369704,52,92,0.96,40,0.024,26
3026.191715,52,82,0.95,30,0.031666667,26
3026.089956,34,56,0.84,22,0.038181818,26
3025.951012,36,58,0.74,22,0.033636364,26
3025.938856,55,92,0.87,37,0.023513514,26
3025.784579,64,74,0.25,10,0.025,26
3025.674483,45,61,0.48,16,0.03,26
3025.637368,61,81,0.46,20,0.023,26
3025.469489,69,72,0.08,3,0.026666667,26
3025.469489,66,75,0.24,9,0.026666667,26
3025.469489,61,81,0.53,20,0.0265,26
3025.342587,45,66,0.67,21,0.031904762,26
3025.256399,63,79,0.45,16,0.028125,26
3024.922495,52,72,0.51,20,0.0255,26
3024.874718,65,80,0.33,15,0.022,26
3024.801705,59,85,0.58,26,0.022307692,26
3024.74383,61,83,0.58,22,0.026363636,26
3024.74383,59,85,0.69,26,0.026538462,26
3024.74383,58,87,0.76,29,0.026206897,26
3024.74383,56,89,0.87,33,0.026363636,26
3024.74383,56,90,0.89,34,0.026176471,26
3024.579894,43,54,0.38,11,0.034545455,26
3024.529766,43,69,0.81,26,0.031153846,26
3024.518283,43,71,0.78,28,0.027857143,26
3024.375369,41,77,0.97,36,0.026944444,26
3024.358462,54,92,0.83,38,0.021842105,26
3024.243682,55,88,0.74,33,0.022424242,26
3023.940538,61,84,0.58,23,0.025217391,26
3023.940538,60,85,0.63,25,0.0252,26
3023.940538,58,87,0.74,29,0.025517241,26
3023.940538,58,88,0.75,30,0.025,26
3023.940538,58,88,0.76,30,0.025333333,26
3023.940538,57,89,0.8,32,0.025,26
3023.940538,57,89,0.81,32,0.0253125,26
3023.940538,57,90,0.82,33,0.024848485,26
3023.940538,56,90,0.86,34,0.025294118,26
3023.940538,54,93,0.98,39,0.025128205,26
3023.809787,40,49,0.35,9,0.038888889,26
3023.80381,68,83,0.29,15,0.019333333,26
3023.76505,66,75,0.25,9,0.027777778,26
3023.76505,64,77,0.36,13,0.027692308,26
3023.76505,61,80,0.53,19,0.027894737,26
3023.76505,60,82,0.61,22,0.027727273,26
3023.76505,58,84,0.72,26,0.027692308,26
3023.741848,45,85,0.93,40,0.02325,26
3023.682911,59,84,0.65,25,0.026,26
3023.539955,59,83,0.66,24,0.0275,26
3023.461171,37,59,0.69,22,0.031363636,26
3023.438049,60,85,0.54,25,0.0216,26
3023.430315,55,91,0.95,36,0.026388889,26
3023.35346,45,68,0.64,23,0.027826087,26
3023.31711,58,87,0.78,29,0.026896552,26
3023.31711,55,91,0.96,36,0.026666667,26
3023.239395,46,67,0.58,21,0.027619048,26
3022.985985,53,91,0.89,38,0.023421053,26
3022.729938,63,76,0.38,13,0.029230769,26
3022.688069,64,75,0.32,11,0.029090909,26
3022.686112,58,77,0.57,19,0.03,26
3022.686112,57,78,0.63,21,0.03,26
3022.662985,49,62,0.38,13,0.029230769,26
3022.643657,37,54,0.62,17,0.036470588,26
3022.567743,41,48,0.25,7,0.035714286,26
3022.334859,42,72,0.87,30,0.029,26
3022.316597,41,71,0.93,30,0.031,26
3022.289194,54,87,0.81,33,0.024545455,26
3022.289194,53,88,0.86,35,0.024571429,26
3022.236084,49,78,0.72,29,0.024827586,26
3022.191027,34,62,0.92,28,0.032857143,26
3022.176622,58,88,0.64,30,0.021333333,26
3022.143927,65,83,0.37,18,0.020555556,26
3022.056258,54,90,0.84,36,0.023333333,26
3022.039676,40,52,0.42,12,0.035,26
3022.026679,61,78,0.5,17,0.029411765,26
3022.026679,60,79,0.56,19,0.029473684,26
3022.026679,59,80,0.62,21,0.02952381,26
3022.026679,58,81,0.68,23,0.029565217,26
3022.00468,54,72,0.45,18,0.025,26
3022.00468,53,73,0.5,20,0.025,26
3022.00468,52,74,0.55,22,0.025,26
3021.771648,54,93,0.91,39,0.023333333,26
3021.771648,53,94,0.96,41,0.023414634,26
3021.683656,43,65,0.71,22,0.032272727,26
3021.37025,57,87,0.84,30,0.028,26
3021.357398,50,61,0.32,11,0.029090909,26
3021.303692,65,85,0.41,20,0.0205,26
3021.230983,44,68,0.81,24,0.03375,26
3021.230261,60,90,0.61,30,0.020333333,26
3021.223655,46,68,0.6,22,0.027272727,26
3021.219869,37,63,0.9,26,0.034615385,26
3021.178035,43,51,0.29,8,0.03625,26
3021.121377,53,83,0.83,30,0.027666667,26
3021.104302,45,71,0.69,26,0.026538462,26
3021.081503,61,81,0.55,20,0.0275,26
3020.916776,40,75,0.99,35,0.028285714,26
3020.897054,50,59,0.29,9,0.032222222,26
3020.740626,43,66,0.73,23,0.03173913,26
3020.617921,67,74,0.2,7,0.028571429,26
3020.617921,61,81,0.57,20,0.0285,26
3020.608122,53,73,0.69,20,0.0345,26
3020.580915,64,80,0.36,16,0.0225,26
3020.420201,55,68,0.33,13,0.025384615,26
3020.248965,62,91,0.58,29,0.02,26
3019.825096,60,88,0.61,28,0.021785714,26
3019.825096,57,92,0.76,35,0.021714286,26
3019.803182,40,50,0.37,10,0.037,26
3019.729792,65,86,0.43,21,0.02047619,26
3019.612545,56,68,0.3,12,0.025,26
3019.612545,55,69,0.35,14,0.025,26
3019.612545,54,70,0.4,16,0.025,26
3019.469038,43,73,0.8,30,0.026666667,26
3019.435968,43,72,0.92,29,0.031724138,26
3019.324872,57,66,0.23,9,0.025555556,26
3019.099261,51,62,0.31,11,0.028181818,26
3019.099261,50,63,0.37,13,0.028461538,26
3019.099261,49,65,0.45,16,0.028125,26
3019.061309,45,70,0.71,25,0.0284,26
3018.697792,39,59,0.7,20,0.035,26
3018.630486,46,63,0.55,17,0.032352941,26
3018.416277,44,67,0.67,23,0.029130435,26
3018.381331,66,74,0.19,8,0.02375,26
3018.206509,35,61,0.96,26,0.036923077,26
3018.022362,52,87,0.98,35,0.028,26
3017.861308,50,75,0.63,25,0.0252,26
3017.687625,50,59,0.28,9,0.031111111,26
3017.496049,49,65,0.4,16,0.025,26
3017.433108,65,84,0.4,19,0.021052632,26
3017.279067,51,61,0.28,10,0.028,26
3017.161031,58,81,0.57,23,0.024782609,26
3017.161031,57,82,0.62,25,0.0248,26
3017.161031,56,83,0.67,27,0.024814815,26
3016.839539,42,45,0.11,3,0.036666667,26
3016.671408,60,80,0.58,20,0.029,26
3016.671408,59,81,0.64,22,0.029090909,26
3016.671408,58,82,0.7,24,0.029166667,26
3016.461177,56,88,0.71,32,0.0221875,26
3016.381594,66,83,0.34,17,0.02,26
3016.050119,64,89,0.47,25,0.0188,26
3016.015362,64,68,0.13,4,0.0325,26
3015.969058,52,81,0.95,29,0.032758621,26
3015.905071,57,83,0.76,26,0.029230769,26
3015.866302,46,60,0.42,14,0.03,26
3015.835549,67,82,0.31,15,0.020666667,26
3015.835549,64,86,0.45,22,0.020454545,26
3015.796701,41,73,0.92,32,0.02875,26
3015.781761,50,76,0.64,26,0.024615385,26
3015.618138,34,57,0.91,23,0.039565217,26
3015.541479,47,81,0.84,34,0.024705882,26
3015.528665,38,51,0.51,13,0.039230769,26
3015.437671,42,72,0.81,30,0.027,26
3014.551339,55,86,0.76,31,0.024516129,26
3014.52858,55,94,0.88,39,0.022564103,26
3014.456476,35,56,0.8,21,0.038095238,26
3014.300987,64,78,0.33,14,0.023571429,26
3014.267084,62,65,0.1,3,0.033333333,26
3014.267084,59,68,0.3,9,0.033333333,26
3013.963295,42,57,0.53,15,0.035333333,26
3013.912377,51,91,0.98,40,0.0245,26
3013.464964,42,75,0.87,33,0.026363636,26
3013.317487,60,86,0.6,26,0.023076923,26
3013.237375,55,80,0.76,25,0.0304,26
3013.233349,64,78,0.38,14,0.027142857,26
3013.161551,67,84,0.33,17,0.019411765,26
3013.130447,43,64,0.69,21,0.032857143,26
3013.130447,41,67,0.85,26,0.032692308,26
3013.038802,54,89,0.84,35,0.024,26
3013.034128,64,87,0.47,23,0.020434783,26
3013.028572,55,90,0.93,35,0.026571429,26
3013.022653,55,89,0.75,34,0.022058824,26
3012.808042,53,87,0.85,34,0.025,26
3012.807062,44,52,0.29,8,0.03625,26
3012.510511,45,67,0.74,22,0.033636364,26
3012.460249,37,57,0.67,20,0.0335,26
3012.265256,63,79,0.36,16,0.0225,26
3011.812892,39,59,0.74,20,0.037,26
3011.72965,47,68,0.56,21,0.026666667,26
3011.713885,44,71,0.73,27,0.027037037,26
3011.377114,48,63,0.47,15,0.031333333,26
3011.367732,45,64,0.62,19,0.032631579,26
3011.33172,47,82,0.85,35,0.024285714,26
3011.043399,57,89,0.68,32,0.02125,26
3011.012329,56,91,0.88,35,0.025142857,26
3011.012329,55,92,0.93,37,0.025135135,26
3011.004379,42,71,0.79,29,0.027241379,26
3010.871684,57,82,0.63,25,0.0252,26
3010.871684,54,86,0.8,32,0.025,26
3010.871684,51,90,0.97,39,0.024871795,26
3010.795051,56,88,0.74,32,0.023125,26
3010.773247,39,52,0.51,13,0.039230769,26
3010.75655,62,79,0.47,17,0.027647059,26
3010.436326,38,60,0.76,22,0.034545455,26
3010.283758,50,79,0.7,29,0.024137931,26
3010.198992,40,67,0.9,27,0.033333333,26
3010.173695,61,81,0.56,20,0.028,26
3010.087885,58,89,0.71,31,0.022903226,26
3010.087885,57,91,0.77,34,0.022647059,26
3010.025297,42,68,0.83,26,0.031923077,26
3009.548617,58,80,0.56,22,0.025454545,26
3009.256996,38,57,0.61,19,0.032105263,26
3009.252326,57,69,0.29,12,0.024166667,26
3009.216917,48,62,0.45,14,0.032142857,26
3009.135671,57,87,0.66,30,0.022,26
3008.789512,52,95,0.95,43,0.022093023,26
3008.368307,56,86,0.77,30,0.025666667,26
3008.315308,44,69,0.69,25,0.0276,26
3008.22971,45,69,0.65,24,0.027083333,26
3008.126154,54,87,0.85,33,0.025757576,26
3008.115724,39,55,0.59,16,0.036875,26
3008.06688,37,52,0.59,15,0.039333333,26
3008.013211,61,79,0.44,18,0.024444444,26
3007.865401,57,83,0.77,26,0.029615385,26
3007.865401,56,84,0.83,28,0.029642857,26
3007.865401,56,85,0.85,29,0.029310345,26
3007.865401,55,86,0.91,31,0.029354839,26
3007.865401,54,87,0.97,33,0.029393939,26
3007.716507,42,65,0.77,23,0.033478261,26
3007.623124,58,67,0.31,9,0.034444444,26
3007.25617,51,89,0.96,38,0.025263158,26
3007.033819,65,86,0.42,21,0.02,26
3006.919591,67,75,0.22,8,0.0275,26
3006.919591,61,82,0.57,21,0.027142857,26
3006.919591,60,83,0.63,23,0.027391304,26
3006.919591,57,87,0.81,30,0.027,26
3006.832661,50,64,0.35,14,0.025,26
3006.745362,61,84,0.51,23,0.022173913,26
3006.670836,60,87,0.59,27,0.021851852,26
3006.593077,36,59,0.86,23,0.037391304,26
3006.548533,40,71,0.9,31,0.029032258,26
3006.419747,58,66,0.29,8,0.03625,26
3006.377939,56,91,0.81,35,0.023142857,26
3006.355902,59,80,0.52,21,0.024761905,26
3005.92754,35,60,0.95,25,0.038,26
3005.858803,57,83,0.68,26,0.026153846,26
3005.832306,53,97,0.99,44,0.0225,26
3005.798591,59,66,0.24,7,0.034285714,26
3005.791278,47,83,0.86,36,0.023888889,26
3005.63354,66,85,0.37,19,0.019473684,26
3005.626604,55,93,0.86,38,0.022631579,26
3005.565696,57,84,0.7,27,0.025925926,26
3005.52482,45,55,0.34,10,0.034,26
3005.473639,46,83,0.91,37,0.024594595,26
3005.398291,40,54,0.53,14,0.037857143,26
3005.133945,51,92,0.99,41,0.024146341,26
3005.12059,52,91,0.94,39,0.024102564,26
3005.0203,61,79,0.52,18,0.028888889,26
3004.647633,63,77,0.33,14,0.023571429,26
3004.601935,50,64,0.38,14,0.027142857,26
3004.443823,65,88,0.43,23,0.018695652,26
3004.155373,40,53,0.44,13,0.033846154,26
3004.08994,36,54,0.7,18,0.038888889,26
3004.03003,55,71,0.39,16,0.024375,26
3003.991038,51,76,0.88,25,0.0352,26
3003.87853,58,76,0.55,18,0.030555556,26
3003.834336,61,79,0.43,18,0.023888889,26
3003.7184,51,68,0.45,17,0.026470588,26
3003.586905,62,80,0.4,18,0.022222222,26
3003.494587,47,65,0.49,18,0.027222222,26
3003.332892,65,78,0.34,13,0.026153846,26
3003.332892,64,79,0.39,15,0.026,26
3003.332892,63,80,0.44,17,0.025882353,26
3003.332892,60,84,0.62,24,0.025833333,26
3002.939267,43,50,0.23,7,0.032857143,26
3002.881976,44,67,0.68,23,0.029565217,26
3002.759034,39,71,0.98,32,0.030625,26
3002.641615,57,88,0.84,31,0.027096774,26
3002.641615,56,89,0.9,33,0.027272727,26
3002.609274,52,92,0.94,40,0.0235,26
3002.361481,58,83,0.61,25,0.0244,26
3001.975765,51,71,0.51,20,0.0255,26
3001.931586,62,80,0.51,18,0.028333333,26
3001.931586,57,86,0.82,29,0.028275862,26
3001.931586,56,87,0.88,31,0.028387097,26
3001.732397,42,65,0.76,23,0.033043478,26
3001.665047,66,76,0.26,10,0.026,26
3001.61522,58,86,0.61,28,0.021785714,26
3001.603244,59,84,0.55,25,0.022,26
3001.385188,53,89,0.87,36,0.024166667,26
3001.366879,68,84,0.31,16,0.019375,26
3001.366879,67,85,0.35,18,0.019444444,26
3001.366879,66,86,0.39,20,0.0195,26
3001.359336,55,72,0.6,17,0.035294118,26
3001.27385,38,53,0.59,15,0.039333333,26
3001.258645,53,73,0.49,20,0.0245,26
3000.859987,43,51,0.31,8,0.03875,26
3000.267624,49,63,0.39,14,0.027857143,26
3000.178862,35,56,0.81,21,0.038571429,26
3000.105223,59,67,0.27,8,0.03375,26
3000.029267,52,74,0.76,22,0.034545455,26
